15796791.733,104067.46667,3178.6666667
15796791.733,104067.46667,3178.6666667
15424444.0,158716.0,3664.0
15424444.0,158716.0,3664.0
14910716.0,228020.0,3736.0
14910716.0,228020.0,3736.0
14910716.0,228020.0,3736.0
14909284.0,228024.0,3800.0
14909284.0,228024.0,3800.0
14906741.6,228027.73333,3852.2666667
14906560.0,228028.0,3856.0
14906560.0,228028.0,3856.0
14906560.0,228028.0,3856.0
14906560.0,228028.0,3856.0
14906560.0,228028.0,3856.0
14744933.6,228041.86667,3960.0
14720068.0,228044.0,3976.0
14718424.8,228050.93333,4024.5333333
14718172.0,228052.0,4032.0
14718172.0,228052.0,4032.0
14718172.0,228052.0,4032.0
14718172.0,228052.0,4032.0
14718172.0,228052.0,4032.0
14718172.0,228052.0,4032.0
14718172.0,228052.0,4032.0
14718172.0,228052.0,4032.0
14718172.0,228052.0,4032.0
14718172.0,228052.0,4032.0
14671176.8,228756.0,4364.8
14659428.0,228932.0,4448.0
14659428.0,228932.0,4448.0
14659428.0,228932.0,4448.0
14659428.0,228932.0,4448.0
14659428.0,228932.0,4448.0
14659428.0,228932.0,4448.0
14659428.0,228932.0,4448.0
14659428.0,228932.0,4448.0
14659428.0,228932.0,4448.0
14659428.0,228932.0,4448.0
14659428.0,228932.0,4448.0
14658889.333,228940.0,4608.0
14545366.667,228946.66667,4736.0
14488740.0,228948.0,4760.0
14488740.0,228948.0,4760.0
14488740.0,228948.0,4760.0
14488740.0,228948.0,4760.0
14472198.667,228953.33333,4840.0
14463928.0,228956.0,4880.0
14463928.0,228956.0,4880.0
14463928.0,228956.0,4880.0
14463928.0,228956.0,4880.0
14463928.0,228956.0,4880.0
15408448.0,225017.6,4956.8
