vda,20.80,0.09,0.00,0,0
vda,60.00,0.22,0.01,1,0
vda,2.20,0.00,0.01,0,0
vda,73.60,0.53,0.01,2,0
vda,2.60,0.00,0.01,0,0
vda,8.60,0.00,0.05,0,0
vda,212.80,7.83,0.07,39,0
vda,39.00,0.00,0.15,0,0
vda,1.20,0.00,0.00,0,0
vda,0.00,0.00,0.00,0,0
vda,2.20,0.00,0.01,0,0
vda,1.20,0.00,0.00,0,0
vda,9.20,0.00,1.31,0,6
vda,21.80,0.00,0.08,0,0
vda,1.60,0.00,0.01,0,0
vda,33.60,0.00,0.13,0,0
vda,2.20,0.00,0.01,0,0
vda,7.00,0.00,0.03,0,0
vda,0.80,0.00,0.01,0,0
vda,4.00,0.00,0.02,0,0
vda,1.60,0.00,0.01,0,0
vda,17.80,0.00,0.07,0,0
vda,0.00,0.00,0.00,0,0
vda,1.60,0.00,0.01,0,0
vda,19.60,0.00,0.08,0,0
vda,16.20,0.00,0.06,0,0
vda,1.20,0.00,0.00,0,0
vda,3.40,0.00,0.02,0,0
vda,8.60,0.00,0.04,0,0
vda,19.20,0.00,0.07,0,0
