7763704.8,267106.13333,3600.0
7954704.0,77968.0,2144.0
6797630.4,318872.8,3284.0
6026248.0,479476.0,4044.0
6026248.0,479476.0,4044.0
5830030.4,484468.0,4073.8666667
5658340.0,488836.0,4100.0
5658340.0,488836.0,4100.0
5658340.0,488836.0,4100.0
5658340.0,488836.0,4100.0
5658340.0,488836.0,4100.0
5658340.0,488836.0,4100.0
5658340.0,488836.0,4100.0
5658340.0,488836.0,4100.0
5658340.0,488836.0,4100.0
5658340.0,488836.0,4100.0
5658340.0,488836.0,4100.0
5657464.0,488857.6,4248.8
5656880.0,488872.0,4348.0
5656880.0,488872.0,4348.0
5656880.0,488872.0,4348.0
5655277.8667,489298.66667,4488.8
5653876.0,489672.0,4612.0
5653876.0,489672.0,4612.0
5653038.4,489681.6,4645.6
5652480.0,489688.0,4668.0
5652480.0,489688.0,4668.0
5652480.0,489688.0,4668.0
5652480.0,489688.0,4668.0
5652480.0,489688.0,4668.0
5652480.0,489688.0,4668.0
5652480.0,489688.0,4668.0
5652480.0,489688.0,4668.0
5652480.0,489688.0,4668.0
5652480.0,489688.0,4668.0
5652480.0,489688.0,4668.0
5652117.3333,489696.53333,4798.1333333
5651800.0,489704.0,4912.0
5651800.0,489704.0,4912.0
5651800.0,489704.0,4912.0
5649270.4,489706.4,4972.0
5647584.0,489708.0,5012.0
5646610.6667,489702.66667,5049.3333333
5646124.0,489700.0,5068.0
5646124.0,489700.0,5068.0
5646124.0,489700.0,5068.0
5646124.0,489700.0,5068.0
5646124.0,489700.0,5068.0
5622912.5333,489714.66667,5150.1333333
5614472.0,489720.0,5180.0
5614472.0,489720.0,5180.0
5615293.3333,489720.0,5221.0666667
5615592.0,489720.0,5236.0
5615592.0,489720.0,5236.0
5615592.0,489720.0,5236.0
5615592.0,489720.0,5236.0
5615592.0,489720.0,5236.0
5615592.0,489720.0,5236.0
5615592.0,489720.0,5236.0
5615592.0,489720.0,5236.0
5615592.0,489720.0,5236.0
5609488.8,489729.6,5360.8
5605420.0,489736.0,5444.0
5605420.0,489736.0,5444.0
5605420.0,489736.0,5444.0
5605420.0,489736.0,5444.0
5605420.0,489736.0,5444.0
5605420.0,489736.0,5444.0
5605420.0,489736.0,5444.0
5605420.0,489736.0,5444.0
5605420.0,489736.0,5444.0
5605420.0,489736.0,5444.0
5605420.0,489736.0,5444.0
5605464.8,489829.33333,5544.8
6639446.6667,486433.06667,5689.8666667
