7950404.0,79168.0,1864.0
7386693.0667,195806.66667,2806.6666667
6742452.0,329108.0,3884.0
6742452.0,329108.0,3884.0
6077730.9333,481760.8,3924.5333333
5496100.0,615332.0,3960.0
5495140.0,615334.13333,3994.1333333
5494300.0,615336.0,4024.0
5494300.0,615336.0,4024.0
5494300.0,615336.0,4024.0
5494300.0,615336.0,4024.0
5494300.0,615336.0,4024.0
5494300.0,615336.0,4024.0
5494300.0,615336.0,4024.0
5491804.0,617004.0,4429.6
5490140.0,618116.0,4700.0
5490140.0,618116.0,4700.0
5490140.0,618116.0,4700.0
5490140.0,618116.0,4700.0
5490140.0,618116.0,4700.0
5490140.0,618116.0,4700.0
5490140.0,618116.0,4700.0
5490140.0,618116.0,4700.0
5490140.0,618116.0,4700.0
5490140.0,618116.0,4700.0
5402692.0,618165.6,4786.4
5271520.0,618240.0,4916.0
5271520.0,618240.0,4916.0
5271520.0,618240.0,4916.0
5271520.0,618240.0,4916.0
5271520.0,618240.0,4916.0
5271520.0,618240.0,4916.0
5271520.0,618240.0,4916.0
5271057.6,618257.6,4976.8
5270364.0,618284.0,5068.0
5270364.0,618284.0,5068.0
5270364.0,618284.0,5068.0
5270364.0,618284.0,5068.0
5270364.0,618284.0,5068.0
5270364.0,618284.0,5068.0
5270364.0,618284.0,5068.0
5269252.0,618316.0,5128.8
5267584.0,618364.0,5220.0
5267584.0,618364.0,5220.0
5268126.4,618365.6,5242.4
5268940.0,618368.0,5276.0
5237148.0,618369.6,5298.4
5189460.0,618372.0,5332.0
5189460.0,618372.0,5332.0
5188136.0,618373.33333,5353.3333333
5185488.0,618376.0,5396.0
5185488.0,618376.0,5396.0
5185488.0,618376.0,5396.0
5185488.0,618376.0,5396.0
5185488.0,618376.0,5396.0
5185488.0,618376.0,5396.0
5185488.0,618376.0,5396.0
5185488.0,618376.0,5396.0
5185488.0,618376.0,5396.0
5185488.0,618376.0,5396.0
5185488.0,618376.0,5396.0
5185504.0,618389.33333,5478.6666667
5185536.0,618416.0,5644.0
5185536.0,618416.0,5644.0
5185536.0,618416.0,5644.0
5185536.0,618416.0,5644.0
5185536.0,618416.0,5644.0
5182068.0,618420.8,5676.0
5168196.0,618440.0,5804.0
5168196.0,618440.0,5804.0
5167910.1333,618442.13333,5818.9333333
5167124.0,618448.0,5860.0
5167124.0,618448.0,5860.0
5167124.0,618448.0,5860.0
5167124.0,618448.0,5860.0
5167124.0,618448.0,5860.0
5167124.0,618448.0,5860.0
5167124.0,618448.0,5860.0
5167141.0667,618448.0,5909.0666667
5167188.0,618448.0,6044.0
5167188.0,618448.0,6044.0
5167188.0,618448.0,6044.0
5167188.0,618448.0,6044.0
5167188.0,618448.0,6044.0
5167188.0,618448.0,6044.0
5167188.0,618448.0,6044.0
5167188.0,618448.0,6044.0
5167188.0,618448.0,6044.0
5167188.0,618448.0,6044.0
5146951.2,618502.4,6136.8
5116596.0,618584.0,6276.0
5116596.0,618584.0,6276.0
5116596.0,618584.0,6276.0
5116596.0,618584.0,6276.0
5116596.0,618584.0,6276.0
5116596.0,618584.0,6276.0
5116596.0,618584.0,6276.0
5116596.0,618584.0,6276.0
5116596.0,618584.0,6276.0
5116596.0,618584.0,6276.0
5116596.0,618584.0,6276.0
5116521.3333,618596.8,6408.2666667
5116456.0,618608.0,6524.0
5116456.0,618608.0,6524.0
5116456.0,618608.0,6524.0
5115745.6,618618.66667,6583.7333333
5115124.0,618628.0,6636.0
5115124.0,618628.0,6636.0
5115745.6,618624.26667,6665.8666667
5116456.0,618620.0,6700.0
5098684.8,618645.6,6722.4
5072028.0,618684.0,6756.0
5072028.0,618684.0,6756.0
5072028.0,618684.0,6756.0
5072028.0,618684.0,6756.0
5072028.0,618684.0,6756.0
5072028.0,618684.0,6756.0
5072028.0,618684.0,6756.0
5071526.6667,618718.66667,6812.0
5070524.0,618788.0,6924.0
5070524.0,618788.0,6924.0
5070855.7333,618789.06667,6938.9333333
5071768.0,618792.0,6980.0
5071768.0,618792.0,6980.0
5071768.0,618792.0,6980.0
5071768.0,618792.0,6980.0
5071768.0,618792.0,6980.0
5071768.0,618792.0,6980.0
5071768.0,618792.0,6980.0
5071768.0,618792.0,6980.0
5071768.0,618792.0,6980.0
5071768.0,618792.0,6980.0
5063837.3333,618799.46667,7035.4666667
5042028.0,618820.0,7188.0
5042028.0,618820.0,7188.0
5042028.0,618820.0,7188.0
5042028.0,618820.0,7188.0
5042028.0,618820.0,7188.0
5042028.0,618820.0,7188.0
5042028.0,618820.0,7188.0
5042028.0,618820.0,7188.0
5042028.0,618820.0,7188.0
5042028.0,618820.0,7188.0
5042028.0,618820.0,7188.0
5042498.4,618887.2,7290.4
5043204.0,618988.0,7444.0
5043204.0,618988.0,7444.0
5043204.0,618988.0,7444.0
5043204.0,618988.0,7444.0
5043204.0,618988.0,7444.0
5031141.6,618997.6,7549.6
5023100.0,619004.0,7620.0
5023100.0,619004.0,7620.0
5022108.0,619006.13333,7645.6
5021240.0,619008.0,7668.0
5021240.0,619008.0,7668.0
5021240.0,619008.0,7668.0
5021240.0,619008.0,7668.0
5021240.0,619008.0,7668.0
5021240.0,619008.0,7668.0
5021240.0,619008.0,7668.0
5021240.0,619008.0,7668.0
5021240.0,619008.0,7668.0
5021240.0,619008.0,7668.0
5021240.0,619008.0,7668.0
5021005.3333,619002.66667,7833.3333333
5020888.0,619000.0,7916.0
5020888.0,619000.0,7916.0
5020888.0,619000.0,7916.0
5020888.0,619000.0,7916.0
5020888.0,619000.0,7916.0
5020888.0,619000.0,7916.0
5012824.2667,619002.93333,8045.0666667
5009892.0,619004.0,8092.0
5009892.0,619004.0,8092.0
5009892.0,619004.0,8092.0
5009892.0,619004.0,8092.0
5009892.0,619004.0,8092.0
5009892.0,619004.0,8092.0
5009892.0,619004.0,8092.0
5009892.0,619004.0,8092.0
5009892.0,619004.0,8092.0
5009892.0,619004.0,8092.0
5009892.0,619004.0,8092.0
5008947.4667,619165.33333,8599.4666667
5008604.0,619224.0,8784.0
5008604.0,619224.0,8784.0
5008604.0,619224.0,8784.0
5008604.0,619224.0,8784.0
5008604.0,619224.0,8784.0
5008604.0,619224.0,8784.0
5008604.0,619224.0,8784.0
5008604.0,619224.0,8784.0
5007209.3333,619226.66667,8954.6666667
5006512.0,619228.0,9040.0
5006512.0,619228.0,9040.0
5006512.0,619228.0,9040.0
5006512.0,619228.0,9040.0
5006512.0,619228.0,9040.0
5006512.0,619228.0,9040.0
5006512.0,619228.0,9040.0
5006512.0,619228.0,9040.0
5006512.0,619228.0,9040.0
5006512.0,619228.0,9040.0
5006512.0,619228.0,9040.0
5006281.6,619292.0,9238.4
5006224.0,619308.0,9288.0
5006224.0,619308.0,9288.0
5006224.0,619308.0,9288.0
5006224.0,619308.0,9288.0
5006224.0,619308.0,9288.0
5006224.0,619308.0,9288.0
6927792.0,614120.8,9435.2
