7989704.0,45036.0,1872.0
7466288.5333,144366.13333,2945.0666667
7008300.0,231280.0,3884.0
6916495.4667,232054.66667,3919.4666667
6811576.0,232940.0,3960.0
6811576.0,232940.0,3960.0
6811576.0,232940.0,3960.0
6811576.0,232940.0,3960.0
6811576.0,232940.0,3960.0
6784521.6,232943.2,4008.0
6743940.0,232948.0,4080.0
6743070.1333,232951.73333,4109.8666667
6742076.0,232956.0,4144.0
6742076.0,232956.0,4144.0
6737240.8,232959.2,4169.6
6729988.0,232964.0,4208.0
6729988.0,232964.0,4208.0
6729220.8,232971.46667,4234.1333333
6728344.0,232980.0,4264.0
6727785.6,232983.2,4289.6
6726948.0,232988.0,4328.0
6726948.0,232988.0,4328.0
6726948.0,232988.0,4328.0
6726948.0,232988.0,4328.0
6726948.0,232988.0,4328.0
6721202.9333,233425.33333,4479.4666667
6716176.0,233808.0,4612.0
6716176.0,233808.0,4612.0
6716176.0,233808.0,4612.0
6716176.0,233808.0,4612.0
6713761.0667,234900.26667,4868.0
6711648.0,235856.0,5092.0
6711648.0,235856.0,5092.0
6706701.3333,235865.33333,5118.1333333
6701048.0,235876.0,5148.0
6700424.5333,235877.86667,5174.1333333
6699712.0,235880.0,5204.0
6699712.0,235880.0,5204.0
7287193.6,232383.46667,5233.8666667
