vda,107.00,0.80,0.01,3,0
vda,60.20,0.23,0.01,1,0
vda,1.20,0.00,0.00,0,0
vda,0.00,0.00,0.00,0,0
vda,1.20,0.00,0.00,0,0
vda,4.40,0.00,0.02,0,0
vda,280.80,13.21,0.08,66,0
vda,148.80,11.77,0.22,58,1
vda,107.60,13.18,0.01,65,0
vda,55.60,6.88,0.00,34,0
vda,8.20,0.02,0.01,0,0
vda,6.20,0.05,0.01,0,0
vda,2.60,0.00,0.03,0,0
vda,26.20,0.00,1.35,0,6
vda,0.20,0.00,0.00,0,0
vda,0.80,0.00,0.00,0,0
vda,27.00,0.00,0.11,0,0
vda,26.40,0.00,0.11,0,0
vda,7.60,0.00,0.03,0,0
vda,3.00,0.04,0.01,0,0
vda,6.00,0.06,0.01,0,0
vda,3.20,0.00,0.02,0,0
vda,13.20,0.00,0.05,0,0
vda,9.80,0.00,0.04,0,0
vda,0.00,0.00,0.00,0,0
vda,1.40,0.00,0.01,0,0
vda,54.80,0.00,0.22,0,1
vda,0.80,0.00,0.00,0,0
vda,8.20,0.03,0.03,0,0
vda,19.00,0.06,0.07,0,0
vda,1.60,0.00,0.01,0,0
vda,0.00,0.00,0.00,0,0
vda,2.80,0.00,0.05,0,0
vda,1.00,0.00,0.00,0,0
