vda,58.40,0.23,0.00,1,0
vda,54.20,0.00,0.22,0,1
vda,5.60,0.00,0.02,0,0
vda,0.00,0.00,0.00,0,0
vda,30.20,0.00,0.12,0,0
vda,6.80,0.00,0.03,0,0
vda,218.00,7.91,0.01,39,0
vda,4.80,0.00,0.02,0,0
vda,42.60,0.00,1.45,0,7
vda,42.00,0.32,0.00,1,0
vda,11.00,0.10,0.01,0,0
vda,1.80,0.00,0.01,0,0
vda,2.20,0.00,0.01,0,0
vda,54.60,0.00,0.23,0,1
vda,6.80,0.00,0.03,0,0
vda,1.40,0.00,0.01,0,0
vda,36.40,0.00,0.15,0,0
vda,0.00,0.00,0.00,0,0
vda,20.40,0.00,0.09,0,0
vda,32.60,0.00,0.13,0,0
vda,0.00,0.00,0.00,0,0
vda,14.00,0.00,0.06,0,0
vda,30.54,0.00,0.13,0,0
vda,0.60,0.00,0.00,0,0
vda,0.00,0.00,0.00,0,0
vda,53.00,0.00,0.21,0,1
