16220269.067,47584.533333,2039.7333333
16212556.0,53752.0,2708.0
16212556.0,53752.0,2708.0
15756067.467,107140.8,3407.7333333
15356640.0,153856.0,4020.0
15356640.0,153856.0,4020.0
15355264.8,153856.0,4048.8
15354348.0,153856.0,4068.0
15352264.8,153899.2,4101.6
15350876.0,153928.0,4124.0
15350876.0,153928.0,4124.0
15349755.2,153930.4,4162.4
15349008.0,153932.0,4188.0
15349008.0,153932.0,4188.0
15342312.0,153936.8,4226.4
15337848.0,153940.0,4252.0
15337848.0,153940.0,4252.0
15337848.0,153940.0,4252.0
15337848.0,153940.0,4252.0
15337848.0,153940.0,4252.0
15337848.0,153940.0,4252.0
15337848.0,153940.0,4252.0
15337848.0,153940.0,4252.0
15337848.0,153940.0,4252.0
15266090.4,153952.0,4396.0
15218252.0,153960.0,4492.0
15218252.0,153960.0,4492.0
15170657.6,153962.4,4525.6
15138928.0,153964.0,4548.0
15138928.0,153964.0,4548.0
15138928.0,153964.0,4548.0
15138928.0,153964.0,4548.0
15137668.0,154444.0,4701.6
15136828.0,154764.0,4804.0
15136828.0,154764.0,4804.0
