vda,20.60,0.09,0.00,0,0
vda,37.80,0.14,0.01,0,0
vda,8.00,0.02,0.01,0,0
vda,0.00,0.00,0.00,0,0
vda,1.20,0.00,0.00,0,0
vda,4.00,0.00,0.02,0,0
vda,234.60,10.05,0.06,50,0
vda,144.00,11.72,0.15,58,0
vda,159.60,11.35,0.02,56,0
vda,22.80,2.51,0.01,12,0
vda,0.20,0.00,0.00,0,0
vda,1.60,0.00,0.01,0,0
vda,5.00,0.00,1.29,0,6
vda,7.40,0.00,0.03,0,0
vda,26.00,0.00,0.11,0,0
vda,0.00,0.00,0.00,0,0
vda,23.60,0.00,0.10,0,0
vda,1.80,0.00,0.01,0,0
vda,3.40,0.00,0.02,0,0
vda,2.40,0.00,0.01,0,0
vda,1.00,0.00,0.01,0,0
vda,18.00,0.00,0.07,0,0
vda,1.40,0.00,0.01,0,0
vda,2.20,0.00,0.01,0,0
vda,7.78,0.00,0.04,0,0
vda,7.80,0.00,0.03,0,0
vda,29.80,0.00,0.12,0,0
vda,0.80,0.00,0.00,0,0
vda,3.20,0.00,0.01,0,0
vda,13.80,0.00,0.06,0,0
vda,1.40,0.00,0.01,0,0
vda,2.00,0.00,0.01,0,0
vda,2.20,0.00,0.01,0,0
vda,0.00,0.00,0.00,0,0
vda,2.60,0.00,0.02,0,0
vda,43.40,0.00,0.18,0,0
vda,0.80,0.00,0.00,0,0
vda,18.60,0.00,0.07,0,0
vda,3.80,0.00,0.01,0,0
vda,1.80,0.00,0.01,0,0
vda,0.00,0.00,0.00,0,0
vda,3.80,0.00,0.02,0,0
vda,0.60,0.00,0.00,0,0
vda,1.60,0.00,0.01,0,0
vda,53.00,0.00,0.21,0,1
vda,7.00,0.00,0.03,0,0
vda,1.20,0.00,0.00,0,0
vda,3.40,0.00,0.01,0,0
vda,2.00,0.00,0.01,0,0
vda,1.60,0.00,0.01,0,0
vda,2.40,0.00,0.01,0,0
vda,0.00,0.00,0.00,0,0
vda,12.20,0.00,0.05,0,0
vda,31.40,0.00,0.13,0,0
vda,0.60,0.00,0.00,0,0
vda,2.80,0.00,0.02,0,0
vda,2.40,0.00,0.01,0,0
vda,1.80,0.00,0.01,0,0
vda,1.60,0.00,0.01,0,0
vda,19.00,0.00,0.08,0,0
vda,0.00,0.00,0.00,0,0
vda,1.60,0.00,0.01,0,0
vda,37.20,0.00,0.15,0,0
vda,8.20,0.00,0.03,0,0
vda,1.20,0.00,0.00,0,0
vda,2.20,0.00,0.01,0,0
vda,0.00,0.00,0.00,0,0
vda,12.40,0.00,0.05,0,0
vda,5.80,0.00,0.02,0,0
vda,5.20,0.00,0.03,0,0
vda,0.20,0.00,0.00,0,0
vda,35.60,0.00,0.14,0,0
vda,1.20,0.00,0.00,0,0
vda,1.20,0.00,0.00,0,0
vda,26.80,0.00,0.11,0,0
vda,0.00,0.00,0.00,0,0
vda,2.60,0.00,0.02,0,0
