7990224.0,44988.0,1624.0
7169053.8667,188081.6,3353.8666667
7042720.0,210096.0,3620.0
7042720.0,210096.0,3620.0
6808182.6667,229758.93333,3793.3333333
6772100.0,232784.0,3820.0
6768325.6,232832.53333,3879.7333333
6768056.0,232836.0,3884.0
6768056.0,232836.0,3884.0
6712810.1333,232836.0,3951.2
6708864.0,232836.0,3956.0
6708864.0,232836.0,3956.0
6696182.9333,232846.4,4004.5333333
6694232.0,232848.0,4012.0
6692795.2,232848.0,4063.2
6692436.0,232848.0,4076.0
6692436.0,232848.0,4076.0
6655216.8,232851.2,4120.8
6645912.0,232852.0,4132.0
6645912.0,232852.0,4132.0
6646772.8,232887.2,4183.2
6646988.0,232896.0,4196.0
7650622.6667,227214.13333,4244.5333333
