7883252.0,112200.0,4008.0
7883252.0,112200.0,4008.0
7435582.6667,179525.86667,4054.9333333
7043872.0,238436.0,4096.0
7043872.0,238436.0,4096.0
7010234.6667,238436.0,4125.8666667
6971792.0,238436.0,4160.0
6971792.0,238436.0,4160.0
6971792.0,238436.0,4160.0
6971792.0,238436.0,4160.0
6878150.6667,238445.33333,4219.7333333
6771132.0,238456.0,4288.0
6771132.0,238456.0,4288.0
6770122.9333,238453.86667,4322.1333333
6769240.0,238452.0,4352.0
6769240.0,238452.0,4352.0
6769240.0,238452.0,4352.0
6769240.0,238452.0,4352.0
6769240.0,238452.0,4352.0
6769240.0,238452.0,4352.0
6769240.0,238452.0,4352.0
6768297.0667,238471.2,4441.6
6767472.0,238488.0,4520.0
6767472.0,238488.0,4520.0
6767472.0,238488.0,4520.0
6767472.0,238488.0,4520.0
6767472.0,238488.0,4520.0
6767472.0,238488.0,4520.0
6767472.0,238488.0,4520.0
6765944.5333,238916.8,4697.0666667
6764608.0,239292.0,4852.0
6755958.4,239296.8,4888.0
6750192.0,239300.0,4912.0
6750192.0,239300.0,4912.0
6750192.0,239300.0,4912.0
6750192.0,239300.0,4912.0
6750192.0,239300.0,4912.0
6750192.0,239300.0,4912.0
6750192.0,239300.0,4912.0
6750192.0,239300.0,4912.0
