vda,0.80,0.01,0.00,0,0
vda,55.00,0.21,0.01,1,0
vda,2.20,0.00,0.01,0,0
vda,0.00,0.00,0.00,0,0
vda,42.40,0.00,0.17,0,0
vda,2.60,0.00,0.01,0,0
vda,234.60,10.86,0.00,54,0
vda,59.80,4.89,0.01,24,0
vda,55.40,0.43,0.02,2,0
vda,0.00,0.00,0.00,0,0
vda,10.80,0.00,0.04,0,0
vda,4.00,0.00,0.02,0,0
vda,18.40,0.00,0.07,0,0
vda,5.40,0.00,1.29,0,6
vda,35.60,0.00,0.14,0,0
vda,1.20,0.00,0.00,0,0
vda,0.00,0.00,0.00,0,0
vda,2.20,0.00,0.01,0,0
vda,4.40,0.00,0.02,0,0
vda,3.20,0.00,0.01,0,0
vda,17.00,0.00,0.07,0,0
vda,1.20,0.00,0.00,0,0
vda,0.60,0.00,0.00,0,0
vda,35.00,0.00,0.14,0,0
vda,1.20,0.00,0.00,0,0
vda,8.60,0.00,0.04,0,0
vda,2.40,0.00,0.01,0,0
vda,13.20,0.00,0.05,0,0
vda,2.60,0.00,0.01,0,0
vda,0.00,0.00,0.00,0,0
vda,1.20,0.00,0.00,0,0
vda,0.60,0.00,0.00,0,0
vda,36.40,0.00,0.15,0,0
vda,1.60,0.00,0.01,0,0
vda,7.20,0.00,0.03,0,0
vda,19.60,0.00,0.08,0,0
vda,1.20,0.00,0.00,0,0
vda,0.40,0.00,0.00,0,0
vda,3.80,0.00,0.01,0,0
vda,1.80,0.00,0.01,0,0
vda,1.40,0.00,0.01,0,0
vda,23.20,0.00,0.10,0,0
vda,12.40,0.00,0.05,0,0
vda,1.00,0.00,0.01,0,0
vda,2.40,0.00,0.01,0,0
vda,8.40,0.00,0.03,0,0
vda,1.40,0.00,0.01,0,0
vda,4.60,0.00,0.02,0,0
vda,1.00,0.00,0.00,0,0
vda,50.20,0.00,0.20,0,1
vda,2.40,0.00,0.01,0,0
vda,1.20,0.00,0.00,0,0
vda,0.80,0.00,0.00,0,0
vda,9.60,0.00,0.04,0,0
vda,2.40,0.00,0.01,0,0
vda,0.40,0.00,0.00,0,0
vda,35.40,0.00,0.14,0,0
vda,19.60,0.00,0.08,0,0
vda,0.00,0.00,0.00,0,0
vda,2.60,0.00,0.01,0,0
vda,2.20,0.00,0.01,0,0
vda,1.80,0.00,0.01,0,0
vda,2.40,0.00,0.01,0,0
vda,1.20,0.00,0.00,0,0
vda,19.60,0.00,0.08,0,0
vda,23.20,0.00,0.10,0,0
vda,1.40,0.00,0.01,0,0
vda,0.40,0.00,0.00,0,0
vda,5.80,0.00,0.03,0,0
vda,0.00,0.00,0.00,0,0
vda,1.80,0.00,0.01,0,0
vda,1.60,0.00,0.01,0,0
vda,18.20,0.00,0.07,0,0
vda,34.00,0.00,0.14,0,0
vda,2.60,0.00,0.01,0,0
vda,9.20,0.00,0.04,0,0
vda,0.00,0.00,0.00,0,0
vda,3.40,0.00,0.01,0,0
vda,9.80,0.00,0.04,0,0
vda,51.80,0.00,0.21,0,1
vda,2.40,0.00,0.01,0,0
vda,8.00,0.00,0.04,0,0
vda,1.60,0.00,0.01,0,0
vda,35.40,0.00,0.15,0,0
vda,1.40,0.00,0.01,0,0
vda,2.20,0.00,0.01,0,0
vda,34.80,0.00,0.14,0,0
vda,4.00,0.00,0.02,0,0
vda,2.60,0.00,0.01,0,0
vda,0.00,0.00,0.00,0,0
vda,59.20,0.14,0.18,0,0
vda,14.00,0.05,0.01,0,0
vda,1.60,0.00,0.01,0,0
vda,61.60,0.00,0.25,0,1
vda,18.20,0.00,0.07,0,0
vda,1.80,0.00,0.01,0,0
vda,36.20,0.00,0.15,0,0
vda,2.80,0.00,0.01,0,0
vda,0.00,0.00,0.00,0,0
vda,42.32,0.00,0.17,0,0
vda,2.60,0.00,0.01,0,0
vda,0.00,0.00,0.00,0,0
vda,35.20,0.00,0.15,0,0
vda,0.80,0.00,0.00,0,0
vda,2.20,0.00,0.01,0,0
vda,1.20,0.00,0.00,0,0
vda,3.00,0.00,0.01,0,0
vda,60.20,0.00,0.25,0,1
vda,1.40,0.00,0.01,0,0
vda,0.00,0.00,0.00,0,0
vda,36.00,0.00,0.15,0,0
vda,1.40,0.00,0.01,0,0
vda,0.80,0.00,0.00,0,0
vda,2.20,0.00,0.01,0,0
vda,42.80,0.00,0.18,0,0
vda,2.80,0.00,0.01,0,0
vda,56.20,0.00,0.23,0,1
vda,3.20,0.00,0.01,0,0
vda,0.60,0.00,0.00,0,0
vda,36.00,0.00,0.15,0,0
vda,1.60,0.00,0.01,0,0
vda,1.80,0.00,0.01,0,0
vda,1.20,0.00,0.00,0,0
vda,40.00,0.00,0.17,0,0
vda,2.20,0.00,0.01,0,0
vda,43.80,0.00,0.18,0,0
vda,1.40,0.00,0.01,0,0
vda,0.00,0.00,0.00,0,0
vda,53.20,0.00,0.22,0,1
vda,1.20,0.00,0.00,0,0
vda,32.80,0.00,0.13,0,0
