7990708.0,45008.0,2048.0
7990708.0,45008.0,2048.0
7634612.0,103570.66667,3229.3333333
7456564.0,132852.0,3820.0
7456564.0,132852.0,3820.0
7456564.0,132852.0,3820.0
7456564.0,132852.0,3820.0
7456564.0,132852.0,3820.0
7456564.0,132852.0,3820.0
7456564.0,132852.0,3820.0
7456564.0,132852.0,3820.0
7456564.0,132852.0,3820.0
7385865.3333,132870.66667,3969.3333333
7350516.0,132880.0,4044.0
7350516.0,132880.0,4044.0
7350516.0,132880.0,4044.0
7350516.0,132880.0,4044.0
7350516.0,132880.0,4044.0
7349172.0,132962.66667,4124.0
7348500.0,133004.0,4164.0
7343774.4,133006.93333,4199.2
7342056.0,133008.0,4212.0
7342056.0,133008.0,4212.0
7341278.6667,133016.8,4253.0666667
7340996.0,133020.0,4268.0
7340996.0,133020.0,4268.0
7308829.0667,133025.86667,4314.9333333
7297132.0,133028.0,4332.0
7296165.6,133264.8,4508.0
7295924.0,133324.0,4552.0
7295924.0,133324.0,4552.0
7197296.5333,133699.46667,4598.9333333
7161432.0,133836.0,4616.0
7161432.0,133836.0,4616.0
7161432.0,133836.0,4616.0
7161432.0,133836.0,4616.0
7161432.0,133836.0,4616.0
7161432.0,133836.0,4616.0
7161432.0,133836.0,4616.0
7706398.4,129051.73333,4739.2
7904568.0,127312.0,4784.0
