3354859.4667,187859.2,4835.2
3321092.0,168608.0,3976.0
3321092.0,168608.0,3976.0
2805351.2,274345.6,4027.2
2676416.0,300780.0,4040.0
2676416.0,300780.0,4040.0
2676416.0,300780.0,4040.0
2676416.0,300780.0,4040.0
2676416.0,300780.0,4040.0
2676416.0,300780.0,4040.0
2676416.0,300780.0,4040.0
2674573.8667,300944.26667,4638.4
2673904.0,301004.0,4856.0
2673904.0,301004.0,4856.0
2673904.0,301004.0,4856.0
2673904.0,301004.0,4856.0
2673904.0,301004.0,4856.0
2673904.0,301004.0,4856.0
2673904.0,301004.0,4856.0
2669016.5333,301018.93333,4945.6
2664740.0,301032.0,5024.0
2664740.0,301032.0,5024.0
2664740.0,301032.0,5024.0
2664740.0,301032.0,5024.0
2655521.8667,308569.06667,6169.6
2647456.0,315164.0,7172.0
2647456.0,315164.0,7172.0
2647456.0,315164.0,7172.0
2647456.0,315164.0,7172.0
2651036.8,315215.2,7264.8
2656408.0,315292.0,7404.0
2656408.0,315292.0,7404.0
2620758.4,315290.4,7432.8
2567284.0,315288.0,7476.0
2567284.0,315288.0,7476.0
2566117.3333,315713.6,7569.3333333
2564784.0,316200.0,7676.0
2564784.0,316200.0,7676.0
2564784.0,316200.0,7676.0
2564784.0,316200.0,7676.0
2564784.0,316200.0,7676.0
2564784.0,316200.0,7676.0
2564784.0,316200.0,7676.0
2564784.0,316200.0,7676.0
2564784.0,316200.0,7676.0
2564784.0,316200.0,7676.0
2564784.0,316200.0,7676.0
2564350.4,316206.4,7784.8
2552690.4,316216.0,7977.8666667
2540108.0,316216.0,8012.0
2540108.0,316216.0,8012.0
2540108.0,316216.0,8012.0
2540108.0,316216.0,8012.0
2540108.0,316216.0,8012.0
2540108.0,316216.0,8012.0
2540108.0,316216.0,8012.0
2540108.0,316216.0,8012.0
2540108.0,316216.0,8012.0
2540108.0,316216.0,8012.0
2540108.0,316216.0,8012.0
2539748.0,316269.33333,8177.3333333
2539568.0,316296.0,8260.0
2509021.3333,316296.0,8297.3333333
2493748.0,316296.0,8316.0
2492589.3333,316293.06667,8368.8
2492168.0,316292.0,8388.0
2492168.0,316292.0,8388.0
2492168.0,316292.0,8388.0
2492168.0,316292.0,8388.0
2492168.0,316292.0,8388.0
2492168.0,316292.0,8388.0
2492168.0,316292.0,8388.0
2492168.0,316292.0,8388.0
2492168.0,316292.0,8388.0
2492168.0,316292.0,8388.0
2492168.0,316292.0,8388.0
2491141.3333,316516.0,8604.5333333
2491068.0,316532.0,8620.0
2491068.0,316532.0,8620.0
2491068.0,316532.0,8620.0
2491068.0,316532.0,8620.0
2491068.0,316532.0,8620.0
2491068.0,316532.0,8620.0
2491068.0,316532.0,8620.0
2491068.0,316532.0,8620.0
2491068.0,316532.0,8620.0
2491068.0,316532.0,8620.0
2491068.0,316532.0,8620.0
2491068.0,316532.0,8620.0
2489860.0,316564.0,8944.0
2489860.0,316564.0,8944.0
2491192.8,316571.46667,8996.2666667
2491288.0,316572.0,9000.0
2491288.0,316572.0,9000.0
2491288.0,316572.0,9000.0
2491288.0,316572.0,9000.0
2491288.0,316572.0,9000.0
2491288.0,316572.0,9000.0
2491288.0,316572.0,9000.0
2491288.0,316572.0,9000.0
2491288.0,316572.0,9000.0
2491288.0,316572.0,9000.0
2491288.0,316572.0,9000.0
2490574.9333,316590.66667,9231.4666667
2490524.0,316592.0,9248.0
2490524.0,316592.0,9248.0
2490524.0,316592.0,9248.0
2470808.0,316620.0,9368.0
2470808.0,316620.0,9368.0
2470808.0,316620.0,9368.0
2469604.0,316620.0,9432.0
2469604.0,316620.0,9432.0
2469604.0,316620.0,9432.0
2469604.0,316620.0,9432.0
2469604.0,316620.0,9432.0
2469604.0,316620.0,9432.0
2469604.0,316620.0,9432.0
2469458.9333,316712.8,9453.3333333
2467428.0,318012.0,9752.0
2467428.0,318012.0,9752.0
2467428.0,318012.0,9752.0
2467428.0,318012.0,9752.0
2467428.0,318012.0,9752.0
2463340.0,318032.0,9872.0
2463340.0,318032.0,9872.0
2463340.0,318032.0,9872.0
2462188.0,318040.0,9928.0
2462188.0,318040.0,9928.0
2462188.0,318040.0,9928.0
2462188.0,318040.0,9928.0
2462188.0,318040.0,9928.0
2462188.0,318040.0,9928.0
2462188.0,318040.0,9928.0
2462188.0,318040.0,9928.0
2462188.0,318040.0,9928.0
2462188.0,318040.0,9928.0
2461391.4667,318040.8,9946.1333333
2450240.0,318052.0,10200.0
2450240.0,318052.0,10200.0
2450240.0,318052.0,10200.0
2450240.0,318052.0,10200.0
2450240.0,318052.0,10200.0
2450240.0,318052.0,10200.0
2450240.0,318052.0,10200.0
2450240.0,318052.0,10200.0
2450240.0,318052.0,10200.0
2450240.0,318052.0,10200.0
2450240.0,318052.0,10200.0
2450211.7333,318062.66667,10232.0
2525682.6667,317694.93333,10444.266667
3584848.0,311576.0,10504.0
3584848.0,311576.0,10504.0
