7913120.8,116109.33333,3505.3333333
7951716.0,77872.0,3156.0
7951716.0,77872.0,3156.0
6770912.8,306121.6,3696.8
6475712.0,363184.0,3832.0
6226053.0667,363189.86667,3873.0666667
6135268.0,363192.0,3888.0
6135268.0,363192.0,3888.0
6133722.1333,363247.73333,3934.9333333
6133160.0,363268.0,3952.0
6133160.0,363268.0,3952.0
6129713.6,363268.0,4003.2
6128852.0,363268.0,4016.0
6120268.5333,369677.86667,5347.2
6118948.0,370664.0,5552.0
6118948.0,370664.0,5552.0
6118948.0,370664.0,5552.0
6118948.0,370664.0,5552.0
6118948.0,370664.0,5552.0
6118948.0,370664.0,5552.0
6118948.0,370664.0,5552.0
6118948.0,370664.0,5552.0
6118948.0,370664.0,5552.0
6118948.0,370664.0,5552.0
6116743.2,371367.73333,5791.2
6116404.0,371476.0,5828.0
6116404.0,371476.0,5828.0
6116404.0,371476.0,5828.0
6116404.0,371476.0,5828.0
6078333.0667,371479.46667,5932.0
6072476.0,371480.0,5948.0
6072476.0,371480.0,5948.0
6072476.0,371480.0,5948.0
6072476.0,371480.0,5948.0
6072476.0,371480.0,5948.0
7451332.2667,365815.46667,6232.2666667
7663464.0,364944.0,6276.0
