vda,78.60,0.31,0.00,1,0
vda,3.60,0.00,0.01,0,0
vda,1.20,0.00,0.00,0,0
vda,0.00,0.00,0.00,0,0
vda,2.20,0.00,0.01,0,0
vda,5.60,0.00,0.03,0,0
vda,240.80,7.90,0.13,39,0
vda,24.60,0.00,0.10,0,0
vda,59.20,0.46,0.01,2,0
vda,2.60,0.00,0.01,0,0
vda,0.00,0.00,0.00,0,0
vda,1.20,0.00,0.00,0,0
vda,0.80,0.00,0.00,0,0
vda,6.00,0.00,1.30,0,6
vda,24.00,0.00,0.10,0,0
vda,6.60,0.00,0.03,0,0
vda,38.40,0.00,0.15,0,0
vda,2.60,0.00,0.01,0,0
vda,2.60,0.00,0.01,0,0
vda,0.00,0.00,0.00,0,0
vda,1.40,0.00,0.01,0,0
vda,0.60,0.00,0.00,0,0
vda,17.60,0.00,0.07,0,0
vda,0.00,0.00,0.00,0,0
