3855456.0,38508.0,2892.0
3855456.0,38508.0,2892.0
3367104.0,138192.8,3496.8
2634576.0,287720.0,4404.0
2634576.0,287720.0,4404.0
2190066.6667,394614.66667,5398.9333333
1682056.0,516780.0,6536.0
1577392.0,546957.6,6553.6
1420396.0,592224.0,6580.0
1420396.0,592224.0,6580.0
1353472.2667,613375.2,6609.8666667
1276988.0,637548.0,6644.0
1276988.0,637548.0,6644.0
1147999.4667,686462.13333,6673.8666667
1000584.0,742364.0,6708.0
823508.26667,817129.6,6810.6666667
621136.0,902576.0,6928.0
621136.0,902576.0,6928.0
482224.26667,938033.33333,6950.4
323468.0,978556.0,6976.0
323468.0,978556.0,6976.0
680356.0,752394.4,6974.4
1215688.0,413152.0,6972.0
1215688.0,413152.0,6972.0
1202968.5333,414182.4,7001.8666667
1188432.0,415360.0,7036.0
1187425.0667,415955.2,7061.6
1186544.0,416476.0,7084.0
1186544.0,416476.0,7084.0
1185123.2,416928.26667,7113.8666667
1183880.0,417324.0,7140.0
1183880.0,417324.0,7140.0
1183880.0,417324.0,7140.0
1183880.0,417324.0,7140.0
1183880.0,417324.0,7140.0
1183880.0,417324.0,7140.0
1183880.0,417324.0,7140.0
1193400.0,417602.13333,7237.0666667
1204280.0,417920.0,7348.0
1204280.0,417920.0,7348.0
1204280.0,417920.0,7348.0
1204280.0,417920.0,7348.0
1204280.0,417920.0,7348.0
1204280.0,417920.0,7348.0
1204280.0,417920.0,7348.0
1202236.2667,418199.46667,7437.6
1200448.0,418444.0,7516.0
1200448.0,418444.0,7516.0
1202222.9333,418520.8,7554.4
1203776.0,418588.0,7588.0
1294498.1333,418688.26667,7613.6
1373880.0,418776.0,7636.0
1373880.0,418776.0,7636.0
1373880.0,418776.0,7636.0
1373880.0,418776.0,7636.0
1373880.0,418776.0,7636.0
1373880.0,418776.0,7636.0
1373880.0,418776.0,7636.0
1373880.0,418776.0,7636.0
1373880.0,418776.0,7636.0
1373880.0,418776.0,7636.0
1373880.0,418776.0,7636.0
1373736.0,418995.2,7744.8
1423912.0,419426.4,7930.4
1499500.0,419580.0,7964.0
1499500.0,419580.0,7964.0
1498412.0,419642.4,7989.6
1496780.0,419736.0,8028.0
1496780.0,419736.0,8028.0
1497210.6667,419745.33333,8049.3333333
1498072.0,419764.0,8092.0
1498072.0,419764.0,8092.0
1498072.0,419764.0,8092.0
1498072.0,419764.0,8092.0
1498072.0,419764.0,8092.0
1498072.0,419764.0,8092.0
1498072.0,419764.0,8092.0
1511098.1333,419894.13333,8145.3333333
1546920.0,420252.0,8292.0
1926771.2,424038.4,8302.4
