15909415.733,351344.8,2722.9333333
16219052.0,43620.0,1604.0
15145586.4,220282.4,3319.2
14877220.0,264448.0,3748.0
14877220.0,264448.0,3748.0
13732800.8,504220.8,3796.0
13446696.0,564164.0,3808.0
13446696.0,564164.0,3808.0
12324740.0,855587.73333,3866.6666667
11916756.0,961560.0,3888.0
11294827.733,1137425.0667,3929.0666667
11068672.0,1201376.0,3944.0
11068672.0,1201376.0,3944.0
10356458.667,1201378.9333,3985.0666667
10097472.0,1201380.0,4000.0
10097472.0,1201380.0,4000.0
10095835.2,1201377.0667,4052.8
10095240.0,1201376.0,4072.0
10095240.0,1201376.0,4072.0
10095240.0,1201376.0,4072.0
10095240.0,1201376.0,4072.0
10095240.0,1201376.0,4072.0
10095240.0,1201376.0,4072.0
10095240.0,1201376.0,4072.0
10092704.0,1201386.6667,4189.3333333
10091436.0,1201392.0,4248.0
10091436.0,1201392.0,4248.0
10091436.0,1201392.0,4248.0
10091436.0,1201392.0,4248.0
10091436.0,1201392.0,4248.0
10091436.0,1201392.0,4248.0
10091436.0,1201392.0,4248.0
10091436.0,1201392.0,4248.0
10091436.0,1201392.0,4248.0
10091436.0,1201392.0,4248.0
10091434.4,1201444.8,4350.4
10091432.0,1201524.0,4504.0
10091432.0,1201524.0,4504.0
10091432.0,1201524.0,4504.0
10091432.0,1201524.0,4504.0
10091432.0,1201524.0,4504.0
10091432.0,1201524.0,4504.0
10091432.0,1201524.0,4504.0
10091432.0,1201524.0,4504.0
10091432.0,1201524.0,4504.0
10091432.0,1201524.0,4504.0
10091432.0,1201524.0,4504.0
10091153.6,1201540.0,4628.8
10090736.0,1201564.0,4816.0
10090736.0,1201564.0,4816.0
10090736.0,1201564.0,4816.0
10090736.0,1201564.0,4816.0
10090736.0,1201564.0,4816.0
10090736.0,1201564.0,4816.0
10090736.0,1201564.0,4816.0
10090736.0,1201564.0,4816.0
10090736.0,1201564.0,4816.0
10090736.0,1201564.0,4816.0
10090736.0,1201564.0,4816.0
10090436.8,1201575.2,4918.4
10089988.0,1201592.0,5072.0
10089988.0,1201592.0,5072.0
10089988.0,1201592.0,5072.0
10089988.0,1201592.0,5072.0
10089988.0,1201592.0,5072.0
10089988.0,1201592.0,5072.0
10089988.0,1201592.0,5072.0
10089988.0,1201592.0,5072.0
10089988.0,1201592.0,5072.0
10089988.0,1201592.0,5072.0
10089988.0,1201592.0,5072.0
10090220.533,1201599.4667,5155.2
10090860.0,1201620.0,5384.0
10090860.0,1201620.0,5384.0
10090860.0,1201620.0,5384.0
10090860.0,1201620.0,5384.0
10090860.0,1201620.0,5384.0
10090860.0,1201620.0,5384.0
10090860.0,1201620.0,5384.0
10090860.0,1201620.0,5384.0
10090860.0,1201620.0,5384.0
10090860.0,1201620.0,5384.0
10090860.0,1201620.0,5384.0
10090532.533,1201655.2,5445.8666667
10089632.0,1201752.0,5616.0
10089632.0,1201752.0,5616.0
10089632.0,1201752.0,5616.0
10089632.0,1201752.0,5616.0
10089632.0,1201752.0,5616.0
10089632.0,1201752.0,5616.0
10089632.0,1201752.0,5616.0
10089632.0,1201752.0,5616.0
10089632.0,1201752.0,5616.0
10089632.0,1201752.0,5616.0
10089632.0,1201752.0,5616.0
10089734.4,1201755.2,5705.6
10090016.0,1201764.0,5952.0
10090016.0,1201764.0,5952.0
10090016.0,1201764.0,5952.0
10090016.0,1201764.0,5952.0
10090016.0,1201764.0,5952.0
10090016.0,1201764.0,5952.0
10090016.0,1201764.0,5952.0
10090016.0,1201764.0,5952.0
10090016.0,1201764.0,5952.0
10090016.0,1201764.0,5952.0
10097993.067,1201766.1333,5985.0666667
10149844.0,1201780.0,6200.0
10477170.4,1201341.8667,6203.7333333
