7950992.0,79100.0,3376.0
7173478.6667,236010.13333,3616.8
6284892.0,415336.0,3892.0
6284892.0,415336.0,3892.0
6097751.2,449613.6,3921.8666667
5883876.0,488788.0,3956.0
5752270.6667,488824.26667,3985.8666667
5637116.0,488856.0,4012.0
5637116.0,488856.0,4012.0
5634340.2667,488859.73333,4038.1333333
5631168.0,488864.0,4068.0
5631168.0,488864.0,4068.0
5631168.0,488864.0,4068.0
5631168.0,488864.0,4068.0
5631168.0,488864.0,4068.0
5631168.0,488864.0,4068.0
5631168.0,488864.0,4068.0
5629654.1333,488901.33333,4157.6
5627924.0,488944.0,4260.0
5627924.0,488944.0,4260.0
5627924.0,488944.0,4260.0
5627924.0,488944.0,4260.0
5626364.0,488951.2,4341.6
5625324.0,488956.0,4396.0
5625324.0,488956.0,4396.0
5625324.0,488956.0,4396.0
5625324.0,488956.0,4396.0
5625324.0,488956.0,4396.0
5625324.0,488956.0,4396.0
5625324.0,488956.0,4396.0
6777672.0,485096.8,4504.0
7545904.0,482524.0,4576.0
7545904.0,482524.0,4576.0
