16168933.333,94685.066667,4083.2
16222484.0,42096.0,3144.0
16222484.0,42096.0,3144.0
14663400.0,317748.0,3812.0
14663400.0,317748.0,3812.0
14061698.667,394210.4,3856.8
14018720.0,399672.0,3860.0
14018720.0,399672.0,3860.0
12687949.867,717787.2,3908.5333333
12483216.0,766728.0,3916.0
12483216.0,766728.0,3916.0
11928462.667,817199.2,3957.6
11843116.0,824964.0,3964.0
11840776.0,824967.46667,4026.4
11840416.0,824968.0,4036.0
11840416.0,824968.0,4036.0
11839512.533,824965.06667,4080.0
11839184.0,824964.0,4096.0
11839184.0,824964.0,4096.0
11839184.0,824964.0,4096.0
11839184.0,824964.0,4096.0
11839184.0,824964.0,4096.0
11839184.0,824964.0,4096.0
11839184.0,824964.0,4096.0
11839184.0,824964.0,4096.0
11839184.0,824964.0,4096.0
11839184.0,824964.0,4096.0
11839184.0,824964.0,4096.0
11838318.667,825568.26667,4368.8
11838004.0,825788.0,4468.0
11838004.0,825788.0,4468.0
11838004.0,825788.0,4468.0
11838004.0,825788.0,4468.0
11838004.0,825788.0,4468.0
11838004.0,825788.0,4468.0
11838417.6,825793.86667,4585.3333333
11838568.0,825796.0,4628.0
11838568.0,825796.0,4628.0
11838568.0,825796.0,4628.0
11838568.0,825796.0,4628.0
11838568.0,825796.0,4628.0
11838568.0,825796.0,4628.0
11838568.0,825796.0,4628.0
11838568.0,825796.0,4628.0
11838568.0,825796.0,4628.0
11837339.2,825808.0,4781.6
11836520.0,825816.0,4884.0
11836520.0,825816.0,4884.0
11836520.0,825816.0,4884.0
11836520.0,825816.0,4884.0
11836520.0,825816.0,4884.0
11836520.0,825816.0,4884.0
11836520.0,825816.0,4884.0
11836520.0,825816.0,4884.0
11836520.0,825816.0,4884.0
11836520.0,825816.0,4884.0
11836520.0,825816.0,4884.0
11836153.333,825824.8,5060.0
11836020.0,825828.0,5124.0
11834046.667,825825.33333,5156.0
11833060.0,825824.0,5172.0
11833060.0,825824.0,5172.0
11833060.0,825824.0,5172.0
11833060.0,825824.0,5172.0
11833060.0,825824.0,5172.0
11833060.0,825824.0,5172.0
11833060.0,825824.0,5172.0
11833060.0,825824.0,5172.0
11833060.0,825824.0,5172.0
11833060.0,825824.0,5172.0
11833060.0,825824.0,5172.0
11833831.467,825944.26667,5330.4
11834112.0,825988.0,5388.0
11834112.0,825988.0,5388.0
11834112.0,825988.0,5388.0
11834112.0,825988.0,5388.0
11834112.0,825988.0,5388.0
11834112.0,825988.0,5388.0
11834112.0,825988.0,5388.0
11834112.0,825988.0,5388.0
11834112.0,825988.0,5388.0
11834112.0,825988.0,5388.0
11834112.0,825988.0,5388.0
11833542.4,826013.6,5592.8
11833400.0,826020.0,5644.0
11833400.0,826020.0,5644.0
11833400.0,826020.0,5644.0
11833400.0,826020.0,5644.0
11833400.0,826020.0,5644.0
11833400.0,826020.0,5644.0
11833400.0,826020.0,5644.0
11833400.0,826020.0,5644.0
11833400.0,826020.0,5644.0
11833400.0,826020.0,5644.0
11833400.0,826020.0,5644.0
11833076.8,826039.2,5804.0
11825693.6,826044.0,5876.0
11823868.0,826044.0,5884.0
11823868.0,826044.0,5884.0
11823868.0,826044.0,5884.0
11823868.0,826044.0,5884.0
11823868.0,826044.0,5884.0
11823868.0,826044.0,5884.0
11823868.0,826044.0,5884.0
11823868.0,826044.0,5884.0
11823868.0,826044.0,5884.0
11823868.0,826044.0,5884.0
11823868.0,826044.0,5884.0
11823605.6,826060.0,6072.8
11823540.0,826064.0,6120.0
11823540.0,826064.0,6120.0
11823540.0,826064.0,6120.0
11823540.0,826064.0,6120.0
11823540.0,826064.0,6120.0
11823540.0,826064.0,6120.0
11823540.0,826064.0,6120.0
11823540.0,826064.0,6120.0
11823540.0,826064.0,6120.0
11823540.0,826064.0,6120.0
11823540.0,826064.0,6120.0
11823546.4,826073.6,6224.0
11823556.0,826088.0,6380.0
11823556.0,826088.0,6380.0
11823556.0,826088.0,6380.0
11823556.0,826088.0,6380.0
11823556.0,826088.0,6380.0
11823556.0,826088.0,6380.0
11822003.067,826095.6,6443.3333333
11822003.067,826095.6,6443.3333333
11821104.0,826100.0,6480.0
11821104.0,826100.0,6480.0
11822526.4,826111.2,6536.0
11822628.0,826112.0,6540.0
11822628.0,826112.0,6540.0
11822628.0,826112.0,6540.0
11822628.0,826112.0,6540.0
11822628.0,826112.0,6540.0
11822628.0,826112.0,6540.0
11817120.533,826120.26667,6551.7333333
11740016.0,826236.0,6716.0
11740016.0,826236.0,6716.0
11740016.0,826236.0,6716.0
11740016.0,826236.0,6716.0
11740016.0,826236.0,6716.0
11740016.0,826236.0,6716.0
11740016.0,826236.0,6716.0
11740016.0,826236.0,6716.0
11740016.0,826236.0,6716.0
11740016.0,826236.0,6716.0
11740016.0,826236.0,6716.0
11739947.733,826237.33333,6728.0
11738992.0,826256.0,6896.0
11738992.0,826256.0,6896.0
11738992.0,826256.0,6896.0
11738992.0,826256.0,6896.0
11738992.0,826256.0,6896.0
11738992.0,826256.0,6896.0
11738992.0,826256.0,6896.0
11738992.0,826256.0,6896.0
11738992.0,826256.0,6896.0
11738992.0,826256.0,6896.0
11738992.0,826256.0,6896.0
11738992.0,826256.0,6896.0
11738044.0,826280.0,7192.0
11738044.0,826280.0,7192.0
11738044.0,826280.0,7192.0
11738044.0,826280.0,7192.0
11738044.0,826280.0,7192.0
11738044.0,826280.0,7192.0
11738044.0,826280.0,7192.0
11737969.867,826281.06667,7214.4
11737488.0,826288.0,7360.0
11737488.0,826288.0,7360.0
11737488.0,826288.0,7360.0
11737488.0,826288.0,7360.0
11737488.0,826288.0,7360.0
11737488.0,826288.0,7360.0
11737488.0,826288.0,7360.0
11737488.0,826288.0,7360.0
11737488.0,826288.0,7360.0
11737488.0,826288.0,7360.0
11733938.133,826300.8,7473.0666667
11733938.133,826300.8,7473.0666667
11730832.0,826312.0,7572.0
11729644.8,826326.93333,7639.2
11729560.0,826328.0,7644.0
11729560.0,826328.0,7644.0
11726356.0,828416.0,8056.0
11726356.0,828416.0,8056.0
11726356.0,828416.0,8056.0
11726356.0,828416.0,8056.0
11726356.0,828416.0,8056.0
11726356.0,828416.0,8056.0
11726356.0,828416.0,8056.0
11726356.0,828416.0,8056.0
11726356.0,828416.0,8056.0
11726356.0,828416.0,8056.0
11726356.0,828416.0,8056.0
11726365.333,828417.06667,8069.0666667
11726496.0,828432.0,8252.0
11726496.0,828432.0,8252.0
11726496.0,828432.0,8252.0
11726496.0,828432.0,8252.0
11726496.0,828432.0,8252.0
11726496.0,828432.0,8252.0
11726496.0,828432.0,8252.0
11726496.0,828432.0,8252.0
11726496.0,828432.0,8252.0
11726496.0,828432.0,8252.0
11726496.0,828432.0,8252.0
11726475.467,828434.4,8270.9333333
11726188.0,828468.0,8536.0
11726188.0,828468.0,8536.0
11726188.0,828468.0,8536.0
11726188.0,828468.0,8536.0
11726188.0,828468.0,8536.0
11726188.0,828468.0,8536.0
11726188.0,828468.0,8536.0
11726257.867,828467.46667,8557.3333333
11726712.0,828464.0,8696.0
11726712.0,828464.0,8696.0
11726712.0,828464.0,8696.0
11726712.0,828464.0,8696.0
11726712.0,828464.0,8696.0
11726712.0,828464.0,8696.0
11726712.0,828464.0,8696.0
11726712.0,828464.0,8696.0
11726712.0,828464.0,8696.0
11726712.0,828464.0,8696.0
11726712.0,828464.0,8696.0
11726476.8,828469.6,8748.8
11725536.0,828492.0,8960.0
11725536.0,828492.0,8960.0
11725536.0,828492.0,8960.0
11725536.0,828492.0,8960.0
11725536.0,828492.0,8960.0
11725536.0,828492.0,8960.0
11725536.0,828492.0,8960.0
11725536.0,828492.0,8960.0
11725536.0,828492.0,8960.0
11725536.0,828492.0,8960.0
11725536.0,828492.0,8960.0
11725601.067,828501.6,9026.1333333
11725780.0,828528.0,9208.0
11725780.0,828528.0,9208.0
11725780.0,828528.0,9208.0
11725780.0,828528.0,9208.0
11725780.0,828528.0,9208.0
11725236.0,828529.06667,9233.6
11723740.0,828532.0,9304.0
11724416.0,828533.33333,9325.3333333
11725768.0,828536.0,9368.0
11725768.0,828536.0,9368.0
11725768.0,828536.0,9368.0
11725768.0,828536.0,9368.0
11725768.0,828536.0,9368.0
11725768.0,828536.0,9368.0
11725768.0,828536.0,9368.0
11725768.0,828536.0,9368.0
11725768.0,828536.0,9368.0
11725768.0,828536.0,9368.0
11725768.0,828536.0,9368.0
11725802.667,828545.33333,9450.6666667
11725872.0,828564.0,9616.0
11721780.0,828565.33333,9637.3333333
11713596.0,828568.0,9680.0
11713194.667,828576.0,9698.6666667
11712392.0,828592.0,9736.0
11712392.0,828592.0,9736.0
11712392.0,828592.0,9736.0
11712392.0,828592.0,9736.0
11712392.0,828592.0,9736.0
11712392.0,828592.0,9736.0
11712392.0,828592.0,9736.0
11711869.333,828596.26667,9787.2
11710432.0,828608.0,9928.0
11710432.0,828608.0,9928.0
11710812.8,828609.06667,9945.0666667
11711860.0,828612.0,9992.0
11711860.0,828612.0,9992.0
11711860.0,828612.0,9992.0
11711860.0,828612.0,9992.0
11711860.0,828612.0,9992.0
11711860.0,828612.0,9992.0
11711860.0,828612.0,9992.0
11711860.0,828612.0,9992.0
11711860.0,828612.0,9992.0
11711860.0,828612.0,9992.0
11711860.0,828612.0,9992.0
11711910.133,828616.26667,10053.866667
11712048.0,828628.0,10224.0
11712048.0,828628.0,10224.0
11712048.0,828628.0,10224.0
11712048.0,828628.0,10224.0
11712048.0,828628.0,10224.0
11712048.0,828628.0,10224.0
11712048.0,828628.0,10224.0
11712048.0,828628.0,10224.0
11712048.0,828628.0,10224.0
11712048.0,828628.0,10224.0
11712048.0,828628.0,10224.0
11712048.0,828628.0,10224.0
11711428.0,828660.0,10552.0
11711428.0,828660.0,10552.0
11711428.0,828660.0,10552.0
11711428.0,828660.0,10552.0
11711428.0,828660.0,10552.0
11702789.067,828678.66667,10656.533333
11702172.0,828680.0,10664.0
11702172.0,828680.0,10664.0
11702172.0,828680.0,10664.0
11702172.0,828680.0,10664.0
11702172.0,828680.0,10664.0
11702172.0,828680.0,10664.0
11702172.0,828680.0,10664.0
11702172.0,828680.0,10664.0
11702172.0,828680.0,10664.0
11702172.0,828680.0,10664.0
11701593.333,828694.93333,10873.066667
11701552.0,828696.0,10888.0
11701552.0,828696.0,10888.0
11701552.0,828696.0,10888.0
11701552.0,828696.0,10888.0
11701552.0,828696.0,10888.0
11701552.0,828696.0,10888.0
11701552.0,828696.0,10888.0
11701552.0,828696.0,10888.0
11701552.0,828696.0,10888.0
11701552.0,828696.0,10888.0
11701552.0,828696.0,10888.0
11701676.8,828716.8,11102.933333
11701696.0,828720.0,11136.0
11701696.0,828720.0,11136.0
11701696.0,828720.0,11136.0
11701696.0,828720.0,11136.0
11701696.0,828720.0,11136.0
11701696.0,828720.0,11136.0
11701696.0,828720.0,11136.0
11701696.0,828720.0,11136.0
11701696.0,828720.0,11136.0
11701696.0,828720.0,11136.0
11701696.0,828720.0,11136.0
11701304.267,828733.86667,11420.266667
11701244.0,828736.0,11464.0
11701244.0,828736.0,11464.0
11701244.0,828736.0,11464.0
11701244.0,828736.0,11464.0
11701244.0,828736.0,11464.0
11701244.0,828736.0,11464.0
11701244.0,828736.0,11464.0
11701244.0,828736.0,11464.0
11701244.0,828736.0,11464.0
11701244.0,828736.0,11464.0
11701244.0,828736.0,11464.0
11700701.333,828780.0,11640.0
11700504.0,828796.0,11704.0
11700504.0,828796.0,11704.0
11700504.0,828796.0,11704.0
11700504.0,828796.0,11704.0
11700504.0,828796.0,11704.0
11700504.0,828796.0,11704.0
11700504.0,828796.0,11704.0
11700504.0,828796.0,11704.0
11700504.0,828796.0,11704.0
11700504.0,828796.0,11704.0
11701007.467,828798.13333,11866.133333
11701448.0,828800.0,12008.0
11701448.0,828800.0,12008.0
11701448.0,828800.0,12008.0
11701448.0,828800.0,12008.0
11701448.0,828800.0,12008.0
11701448.0,828800.0,12008.0
11701448.0,828800.0,12008.0
11701448.0,828800.0,12008.0
11701448.0,828800.0,12008.0
11701448.0,828800.0,12008.0
11701448.0,828800.0,12008.0
11700642.667,828816.0,12162.666667
11700240.0,828824.0,12240.0
11700240.0,828824.0,12240.0
11700240.0,828824.0,12240.0
11700240.0,828824.0,12240.0
11700240.0,828824.0,12240.0
11700240.0,828824.0,12240.0
11700240.0,828824.0,12240.0
11700240.0,828824.0,12240.0
11700240.0,828824.0,12240.0
11700240.0,828824.0,12240.0
11700240.0,828824.0,12240.0
11700240.0,828824.0,12240.0
11699885.067,828900.26667,12462.933333
11699756.0,828928.0,12544.0
11690753.6,828930.93333,12585.066667
11687480.0,828932.0,12600.0
11687480.0,828932.0,12600.0
11687480.0,828932.0,12600.0
11687480.0,828932.0,12600.0
11687480.0,828932.0,12600.0
11687480.0,828932.0,12600.0
11687480.0,828932.0,12600.0
11687480.0,828932.0,12600.0
11687480.0,828932.0,12600.0
11687480.0,828932.0,12600.0
11687480.0,828932.0,12600.0
11686820.8,828941.6,12785.6
11686656.0,828944.0,12832.0
11686656.0,828944.0,12832.0
11686656.0,828944.0,12832.0
11686656.0,828944.0,12832.0
11686656.0,828944.0,12832.0
11686656.0,828944.0,12832.0
11686656.0,828944.0,12832.0
11686656.0,828944.0,12832.0
11686656.0,828944.0,12832.0
11686656.0,828944.0,12832.0
11686656.0,828944.0,12832.0
11686829.067,829049.6,13002.133333
11686892.0,829088.0,13064.0
11686892.0,829088.0,13064.0
11686892.0,829088.0,13064.0
11686892.0,829088.0,13064.0
11686892.0,829088.0,13064.0
11686892.0,829088.0,13064.0
11686892.0,829088.0,13064.0
11686892.0,829088.0,13064.0
11686892.0,829088.0,13064.0
11686892.0,829088.0,13064.0
11686892.0,829088.0,13064.0
11686268.0,829212.8,13217.6
11686112.0,829244.0,13256.0
11686112.0,829244.0,13256.0
11686112.0,829244.0,13256.0
11686112.0,829244.0,13256.0
11686112.0,829244.0,13256.0
11686112.0,829244.0,13256.0
14683046.4,823999.2,13396.8
