vda,0.80,0.01,0.00,0,0
vda,21.80,0.08,0.01,0,0
vda,183.60,0.74,0.22,3,1
vda,8.80,0.00,0.04,0,0
vda,1.00,0.00,0.00,0,0
vda,1.20,0.00,0.00,0,0
vda,245.00,7.83,1.46,39,7
vda,4.00,0.00,0.03,0,0
vda,0.00,0.00,0.00,0,0
vda,2.80,0.00,0.01,0,0
vda,0.60,0.00,0.00,0,0
vda,1.40,0.00,0.01,0,0
vda,2.40,0.00,0.01,0,0
vda,16.40,0.00,0.07,0,0
vda,6.40,0.00,0.03,0,0
vda,30.80,0.00,0.12,0,0
vda,0.00,0.00,0.00,0,0
vda,1.20,0.00,0.00,0,0
vda,2.20,0.00,0.01,0,0
vda,7.20,0.00,0.03,0,0
vda,2.60,0.01,0.01,0,0
vda,21.40,0.00,0.08,0,0
vda,3.00,0.00,0.01,0,0
vda,2.00,0.00,0.01,0,0
vda,21.60,0.00,0.09,0,0
vda,1.60,0.00,0.01,0,0
vda,1.40,0.00,0.01,0,0
vda,2.60,0.00,0.01,0,0
vda,3.20,0.00,0.02,0,0
vda,25.20,0.00,0.10,0,0
vda,125.60,1.33,0.06,6,0
vda,9.40,0.00,0.07,0,0
vda,7.00,0.03,0.02,0,0
vda,39.40,0.37,0.14,1,0
vda,0.40,0.00,0.00,0,0
vda,3.80,0.00,0.02,0,0
vda,13.40,0.00,0.05,0,0
vda,1.80,0.00,0.01,0,0
vda,23.80,0.16,0.01,0,0
vda,14.80,0.00,0.06,0,0
vda,0.80,0.00,0.00,0,0
vda,4.00,0.00,0.02,0,0
vda,51.20,0.00,0.20,0,1
vda,1.60,0.00,0.01,0,0
vda,22.80,0.00,0.09,0,0
vda,2.60,0.00,0.01,0,0
vda,0.60,0.00,0.00,0,0
vda,2.20,0.00,0.01,0,0
vda,2.40,0.00,0.01,0,0
