7973180.0,59300.0,1984.0
7564896.2667,141954.93333,2523.7333333
6442116.0,369256.0,4008.0
6442116.0,369256.0,4008.0
5722018.6667,554513.33333,4032.0
4281824.0,925028.0,4080.0
4092945.0667,969610.4,4097.0666667
3573528.0,1092212.0,4144.0
3573528.0,1092212.0,4144.0
3573528.0,1092212.0,4144.0
3573528.0,1092212.0,4144.0
3573528.0,1092212.0,4144.0
3573528.0,1092212.0,4144.0
3573528.0,1092212.0,4144.0
3573528.0,1092212.0,4144.0
3573528.0,1092212.0,4144.0
3573528.0,1092212.0,4144.0
3573528.0,1092212.0,4144.0
3573388.0,1092241.8667,4248.5333333
3573228.0,1092276.0,4368.0
3573228.0,1092276.0,4368.0
3573228.0,1092276.0,4368.0
3573228.0,1092276.0,4368.0
3573228.0,1092276.0,4368.0
3573228.0,1092276.0,4368.0
3573228.0,1092276.0,4368.0
3573228.0,1092276.0,4368.0
3573228.0,1092276.0,4368.0
3573228.0,1092276.0,4368.0
3573228.0,1092276.0,4368.0
3572908.8,1092447.7333,4513.6
3572544.0,1092644.0,4680.0
3572544.0,1092644.0,4680.0
3572544.0,1092644.0,4680.0
3572544.0,1092644.0,4680.0
3572544.0,1092644.0,4680.0
3572544.0,1092644.0,4680.0
3572544.0,1092644.0,4680.0
3572544.0,1092644.0,4680.0
3572544.0,1092644.0,4680.0
3572544.0,1092644.0,4680.0
3572544.0,1092644.0,4680.0
3572544.0,1092644.0,4680.0
3571634.4,1092658.4,4814.4
3571028.0,1092668.0,4904.0
3571028.0,1092668.0,4904.0
3571028.0,1092668.0,4904.0
3571028.0,1092668.0,4904.0
3571028.0,1092668.0,4904.0
3571028.0,1092668.0,4904.0
3571028.0,1092668.0,4904.0
3571028.0,1092668.0,4904.0
3526647.2,1092677.6,5043.2
3497060.0,1092684.0,5136.0
3497060.0,1092684.0,5136.0
3495262.6667,1092686.6667,5178.6666667
3494364.0,1092688.0,5200.0
3494364.0,1092688.0,5200.0
3494364.0,1092688.0,5200.0
3494364.0,1092688.0,5200.0
3494364.0,1092688.0,5200.0
3494364.0,1092688.0,5200.0
3494364.0,1092688.0,5200.0
3494364.0,1092688.0,5200.0
3494364.0,1092688.0,5200.0
3494364.0,1092688.0,5200.0
3494364.0,1092688.0,5200.0
3493369.0667,1092715.7333,5428.8
3493216.0,1092720.0,5464.0
3493216.0,1092720.0,5464.0
3493216.0,1092720.0,5464.0
3493216.0,1092720.0,5464.0
3493216.0,1092720.0,5464.0
3492101.3333,1092819.7333,5569.6
3491696.0,1092856.0,5608.0
3491696.0,1092856.0,5608.0
3492480.0,1092858.6667,5653.3333333
3492872.0,1092860.0,5676.0
3492872.0,1092860.0,5676.0
3492872.0,1092860.0,5676.0
3492872.0,1092860.0,5676.0
3492872.0,1092860.0,5676.0
3492872.0,1092860.0,5676.0
3492872.0,1092860.0,5676.0
3492872.0,1092860.0,5676.0
3492872.0,1092860.0,5676.0
3492872.0,1092860.0,5676.0
3492872.0,1092860.0,5676.0
3492625.6,1092892.0,5848.8
3492564.0,1092900.0,5892.0
3492564.0,1092900.0,5892.0
3492564.0,1092900.0,5892.0
3492564.0,1092900.0,5892.0
3492564.0,1092900.0,5892.0
3492564.0,1092900.0,5892.0
3492564.0,1092900.0,5892.0
3492564.0,1092900.0,5892.0
3492564.0,1092900.0,5892.0
3492564.0,1092900.0,5892.0
3492564.0,1092900.0,5892.0
3491563.7333,1092917.6,6103.2
3491200.0,1092924.0,6180.0
3491200.0,1092924.0,6180.0
3492243.2,1092924.0,6231.2
3492504.0,1092924.0,6244.0
3492504.0,1092924.0,6244.0
3492504.0,1092924.0,6244.0
3492504.0,1092924.0,6244.0
3492504.0,1092924.0,6244.0
3492504.0,1092924.0,6244.0
3492504.0,1092924.0,6244.0
3492504.0,1092924.0,6244.0
3492504.0,1092924.0,6244.0
3492504.0,1092924.0,6244.0
3492504.0,1092924.0,6244.0
3492025.8667,1092944.5333,6420.0
3491852.0,1092952.0,6484.0
3491852.0,1092952.0,6484.0
3491852.0,1092952.0,6484.0
3491852.0,1092952.0,6484.0
3491852.0,1092952.0,6484.0
3491852.0,1092952.0,6484.0
3491852.0,1092952.0,6484.0
3491852.0,1092952.0,6484.0
3491852.0,1092952.0,6484.0
3491852.0,1092952.0,6484.0
3491852.0,1092952.0,6484.0
3491881.8667,1092966.9333,6737.8666667
3491884.0,1092968.0,6756.0
3491884.0,1092968.0,6756.0
3491884.0,1092968.0,6756.0
3491884.0,1092968.0,6756.0
3491884.0,1092968.0,6756.0
3491884.0,1092968.0,6756.0
3491884.0,1092968.0,6756.0
3491884.0,1092968.0,6756.0
3491884.0,1092968.0,6756.0
3491884.0,1092968.0,6756.0
3491865.3333,1092970.6667,6769.3333333
3490526.6667,1093010.1333,6981.6
3490526.6667,1093010.1333,6981.6
3489584.0,1093012.0,7004.0
3489684.5333,1093011.7333,7007.7333333
3491092.0,1093008.0,7060.0
3491092.0,1093008.0,7060.0
3491092.0,1093008.0,7060.0
3491092.0,1093008.0,7060.0
3491092.0,1093008.0,7060.0
3491092.0,1093008.0,7060.0
3491092.0,1093008.0,7060.0
3491092.0,1093008.0,7060.0
3491092.0,1093008.0,7060.0
3491092.0,1093008.0,7060.0
3491092.0,1093008.0,7060.0
3486016.0,1095392.0,7788.0
3486016.0,1095392.0,7788.0
3486016.0,1095392.0,7788.0
3486016.0,1095392.0,7788.0
3486016.0,1095392.0,7788.0
3486016.0,1095392.0,7788.0
3486016.0,1095392.0,7788.0
3486016.0,1095392.0,7788.0
3486016.0,1095392.0,7788.0
3486016.0,1095392.0,7788.0
3486016.0,1095392.0,7788.0
3486016.0,1095392.0,7788.0
3486020.0,1095548.0,8012.0
3486020.0,1095548.0,8012.0
3486020.0,1095548.0,8012.0
3486020.0,1095548.0,8012.0
3486020.0,1095548.0,8012.0
3486020.0,1095548.0,8012.0
3486020.0,1095548.0,8012.0
3486020.0,1095548.0,8012.0
3486020.0,1095548.0,8012.0
3486020.0,1095548.0,8012.0
3486020.0,1095548.0,8012.0
3486017.0667,1095556.0,8030.1333333
3485976.0,1095668.0,8284.0
3485976.0,1095668.0,8284.0
3485976.0,1095668.0,8284.0
3485976.0,1095668.0,8284.0
3485976.0,1095668.0,8284.0
3485976.0,1095668.0,8284.0
3485976.0,1095668.0,8284.0
3485976.0,1095668.0,8284.0
3485976.0,1095668.0,8284.0
3485976.0,1095668.0,8284.0
3485976.0,1095668.0,8284.0
3485976.0,1095668.0,8284.0
3486091.7333,1095697.8667,8470.6666667
3486100.0,1095700.0,8484.0
3486100.0,1095700.0,8484.0
3486100.0,1095700.0,8484.0
3484612.0,1095724.0,8588.0
3484612.0,1095724.0,8588.0
3484612.0,1095724.0,8588.0
3484612.0,1095724.0,8588.0
3484612.0,1095724.0,8588.0
3484612.0,1095724.0,8588.0
3484612.0,1095724.0,8588.0
3484612.0,1095724.0,8588.0
3484612.0,1095724.0,8588.0
3484612.0,1095724.0,8588.0
3484612.0,1095724.0,8588.0
3484579.4667,1095726.6667,8617.8666667
3484368.0,1095744.0,8812.0
3484368.0,1095744.0,8812.0
3484368.0,1095744.0,8812.0
3484368.0,1095744.0,8812.0
3484368.0,1095744.0,8812.0
3484368.0,1095744.0,8812.0
3484368.0,1095744.0,8812.0
3484368.0,1095744.0,8812.0
3484368.0,1095744.0,8812.0
3484368.0,1095744.0,8812.0
3484368.0,1095744.0,8812.0
3484430.9333,1095749.3333,8882.4
3484604.0,1095764.0,9076.0
3484604.0,1095764.0,9076.0
3484604.0,1095764.0,9076.0
3484604.0,1095764.0,9076.0
3484604.0,1095764.0,9076.0
3484604.0,1095764.0,9076.0
3484604.0,1095764.0,9076.0
3484604.0,1095764.0,9076.0
3484604.0,1095764.0,9076.0
3484604.0,1095764.0,9076.0
3484604.0,1095764.0,9076.0
3484421.6,1095775.7333,9137.8666667
3483920.0,1095808.0,9308.0
3483920.0,1095808.0,9308.0
3483920.0,1095808.0,9308.0
3483641.6,1095808.0,9333.6
3482528.0,1095808.0,9436.0
3482528.0,1095808.0,9436.0
3482528.0,1095808.0,9436.0
3482528.0,1095808.0,9436.0
3482528.0,1095808.0,9436.0
3482528.0,1095808.0,9436.0
3482528.0,1095808.0,9436.0
3482528.0,1095808.0,9436.0
3482528.0,1095808.0,9436.0
3482528.0,1095808.0,9436.0
3482528.0,1095808.0,9436.0
3482787.2,1095814.4,9538.4
3483176.0,1095824.0,9692.0
3483176.0,1095824.0,9692.0
3483176.0,1095824.0,9692.0
3483176.0,1095824.0,9692.0
3483176.0,1095824.0,9692.0
3483176.0,1095824.0,9692.0
3483176.0,1095824.0,9692.0
3483176.0,1095824.0,9692.0
3483176.0,1095824.0,9692.0
3483176.0,1095824.0,9692.0
3483176.0,1095824.0,9692.0
3483126.9333,1095849.6,9845.6
3483084.0,1095872.0,9980.0
3483084.0,1095872.0,9980.0
3483084.0,1095872.0,9980.0
3483084.0,1095872.0,9980.0
3483084.0,1095872.0,9980.0
3483084.0,1095872.0,9980.0
3483084.0,1095872.0,9980.0
3483084.0,1095872.0,9980.0
3483084.0,1095872.0,9980.0
3483084.0,1095872.0,9980.0
3483084.0,1095872.0,9980.0
3482792.8,1095877.6,10095.733333
3482460.0,1095884.0,10228.0
3482460.0,1095884.0,10228.0
3482460.0,1095884.0,10228.0
3482460.0,1095884.0,10228.0
3482460.0,1095884.0,10228.0
3482460.0,1095884.0,10228.0
3482460.0,1095884.0,10228.0
3482460.0,1095884.0,10228.0
3482460.0,1095884.0,10228.0
3482460.0,1095884.0,10228.0
3482460.0,1095884.0,10228.0
3483124.8,1095898.4,10405.6
3483568.0,1095908.0,10524.0
3483568.0,1095908.0,10524.0
3483568.0,1095908.0,10524.0
3483568.0,1095908.0,10524.0
3483568.0,1095908.0,10524.0
3483568.0,1095908.0,10524.0
3483568.0,1095908.0,10524.0
3483568.0,1095908.0,10524.0
3483568.0,1095908.0,10524.0
3483568.0,1095908.0,10524.0
3483568.0,1095908.0,10524.0
3483173.3333,1095961.3333,10700.0
3482976.0,1095988.0,10788.0
3481713.6,1095988.0,10826.4
3480872.0,1095988.0,10852.0
3482079.2,1095990.4,10890.4
3482884.0,1095992.0,10916.0
3482884.0,1095992.0,10916.0
3482884.0,1095992.0,10916.0
3482884.0,1095992.0,10916.0
3482884.0,1095992.0,10916.0
3482884.0,1095992.0,10916.0
3482884.0,1095992.0,10916.0
3482884.0,1095992.0,10916.0
3482884.0,1095992.0,10916.0
3482884.0,1095992.0,10916.0
3482884.0,1095992.0,10916.0
3482893.6,1096011.2,11060.0
3482900.0,1096024.0,11156.0
3482285.6,1096019.2,11199.2
3481876.0,1096016.0,11228.0
3481876.0,1096016.0,11228.0
3481876.0,1096016.0,11228.0
3481876.0,1096016.0,11228.0
3481876.0,1096016.0,11228.0
3481876.0,1096016.0,11228.0
3481876.0,1096016.0,11228.0
3481876.0,1096016.0,11228.0
3481876.0,1096016.0,11228.0
3481876.0,1096016.0,11228.0
3481876.0,1096016.0,11228.0
3481652.8,1096018.4,11372.0
3481504.0,1096020.0,11468.0
3481504.0,1096020.0,11468.0
3481504.0,1096020.0,11468.0
3481504.0,1096020.0,11468.0
3481504.0,1096020.0,11468.0
3481504.0,1096020.0,11468.0
3481504.0,1096020.0,11468.0
3481504.0,1096020.0,11468.0
3481504.0,1096020.0,11468.0
3481504.0,1096020.0,11468.0
3481504.0,1096020.0,11468.0
3481465.6,1096044.0,11660.0
3481440.0,1096060.0,11788.0
3481440.0,1096060.0,11788.0
3481440.0,1096060.0,11788.0
3481440.0,1096060.0,11788.0
3481440.0,1096060.0,11788.0
3481440.0,1096060.0,11788.0
3481440.0,1096060.0,11788.0
3481440.0,1096060.0,11788.0
3481440.0,1096060.0,11788.0
3481440.0,1096060.0,11788.0
3481440.0,1096060.0,11788.0
3480973.6,1096068.8,11975.733333
3480804.0,1096072.0,12044.0
3480804.0,1096072.0,12044.0
3480804.0,1096072.0,12044.0
3480804.0,1096072.0,12044.0
3480804.0,1096072.0,12044.0
3480804.0,1096072.0,12044.0
3480804.0,1096072.0,12044.0
3480804.0,1096072.0,12044.0
3480804.0,1096072.0,12044.0
3480804.0,1096072.0,12044.0
3480804.0,1096072.0,12044.0
3481399.4667,1096177.6,12266.933333
3481616.0,1096216.0,12348.0
3480290.6667,1096224.0,12390.666667
3479628.0,1096228.0,12412.0
3479628.0,1096228.0,12412.0
3480571.2,1096230.4,12450.4
3481200.0,1096232.0,12476.0
3481200.0,1096232.0,12476.0
3481200.0,1096232.0,12476.0
3481200.0,1096232.0,12476.0
3481200.0,1096232.0,12476.0
3481200.0,1096232.0,12476.0
3481200.0,1096232.0,12476.0
3481200.0,1096232.0,12476.0
3481200.0,1096232.0,12476.0
3481200.0,1096232.0,12476.0
3481200.0,1096232.0,12476.0
3480604.8,1096244.8,12604.0
3480084.0,1096256.0,12716.0
3480084.0,1096256.0,12716.0
3480084.0,1096256.0,12716.0
3480084.0,1096256.0,12716.0
3480084.0,1096256.0,12716.0
3480084.0,1096256.0,12716.0
3480084.0,1096256.0,12716.0
3480084.0,1096256.0,12716.0
3480084.0,1096256.0,12716.0
3480084.0,1096256.0,12716.0
3480084.0,1096256.0,12716.0
3480418.9333,1096273.0667,12865.333333
3480712.0,1096288.0,12996.0
3480712.0,1096288.0,12996.0
3480712.0,1096288.0,12996.0
3480712.0,1096288.0,12996.0
3480712.0,1096288.0,12996.0
3480712.0,1096288.0,12996.0
3480712.0,1096288.0,12996.0
3480712.0,1096288.0,12996.0
3480712.0,1096288.0,12996.0
3480712.0,1096288.0,12996.0
3480712.0,1096288.0,12996.0
3480468.8,1096360.0,13093.6
3480104.0,1096468.0,13240.0
3480104.0,1096468.0,13240.0
3480104.0,1096468.0,13240.0
3480104.0,1096468.0,13240.0
3480104.0,1096468.0,13240.0
3480104.0,1096468.0,13240.0
3479242.1333,1096472.2667,13321.066667
3478488.0,1096476.0,13392.0
3479098.4,1096479.7333,13414.4
3479796.0,1096484.0,13440.0
3479796.0,1096484.0,13440.0
3479796.0,1096484.0,13440.0
3479796.0,1096484.0,13440.0
3479796.0,1096484.0,13440.0
3478819.7333,1096489.6,13492.266667
3477704.0,1096496.0,13552.0
3477704.0,1096496.0,13552.0
3477704.0,1096496.0,13552.0
3477704.0,1096496.0,13552.0
3477704.0,1096496.0,13552.0
3477704.0,1096496.0,13552.0
3477704.0,1096496.0,13552.0
3477704.0,1096496.0,13552.0
3477704.0,1096496.0,13552.0
3477704.0,1096496.0,13552.0
3477704.0,1096496.0,13552.0
3477341.8667,1096512.8,13667.733333
3476928.0,1096532.0,13800.0
3476928.0,1096532.0,13800.0
3476928.0,1096532.0,13800.0
3476928.0,1096532.0,13800.0
3476928.0,1096532.0,13800.0
3476928.0,1096532.0,13800.0
3476928.0,1096532.0,13800.0
3476928.0,1096532.0,13800.0
3476928.0,1096532.0,13800.0
3476928.0,1096532.0,13800.0
3476928.0,1096532.0,13800.0
3476696.5333,1096560.0,13934.4
3476432.0,1096592.0,14088.0
3476432.0,1096592.0,14088.0
3476432.0,1096592.0,14088.0
3476432.0,1096592.0,14088.0
3476432.0,1096592.0,14088.0
3476432.0,1096592.0,14088.0
3476432.0,1096592.0,14088.0
3476432.0,1096592.0,14088.0
3476432.0,1096592.0,14088.0
3476432.0,1096592.0,14088.0
3476432.0,1096592.0,14088.0
3476330.6667,1096628.0,14173.333333
3476128.0,1096700.0,14344.0
3476128.0,1096700.0,14344.0
3476128.0,1096700.0,14344.0
3476128.0,1096700.0,14344.0
3476128.0,1096700.0,14344.0
3476128.0,1096700.0,14344.0
3476128.0,1096700.0,14344.0
3476128.0,1096700.0,14344.0
4396726.4,1094959.2,14410.133333
6928372.0,1090172.0,14592.0
6928372.0,1090172.0,14592.0
