15359304.0,883374.4,17867.2
16177864.0,75720.0,3800.0
15075061.6,286091.46667,3960.5333333
13814716.0,526516.0,4144.0
13814716.0,526516.0,4144.0
13114208.8,711836.0,4172.8
12063448.0,989816.0,4216.0
12063448.0,989816.0,4216.0
11340204.8,1175163.2,4244.8
10255340.0,1453184.0,4288.0
9623583.4667,1514793.3333,4317.8666667
8901576.0,1585204.0,4352.0
8901576.0,1585204.0,4352.0
8811990.9333,1585209.6,4378.1333333
8709608.0,1585216.0,4408.0
8709608.0,1585216.0,4408.0
8708572.0,1585217.8667,4434.1333333
8707388.0,1585220.0,4464.0
8707388.0,1585220.0,4464.0
8707388.0,1585220.0,4464.0
8707388.0,1585220.0,4464.0
8706633.8667,1585227.4667,4523.7333333
8705772.0,1585236.0,4592.0
8705772.0,1585236.0,4592.0
8705772.0,1585236.0,4592.0
8705772.0,1585236.0,4592.0
8705772.0,1585236.0,4592.0
8705772.0,1585236.0,4592.0
8705772.0,1585236.0,4592.0
8705772.0,1585236.0,4592.0
8705772.0,1585236.0,4592.0
8705772.0,1585236.0,4592.0
8705772.0,1585236.0,4592.0
8705603.4667,1585344.2667,4645.8666667
8704277.6,1586051.2,5008.8
8703356.0,1586064.0,5060.0
8703356.0,1586064.0,5060.0
8703356.0,1586064.0,5060.0
8703356.0,1586064.0,5060.0
8703356.0,1586064.0,5060.0
8703356.0,1586064.0,5060.0
8703356.0,1586064.0,5060.0
8703356.0,1586064.0,5060.0
8703356.0,1586064.0,5060.0
8703356.0,1586064.0,5060.0
8703356.0,1586064.0,5060.0
8703283.2,1586068.8,5109.6
8702992.0,1586088.0,5308.0
8702992.0,1586088.0,5308.0
8702992.0,1586088.0,5308.0
8702992.0,1586088.0,5308.0
8702992.0,1586088.0,5308.0
8702992.0,1586088.0,5308.0
8702992.0,1586088.0,5308.0
8702992.0,1586088.0,5308.0
8702992.0,1586088.0,5308.0
8702992.0,1586088.0,5308.0
8702992.0,1586088.0,5308.0
8702975.4667,1586089.6,5350.6666667
8702868.0,1586100.0,5628.0
8702868.0,1586100.0,5628.0
8702868.0,1586100.0,5628.0
8702868.0,1586100.0,5628.0
8702868.0,1586100.0,5628.0
8702868.0,1586100.0,5628.0
8702868.0,1586100.0,5628.0
8702868.0,1586100.0,5628.0
8702868.0,1586100.0,5628.0
8702868.0,1586100.0,5628.0
8702744.0,1586103.2,5679.2
8702248.0,1586116.0,5884.0
8702248.0,1586116.0,5884.0
8702248.0,1586116.0,5884.0
8702248.0,1586116.0,5884.0
8702248.0,1586116.0,5884.0
8702248.0,1586116.0,5884.0
8702248.0,1586116.0,5884.0
8702248.0,1586116.0,5884.0
8702248.0,1586116.0,5884.0
8702248.0,1586116.0,5884.0
8702248.0,1586116.0,5884.0
8702417.6,1586173.6,5952.2666667
8702884.0,1586332.0,6140.0
8702884.0,1586332.0,6140.0
8702884.0,1586332.0,6140.0
8702884.0,1586332.0,6140.0
8702884.0,1586332.0,6140.0
8702884.0,1586332.0,6140.0
8702884.0,1586332.0,6140.0
8702884.0,1586332.0,6140.0
8702884.0,1586332.0,6140.0
8702884.0,1586332.0,6140.0
8702884.0,1586332.0,6140.0
8702454.6667,1586357.3333,6244.0
8701596.0,1586408.0,6452.0
8701596.0,1586408.0,6452.0
8701596.0,1586408.0,6452.0
8701596.0,1586408.0,6452.0
8701596.0,1586408.0,6452.0
8701596.0,1586408.0,6452.0
8701596.0,1586408.0,6452.0
8701596.0,1586408.0,6452.0
8701596.0,1586408.0,6452.0
8701596.0,1586408.0,6452.0
8701596.0,1586408.0,6452.0
8701556.8,1586411.2,6501.6
8701400.0,1586424.0,6700.0
8701400.0,1586424.0,6700.0
8701400.0,1586424.0,6700.0
8701400.0,1586424.0,6700.0
8701400.0,1586424.0,6700.0
8701400.0,1586424.0,6700.0
8701400.0,1586424.0,6700.0
8701400.0,1586424.0,6700.0
8701203.7333,1586426.6667,6731.4666667
8699928.0,1586444.0,6936.0
8699928.0,1586444.0,6936.0
8700280.8,1586444.8,6948.0
8701692.0,1586448.0,6996.0
8701692.0,1586448.0,6996.0
8701692.0,1586448.0,6996.0
8701692.0,1586448.0,6996.0
8701692.0,1586448.0,6996.0
8701692.0,1586448.0,6996.0
8701692.0,1586448.0,6996.0
8701692.0,1586448.0,6996.0
8701692.0,1586448.0,6996.0
8701309.6,1586450.1333,7022.6666667
8698824.0,1586464.0,7196.0
8698824.0,1586464.0,7196.0
8699079.4667,1586465.0667,7203.4666667
8700740.0,1586472.0,7252.0
8700740.0,1586472.0,7252.0
8700740.0,1586472.0,7252.0
8700740.0,1586472.0,7252.0
8700740.0,1586472.0,7252.0
8700740.0,1586472.0,7252.0
8700740.0,1586472.0,7252.0
8700740.0,1586472.0,7252.0
8700740.0,1586472.0,7252.0
8700740.0,1586472.0,7252.0
8700320.8,1586503.2,7295.2
8698644.0,1586628.0,7468.0
8698644.0,1586628.0,7468.0
8698982.1333,1586629.0667,7482.9333333
8699912.0,1586632.0,7524.0
8699912.0,1586632.0,7524.0
8699912.0,1586632.0,7524.0
8699912.0,1586632.0,7524.0
8518958.4,1586632.0,7553.8666667
8021336.0,1586632.0,7636.0
8021336.0,1586632.0,7636.0
8021336.0,1586632.0,7636.0
8021336.0,1586632.0,7636.0
8020848.5333,1586634.1333,7672.2666667
8019508.0,1586640.0,7772.0
8019508.0,1586640.0,7772.0
8019508.0,1586640.0,7772.0
8019508.0,1586640.0,7772.0
8019508.0,1586640.0,7772.0
8019508.0,1586640.0,7772.0
8019508.0,1586640.0,7772.0
8019508.0,1586640.0,7772.0
8019508.0,1586640.0,7772.0
8019508.0,1586640.0,7772.0
8019508.0,1586640.0,7772.0
8019184.8,1586648.5333,7842.4
8018296.0,1586672.0,8036.0
8018296.0,1586672.0,8036.0
8018296.0,1586672.0,8036.0
8018296.0,1586672.0,8036.0
8018296.0,1586672.0,8036.0
8018296.0,1586672.0,8036.0
8018296.0,1586672.0,8036.0
8018296.0,1586672.0,8036.0
8018296.0,1586672.0,8036.0
8018296.0,1586672.0,8036.0
8018296.0,1586672.0,8036.0
8018341.6,1586685.6,8098.4
8018524.0,1586740.0,8348.0
8018524.0,1586740.0,8348.0
8018524.0,1586740.0,8348.0
8018524.0,1586740.0,8348.0
8018524.0,1586740.0,8348.0
8018524.0,1586740.0,8348.0
8018524.0,1586740.0,8348.0
8018524.0,1586740.0,8348.0
8018524.0,1586740.0,8348.0
8018524.0,1586740.0,8348.0
8018524.0,1586740.0,8348.0
8018524.0,1586740.0,8348.0
8017750.9333,1586875.2,8562.9333333
8017632.0,1586896.0,8596.0
8017632.0,1586896.0,8596.0
8017632.0,1586896.0,8596.0
8017632.0,1586896.0,8596.0
8017632.0,1586896.0,8596.0
8017632.0,1586896.0,8596.0
8017632.0,1586896.0,8596.0
8017632.0,1586896.0,8596.0
8017632.0,1586896.0,8596.0
8017632.0,1586896.0,8596.0
8017632.0,1586896.0,8596.0
8016772.0,1587036.0,8876.0
8016772.0,1587036.0,8876.0
8016772.0,1587036.0,8876.0
8016772.0,1587036.0,8876.0
8016772.0,1587036.0,8876.0
8016772.0,1587036.0,8876.0
8016772.0,1587036.0,8876.0
8016772.0,1587036.0,8876.0
8016772.0,1587036.0,8876.0
8016772.0,1587036.0,8876.0
8016772.0,1587036.0,8876.0
8016772.0,1587036.0,8876.0
8016928.0,1587164.0,9164.0
8016928.0,1587164.0,9164.0
8016928.0,1587164.0,9164.0
8016928.0,1587164.0,9164.0
8015651.2,1587223.7333,9276.0
8015560.0,1587228.0,9284.0
8015560.0,1587228.0,9284.0
8016896.5333,1587228.0,9343.7333333
8016992.0,1587228.0,9348.0
8016992.0,1587228.0,9348.0
8016992.0,1587228.0,9348.0
8016992.0,1587228.0,9348.0
8016992.0,1587228.0,9348.0
8016992.0,1587228.0,9348.0
8016992.0,1587228.0,9348.0
8016992.0,1587228.0,9348.0
8016992.0,1587228.0,9348.0
8016992.0,1587228.0,9348.0
8016992.0,1587228.0,9348.0
8016383.4667,1587321.3333,9579.4666667
8012487.2,1588940.8,9831.2
8012212.0,1589056.0,9848.0
8012212.0,1589056.0,9848.0
8012212.0,1589056.0,9848.0
8012212.0,1589056.0,9848.0
8011165.0667,1589062.9333,9958.9333333
8011004.0,1589064.0,9976.0
8011004.0,1589064.0,9976.0
8011004.0,1589064.0,9976.0
8011004.0,1589064.0,9976.0
8011004.0,1589064.0,9976.0
8011004.0,1589064.0,9976.0
8011004.0,1589064.0,9976.0
8011004.0,1589064.0,9976.0
8011004.0,1589064.0,9976.0
8011004.0,1589064.0,9976.0
8009073.8667,1589066.9333,10169.6
8008372.0,1589068.0,10240.0
8009726.6667,1589076.0,10282.666667
8010404.0,1589080.0,10304.0
8010404.0,1589080.0,10304.0
8010404.0,1589080.0,10304.0
8010404.0,1589080.0,10304.0
8010404.0,1589080.0,10304.0
8010404.0,1589080.0,10304.0
8010404.0,1589080.0,10304.0
8010404.0,1589080.0,10304.0
8010404.0,1589080.0,10304.0
8010404.0,1589080.0,10304.0
8010404.0,1589080.0,10304.0
8010292.5333,1589082.9333,10480.0
8010252.0,1589084.0,10544.0
8008575.2,1589093.6,10592.0
8008156.0,1589096.0,10604.0
8009625.6,1589107.7333,10648.0
8010160.0,1589112.0,10664.0
8010160.0,1589112.0,10664.0
8010160.0,1589112.0,10664.0
8010160.0,1589112.0,10664.0
8010160.0,1589112.0,10664.0
8010160.0,1589112.0,10664.0
8010160.0,1589112.0,10664.0
8010160.0,1589112.0,10664.0
8010160.0,1589112.0,10664.0
8010160.0,1589112.0,10664.0
8010160.0,1589112.0,10664.0
8010160.0,1589112.0,10664.0
8009809.8667,1589129.3333,10872.0
8009756.0,1589132.0,10904.0
8009756.0,1589132.0,10904.0
7882062.1333,1589143.7333,10997.866667
7835628.0,1589148.0,11032.0
7835628.0,1589148.0,11032.0
7835628.0,1589148.0,11032.0
7835628.0,1589148.0,11032.0
7835628.0,1589148.0,11032.0
7830280.8,1590124.0,12734.4
7828944.0,1590368.0,13160.0
7828944.0,1590368.0,13160.0
7828944.0,1590368.0,13160.0
7828944.0,1590368.0,13160.0
7828944.0,1590368.0,13160.0
7828944.0,1590368.0,13160.0
7828944.0,1590368.0,13160.0
7828944.0,1590368.0,13160.0
7828944.0,1590368.0,13160.0
7828944.0,1590368.0,13160.0
7828944.0,1590368.0,13160.0
7828398.4,1590420.8,13359.466667
7828200.0,1590440.0,13432.0
7828200.0,1590440.0,13432.0
7828200.0,1590440.0,13432.0
7828200.0,1590440.0,13432.0
7828200.0,1590440.0,13432.0
7828200.0,1590440.0,13432.0
7828200.0,1590440.0,13432.0
7828200.0,1590440.0,13432.0
7828200.0,1590440.0,13432.0
7828200.0,1590440.0,13432.0
7828200.0,1590440.0,13432.0
7827654.4,1590460.5333,13634.4
7827456.0,1590468.0,13708.0
7827456.0,1590468.0,13708.0
7827456.0,1590468.0,13708.0
7827456.0,1590468.0,13708.0
7825833.8667,1590482.6667,13790.133333
7825244.0,1590488.0,13820.0
7825244.0,1590488.0,13820.0
7826687.2,1590490.9333,13855.2
7827212.0,1590492.0,13868.0
7827212.0,1590492.0,13868.0
7827212.0,1590492.0,13868.0
7827212.0,1590492.0,13868.0
7827212.0,1590492.0,13868.0
7827212.0,1590492.0,13868.0
7827212.0,1590492.0,13868.0
7827212.0,1590492.0,13868.0
7827212.0,1590492.0,13868.0
7827212.0,1590492.0,13868.0
7827212.0,1590492.0,13868.0
7826828.0,1590492.0,14047.2
7826732.0,1590492.0,14092.0
7826732.0,1590492.0,14092.0
7826732.0,1590492.0,14092.0
7826732.0,1590492.0,14092.0
7826732.0,1590492.0,14092.0
7826732.0,1590492.0,14092.0
7826732.0,1590492.0,14092.0
7826732.0,1590492.0,14092.0
7826732.0,1590492.0,14092.0
7826732.0,1590492.0,14092.0
7826732.0,1590492.0,14092.0
7826604.0,1590502.6667,14294.666667
7826540.0,1590508.0,14396.0
7826540.0,1590508.0,14396.0
7826540.0,1590508.0,14396.0
7826540.0,1590508.0,14396.0
7826540.0,1590508.0,14396.0
7826540.0,1590508.0,14396.0
7826540.0,1590508.0,14396.0
7825659.2,1590565.6,14506.4
7825072.0,1590604.0,14580.0
7825072.0,1590604.0,14580.0
7825072.0,1590604.0,14580.0
7825072.0,1590604.0,14580.0
7825072.0,1590604.0,14580.0
7825072.0,1590604.0,14580.0
7825072.0,1590604.0,14580.0
7825072.0,1590604.0,14580.0
7825072.0,1590604.0,14580.0
7825072.0,1590604.0,14580.0
7824598.4,1590610.4,14784.8
7824480.0,1590612.0,14836.0
7824480.0,1590612.0,14836.0
7824480.0,1590612.0,14836.0
7824480.0,1590612.0,14836.0
7825769.6,1590596.0,14941.6
7826092.0,1590592.0,14968.0
7826092.0,1590592.0,14968.0
7826092.0,1590592.0,14968.0
7826092.0,1590592.0,14968.0
7826092.0,1590592.0,14968.0
7826092.0,1590592.0,14968.0
7826092.0,1590592.0,14968.0
7826092.0,1590592.0,14968.0
7826092.0,1590592.0,14968.0
7826092.0,1590592.0,14968.0
7826092.0,1590592.0,14968.0
7825948.2667,1590600.8,15161.6
7825896.0,1590604.0,15232.0
7825896.0,1590604.0,15232.0
7825896.0,1590604.0,15232.0
7825896.0,1590604.0,15232.0
7825896.0,1590604.0,15232.0
7825896.0,1590604.0,15232.0
7825896.0,1590604.0,15232.0
7825896.0,1590604.0,15232.0
7825896.0,1590604.0,15232.0
7825896.0,1590604.0,15232.0
7825896.0,1590604.0,15232.0
7824171.2,1590789.6,15443.2
7823740.0,1590836.0,15496.0
7823740.0,1590836.0,15496.0
7824620.0,1590839.2,15547.2
7824840.0,1590840.0,15560.0
7824840.0,1590840.0,15560.0
7824840.0,1590840.0,15560.0
7824840.0,1590840.0,15560.0
7824840.0,1590840.0,15560.0
7824840.0,1590840.0,15560.0
7824840.0,1590840.0,15560.0
7824840.0,1590840.0,15560.0
7824840.0,1590840.0,15560.0
7823291.2,1590852.8,15758.4
7822904.0,1590856.0,15808.0
7822904.0,1590856.0,15808.0
7824612.8,1590856.0,15852.8
7825040.0,1590856.0,15864.0
7825040.0,1590856.0,15864.0
7825040.0,1590856.0,15864.0
7825040.0,1590856.0,15864.0
7825040.0,1590856.0,15864.0
7825040.0,1590856.0,15864.0
7825040.0,1590856.0,15864.0
7825040.0,1590856.0,15864.0
7825040.0,1590856.0,15864.0
7825040.0,1590856.0,15864.0
7823289.6,1590878.4,16049.6
7822852.0,1590884.0,16096.0
7822852.0,1590884.0,16096.0
7822852.0,1590884.0,16096.0
7822852.0,1590884.0,16096.0
7822852.0,1590884.0,16096.0
7822852.0,1590884.0,16096.0
7822852.0,1590884.0,16096.0
7822852.0,1590884.0,16096.0
7822852.0,1590884.0,16096.0
7822852.0,1590884.0,16096.0
7822585.3333,1590905.3333,16256.0
7822452.0,1590916.0,16336.0
7822452.0,1590916.0,16336.0
7822452.0,1590916.0,16336.0
7822452.0,1590916.0,16336.0
7822452.0,1590916.0,16336.0
7822452.0,1590916.0,16336.0
7822452.0,1590916.0,16336.0
7822452.0,1590916.0,16336.0
7822452.0,1590916.0,16336.0
7822452.0,1590916.0,16336.0
7822452.0,1590916.0,16336.0
7822452.0,1590916.0,16336.0
7821996.0,1590932.0,16538.666667
7821768.0,1590940.0,16640.0
7821768.0,1590940.0,16640.0
7821768.0,1590940.0,16640.0
7821768.0,1590940.0,16640.0
7821768.0,1590940.0,16640.0
7821768.0,1590940.0,16640.0
7821768.0,1590940.0,16640.0
7821768.0,1590940.0,16640.0
7821768.0,1590940.0,16640.0
7821768.0,1590940.0,16640.0
7821768.0,1590940.0,16640.0
7821509.3333,1590950.6667,16810.666667
7821380.0,1590956.0,16896.0
7821380.0,1590956.0,16896.0
7821380.0,1590956.0,16896.0
7821380.0,1590956.0,16896.0
7821380.0,1590956.0,16896.0
7821380.0,1590956.0,16896.0
7821380.0,1590956.0,16896.0
7821380.0,1590956.0,16896.0
7821380.0,1590956.0,16896.0
7821380.0,1590956.0,16896.0
7821166.4,1590977.6,17083.2
7821024.0,1590992.0,17208.0
7821024.0,1590992.0,17208.0
7821024.0,1590992.0,17208.0
7821024.0,1590992.0,17208.0
7821024.0,1590992.0,17208.0
7821024.0,1590992.0,17208.0
7821024.0,1590992.0,17208.0
7821024.0,1590992.0,17208.0
7819522.6667,1590994.6667,17330.666667
7818772.0,1590996.0,17392.0
7820003.2,1590996.0,17430.4
7820824.0,1590996.0,17456.0
7820824.0,1590996.0,17456.0
7820824.0,1590996.0,17456.0
7820824.0,1590996.0,17456.0
7820824.0,1590996.0,17456.0
7820824.0,1590996.0,17456.0
7820824.0,1590996.0,17456.0
7820824.0,1590996.0,17456.0
7820824.0,1590996.0,17456.0
7820824.0,1590996.0,17456.0
7820824.0,1590996.0,17456.0
7820881.6,1591006.6667,17596.8
7820932.0,1591016.0,17720.0
7820932.0,1591016.0,17720.0
7820932.0,1591016.0,17720.0
7820932.0,1591016.0,17720.0
7820932.0,1591016.0,17720.0
7820932.0,1591016.0,17720.0
7820932.0,1591016.0,17720.0
7820932.0,1591016.0,17720.0
7820932.0,1591016.0,17720.0
7820932.0,1591016.0,17720.0
7820932.0,1591016.0,17720.0
7821240.0,1591036.5333,17896.0
7821352.0,1591044.0,17960.0
7821352.0,1591044.0,17960.0
7821352.0,1591044.0,17960.0
7821352.0,1591044.0,17960.0
7821352.0,1591044.0,17960.0
7821352.0,1591044.0,17960.0
7821352.0,1591044.0,17960.0
7821352.0,1591044.0,17960.0
7821352.0,1591044.0,17960.0
7821352.0,1591044.0,17960.0
7821352.0,1591044.0,17960.0
7820478.4,1591064.8,18174.933333
7820344.0,1591068.0,18208.0
7820344.0,1591068.0,18208.0
7820344.0,1591068.0,18208.0
7820344.0,1591068.0,18208.0
7820344.0,1591068.0,18208.0
7820344.0,1591068.0,18208.0
7820344.0,1591068.0,18208.0
7820344.0,1591068.0,18208.0
7820344.0,1591068.0,18208.0
7820344.0,1591068.0,18208.0
7820344.0,1591068.0,18208.0
7819873.6,1591087.2,18438.4
7819756.0,1591092.0,18496.0
7819756.0,1591092.0,18496.0
7819756.0,1591092.0,18496.0
7819756.0,1591092.0,18496.0
7819756.0,1591092.0,18496.0
7819756.0,1591092.0,18496.0
7819756.0,1591092.0,18496.0
7819756.0,1591092.0,18496.0
7819756.0,1591092.0,18496.0
7819756.0,1591092.0,18496.0
7819756.0,1591092.0,18496.0
7819756.0,1591092.0,18496.0
7819886.6667,1591114.4,18734.933333
7819896.0,1591116.0,18752.0
7819896.0,1591116.0,18752.0
7819896.0,1591116.0,18752.0
7819896.0,1591116.0,18752.0
7819896.0,1591116.0,18752.0
7819896.0,1591116.0,18752.0
7819896.0,1591116.0,18752.0
7819896.0,1591116.0,18752.0
7819896.0,1591116.0,18752.0
7819896.0,1591116.0,18752.0
7819896.0,1591116.0,18752.0
7819356.0,1591204.0,19064.0
7819356.0,1591204.0,19064.0
7819356.0,1591204.0,19064.0
7819356.0,1591204.0,19064.0
7819356.0,1591204.0,19064.0
7819356.0,1591204.0,19064.0
7819356.0,1591204.0,19064.0
7819356.0,1591204.0,19064.0
7819356.0,1591204.0,19064.0
7819356.0,1591204.0,19064.0
7819356.0,1591204.0,19064.0
7817962.4,1591235.2,19272.0
7817748.0,1591240.0,19304.0
7817748.0,1591240.0,19304.0
7817748.0,1591240.0,19304.0
7817748.0,1591240.0,19304.0
7817748.0,1591240.0,19304.0
7817748.0,1591240.0,19304.0
7817748.0,1591240.0,19304.0
7817748.0,1591240.0,19304.0
7817748.0,1591240.0,19304.0
7817748.0,1591240.0,19304.0
7817748.0,1591240.0,19304.0
7817932.0,1591253.3333,19474.666667
7818024.0,1591260.0,19560.0
7818024.0,1591260.0,19560.0
7818024.0,1591260.0,19560.0
7818024.0,1591260.0,19560.0
7818024.0,1591260.0,19560.0
7818024.0,1591260.0,19560.0
7818024.0,1591260.0,19560.0
7818024.0,1591260.0,19560.0
7818024.0,1591260.0,19560.0
7818024.0,1591260.0,19560.0
7817032.8,1591274.4,19675.2
7816372.0,1591284.0,19752.0
7816372.0,1591284.0,19752.0
7817228.8,1591288.8,19785.6
7817800.0,1591292.0,19808.0
7817800.0,1591292.0,19808.0
7817800.0,1591292.0,19808.0
7817800.0,1591292.0,19808.0
7817800.0,1591292.0,19808.0
7817800.0,1591292.0,19808.0
7817800.0,1591292.0,19808.0
7817800.0,1591292.0,19808.0
7817800.0,1591292.0,19808.0
7817800.0,1591292.0,19808.0
7817800.0,1591292.0,19808.0
7817987.2,1591302.4,20036.8
7818016.0,1591304.0,20072.0
7818016.0,1591304.0,20072.0
7818016.0,1591304.0,20072.0
7818016.0,1591304.0,20072.0
7818016.0,1591304.0,20072.0
7818016.0,1591304.0,20072.0
7816674.4,1591317.8667,20196.8
7816468.0,1591320.0,20216.0
7817716.0,1591323.4667,20264.533333
7817908.0,1591324.0,20272.0
7817908.0,1591324.0,20272.0
7817908.0,1591324.0,20272.0
7817908.0,1591324.0,20272.0
7817908.0,1591324.0,20272.0
7817908.0,1591324.0,20272.0
7817908.0,1591324.0,20272.0
7817908.0,1591324.0,20272.0
7817908.0,1591324.0,20272.0
7817908.0,1591324.0,20272.0
7817908.0,1591324.0,20272.0
7816525.6,1591426.4,20451.2
7816180.0,1591452.0,20496.0
7816180.0,1591452.0,20496.0
7816180.0,1591452.0,20496.0
7816180.0,1591452.0,20496.0
7816180.0,1591452.0,20496.0
7816180.0,1591452.0,20496.0
7814722.1333,1591472.5333,20601.6
7814192.0,1591480.0,20640.0
7815644.0,1591488.8,20686.933333
7816172.0,1591492.0,20704.0
7816172.0,1591492.0,20704.0
7816172.0,1591492.0,20704.0
7816172.0,1591492.0,20704.0
7816172.0,1591492.0,20704.0
7816172.0,1591492.0,20704.0
7816172.0,1591492.0,20704.0
7816172.0,1591492.0,20704.0
7816172.0,1591492.0,20704.0
7816172.0,1591492.0,20704.0
7816172.0,1591492.0,20704.0
7816172.0,1591492.0,20704.0
7816095.7333,1591509.3333,20925.866667
7816084.0,1591512.0,20960.0
7816084.0,1591512.0,20960.0
7816084.0,1591512.0,20960.0
7816084.0,1591512.0,20960.0
7816084.0,1591512.0,20960.0
7816084.0,1591512.0,20960.0
7816084.0,1591512.0,20960.0
7816084.0,1591512.0,20960.0
7816084.0,1591512.0,20960.0
7816084.0,1591512.0,20960.0
7816084.0,1591512.0,20960.0
7815744.2667,1591546.6667,21237.333333
7815692.0,1591552.0,21280.0
7815692.0,1591552.0,21280.0
7815692.0,1591552.0,21280.0
7815692.0,1591552.0,21280.0
7815692.0,1591552.0,21280.0
7815692.0,1591552.0,21280.0
7815692.0,1591552.0,21280.0
7815692.0,1591552.0,21280.0
7815692.0,1591552.0,21280.0
7815692.0,1591552.0,21280.0
7815692.0,1591552.0,21280.0
7815692.0,1591562.4,21508.8
7815692.0,1591564.0,21544.0
7815692.0,1591564.0,21544.0
7815692.0,1591564.0,21544.0
7815692.0,1591564.0,21544.0
7815692.0,1591564.0,21544.0
7815692.0,1591564.0,21544.0
7815692.0,1591564.0,21544.0
7815692.0,1591564.0,21544.0
7815692.0,1591564.0,21544.0
7815692.0,1591564.0,21544.0
7815909.0667,1591587.4667,21772.8
7815988.0,1591596.0,21856.0
7815988.0,1591596.0,21856.0
7815988.0,1591596.0,21856.0
7815988.0,1591596.0,21856.0
7815988.0,1591596.0,21856.0
7815222.6667,1591604.0,21946.666667
7814840.0,1591608.0,21992.0
7814840.0,1591608.0,21992.0
7814840.0,1591608.0,21992.0
7814840.0,1591608.0,21992.0
7655633.6,1591615.2,22073.6
7549496.0,1591620.0,22128.0
7549496.0,1591620.0,22128.0
7549496.0,1591620.0,22128.0
7549496.0,1591620.0,22128.0
7548490.4,1591624.8,22204.8
7547820.0,1591628.0,22256.0
7547820.0,1591628.0,22256.0
7547820.0,1591628.0,22256.0
7547820.0,1591628.0,22256.0
7547820.0,1591628.0,22256.0
7547820.0,1591628.0,22256.0
7547820.0,1591628.0,22256.0
7547820.0,1591628.0,22256.0
7547820.0,1591628.0,22256.0
7547820.0,1591628.0,22256.0
7547820.0,1591628.0,22256.0
7546994.9333,1591641.0667,22353.066667
7546052.0,1591656.0,22464.0
7546052.0,1591656.0,22464.0
7546052.0,1591656.0,22464.0
7545699.2,1591663.2,22536.0
7545464.0,1591668.0,22584.0
7545464.0,1591668.0,22584.0
7545464.0,1591668.0,22584.0
7545464.0,1591668.0,22584.0
7545464.0,1591668.0,22584.0
7545464.0,1591668.0,22584.0
7545464.0,1591668.0,22584.0
7545464.0,1591668.0,22584.0
7545464.0,1591668.0,22584.0
7545464.0,1591668.0,22584.0
7545464.0,1591668.0,22584.0
7545464.0,1591668.0,22584.0
7545214.6667,1591694.4,22771.733333
7545124.0,1591704.0,22840.0
7545124.0,1591704.0,22840.0
7545124.0,1591704.0,22840.0
7545124.0,1591704.0,22840.0
7545124.0,1591704.0,22840.0
7545124.0,1591704.0,22840.0
7545124.0,1591704.0,22840.0
7545124.0,1591704.0,22840.0
7545124.0,1591704.0,22840.0
7545124.0,1591704.0,22840.0
7545124.0,1591704.0,22840.0
7545702.6667,1591722.6667,23058.666667
7545992.0,1591732.0,23168.0
7545992.0,1591732.0,23168.0
7545992.0,1591732.0,23168.0
7545992.0,1591732.0,23168.0
7545992.0,1591732.0,23168.0
7545992.0,1591732.0,23168.0
7545992.0,1591732.0,23168.0
7545992.0,1591732.0,23168.0
7545992.0,1591732.0,23168.0
7545992.0,1591732.0,23168.0
7545992.0,1591732.0,23168.0
7545099.2,1591748.0,23379.2
7544876.0,1591752.0,23432.0
7544876.0,1591752.0,23432.0
7544876.0,1591752.0,23432.0
7544876.0,1591752.0,23432.0
7544876.0,1591752.0,23432.0
7544876.0,1591752.0,23432.0
7544876.0,1591752.0,23432.0
7544876.0,1591752.0,23432.0
7544168.8,1591755.2,23630.4
7543992.0,1591756.0,23680.0
7543992.0,1591756.0,23680.0
7543992.0,1591756.0,23680.0
7543992.0,1591756.0,23680.0
7543992.0,1591756.0,23680.0
7543992.0,1591756.0,23680.0
7543992.0,1591756.0,23680.0
7543992.0,1591756.0,23680.0
7543992.0,1591756.0,23680.0
7543992.0,1591756.0,23680.0
7543992.0,1591756.0,23680.0
7544564.0,1591773.6,23820.8
7544772.0,1591780.0,23872.0
7544772.0,1591780.0,23872.0
7544772.0,1591780.0,23872.0
7544772.0,1591780.0,23872.0
7544772.0,1591780.0,23872.0
7544772.0,1591780.0,23872.0
7544772.0,1591780.0,23872.0
7544772.0,1591780.0,23872.0
7543401.3333,1591790.6667,24037.333333
7542716.0,1591796.0,24120.0
7542716.0,1591796.0,24120.0
7543638.6667,1591801.3333,24152.0
7544100.0,1591804.0,24168.0
7544100.0,1591804.0,24168.0
7544100.0,1591804.0,24168.0
7544100.0,1591804.0,24168.0
7544100.0,1591804.0,24168.0
7544100.0,1591804.0,24168.0
7544100.0,1591804.0,24168.0
7544100.0,1591804.0,24168.0
7544100.0,1591804.0,24168.0
7544100.0,1591804.0,24168.0
7544100.0,1591804.0,24168.0
7544229.6,1591823.2,24292.8
7544316.0,1591836.0,24376.0
7544316.0,1591836.0,24376.0
7544316.0,1591836.0,24376.0
7544316.0,1591836.0,24376.0
7544316.0,1591836.0,24376.0
7544316.0,1591836.0,24376.0
7544316.0,1591836.0,24376.0
7544316.0,1591836.0,24376.0
7543207.2,1591864.8,24486.4
7542468.0,1591884.0,24560.0
7542468.0,1591884.0,24560.0
7543392.0,1591886.4,24579.2
7544008.0,1591888.0,24592.0
7544008.0,1591888.0,24592.0
7544008.0,1591888.0,24592.0
7544008.0,1591888.0,24592.0
7544008.0,1591888.0,24592.0
7544008.0,1591888.0,24592.0
7544008.0,1591888.0,24592.0
7544008.0,1591888.0,24592.0
7544008.0,1591888.0,24592.0
7544008.0,1591888.0,24592.0
7542877.6,1591892.8,24697.6
7542124.0,1591896.0,24768.0
7542124.0,1591896.0,24768.0
7542124.0,1591896.0,24768.0
7542124.0,1591896.0,24768.0
7542124.0,1591896.0,24768.0
7542124.0,1591896.0,24768.0
7542124.0,1591896.0,24768.0
7542124.0,1591896.0,24768.0
7542124.0,1591896.0,24768.0
7542124.0,1591896.0,24768.0
7542575.2,1591903.2,24864.0
7542876.0,1591908.0,24928.0
7542876.0,1591908.0,24928.0
7542876.0,1591908.0,24928.0
7542876.0,1591908.0,24928.0
7542876.0,1591908.0,24928.0
7542876.0,1591908.0,24928.0
7542876.0,1591908.0,24928.0
7542876.0,1591908.0,24928.0
7542876.0,1591908.0,24928.0
7542876.0,1591908.0,24928.0
7542876.0,1591908.0,24928.0
7543016.8,1591920.8,25030.4
7543140.0,1591932.0,25120.0
7543140.0,1591932.0,25120.0
7543140.0,1591932.0,25120.0
7543140.0,1591932.0,25120.0
7543140.0,1591932.0,25120.0
7542182.4,1591933.8667,25162.933333
7541088.0,1591936.0,25212.0
7542016.0,1591940.2667,25235.466667
7542828.0,1591944.0,25256.0
7542828.0,1591944.0,25256.0
7542828.0,1591944.0,25256.0
7542828.0,1591944.0,25256.0
7542828.0,1591944.0,25256.0
7542828.0,1591944.0,25256.0
7542828.0,1591944.0,25256.0
7542828.0,1591944.0,25256.0
7542828.0,1591944.0,25256.0
7542828.0,1591944.0,25256.0
7542828.0,1591944.0,25256.0
7542828.0,1591944.0,25256.0
7543337.3333,1591960.0,25352.0
7543592.0,1591968.0,25400.0
7543592.0,1591968.0,25400.0
7543592.0,1591968.0,25400.0
7542562.4,1591975.2,25436.0
7541876.0,1591980.0,25460.0
7542769.3333,1591990.6667,25484.0
7543216.0,1591996.0,25496.0
7543216.0,1591996.0,25496.0
7543216.0,1591996.0,25496.0
7543216.0,1591996.0,25496.0
7543216.0,1591996.0,25496.0
7543216.0,1591996.0,25496.0
7543216.0,1591996.0,25496.0
7543216.0,1591996.0,25496.0
7543216.0,1591996.0,25496.0
7543216.0,1591996.0,25496.0
7543216.0,1591996.0,25496.0
7543226.6667,1592097.3333,25626.666667
7543232.0,1592148.0,25692.0
7542264.8,1592143.2,25720.8
7541620.0,1592140.0,25740.0
7542680.8,1592144.8,25764.0
7543388.0,1592148.0,25780.0
7543388.0,1592148.0,25780.0
7543388.0,1592148.0,25780.0
7543388.0,1592148.0,25780.0
7543388.0,1592148.0,25780.0
7543388.0,1592148.0,25780.0
7543388.0,1592148.0,25780.0
7543388.0,1592148.0,25780.0
7543388.0,1592148.0,25780.0
7543388.0,1592148.0,25780.0
7543388.0,1592148.0,25780.0
7542137.3333,1592156.0,25897.333333
7541512.0,1592160.0,25956.0
7541512.0,1592160.0,25956.0
7541512.0,1592160.0,25956.0
7541512.0,1592160.0,25956.0
7541512.0,1592160.0,25956.0
7541512.0,1592160.0,25956.0
7541512.0,1592160.0,25956.0
7541512.0,1592160.0,25956.0
7541512.0,1592160.0,25956.0
7541512.0,1592160.0,25956.0
7541512.0,1592160.0,25956.0
7541596.0,1592174.4,26090.4
7541652.0,1592184.0,26180.0
7541652.0,1592184.0,26180.0
7541652.0,1592184.0,26180.0
7541652.0,1592184.0,26180.0
7541652.0,1592184.0,26180.0
7541652.0,1592184.0,26180.0
7541652.0,1592184.0,26180.0
7541182.6667,1592194.6667,26241.866667
7540772.0,1592204.0,26296.0
7540772.0,1592204.0,26296.0
7540772.0,1592204.0,26296.0
7540772.0,1592204.0,26296.0
7540772.0,1592204.0,26296.0
7540772.0,1592204.0,26296.0
7540772.0,1592204.0,26296.0
7540772.0,1592204.0,26296.0
7540772.0,1592204.0,26296.0
7540772.0,1592204.0,26296.0
7540772.0,1592204.0,26296.0
7540854.6667,1592206.6667,26353.333333
7541020.0,1592212.0,26468.0
7541020.0,1592212.0,26468.0
7541020.0,1592212.0,26468.0
7541020.0,1592212.0,26468.0
7541020.0,1592212.0,26468.0
7541020.0,1592212.0,26468.0
7541020.0,1592212.0,26468.0
7541020.0,1592212.0,26468.0
7541020.0,1592212.0,26468.0
7541020.0,1592212.0,26468.0
7541020.0,1592212.0,26468.0
7541052.5333,1592217.8667,26501.6
7541264.0,1592256.0,26720.0
7541264.0,1592256.0,26720.0
7541264.0,1592256.0,26720.0
7541264.0,1592256.0,26720.0
7541264.0,1592256.0,26720.0
7541264.0,1592256.0,26720.0
7541264.0,1592256.0,26720.0
7541264.0,1592256.0,26720.0
7541264.0,1592256.0,26720.0
7541264.0,1592256.0,26720.0
7541329.6,1592276.0,26757.6
7541592.0,1592356.0,26908.0
7541349.6,1592355.2,26917.6
7540380.0,1592352.0,26956.0
7540380.0,1592352.0,26956.0
7540380.0,1592352.0,26956.0
7540380.0,1592352.0,26956.0
7540380.0,1592352.0,26956.0
7540380.0,1592352.0,26956.0
7540380.0,1592352.0,26956.0
7540380.0,1592352.0,26956.0
7540380.0,1592352.0,26956.0
7540380.0,1592352.0,26956.0
7540371.4667,1592357.3333,27009.333333
7540348.0,1592372.0,27156.0
7540348.0,1592372.0,27156.0
7540348.0,1592372.0,27156.0
7540348.0,1592372.0,27156.0
7540348.0,1592372.0,27156.0
7540348.0,1592372.0,27156.0
7540348.0,1592372.0,27156.0
7540348.0,1592372.0,27156.0
7540348.0,1592372.0,27156.0
7540348.0,1592372.0,27156.0
7540348.0,1592372.0,27156.0
7540373.6,1592379.4667,27206.133333
7540444.0,1592400.0,27344.0
7540444.0,1592400.0,27344.0
7540444.0,1592400.0,27344.0
7540444.0,1592400.0,27344.0
7540444.0,1592400.0,27344.0
7540444.0,1592400.0,27344.0
7540444.0,1592400.0,27344.0
7540444.0,1592400.0,27344.0
7540444.0,1592400.0,27344.0
7540444.0,1592400.0,27344.0
7540444.0,1592400.0,27344.0
7540485.6,1592404.0,27392.0
7540652.0,1592420.0,27584.0
7540652.0,1592420.0,27584.0
7540652.0,1592420.0,27584.0
7540652.0,1592420.0,27584.0
7540652.0,1592420.0,27584.0
7540652.0,1592420.0,27584.0
7540652.0,1592420.0,27584.0
7540652.0,1592420.0,27584.0
7540652.0,1592420.0,27584.0
7540652.0,1592420.0,27584.0
7540652.0,1592420.0,27584.0
7540654.9333,1592421.3333,27597.866667
7540696.0,1592440.0,27792.0
7540696.0,1592440.0,27792.0
7540696.0,1592440.0,27792.0
7540696.0,1592440.0,27792.0
7540696.0,1592440.0,27792.0
7540696.0,1592440.0,27792.0
7540696.0,1592440.0,27792.0
7540696.0,1592440.0,27792.0
7540696.0,1592440.0,27792.0
7540696.0,1592440.0,27792.0
7540696.0,1592440.0,27792.0
7540696.0,1592440.0,27792.0
7540098.6667,1592454.9333,28042.133333
7540056.0,1592456.0,28060.0
7540056.0,1592456.0,28060.0
7540056.0,1592456.0,28060.0
7540056.0,1592456.0,28060.0
7540056.0,1592456.0,28060.0
7540056.0,1592456.0,28060.0
7540056.0,1592456.0,28060.0
7540056.0,1592456.0,28060.0
7540056.0,1592456.0,28060.0
7540056.0,1592456.0,28060.0
7539770.6667,1592472.0,28182.666667
7539628.0,1592480.0,28244.0
7539628.0,1592480.0,28244.0
7539628.0,1592480.0,28244.0
7539628.0,1592480.0,28244.0
7539628.0,1592480.0,28244.0
7539628.0,1592480.0,28244.0
7539628.0,1592480.0,28244.0
7539628.0,1592480.0,28244.0
7539628.0,1592480.0,28244.0
7539628.0,1592480.0,28244.0
7539628.0,1592480.0,28244.0
7539205.6,1592496.8,28383.2
7538924.0,1592508.0,28476.0
7538924.0,1592508.0,28476.0
7538924.0,1592508.0,28476.0
7538924.0,1592508.0,28476.0
7538924.0,1592508.0,28476.0
7538924.0,1592508.0,28476.0
7538924.0,1592508.0,28476.0
7538924.0,1592508.0,28476.0
7538924.0,1592508.0,28476.0
7538924.0,1592508.0,28476.0
7538924.0,1592508.0,28476.0
7538924.0,1592508.0,28476.0
7538803.7333,1592516.8,28608.0
7538760.0,1592520.0,28656.0
7538760.0,1592520.0,28656.0
7538760.0,1592520.0,28656.0
7538760.0,1592520.0,28656.0
7538760.0,1592520.0,28656.0
7538760.0,1592520.0,28656.0
7538760.0,1592520.0,28656.0
7538760.0,1592520.0,28656.0
7538760.0,1592520.0,28656.0
7538760.0,1592520.0,28656.0
7539019.2,1592544.0,28788.0
7539192.0,1592560.0,28876.0
7539192.0,1592560.0,28876.0
7539192.0,1592560.0,28876.0
7539192.0,1592560.0,28876.0
7539192.0,1592560.0,28876.0
7538364.2667,1592564.2667,28920.8
7537640.0,1592568.0,28960.0
7537640.0,1592568.0,28960.0
7537640.0,1592568.0,28960.0
7537640.0,1592568.0,28960.0
7538486.9333,1592576.5333,29004.8
7539228.0,1592584.0,29044.0
7539228.0,1592584.0,29044.0
7539228.0,1592584.0,29044.0
7539228.0,1592584.0,29044.0
7539228.0,1592584.0,29044.0
7539228.0,1592584.0,29044.0
7539228.0,1592584.0,29044.0
7539228.0,1592584.0,29044.0
7539228.0,1592584.0,29044.0
7539228.0,1592584.0,29044.0
7539228.0,1592584.0,29044.0
7538623.2,1592586.4,29161.6
7538220.0,1592588.0,29240.0
7538220.0,1592588.0,29240.0
7538220.0,1592588.0,29240.0
7538220.0,1592588.0,29240.0
7538220.0,1592588.0,29240.0
7538220.0,1592588.0,29240.0
7538220.0,1592588.0,29240.0
7538220.0,1592588.0,29240.0
7538220.0,1592588.0,29240.0
7538220.0,1592588.0,29240.0
7538220.0,1592588.0,29240.0
7537545.3333,1592608.5333,29416.0
7537300.0,1592616.0,29480.0
7537300.0,1592616.0,29480.0
7537300.0,1592616.0,29480.0
7537300.0,1592616.0,29480.0
7537300.0,1592616.0,29480.0
7537300.0,1592616.0,29480.0
7537300.0,1592616.0,29480.0
7537300.0,1592616.0,29480.0
7537300.0,1592616.0,29480.0
7537300.0,1592616.0,29480.0
7537300.0,1592616.0,29480.0
7537417.3333,1592636.5333,29609.066667
7537460.0,1592644.0,29656.0
7537460.0,1592644.0,29656.0
7537460.0,1592644.0,29656.0
7537460.0,1592644.0,29656.0
7537460.0,1592644.0,29656.0
7537460.0,1592644.0,29656.0
7537460.0,1592644.0,29656.0
7537460.0,1592644.0,29656.0
7537460.0,1592644.0,29656.0
7537460.0,1592644.0,29656.0
7537460.0,1592644.0,29656.0
7535728.8,1592756.0,29790.4
7535296.0,1592784.0,29824.0
7535296.0,1592784.0,29824.0
7537052.8,1592787.2,29862.4
7537492.0,1592788.0,29872.0
7537492.0,1592788.0,29872.0
7537492.0,1592788.0,29872.0
7537492.0,1592788.0,29872.0
7537492.0,1592788.0,29872.0
7537492.0,1592788.0,29872.0
7537492.0,1592788.0,29872.0
7537492.0,1592788.0,29872.0
7537492.0,1592788.0,29872.0
7537492.0,1592788.0,29872.0
7537492.0,1592788.0,29872.0
7536990.4,1592805.6,29986.4
7536808.0,1592812.0,30028.0
7536808.0,1592812.0,30028.0
7536808.0,1592812.0,30028.0
7536808.0,1592812.0,30028.0
7536808.0,1592812.0,30028.0
7536808.0,1592812.0,30028.0
7536808.0,1592812.0,30028.0
7536808.0,1592812.0,30028.0
7536808.0,1592812.0,30028.0
7536808.0,1592812.0,30028.0
7536808.0,1592812.0,30028.0
7537172.0,1592843.2,30201.333333
7537228.0,1592848.0,30228.0
7537228.0,1592848.0,30228.0
7537228.0,1592848.0,30228.0
7537228.0,1592848.0,30228.0
7537228.0,1592848.0,30228.0
7537228.0,1592848.0,30228.0
7537228.0,1592848.0,30228.0
7537228.0,1592848.0,30228.0
7537228.0,1592848.0,30228.0
7537228.0,1592848.0,30228.0
7537228.0,1592848.0,30228.0
7536358.1333,1592870.4,30407.2
7536296.0,1592872.0,30420.0
7536296.0,1592872.0,30420.0
7536296.0,1592872.0,30420.0
7536296.0,1592872.0,30420.0
7536296.0,1592872.0,30420.0
7536296.0,1592872.0,30420.0
7536296.0,1592872.0,30420.0
7536296.0,1592872.0,30420.0
7536296.0,1592872.0,30420.0
7536296.0,1592872.0,30420.0
7536296.0,1592872.0,30420.0
7536049.8667,1592889.3333,30634.933333
7536012.0,1592892.0,30668.0
7536012.0,1592892.0,30668.0
7536012.0,1592892.0,30668.0
7536012.0,1592892.0,30668.0
7536012.0,1592892.0,30668.0
7536012.0,1592892.0,30668.0
7536012.0,1592892.0,30668.0
7536012.0,1592892.0,30668.0
7536012.0,1592892.0,30668.0
7536012.0,1592892.0,30668.0
7536012.0,1592892.0,30668.0
7536012.0,1592908.0,30808.0
7536012.0,1592908.0,30808.0
7536012.0,1592908.0,30808.0
7536012.0,1592908.0,30808.0
7536012.0,1592908.0,30808.0
7536012.0,1592908.0,30808.0
7535194.9333,1592908.0,30901.866667
7535194.9333,1592908.0,30901.866667
7534480.0,1592908.0,30984.0
7534480.0,1592908.0,30984.0
7535504.0,1592936.0,31032.0
7535504.0,1592936.0,31032.0
7535504.0,1592936.0,31032.0
7535504.0,1592936.0,31032.0
7535504.0,1592936.0,31032.0
7535504.0,1592936.0,31032.0
7535504.0,1592936.0,31032.0
7535504.0,1592936.0,31032.0
7535504.0,1592936.0,31032.0
7535504.0,1592936.0,31032.0
7535504.0,1592936.0,31032.0
7535499.7333,1592955.2,31110.933333
7535499.7333,1592955.2,31110.933333
7535496.0,1592972.0,31180.0
7535496.0,1592972.0,31180.0
7535496.0,1592972.0,31180.0
7535496.0,1592972.0,31180.0
7535496.0,1592972.0,31180.0
7535496.0,1592972.0,31180.0
7535496.0,1592972.0,31180.0
7535496.0,1592972.0,31180.0
7535496.0,1592972.0,31180.0
7535496.0,1592972.0,31180.0
7535250.6667,1592989.0667,31295.2
7535250.6667,1592989.0667,31295.2
7535036.0,1593004.0,31396.0
7535036.0,1593004.0,31396.0
7535036.0,1593004.0,31396.0
7535036.0,1593004.0,31396.0
7535036.0,1593004.0,31396.0
7535036.0,1593004.0,31396.0
7535036.0,1593004.0,31396.0
7535036.0,1593004.0,31396.0
7535036.0,1593004.0,31396.0
7535036.0,1593004.0,31396.0
7535036.0,1593004.0,31396.0
7535308.5333,1593026.4,31545.333333
7535328.0,1593028.0,31556.0
7535328.0,1593028.0,31556.0
7597658.6667,1593038.4,31628.8
7607248.0,1593040.0,31640.0
7607248.0,1593040.0,31640.0
7607248.0,1593040.0,31640.0
7607248.0,1593040.0,31640.0
7607248.0,1593040.0,31640.0
7607248.0,1593040.0,31640.0
7607248.0,1593040.0,31640.0
7607248.0,1593040.0,31640.0
7607248.0,1593040.0,31640.0
7607248.0,1593040.0,31640.0
7607248.0,1593040.0,31640.0
7607944.8,1593064.2667,31802.933333
7608052.0,1593068.0,31828.0
7608052.0,1593068.0,31828.0
7608052.0,1593068.0,31828.0
7606308.2667,1593071.4667,31886.933333
7606040.0,1593072.0,31896.0
7606040.0,1593072.0,31896.0
7607518.4,1593081.6,31928.0
7607888.0,1593084.0,31936.0
7607888.0,1593084.0,31936.0
7607888.0,1593084.0,31936.0
7607888.0,1593084.0,31936.0
7607888.0,1593084.0,31936.0
7607888.0,1593084.0,31936.0
7607888.0,1593084.0,31936.0
7607888.0,1593084.0,31936.0
7607888.0,1593084.0,31936.0
7607888.0,1593084.0,31936.0
7607888.0,1593084.0,31936.0
7608787.7333,1593091.4667,32096.533333
7608852.0,1593092.0,32108.0
7608852.0,1593092.0,32108.0
7608852.0,1593092.0,32108.0
7608852.0,1593092.0,32108.0
7608852.0,1593092.0,32108.0
7608852.0,1593092.0,32108.0
7608852.0,1593092.0,32108.0
7608852.0,1593092.0,32108.0
7608852.0,1593092.0,32108.0
7608852.0,1593092.0,32108.0
7608852.0,1593092.0,32108.0
7608519.7333,1593110.6667,32324.533333
7608496.0,1593112.0,32340.0
7608496.0,1593112.0,32340.0
7608496.0,1593112.0,32340.0
7608496.0,1593112.0,32340.0
7608496.0,1593112.0,32340.0
7608496.0,1593112.0,32340.0
7608496.0,1593112.0,32340.0
7608496.0,1593112.0,32340.0
7608496.0,1593112.0,32340.0
7608496.0,1593112.0,32340.0
7608496.0,1593112.0,32340.0
7607805.3333,1593126.9333,32485.6
7607756.0,1593128.0,32496.0
7607756.0,1593128.0,32496.0
7607756.0,1593128.0,32496.0
7607756.0,1593128.0,32496.0
7607756.0,1593128.0,32496.0
7607756.0,1593128.0,32496.0
7607756.0,1593128.0,32496.0
7607756.0,1593128.0,32496.0
7607756.0,1593128.0,32496.0
7607756.0,1593128.0,32496.0
7607756.0,1593128.0,32496.0
7606958.6667,1593148.8,32658.933333
7606836.0,1593152.0,32684.0
7606836.0,1593152.0,32684.0
7606836.0,1593152.0,32684.0
7606836.0,1593152.0,32684.0
7606836.0,1593152.0,32684.0
7606836.0,1593152.0,32684.0
7606836.0,1593152.0,32684.0
7606836.0,1593152.0,32684.0
7606836.0,1593152.0,32684.0
7606836.0,1593152.0,32684.0
7606836.0,1593152.0,32684.0
7606788.0,1593177.6,32808.8
7606776.0,1593184.0,32840.0
7606776.0,1593184.0,32840.0
7606776.0,1593184.0,32840.0
7606776.0,1593184.0,32840.0
7606776.0,1593184.0,32840.0
7606776.0,1593184.0,32840.0
7606776.0,1593184.0,32840.0
7606776.0,1593184.0,32840.0
7606776.0,1593184.0,32840.0
7606776.0,1593184.0,32840.0
7606776.0,1593184.0,32840.0
7606636.8,1593200.8,32996.0
7606544.0,1593212.0,33100.0
7606544.0,1593212.0,33100.0
7605113.6,1593207.2,33128.8
7604160.0,1593204.0,33148.0
7605590.4,1593211.2,33174.4
7606544.0,1593216.0,33192.0
7606544.0,1593216.0,33192.0
7606544.0,1593216.0,33192.0
7606544.0,1593216.0,33192.0
7606544.0,1593216.0,33192.0
7606544.0,1593216.0,33192.0
7606544.0,1593216.0,33192.0
7606544.0,1593216.0,33192.0
7606544.0,1593216.0,33192.0
7606544.0,1593216.0,33192.0
7606544.0,1593216.0,33192.0
7606217.6,1593218.4,33283.2
7606000.0,1593220.0,33344.0
7605208.5333,1593224.2667,33365.333333
7604516.0,1593228.0,33384.0
7605373.6,1593228.0,33409.6
7606124.0,1593228.0,33432.0
7606124.0,1593228.0,33432.0
7606124.0,1593228.0,33432.0
7606124.0,1593228.0,33432.0
7606124.0,1593228.0,33432.0
7606124.0,1593228.0,33432.0
7606124.0,1593228.0,33432.0
7606124.0,1593228.0,33432.0
7606124.0,1593228.0,33432.0
7606124.0,1593228.0,33432.0
7606124.0,1593228.0,33432.0
7606101.6,1593239.2,33510.4
7606076.0,1593252.0,33600.0
7606076.0,1593252.0,33600.0
7606076.0,1593252.0,33600.0
7606076.0,1593252.0,33600.0
7606076.0,1593252.0,33600.0
7606076.0,1593252.0,33600.0
7606076.0,1593252.0,33600.0
7606076.0,1593252.0,33600.0
7606076.0,1593252.0,33600.0
11827400.0,1589414.4,33715.2
14641616.0,1586856.0,33792.0
