3777731.2,106442.4,3926.4
3794264.0,86556.0,3256.0
3794264.0,86556.0,3256.0
3221747.4667,177902.66667,4389.6
3133668.0,191956.0,4564.0
3132572.5333,192046.13333,4612.5333333
3132404.0,192060.0,4620.0
3132404.0,192060.0,4620.0
3132404.0,192060.0,4620.0
3132404.0,192060.0,4620.0
3132404.0,192060.0,4620.0
3131040.0,192077.6,4690.4
3130544.0,192084.0,4716.0
3035584.0,192077.6,4754.4
3011844.0,192076.0,4764.0
3011844.0,192076.0,4764.0
3011844.0,192076.0,4764.0
3011844.0,192076.0,4764.0
3011844.0,192076.0,4764.0
3011844.0,192076.0,4764.0
3011844.0,192076.0,4764.0
3011844.0,192076.0,4764.0
3011844.0,192076.0,4764.0
3011844.0,192076.0,4764.0
3009850.4,192143.2,4962.4
3009352.0,192160.0,5012.0
3009352.0,192160.0,5012.0
3007008.2667,192165.86667,5047.2
3006156.0,192168.0,5060.0
3006156.0,192168.0,5060.0
3006156.0,192168.0,5060.0
3006156.0,192168.0,5060.0
3006156.0,192168.0,5060.0
3006156.0,192168.0,5060.0
3006156.0,192168.0,5060.0
3006156.0,192168.0,5060.0
3006156.0,192168.0,5060.0
3006156.0,192168.0,5060.0
3006156.0,192168.0,5060.0
3005620.0,192221.33333,5225.3333333
3006077.3333,192242.66667,5361.3333333
3006440.0,192240.0,5388.0
3006440.0,192240.0,5388.0
3002776.0,192242.66667,5420.0
3000944.0,192244.0,5436.0
3000944.0,192244.0,5436.0
3000944.0,192244.0,5436.0
3000944.0,192244.0,5436.0
3000944.0,192244.0,5436.0
3000944.0,192244.0,5436.0
3000944.0,192244.0,5436.0
3000944.0,192244.0,5436.0
3000944.0,192244.0,5436.0
3000944.0,192244.0,5436.0
3000024.8,192311.2,5570.4
2999412.0,192356.0,5660.0
2999412.0,192356.0,5660.0
2999412.0,192356.0,5660.0
2999412.0,192356.0,5660.0
2999412.0,192356.0,5660.0
2999412.0,192356.0,5660.0
2999412.0,192356.0,5660.0
2999412.0,192356.0,5660.0
2999412.0,192356.0,5660.0
2978035.2,192377.6,5808.8
2963784.0,192392.0,5908.0
2963784.0,192392.0,5908.0
2963784.0,192392.0,5908.0
2963784.0,192392.0,5908.0
2963784.0,192392.0,5908.0
2963784.0,192392.0,5908.0
2963784.0,192392.0,5908.0
2963784.0,192392.0,5908.0
2963784.0,192392.0,5908.0
2963784.0,192392.0,5908.0
2963784.0,192392.0,5908.0
2963056.5333,192565.06667,6095.7333333
2962792.0,192628.0,6164.0
2962792.0,192628.0,6164.0
2962792.0,192628.0,6164.0
2962792.0,192628.0,6164.0
2962792.0,192628.0,6164.0
2962792.0,192628.0,6164.0
2959677.3333,192718.66667,6308.0
2958120.0,192764.0,6380.0
2958120.0,192764.0,6380.0
2958120.0,192764.0,6380.0
2958120.0,192764.0,6380.0
2958120.0,192764.0,6380.0
2958120.0,192764.0,6380.0
2958120.0,192764.0,6380.0
2958120.0,192764.0,6380.0
2958120.0,192764.0,6380.0
2958120.0,192764.0,6380.0
2958120.0,192764.0,6380.0
2956530.1333,192837.33333,6561.8666667
2955952.0,192864.0,6628.0
2955952.0,192864.0,6628.0
2955952.0,192864.0,6628.0
2955952.0,192864.0,6628.0
2955952.0,192864.0,6628.0
2955952.0,192864.0,6628.0
2955952.0,192864.0,6628.0
2955952.0,192864.0,6628.0
3458880.0,189192.0,6814.6666667
