vda,3.20,0.01,0.01,0,0
vda,65.60,0.26,0.00,1,0
vda,2.20,0.00,0.01,0,0
vda,1.20,0.00,0.00,0,0
vda,71.80,0.00,0.29,0,1
vda,67.80,0.45,0.01,2,0
vda,257.88,12.71,0.02,63,0
vda,97.00,11.80,0.01,59,0
vda,99.40,12.15,0.01,60,0
vda,67.40,8.42,0.00,42,0
vda,2.40,0.00,0.01,0,0
vda,2.40,0.00,0.01,0,0
vda,23.00,0.00,0.10,0,0
vda,4.80,0.00,1.29,0,6
vda,55.00,0.00,0.22,0,1
vda,168.40,2.05,0.07,10,0
vda,8.00,0.71,0.00,3,0
vda,2.40,0.00,0.01,0,0
vda,63.00,0.00,0.27,0,1
vda,1.80,0.00,0.01,0,0
vda,43.00,0.00,0.18,0,0
vda,1.40,0.00,0.01,0,0
vda,0.60,0.00,0.00,0,0
vda,64.60,0.04,0.26,0,1
vda,4.60,0.03,0.02,0,0
vda,1.60,0.00,0.01,0,0
vda,80.80,0.00,0.33,0,1
vda,1.20,0.00,0.00,0,0
vda,0.00,0.00,0.00,0,0
vda,48.60,0.00,0.20,0,1
vda,1.20,0.00,0.00,0,0
vda,1.40,0.00,0.01,0,0
vda,47.80,0.00,0.20,0,0
vda,2.00,0.00,0.01,0,0
vda,8.60,0.10,0.01,0,0
vda,0.60,0.00,0.00,0,0
vda,0.40,0.00,0.00,0,0
vda,8.00,0.03,0.00,0,0
vda,3.60,0.05,0.01,0,0
vda,19.60,0.00,0.08,0,0
vda,8.20,0.00,0.03,0,0
vda,52.60,0.00,0.21,0,1
vda,0.60,0.00,0.00,0,0
vda,1.40,0.00,0.00,0,0
vda,5.00,0.01,0.02,0,0
vda,1.60,0.00,0.01,0,0
vda,13.40,0.00,0.06,0,0
vda,2.20,0.00,0.01,0,0
vda,0.00,0.00,0.00,0,0
vda,1.20,0.00,0.00,0,0
vda,60.00,0.00,0.24,0,1
vda,0.00,0.00,0.00,0,0
vda,4.40,0.01,0.02,0,0
vda,27.40,0.00,0.15,0,0
vda,4.00,0.00,0.01,0,0
vda,0.20,0.00,0.00,0,0
vda,3.00,0.00,0.01,0,0
vda,0.80,0.00,0.00,0,0
vda,1.40,0.00,0.00,0,0
vda,42.40,0.00,0.17,0,0
vda,16.00,0.00,0.07,0,0
vda,5.00,0.00,0.02,0,0
vda,2.60,0.00,0.01,0,0
vda,0.00,0.00,0.00,0,0
vda,1.20,0.00,0.00,0,0
vda,2.20,0.00,0.01,0,0
vda,17.40,0.00,0.07,0,0
vda,13.20,0.00,0.10,0,0
vda,52.80,0.00,0.21,0,1
