3500576.0,107752.0,3696.0
3500576.0,107752.0,3696.0
3216352.0,163954.66667,4277.3333333
2647904.0,276360.0,5440.0
2647904.0,276360.0,5440.0
2621936.0,277854.4,5467.2
2582984.0,280096.0,5508.0
2569969.6,280180.0,5627.4666667
2555096.0,280276.0,5764.0
2555096.0,280276.0,5764.0
2537553.0667,280606.4,5890.9333333
2517504.0,280984.0,6036.0
2517504.0,280984.0,6036.0
2513365.6,281010.13333,6065.8666667
2508636.0,281040.0,6100.0
2501230.9333,281081.06667,6122.4
2492768.0,281128.0,6148.0
2492768.0,281128.0,6148.0
2944224.0,278592.0,6173.6
3621408.0,274788.0,6212.0
