vda,54.80,0.22,0.00,1,0
vda,3.60,0.00,0.01,0,0
vda,53.40,0.02,0.20,0,1
vda,1.80,0.00,0.01,0,0
vda,2.20,0.00,0.01,0,0
vda,0.00,0.00,0.00,0,0
vda,312.80,10.18,0.19,50,0
vda,60.40,0.41,0.02,2,0
vda,74.20,0.10,1.55,0,7
vda,18.60,0.07,0.00,0,0
vda,10.00,0.00,0.04,0,0
vda,0.00,0.00,0.00,0,0
vda,1.20,0.00,0.00,0,0
vda,65.80,0.00,0.27,0,1
vda,1.00,0.00,0.00,0,0
vda,1.20,0.00,0.00,0,0
vda,46.80,0.00,0.20,0,0
vda,0.80,0.00,0.00,0,0
vda,3.00,0.00,0.01,0,0
vda,54.00,0.00,0.22,0,1
vda,1.80,0.00,0.01,0,0
vda,0.00,0.00,0.00,0,0
vda,26.00,0.00,0.11,0,0
vda,2.40,0.00,0.01,0,0
vda,1.20,0.00,0.00,0,0
vda,1.20,0.00,0.00,0,0
vda,64.20,0.00,0.26,0,1
vda,1.40,0.00,0.01,0,0
vda,1.60,0.00,0.01,0,0
vda,57.00,0.00,0.24,0,1
vda,3.60,0.00,0.01,0,0
vda,2.40,0.00,0.01,0,0
vda,48.60,0.00,0.20,0,1
vda,1.60,0.00,0.01,0,0
vda,1.20,0.00,0.00,0,0
vda,2.20,0.00,0.01,0,0
vda,0.00,0.00,0.00,0,0
vda,69.20,0.00,0.28,0,1
