data_points,dimensions,k,diskio_out
10000,10,10,0
10000,10,100,0
10000,10,200,0
10000,10,300,1
10000,10,400,0
10000,10,500,1
10000,10,600,0
10000,10,700,0
10000,10,800,0
10000,10,900,2
10000,10,1000,8
10000,10,1200,9
10000,10,1400,9
10000,10,1600,7
10000,50,10,2
10000,50,100,0
10000,50,200,7
10000,50,300,7
10000,50,400,7
10000,50,500,6
10000,50,600,6
10000,50,700,6
10000,50,800,6
10000,50,900,6
10000,50,1000,6
10000,50,1200,8
10000,50,1400,7
10000,50,1600,8
10000,100,10,7
10000,100,100,7
10000,100,200,6
10000,100,300,8
10000,100,400,8
10000,100,500,7
10000,100,600,10
10000,100,700,6
10000,100,800,8
10000,100,900,7
10000,100,1000,8
10000,100,1200,6
10000,100,1400,7
10000,100,1600,7
10000,250,10,0
10000,250,100,6
10000,250,200,8
10000,250,300,9
10000,250,400,9
10000,250,500,9
10000,250,600,8
10000,250,700,7
10000,250,800,11
10000,250,900,8
10000,250,1000,7
10000,250,1200,10
10000,250,1400,10
10000,250,1600,12
10000,500,10,8
10000,500,100,10
10000,500,200,9
10000,500,300,9
10000,500,400,14
10000,500,500,11
10000,500,600,12
10000,500,700,10
10000,500,800,13
10000,500,900,9
10000,500,1000,8
10000,500,1200,9
10000,500,1400,8
10000,500,1600,8
10000,750,10,6
10000,750,100,6
10000,750,200,7
10000,750,300,10
10000,750,400,10
10000,750,500,17
10000,750,600,14
10000,750,700,10
10000,750,800,9
10000,750,900,12
10000,750,1000,8
10000,750,1200,11
10000,750,1400,17
10000,750,1600,15
10000,1000,10,6
10000,1000,100,8
10000,1000,200,7
10000,1000,300,13
10000,1000,400,12
10000,1000,500,7
10000,1000,600,10
10000,1000,700,11
10000,1000,800,16
10000,1000,900,9
10000,1000,1000,10
10000,1000,1200,10
10000,1000,1400,7
10000,1000,1600,14
