7891274.4,132231.2,4301.3333333
7936388.0,78452.0,2904.0
7650712.8,120188.0,3307.2
7222200.0,182792.0,3912.0
7222200.0,182792.0,3912.0
7222200.0,182792.0,3912.0
7222200.0,182792.0,3912.0
7222200.0,182792.0,3912.0
7148097.6,182824.0,3960.0
7036944.0,182872.0,4032.0
7036561.3333,183064.0,4100.0
7035796.0,183448.0,4236.0
7035796.0,183448.0,4236.0
7030700.0,183542.4,4258.4
7023056.0,183684.0,4292.0
7023056.0,183684.0,4292.0
7023056.0,183684.0,4292.0
7023056.0,183684.0,4292.0
6976506.9333,183695.2,4349.8666667
6923308.0,183708.0,4416.0
6923308.0,183708.0,4416.0
6922642.4,183708.0,4441.6
6921644.0,183708.0,4480.0
6921644.0,183708.0,4480.0
6918924.0,183706.66667,4501.3333333
6913484.0,183704.0,4544.0
6913484.0,183704.0,4544.0
6913484.0,183704.0,4544.0
6913484.0,183704.0,4544.0
6911663.2,183732.8,4585.6
6908932.0,183776.0,4648.0
6908932.0,183776.0,4648.0
6908932.0,183776.0,4648.0
6908932.0,183776.0,4648.0
6908932.0,183776.0,4648.0
6908932.0,183776.0,4648.0
6908932.0,183776.0,4648.0
6904506.4,183811.2,4724.8
6897868.0,183864.0,4840.0
6897868.0,183864.0,4840.0
6897868.0,183864.0,4840.0
6897868.0,183864.0,4840.0
7280111.2,181243.2,4891.2
