7657539.2,120128.0,2735.2
7199156.0,199796.0,4024.0
7199156.0,199796.0,4024.0
6424013.6,389168.8,4049.6
5261300.0,673228.0,4088.0
4757275.7333,756604.53333,4117.8666667
4181248.0,851892.0,4152.0
4181248.0,851892.0,4152.0
4181248.0,851892.0,4152.0
4181248.0,851892.0,4152.0
4181248.0,851892.0,4152.0
4181248.0,851892.0,4152.0
4181248.0,851892.0,4152.0
4181248.0,851892.0,4152.0
4181248.0,851892.0,4152.0
4181248.0,851892.0,4152.0
4181248.0,851892.0,4152.0
4180929.3333,851898.66667,4236.0
4180292.0,851912.0,4404.0
4180292.0,851912.0,4404.0
4180292.0,851912.0,4404.0
4179969.3333,851913.33333,4446.6666667
4179324.0,851916.0,4532.0
4179324.0,851916.0,4532.0
4179324.0,851916.0,4532.0
4179324.0,851916.0,4532.0
4179324.0,851916.0,4532.0
4179324.0,851916.0,4532.0
4179324.0,851916.0,4532.0
4179324.0,851916.0,4532.0
4179324.0,851916.0,4532.0
4179324.0,851916.0,4532.0
4179324.0,851916.0,4532.0
4179480.0,851922.66667,4620.0
4179792.0,851936.0,4796.0
4179792.0,851936.0,4796.0
4179792.0,851936.0,4796.0
4179792.0,851936.0,4796.0
4179792.0,851936.0,4796.0
4179792.0,851936.0,4796.0
4179792.0,851936.0,4796.0
4179792.0,851936.0,4796.0
4179792.0,851936.0,4796.0
4179792.0,851936.0,4796.0
4179792.0,851936.0,4796.0
4179415.4667,852155.73333,4916.5333333
4178380.0,852760.0,5248.0
4178380.0,852760.0,5248.0
4178380.0,852760.0,5248.0
4178380.0,852760.0,5248.0
4178380.0,852760.0,5248.0
4178380.0,852760.0,5248.0
4178380.0,852760.0,5248.0
4178380.0,852760.0,5248.0
4178380.0,852760.0,5248.0
4178380.0,852760.0,5248.0
4178380.0,852760.0,5248.0
4178244.0,852766.4,5334.4
4178040.0,852776.0,5464.0
4178040.0,852776.0,5464.0
4178040.0,852776.0,5464.0
4178040.0,852776.0,5464.0
4178040.0,852776.0,5464.0
4178040.0,852776.0,5464.0
4177424.0,852792.0,5531.2
4176500.0,852816.0,5632.0
4176500.0,852816.0,5632.0
4176936.8,852817.6,5657.6
4177592.0,852820.0,5696.0
4176662.4,852820.0,5721.6
4175268.0,852820.0,5760.0
4175268.0,852820.0,5760.0
4175268.0,852820.0,5760.0
4175268.0,852820.0,5760.0
4175268.0,852820.0,5760.0
4175268.0,852820.0,5760.0
4175268.0,852820.0,5760.0
4175268.0,852820.0,5760.0
4175268.0,852820.0,5760.0
4175268.0,852820.0,5760.0
4174140.5333,852913.33333,5879.4666667
4172852.0,853020.0,6016.0
4172852.0,853020.0,6016.0
4173599.2,853020.0,6035.2
4174720.0,853020.0,6064.0
4174720.0,853020.0,6064.0
4174720.0,853020.0,6064.0
4174720.0,853020.0,6064.0
4174720.0,853020.0,6064.0
4174720.0,853020.0,6064.0
4174720.0,853020.0,6064.0
4174720.0,853020.0,6064.0
4174720.0,853020.0,6064.0
4174720.0,853020.0,6064.0
4174720.0,853020.0,6064.0
4174689.3333,853033.33333,6129.3333333
4174628.0,853060.0,6260.0
4174628.0,853060.0,6260.0
4174628.0,853060.0,6260.0
4174628.0,853060.0,6260.0
4174628.0,853060.0,6260.0
4174628.0,853060.0,6260.0
4174628.0,853060.0,6260.0
4174628.0,853060.0,6260.0
4174628.0,853060.0,6260.0
4174628.0,853060.0,6260.0
4174628.0,853060.0,6260.0
4174326.1333,853064.26667,6336.8
4173496.0,853076.0,6548.0
4173496.0,853076.0,6548.0
4173496.0,853076.0,6548.0
4173496.0,853076.0,6548.0
4173496.0,853076.0,6548.0
4173496.0,853076.0,6548.0
4173496.0,853076.0,6548.0
4173496.0,853076.0,6548.0
4173496.0,853076.0,6548.0
4173496.0,853076.0,6548.0
4173496.0,853076.0,6548.0
4173875.2,853084.0,6631.2
4173786.4,853096.0,6775.2
4172800.0,853096.0,6804.0
4172800.0,853096.0,6804.0
4172800.0,853096.0,6804.0
4172800.0,853096.0,6804.0
4172800.0,853096.0,6804.0
4172800.0,853096.0,6804.0
4172800.0,853096.0,6804.0
4172800.0,853096.0,6804.0
4172800.0,853096.0,6804.0
4172800.0,853096.0,6804.0
4172800.0,853096.0,6804.0
4173091.2,853132.8,6887.2
4173528.0,853188.0,7012.0
4173528.0,853188.0,7012.0
4173528.0,853188.0,7012.0
4173528.0,853188.0,7012.0
4173528.0,853188.0,7012.0
4173528.0,853188.0,7012.0
4173528.0,853188.0,7012.0
4173528.0,853188.0,7012.0
4173528.0,853188.0,7012.0
4173528.0,853188.0,7012.0
4173528.0,853188.0,7012.0
4172999.7333,853286.93333,7153.8666667
4172396.0,853400.0,7316.0
4172396.0,853400.0,7316.0
4172396.0,853400.0,7316.0
4172396.0,853400.0,7316.0
4172396.0,853400.0,7316.0
4172396.0,853400.0,7316.0
4172396.0,853400.0,7316.0
4172396.0,853400.0,7316.0
4172396.0,853400.0,7316.0
4172396.0,853400.0,7316.0
4172396.0,853400.0,7316.0
4172440.8,853405.6,7420.5333333
4172492.0,853412.0,7540.0
4172492.0,853412.0,7540.0
4172492.0,853412.0,7540.0
4172492.0,853412.0,7540.0
4172492.0,853412.0,7540.0
4172492.0,853412.0,7540.0
4172492.0,853412.0,7540.0
4172492.0,853412.0,7540.0
4172492.0,853412.0,7540.0
4172492.0,853412.0,7540.0
4172492.0,853412.0,7540.0
4172465.3333,853426.66667,7644.0
4172412.0,853456.0,7852.0
4172412.0,853456.0,7852.0
4172412.0,853456.0,7852.0
4172412.0,853456.0,7852.0
4172412.0,853456.0,7852.0
4172412.0,853456.0,7852.0
4172412.0,853456.0,7852.0
4172412.0,853456.0,7852.0
4172412.0,853456.0,7852.0
4172412.0,853456.0,7852.0
4172412.0,853456.0,7852.0
4172449.3333,853466.66667,7932.0
4172524.0,853488.0,8092.0
4172524.0,853488.0,8092.0
4172524.0,853488.0,8092.0
4172524.0,853488.0,8092.0
4172524.0,853488.0,8092.0
4172524.0,853488.0,8092.0
4172524.0,853488.0,8092.0
4172524.0,853488.0,8092.0
4172524.0,853488.0,8092.0
4172524.0,853488.0,8092.0
4172524.0,853488.0,8092.0
4172176.8,853848.0,8216.8
4171656.0,854388.0,8404.0
4171656.0,854388.0,8404.0
4171656.0,854388.0,8404.0
4171656.0,854388.0,8404.0
4171656.0,854388.0,8404.0
4171656.0,854388.0,8404.0
4171656.0,854388.0,8404.0
4170233.3333,855289.33333,8588.0
4167388.0,857092.0,8956.0
4167388.0,857092.0,8956.0
4167388.0,857092.0,8956.0
4167388.0,857092.0,8956.0
4167388.0,857092.0,8956.0
4167388.0,857092.0,8956.0
4167388.0,857092.0,8956.0
4167388.0,857092.0,8956.0
4167388.0,857092.0,8956.0
4167388.0,857092.0,8956.0
4167388.0,857092.0,8956.0
4167181.0667,857202.93333,9086.1333333
4167000.0,857300.0,9200.0
4167000.0,857300.0,9200.0
4167000.0,857300.0,9200.0
4167000.0,857300.0,9200.0
4167000.0,857300.0,9200.0
4167000.0,857300.0,9200.0
4167000.0,857300.0,9200.0
4167000.0,857300.0,9200.0
4167000.0,857300.0,9200.0
4167000.0,857300.0,9200.0
4167000.0,857300.0,9200.0
4167086.4,857312.0,9387.2
4167144.0,857320.0,9512.0
4167144.0,857320.0,9512.0
4167144.0,857320.0,9512.0
4167144.0,857320.0,9512.0
4167144.0,857320.0,9512.0
4167144.0,857320.0,9512.0
4167144.0,857320.0,9512.0
4167144.0,857320.0,9512.0
4167144.0,857320.0,9512.0
4167144.0,857320.0,9512.0
4167144.0,857320.0,9512.0
4166728.0,857336.0,9661.3333333
4166520.0,857344.0,9736.0
4166520.0,857344.0,9736.0
4166520.0,857344.0,9736.0
4166520.0,857344.0,9736.0
4166520.0,857344.0,9736.0
4166520.0,857344.0,9736.0
4166520.0,857344.0,9736.0
4166520.0,857344.0,9736.0
4166520.0,857344.0,9736.0
4216358.4,857363.2,9870.4
4249584.0,857376.0,9960.0
4249584.0,857376.0,9960.0
4249584.0,857376.0,9960.0
4249584.0,857376.0,9960.0
4249584.0,857376.0,9960.0
4249584.0,857376.0,9960.0
4249584.0,857376.0,9960.0
4249584.0,857376.0,9960.0
4249584.0,857376.0,9960.0
4249584.0,857376.0,9960.0
4249584.0,857376.0,9960.0
4248820.8,857431.2,10084.8
4248312.0,857468.0,10168.0
4248312.0,857468.0,10168.0
4248312.0,857468.0,10168.0
4248312.0,857468.0,10168.0
4248312.0,857468.0,10168.0
4248312.0,857468.0,10168.0
4248312.0,857468.0,10168.0
4248312.0,857468.0,10168.0
4248312.0,857468.0,10168.0
4248312.0,857468.0,10168.0
4248312.0,857468.0,10168.0
4248583.2,857520.8,10345.6
4248764.0,857556.0,10464.0
4248764.0,857556.0,10464.0
4248764.0,857556.0,10464.0
4248764.0,857556.0,10464.0
4290929.6,857565.6,10543.2
4319040.0,857572.0,10596.0
4319040.0,857572.0,10596.0
4319040.0,857572.0,10596.0
4319040.0,857572.0,10596.0
4319040.0,857572.0,10596.0
4319040.0,857572.0,10596.0
4319040.0,857572.0,10596.0
4319040.0,857572.0,10596.0
4319040.0,857572.0,10596.0
4319040.0,857572.0,10596.0
4319040.0,857572.0,10596.0
4318771.2,857642.93333,10708.0
4318464.0,857724.0,10836.0
4318464.0,857724.0,10836.0
4318464.0,857724.0,10836.0
4318464.0,857724.0,10836.0
4318464.0,857724.0,10836.0
4318464.0,857724.0,10836.0
4318464.0,857724.0,10836.0
4318464.0,857724.0,10836.0
4318464.0,857724.0,10836.0
4318464.0,857724.0,10836.0
4318464.0,857724.0,10836.0
4318529.3333,857740.8,10977.866667
4318604.0,857760.0,11140.0
4318604.0,857760.0,11140.0
4318604.0,857760.0,11140.0
4318604.0,857760.0,11140.0
4318604.0,857760.0,11140.0
4318604.0,857760.0,11140.0
4318604.0,857760.0,11140.0
6027970.4,853862.4,11250.4
