16223064.0,41228.0,2324.0
16223064.0,41228.0,2324.0
14912540.0,228428.0,3884.0
14912540.0,228428.0,3884.0
14912164.0,228431.2,3893.0666667
14909720.0,228452.0,3952.0
14909606.133,228452.0,3956.8
14908012.0,228452.0,4024.0
14908012.0,228452.0,4024.0
14908012.0,228452.0,4024.0
14908012.0,228452.0,4024.0
14908012.0,228452.0,4024.0
14907956.533,228452.0,4032.8
14907180.0,228452.0,4156.0
14905464.8,228458.4,4188.0
14905464.8,228458.4,4188.0
14903964.0,228464.0,4216.0
14903964.0,228464.0,4216.0
14903964.0,228464.0,4216.0
14903964.0,228464.0,4216.0
14903964.0,228464.0,4216.0
14903964.0,228464.0,4216.0
14903964.0,228464.0,4216.0
14903964.0,228464.0,4216.0
14903964.0,228464.0,4216.0
14903964.0,228464.0,4216.0
14717180.0,229360.0,4588.0
14717180.0,229360.0,4588.0
14717180.0,229360.0,4588.0
14717180.0,229360.0,4588.0
14717180.0,229360.0,4588.0
14715933.067,229367.46667,4707.4666667
14715844.0,229368.0,4716.0
14715844.0,229368.0,4716.0
14715844.0,229368.0,4716.0
14715844.0,229368.0,4716.0
14715844.0,229368.0,4716.0
14715844.0,229368.0,4716.0
14715844.0,229368.0,4716.0
14715844.0,229368.0,4716.0
14715844.0,229368.0,4716.0
14715844.0,229368.0,4716.0
14715844.0,229368.0,4716.0
14713992.267,229453.86667,4917.6
14713860.0,229460.0,4932.0
14713860.0,229460.0,4932.0
14713860.0,229460.0,4932.0
14713860.0,229460.0,4932.0
14713860.0,229460.0,4932.0
14713860.0,229460.0,4932.0
14687329.6,229477.33333,5077.6
14683248.0,229480.0,5100.0
14683248.0,229480.0,5100.0
14683248.0,229480.0,5100.0
14683248.0,229480.0,5100.0
14683248.0,229480.0,5100.0
14683248.0,229480.0,5100.0
14683248.0,229480.0,5100.0
14683248.0,229480.0,5100.0
14683248.0,229480.0,5100.0
14663232.0,229505.6,5253.6
14658228.0,229512.0,5292.0
14658228.0,229512.0,5292.0
14658228.0,229512.0,5292.0
14658228.0,229512.0,5292.0
14658228.0,229512.0,5292.0
14658228.0,229512.0,5292.0
14658228.0,229512.0,5292.0
14658228.0,229512.0,5292.0
14658228.0,229512.0,5292.0
14658228.0,229512.0,5292.0
14658228.0,229512.0,5292.0
14657289.6,229579.2,5436.0
14656664.0,229624.0,5532.0
14656664.0,229624.0,5532.0
14656664.0,229624.0,5532.0
14656664.0,229624.0,5532.0
14656664.0,229624.0,5532.0
14656664.0,229624.0,5532.0
14656664.0,229624.0,5532.0
14656664.0,229624.0,5532.0
14656664.0,229624.0,5532.0
14656664.0,229624.0,5532.0
14656664.0,229624.0,5532.0
14656664.0,229624.0,5532.0
14627985.6,229636.8,5781.6
14620816.0,229640.0,5844.0
14620816.0,229640.0,5844.0
14620816.0,229640.0,5844.0
14620816.0,229640.0,5844.0
14620816.0,229640.0,5844.0
14620816.0,229640.0,5844.0
14620816.0,229640.0,5844.0
14619800.533,229733.33333,6023.2
14619728.0,229740.0,6036.0
14480180.8,229757.33333,6088.0
14458712.0,229760.0,6096.0
14458712.0,229760.0,6096.0
14458712.0,229760.0,6096.0
14458712.0,229760.0,6096.0
14458712.0,229760.0,6096.0
14458712.0,229760.0,6096.0
14458712.0,229760.0,6096.0
14458712.0,229760.0,6096.0
14458712.0,229760.0,6096.0
14458712.0,229760.0,6096.0
14455584.0,231880.0,6692.0
14455584.0,231880.0,6692.0
14455584.0,231880.0,6692.0
14455584.0,231880.0,6692.0
14455584.0,231880.0,6692.0
14455584.0,231880.0,6692.0
14455584.0,231880.0,6692.0
14455584.0,231880.0,6692.0
14454337.067,232018.13333,6863.7333333
14454248.0,232028.0,6876.0
14454248.0,232028.0,6876.0
14454248.0,232028.0,6876.0
14454248.0,232028.0,6876.0
15927936.533,225909.06667,7002.9333333
