3850992.0,52496.0,1464.0
3782988.8,68122.666667,2181.8666667
3595980.0,111096.0,4156.0
3576252.0,111094.4,4175.2
3546660.0,111092.0,4204.0
3546660.0,111092.0,4204.0
3545831.2,111135.2,4223.2
3544588.0,111200.0,4252.0
3544588.0,111200.0,4252.0
3544588.0,111200.0,4252.0
3544588.0,111200.0,4252.0
3536117.6,111203.2,4290.4
3523412.0,111208.0,4348.0
3523412.0,111208.0,4348.0
3512797.6,111209.6,4370.4
3496876.0,111212.0,4404.0
3496876.0,111212.0,4404.0
3496876.0,111212.0,4404.0
3496876.0,111212.0,4404.0
3496876.0,111212.0,4404.0
3496633.3333,111660.0,4642.9333333
3496356.0,112172.0,4916.0
3494935.2,112174.13333,4941.6
3493692.0,112176.0,4964.0
3493692.0,112176.0,4964.0
3633400.8,109129.6,4990.1333333
3793068.0,105648.0,5020.0
