7855851.7333,168938.4,4842.4
7959012.0,67104.0,3664.0
7959012.0,67104.0,3664.0
5593184.0,575844.0,3940.0
5593184.0,575844.0,3940.0
3765632.0,1129028.0,3988.0
3765632.0,1129028.0,3988.0
3765632.0,1129028.0,3988.0
2010240.0,1596280.0,4052.0
2010240.0,1596280.0,4052.0
2010037.3333,1596284.8,4056.2666667
2007200.0,1596352.0,4116.0
2007200.0,1596352.0,4116.0
2007200.0,1596352.0,4116.0
2007200.0,1596352.0,4116.0
2007200.0,1596352.0,4116.0
2007200.0,1596352.0,4116.0
2007200.0,1596352.0,4116.0
2007200.0,1596352.0,4116.0
2007200.0,1596352.0,4116.0
2007200.0,1596352.0,4116.0
2007200.0,1596352.0,4116.0
2007162.9333,1596353.3333,4132.5333333
2006103.7333,1596692.5333,4665.3333333
2002592.0,1598776.0,6624.0
2002592.0,1598776.0,6624.0
2002592.0,1598776.0,6624.0
2002592.0,1598776.0,6624.0
2002592.0,1598776.0,6624.0
2002592.0,1598776.0,6624.0
2002592.0,1598776.0,6624.0
2002592.0,1598776.0,6624.0
2002592.0,1598776.0,6624.0
2002592.0,1598776.0,6624.0
2002592.0,1598776.0,6624.0
2002592.0,1598776.0,6624.0
2002308.0,1598932.0,6856.0
2002308.0,1598932.0,6856.0
2002308.0,1598932.0,6856.0
2002308.0,1598932.0,6856.0
2002308.0,1598932.0,6856.0
2002308.0,1598932.0,6856.0
2002308.0,1598932.0,6856.0
2002308.0,1598932.0,6856.0
2002308.0,1598932.0,6856.0
2002308.0,1598932.0,6856.0
2002308.0,1598932.0,6856.0
2002308.0,1598932.0,6856.0
2001964.5333,1598988.0,7136.0
2001940.0,1598992.0,7156.0
2001940.0,1598992.0,7156.0
2001940.0,1598992.0,7156.0
2001940.0,1598992.0,7156.0
2001940.0,1598992.0,7156.0
2001940.0,1598992.0,7156.0
2001940.0,1598992.0,7156.0
2001940.0,1598992.0,7156.0
2001940.0,1598992.0,7156.0
2001940.0,1598992.0,7156.0
2001940.0,1598992.0,7156.0
2001837.6,1599110.4,7354.4
2001812.0,1599140.0,7404.0
2001812.0,1599140.0,7404.0
2001812.0,1599140.0,7404.0
2001812.0,1599140.0,7404.0
2001812.0,1599140.0,7404.0
2001812.0,1599140.0,7404.0
2001812.0,1599140.0,7404.0
2001812.0,1599140.0,7404.0
2001812.0,1599140.0,7404.0
2001812.0,1599140.0,7404.0
2001812.0,1599140.0,7404.0
2000970.1333,1599184.0,7644.5333333
2000664.0,1599200.0,7732.0
2000664.0,1599200.0,7732.0
2000664.0,1599200.0,7732.0
2000664.0,1599200.0,7732.0
2000664.0,1599200.0,7732.0
2000664.0,1599200.0,7732.0
2000664.0,1599200.0,7732.0
1999794.6667,1599216.0,7854.6666667
1999360.0,1599224.0,7916.0
2000423.2,1599226.4,7954.4
2001132.0,1599228.0,7980.0
2001132.0,1599228.0,7980.0
2001132.0,1599228.0,7980.0
2001132.0,1599228.0,7980.0
2001132.0,1599228.0,7980.0
2001132.0,1599228.0,7980.0
2001132.0,1599228.0,7980.0
2001132.0,1599228.0,7980.0
2001132.0,1599228.0,7980.0
2001132.0,1599228.0,7980.0
2001132.0,1599228.0,7980.0
2000748.0,1599240.0,8124.0
2000492.0,1599248.0,8220.0
2000492.0,1599248.0,8220.0
2000492.0,1599248.0,8220.0
2000492.0,1599248.0,8220.0
2000492.0,1599248.0,8220.0
2000492.0,1599248.0,8220.0
2000492.0,1599248.0,8220.0
2000492.0,1599248.0,8220.0
2000492.0,1599248.0,8220.0
2000492.0,1599248.0,8220.0
2000492.0,1599248.0,8220.0
2000047.2,1599310.4,8344.8
1999380.0,1599404.0,8532.0
1999380.0,1599404.0,8532.0
1999380.0,1599404.0,8532.0
1999380.0,1599404.0,8532.0
1999380.0,1599404.0,8532.0
1999380.0,1599404.0,8532.0
1999380.0,1599404.0,8532.0
1999380.0,1599404.0,8532.0
1999380.0,1599404.0,8532.0
1999380.0,1599404.0,8532.0
1999380.0,1599404.0,8532.0
1999358.6667,1599457.3333,8686.6666667
1999348.0,1599484.0,8764.0
1999348.0,1599484.0,8764.0
1999348.0,1599484.0,8764.0
1999348.0,1599484.0,8764.0
1999348.0,1599484.0,8764.0
1999348.0,1599484.0,8764.0
1999348.0,1599484.0,8764.0
1999348.0,1599484.0,8764.0
1999348.0,1599484.0,8764.0
1999348.0,1599484.0,8764.0
1999348.0,1599484.0,8764.0
1999348.0,1599484.0,8764.0
1999007.7333,1599504.5333,8986.9333333
1998884.0,1599512.0,9068.0
1998884.0,1599512.0,9068.0
1998884.0,1599512.0,9068.0
1998884.0,1599512.0,9068.0
1998884.0,1599512.0,9068.0
1998884.0,1599512.0,9068.0
1998884.0,1599512.0,9068.0
1998884.0,1599512.0,9068.0
1998884.0,1599512.0,9068.0
1998884.0,1599512.0,9068.0
1998884.0,1599512.0,9068.0
1999200.8,1599523.7333,9232.2666667
1999316.0,1599528.0,9292.0
1999316.0,1599528.0,9292.0
1999316.0,1599528.0,9292.0
1999316.0,1599528.0,9292.0
1999316.0,1599528.0,9292.0
1999316.0,1599528.0,9292.0
1999316.0,1599528.0,9292.0
1999316.0,1599528.0,9292.0
1999316.0,1599528.0,9292.0
1999316.0,1599528.0,9292.0
1999316.0,1599528.0,9292.0
1997904.8,1599550.4,9522.4
1997552.0,1599556.0,9580.0
1998694.4,1599562.4,9624.8
1998980.0,1599564.0,9636.0
1998980.0,1599564.0,9636.0
1998980.0,1599564.0,9636.0
1998980.0,1599564.0,9636.0
1998980.0,1599564.0,9636.0
1998980.0,1599564.0,9636.0
1998980.0,1599564.0,9636.0
1998980.0,1599564.0,9636.0
1998980.0,1599564.0,9636.0
1998980.0,1599564.0,9636.0
1997418.4,1600280.8,9860.0
1997028.0,1600460.0,9916.0
1997028.0,1600460.0,9916.0
1997028.0,1600460.0,9916.0
1997028.0,1600460.0,9916.0
1997028.0,1600460.0,9916.0
1997028.0,1600460.0,9916.0
1997028.0,1600460.0,9916.0
1997028.0,1600460.0,9916.0
1997028.0,1600460.0,9916.0
1996281.6,1600467.2,10036.0
1995784.0,1600472.0,10116.0
1995784.0,1600472.0,10116.0
1995784.0,1600472.0,10116.0
1995784.0,1600472.0,10116.0
1995784.0,1600472.0,10116.0
1995784.0,1600472.0,10116.0
1995784.0,1600472.0,10116.0
1995784.0,1600472.0,10116.0
1995784.0,1600472.0,10116.0
1995784.0,1600472.0,10116.0
1995784.0,1600472.0,10116.0
1995784.0,1600472.0,10116.0
1995869.3333,1600488.0,10270.666667
1995912.0,1600496.0,10348.0
1995912.0,1600496.0,10348.0
1995912.0,1600496.0,10348.0
1995912.0,1600496.0,10348.0
1995912.0,1600496.0,10348.0
1995912.0,1600496.0,10348.0
1995912.0,1600496.0,10348.0
1995912.0,1600496.0,10348.0
1995912.0,1600496.0,10348.0
1995912.0,1600496.0,10348.0
1995912.0,1600496.0,10348.0
1995704.0,1600506.6667,10545.333333
1995600.0,1600512.0,10644.0
1995600.0,1600512.0,10644.0
1995600.0,1600512.0,10644.0
1995600.0,1600512.0,10644.0
1995600.0,1600512.0,10644.0
1995600.0,1600512.0,10644.0
1995600.0,1600512.0,10644.0
1995600.0,1600512.0,10644.0
1995600.0,1600512.0,10644.0
1995600.0,1600512.0,10644.0
1995600.0,1600512.0,10644.0
1995340.8,1600564.8,10773.6
1995168.0,1600600.0,10860.0
1995168.0,1600600.0,10860.0
1995168.0,1600600.0,10860.0
1995168.0,1600600.0,10860.0
1995168.0,1600600.0,10860.0
1995168.0,1600600.0,10860.0
1995168.0,1600600.0,10860.0
1995168.0,1600600.0,10860.0
1995168.0,1600600.0,10860.0
1995168.0,1600600.0,10860.0
1995168.0,1600600.0,10860.0
1995369.6,1600619.2,11018.4
1995504.0,1600632.0,11124.0
1995504.0,1600632.0,11124.0
1995504.0,1600632.0,11124.0
1995504.0,1600632.0,11124.0
1995504.0,1600632.0,11124.0
1995504.0,1600632.0,11124.0
1995504.0,1600632.0,11124.0
1995504.0,1600632.0,11124.0
1995504.0,1600632.0,11124.0
1995504.0,1600632.0,11124.0
1995277.3333,1600638.6667,11206.666667
1994824.0,1600652.0,11372.0
1994824.0,1600652.0,11372.0
1994824.0,1600652.0,11372.0
1994824.0,1600652.0,11372.0
1994824.0,1600652.0,11372.0
1994824.0,1600652.0,11372.0
1994824.0,1600652.0,11372.0
1994824.0,1600652.0,11372.0
1994824.0,1600652.0,11372.0
1994824.0,1600652.0,11372.0
1994824.0,1600652.0,11372.0
1994668.8,1600671.2,11428.0
1994048.0,1600748.0,11652.0
1994048.0,1600748.0,11652.0
1993747.2,1600746.4,11664.8
1992544.0,1600740.0,11716.0
1992682.1333,1600741.6,11723.466667
1993580.0,1600752.0,11772.0
1993580.0,1600752.0,11772.0
1993580.0,1600752.0,11772.0
1993580.0,1600752.0,11772.0
1993580.0,1600752.0,11772.0
1993580.0,1600752.0,11772.0
1993580.0,1600752.0,11772.0
1993580.0,1600752.0,11772.0
1993580.0,1600752.0,11772.0
1993580.0,1600752.0,11772.0
1993580.0,1600752.0,11772.0
1993580.0,1600752.0,11772.0
1993956.0,1600768.0,12004.0
1993956.0,1600768.0,12004.0
1993956.0,1600768.0,12004.0
1993956.0,1600768.0,12004.0
1993956.0,1600768.0,12004.0
1993956.0,1600768.0,12004.0
1993956.0,1600768.0,12004.0
1993956.0,1600768.0,12004.0
1993956.0,1600768.0,12004.0
1993956.0,1600768.0,12004.0
1993956.0,1600768.0,12004.0
1993956.0,1600768.0,12004.0
1992824.0,1600784.0,12332.0
1992824.0,1600784.0,12332.0
1992824.0,1600784.0,12332.0
1991740.0,1600788.0,12388.0
1991740.0,1600788.0,12388.0
1991740.0,1600788.0,12388.0
1991740.0,1600788.0,12388.0
1991740.0,1600788.0,12388.0
1991740.0,1600788.0,12388.0
1991740.0,1600788.0,12388.0
1991740.0,1600788.0,12388.0
1991740.0,1600788.0,12388.0
1991740.0,1600788.0,12388.0
1991740.0,1600788.0,12388.0
1991740.0,1600788.0,12388.0
1993044.0,1600816.0,12628.0
1993044.0,1600816.0,12628.0
1993044.0,1600816.0,12628.0
1993044.0,1600816.0,12628.0
1993044.0,1600816.0,12628.0
1993044.0,1600816.0,12628.0
1993044.0,1600816.0,12628.0
1993044.0,1600816.0,12628.0
1993044.0,1600816.0,12628.0
1993044.0,1600816.0,12628.0
1993044.0,1600816.0,12628.0
1993018.9333,1600819.2,12668.533333
1992856.0,1600840.0,12932.0
1992856.0,1600840.0,12932.0
1992856.0,1600840.0,12932.0
1992856.0,1600840.0,12932.0
1992856.0,1600840.0,12932.0
1992856.0,1600840.0,12932.0
1992856.0,1600840.0,12932.0
1992924.0,1600842.4,12967.2
1993196.0,1600852.0,13108.0
1993196.0,1600852.0,13108.0
1993196.0,1600852.0,13108.0
1993196.0,1600852.0,13108.0
1993196.0,1600852.0,13108.0
1993196.0,1600852.0,13108.0
1993196.0,1600852.0,13108.0
1993196.0,1600852.0,13108.0
1993196.0,1600852.0,13108.0
1993196.0,1600852.0,13108.0
1993196.0,1600852.0,13108.0
1993036.0,1600852.5333,13142.133333
1991996.0,1600856.0,13364.0
1991996.0,1600856.0,13364.0
1991996.0,1600856.0,13364.0
1991996.0,1600856.0,13364.0
1991996.0,1600856.0,13364.0
1991996.0,1600856.0,13364.0
1991996.0,1600856.0,13364.0
1991996.0,1600856.0,13364.0
1991996.0,1600856.0,13364.0
1991996.0,1600856.0,13364.0
1991996.0,1600856.0,13364.0
1992056.8,1600859.7333,13403.466667
1992452.0,1600884.0,13660.0
1992452.0,1600884.0,13660.0
1992452.0,1600884.0,13660.0
1992452.0,1600884.0,13660.0
1992452.0,1600884.0,13660.0
2268164.0,1600948.0,13788.0
2268164.0,1600948.0,13788.0
2268164.0,1600948.0,13788.0
2268164.0,1600948.0,13788.0
2268164.0,1600948.0,13788.0
2268164.0,1600948.0,13788.0
2268164.0,1600948.0,13788.0
2268164.0,1600948.0,13788.0
2268164.0,1600948.0,13788.0
2268164.0,1600948.0,13788.0
2268164.0,1600948.0,13788.0
2268112.5333,1600956.8,13804.0
2267392.0,1601080.0,14028.0
2267392.0,1601080.0,14028.0
2267392.0,1601080.0,14028.0
2267291.4667,1601081.3333,14036.0
2265884.0,1601100.0,14148.0
2265884.0,1601100.0,14148.0
2266117.6,1601101.6,14154.4
2267636.0,1601112.0,14196.0
2267636.0,1601112.0,14196.0
2267636.0,1601112.0,14196.0
2267636.0,1601112.0,14196.0
2267636.0,1601112.0,14196.0
2267636.0,1601112.0,14196.0
2267636.0,1601112.0,14196.0
2267636.0,1601112.0,14196.0
2267636.0,1601112.0,14196.0
2267636.0,1601112.0,14196.0
2267636.0,1601112.0,14196.0
2267202.6667,1601162.6667,14276.0
2266336.0,1601264.0,14436.0
2266336.0,1601264.0,14436.0
2266336.0,1601264.0,14436.0
2266336.0,1601264.0,14436.0
2266336.0,1601264.0,14436.0
2266336.0,1601264.0,14436.0
2266336.0,1601264.0,14436.0
2266336.0,1601264.0,14436.0
2266336.0,1601264.0,14436.0
2266336.0,1601264.0,14436.0
2266336.0,1601264.0,14436.0
2266497.0667,1601269.3333,14523.466667
2266940.0,1601284.0,14764.0
2266940.0,1601284.0,14764.0
2266940.0,1601284.0,14764.0
2266940.0,1601284.0,14764.0
2266940.0,1601284.0,14764.0
2266940.0,1601284.0,14764.0
2266940.0,1601284.0,14764.0
2266940.0,1601284.0,14764.0
2266940.0,1601284.0,14764.0
2266940.0,1601284.0,14764.0
2266940.0,1601284.0,14764.0
2266434.4,1601296.8,14896.266667
2266434.4,1601296.8,14896.266667
2265992.0,1601308.0,15012.0
2265992.0,1601308.0,15012.0
2265992.0,1601308.0,15012.0
2265992.0,1601308.0,15012.0
2265992.0,1601308.0,15012.0
2265992.0,1601308.0,15012.0
2265992.0,1601308.0,15012.0
2265992.0,1601308.0,15012.0
2265436.0,1601624.0,15260.0
2265436.0,1601624.0,15260.0
2265436.0,1601624.0,15260.0
2265436.0,1601624.0,15260.0
2265436.0,1601624.0,15260.0
2265436.0,1601624.0,15260.0
2265436.0,1601624.0,15260.0
2265436.0,1601624.0,15260.0
2265436.0,1601624.0,15260.0
2265436.0,1601624.0,15260.0
2265436.0,1601624.0,15260.0
2265436.0,1601624.0,15260.0
2265782.6667,1601651.7333,15440.266667
2265836.0,1601656.0,15468.0
2265836.0,1601656.0,15468.0
2265836.0,1601656.0,15468.0
2265836.0,1601656.0,15468.0
2265836.0,1601656.0,15468.0
2265836.0,1601656.0,15468.0
2654341.6,1601663.4667,15632.266667
2682092.0,1601664.0,15644.0
2682092.0,1601664.0,15644.0
2682092.0,1601664.0,15644.0
2682092.0,1601664.0,15644.0
2682092.0,1601664.0,15644.0
2682092.0,1601664.0,15644.0
2682092.0,1601664.0,15644.0
2682092.0,1601664.0,15644.0
2682092.0,1601664.0,15644.0
2682092.0,1601664.0,15644.0
2682092.0,1601664.0,15644.0
2681984.5333,1601677.8667,15858.933333
2681968.0,1601680.0,15892.0
2681968.0,1601680.0,15892.0
2681968.0,1601680.0,15892.0
2681968.0,1601680.0,15892.0
2681968.0,1601680.0,15892.0
2681968.0,1601680.0,15892.0
2681968.0,1601680.0,15892.0
2681968.0,1601680.0,15892.0
2681968.0,1601680.0,15892.0
2681968.0,1601680.0,15892.0
2681968.0,1601680.0,15892.0
2681968.0,1601788.0,16180.0
2681968.0,1601788.0,16180.0
2681968.0,1601788.0,16180.0
2680691.2,1601780.5333,16232.266667
2680600.0,1601780.0,16236.0
2682197.8667,1601783.7333,16295.733333
2682312.0,1601784.0,16300.0
2682312.0,1601784.0,16300.0
2682312.0,1601784.0,16300.0
2682312.0,1601784.0,16300.0
2682312.0,1601784.0,16300.0
2682312.0,1601784.0,16300.0
2682312.0,1601784.0,16300.0
2682312.0,1601784.0,16300.0
2682312.0,1601784.0,16300.0
2682312.0,1601784.0,16300.0
2682312.0,1601784.0,16300.0
2681178.4,1601808.2667,16494.133333
2681004.0,1601812.0,16524.0
2681004.0,1601812.0,16524.0
2681004.0,1601812.0,16524.0
2681004.0,1601812.0,16524.0
2681004.0,1601812.0,16524.0
2681004.0,1601812.0,16524.0
2681004.0,1601812.0,16524.0
2681004.0,1601812.0,16524.0
2681004.0,1601812.0,16524.0
2681004.0,1601812.0,16524.0
2681036.2667,1601829.8667,16545.333333
2681488.0,1602080.0,16844.0
2681488.0,1602080.0,16844.0
2681488.0,1602080.0,16844.0
2681488.0,1602080.0,16844.0
2681488.0,1602080.0,16844.0
2681488.0,1602080.0,16844.0
2681488.0,1602080.0,16844.0
2681488.0,1602080.0,16844.0
2681488.0,1602080.0,16844.0
2681488.0,1602080.0,16844.0
2681488.0,1602080.0,16844.0
2680270.9333,1602080.0,17075.466667
2680184.0,1602080.0,17092.0
2680184.0,1602080.0,17092.0
2680184.0,1602080.0,17092.0
2680184.0,1602080.0,17092.0
2680184.0,1602080.0,17092.0
2680184.0,1602080.0,17092.0
2680184.0,1602080.0,17092.0
2680184.0,1602080.0,17092.0
2680184.0,1602080.0,17092.0
2680184.0,1602080.0,17092.0
2680146.4,1602084.0,17144.8
2679996.0,1602100.0,17356.0
2679996.0,1602100.0,17356.0
2679996.0,1602100.0,17356.0
2679996.0,1602100.0,17356.0
2679996.0,1602100.0,17356.0
2679996.0,1602100.0,17356.0
2788466.4,1602104.2667,17407.2
3086760.0,1602116.0,17548.0
3086760.0,1602116.0,17548.0
3087186.4,1602116.0,17560.8
3088892.0,1602116.0,17612.0
3088892.0,1602116.0,17612.0
3088892.0,1602116.0,17612.0
3088892.0,1602116.0,17612.0
3088892.0,1602116.0,17612.0
3088892.0,1602116.0,17612.0
3088892.0,1602116.0,17612.0
3088892.0,1602116.0,17612.0
3088892.0,1602116.0,17612.0
3088892.0,1602116.0,17612.0
3088892.0,1602116.0,17612.0
3087846.6667,1602246.6667,17850.933333
3087772.0,1602256.0,17868.0
3087772.0,1602256.0,17868.0
3087772.0,1602256.0,17868.0
3087772.0,1602256.0,17868.0
3087772.0,1602256.0,17868.0
3087772.0,1602256.0,17868.0
3086104.5333,1602276.8,18034.4
3085848.0,1602280.0,18060.0
3085848.0,1602280.0,18060.0
3086981.6,1602283.4667,18115.466667
3087156.0,1602284.0,18124.0
3087156.0,1602284.0,18124.0
3087156.0,1602284.0,18124.0
3087156.0,1602284.0,18124.0
3087156.0,1602284.0,18124.0
3087156.0,1602284.0,18124.0
3087156.0,1602284.0,18124.0
3087156.0,1602284.0,18124.0
3087156.0,1602284.0,18124.0
3087156.0,1602284.0,18124.0
3087156.0,1602284.0,18124.0
3087018.1333,1602301.6,18300.0
3086968.0,1602308.0,18364.0
3086968.0,1602308.0,18364.0
3086968.0,1602308.0,18364.0
3086968.0,1602308.0,18364.0
3086968.0,1602308.0,18364.0
3086968.0,1602308.0,18364.0
3086968.0,1602308.0,18364.0
3086968.0,1602308.0,18364.0
3086968.0,1602308.0,18364.0
3086968.0,1602308.0,18364.0
3086968.0,1602308.0,18364.0
3087023.7333,1602322.6667,18581.066667
3087044.0,1602328.0,18660.0
3087044.0,1602328.0,18660.0
3087044.0,1602328.0,18660.0
3087044.0,1602328.0,18660.0
3087044.0,1602328.0,18660.0
3087044.0,1602328.0,18660.0
3086523.2,1602332.8,18770.4
3086176.0,1602336.0,18844.0
3086176.0,1602336.0,18844.0
3086176.0,1602336.0,18844.0
3086176.0,1602336.0,18844.0
3086176.0,1602336.0,18844.0
3086176.0,1602336.0,18844.0
3086176.0,1602336.0,18844.0
3086176.0,1602336.0,18844.0
3086176.0,1602336.0,18844.0
3086176.0,1602336.0,18844.0
3086176.0,1602336.0,18844.0
3086360.8,1602348.0,18988.0
3086484.0,1602356.0,19084.0
3086484.0,1602356.0,19084.0
3086484.0,1602356.0,19084.0
3085492.8,1602360.8,19151.2
3084832.0,1602364.0,19196.0
3084832.0,1602364.0,19196.0
3085787.2,1602371.2,19224.8
3086424.0,1602376.0,19244.0
3086424.0,1602376.0,19244.0
3086424.0,1602376.0,19244.0
3086424.0,1602376.0,19244.0
3086424.0,1602376.0,19244.0
3086424.0,1602376.0,19244.0
3086424.0,1602376.0,19244.0
3247972.8,1602388.8,19329.333333
3389328.0,1602400.0,19404.0
3389328.0,1602400.0,19404.0
3405897.6,1602400.0,19442.4
3416944.0,1602400.0,19468.0
3416944.0,1602400.0,19468.0
3416944.0,1602400.0,19468.0
3416944.0,1602400.0,19468.0
3416944.0,1602400.0,19468.0
3416944.0,1602400.0,19468.0
3416944.0,1602400.0,19468.0
3416944.0,1602400.0,19468.0
3416944.0,1602400.0,19468.0
3416944.0,1602400.0,19468.0
3416944.0,1602400.0,19468.0
3417270.4,1602484.0,19626.4
3417488.0,1602540.0,19732.0
3417488.0,1602540.0,19732.0
3417488.0,1602540.0,19732.0
3417488.0,1602540.0,19732.0
3417488.0,1602540.0,19732.0
3417488.0,1602540.0,19732.0
3417488.0,1602540.0,19732.0
3417488.0,1602540.0,19732.0
3417488.0,1602540.0,19732.0
3417488.0,1602540.0,19732.0
3417488.0,1602540.0,19732.0
3416650.6667,1602558.6667,19929.333333
3416232.0,1602568.0,20028.0
3416232.0,1602568.0,20028.0
3416232.0,1602568.0,20028.0
3416232.0,1602568.0,20028.0
3416232.0,1602568.0,20028.0
3416232.0,1602568.0,20028.0
3416232.0,1602568.0,20028.0
3416232.0,1602568.0,20028.0
3416232.0,1602568.0,20028.0
3416232.0,1602568.0,20028.0
3416232.0,1602568.0,20028.0
3416130.6667,1602576.0,20193.333333
3416080.0,1602580.0,20276.0
3416080.0,1602580.0,20276.0
3416080.0,1602580.0,20276.0
3416080.0,1602580.0,20276.0
3416080.0,1602580.0,20276.0
3416080.0,1602580.0,20276.0
3416080.0,1602580.0,20276.0
3416080.0,1602580.0,20276.0
3416080.0,1602580.0,20276.0
3416080.0,1602580.0,20276.0
3416080.0,1602580.0,20276.0
3416234.6667,1602593.3333,20484.0
3416312.0,1602600.0,20588.0
3416312.0,1602600.0,20588.0
3416312.0,1602600.0,20588.0
3416312.0,1602600.0,20588.0
3416312.0,1602600.0,20588.0
3416312.0,1602600.0,20588.0
3416312.0,1602600.0,20588.0
3416312.0,1602600.0,20588.0
3416312.0,1602600.0,20588.0
3416312.0,1602600.0,20588.0
3416312.0,1602600.0,20588.0
3415760.0,1602616.0,20764.0
3415484.0,1602624.0,20852.0
3415484.0,1602624.0,20852.0
3415484.0,1602624.0,20852.0
3415484.0,1602624.0,20852.0
3415484.0,1602624.0,20852.0
3415484.0,1602624.0,20852.0
3415484.0,1602624.0,20852.0
3415484.0,1602624.0,20852.0
3415484.0,1602624.0,20852.0
3415484.0,1602624.0,20852.0
3415484.0,1602624.0,20852.0
3415628.0,1602645.6,21048.8
3415724.0,1602660.0,21180.0
3415724.0,1602660.0,21180.0
3415724.0,1602660.0,21180.0
3415724.0,1602660.0,21180.0
3415724.0,1602660.0,21180.0
3415724.0,1602660.0,21180.0
3415724.0,1602660.0,21180.0
3500100.8,1602672.0,21280.8
3556352.0,1602680.0,21348.0
3587417.6,1602686.4,21382.133333
3614600.0,1602692.0,21412.0
3614600.0,1602692.0,21412.0
3613860.8,1602692.0,21441.866667
3613016.0,1602692.0,21476.0
3613016.0,1602692.0,21476.0
3613546.1333,1602693.8667,21505.866667
3614152.0,1602696.0,21540.0
3614152.0,1602696.0,21540.0
3614152.0,1602696.0,21540.0
3614152.0,1602696.0,21540.0
3614152.0,1602696.0,21540.0
3614152.0,1602696.0,21540.0
3614152.0,1602696.0,21540.0
3614152.0,1602696.0,21540.0
3614152.0,1602696.0,21540.0
3614152.0,1602696.0,21540.0
3614152.0,1602696.0,21540.0
3614478.4,1602700.8,21693.6
3614696.0,1602704.0,21796.0
3614696.0,1602704.0,21796.0
3614696.0,1602704.0,21796.0
3614696.0,1602704.0,21796.0
3614696.0,1602704.0,21796.0
3614696.0,1602704.0,21796.0
3614696.0,1602704.0,21796.0
3614696.0,1602704.0,21796.0
3614696.0,1602704.0,21796.0
3614696.0,1602704.0,21796.0
3614696.0,1602704.0,21796.0
3614453.6,1602728.0,21973.6
3614292.0,1602744.0,22092.0
3614292.0,1602744.0,22092.0
3614292.0,1602744.0,22092.0
3614292.0,1602744.0,22092.0
3614292.0,1602744.0,22092.0
3614292.0,1602744.0,22092.0
3614292.0,1602744.0,22092.0
3614292.0,1602744.0,22092.0
3614292.0,1602744.0,22092.0
3614292.0,1602744.0,22092.0
3614292.0,1602744.0,22092.0
3614336.0,1602752.8,22279.733333
3614352.0,1602756.0,22348.0
3614352.0,1602756.0,22348.0
3614352.0,1602756.0,22348.0
3614352.0,1602756.0,22348.0
3614352.0,1602756.0,22348.0
3614352.0,1602756.0,22348.0
3614352.0,1602756.0,22348.0
3614352.0,1602756.0,22348.0
3614352.0,1602756.0,22348.0
3614352.0,1602756.0,22348.0
3614352.0,1602756.0,22348.0
3613831.2,1602772.8,22525.6
3613484.0,1602784.0,22644.0
3613484.0,1602784.0,22644.0
3613484.0,1602784.0,22644.0
3613484.0,1602784.0,22644.0
3613484.0,1602784.0,22644.0
3613484.0,1602784.0,22644.0
3613484.0,1602784.0,22644.0
3613484.0,1602784.0,22644.0
3613484.0,1602784.0,22644.0
3613484.0,1602784.0,22644.0
3613484.0,1602784.0,22644.0
3613512.0,1602793.3333,22726.133333
3613544.0,1602804.0,22820.0
3613544.0,1602804.0,22820.0
3613544.0,1602804.0,22820.0
3613544.0,1602804.0,22820.0
3613544.0,1602804.0,22820.0
3613544.0,1602804.0,22820.0
3613544.0,1602804.0,22820.0
3613544.0,1602804.0,22820.0
3613544.0,1602804.0,22820.0
3613544.0,1602804.0,22820.0
3613544.0,1602804.0,22820.0
3612339.2,1602813.6,22952.0
3611536.0,1602820.0,23040.0
3611536.0,1602820.0,23040.0
3612484.0,1602822.4,23076.0
3613116.0,1602824.0,23100.0
3690434.4,1602826.4,23133.6
3741980.0,1602828.0,23156.0
3741980.0,1602828.0,23156.0
3742742.6667,1602830.6667,23190.666667
3743124.0,1602832.0,23208.0
3743124.0,1602832.0,23208.0
3743124.0,1602832.0,23208.0
3743124.0,1602832.0,23208.0
3743124.0,1602832.0,23208.0
3743124.0,1602832.0,23208.0
3743124.0,1602832.0,23208.0
3743124.0,1602832.0,23208.0
3743124.0,1602832.0,23208.0
3743124.0,1602832.0,23208.0
3743124.0,1602832.0,23208.0
3743022.6667,1602842.6667,23306.666667
3742972.0,1602848.0,23356.0
3742972.0,1602848.0,23356.0
3742972.0,1602848.0,23356.0
3742972.0,1602848.0,23356.0
3742972.0,1602848.0,23356.0
3742972.0,1602848.0,23356.0
3742972.0,1602848.0,23356.0
3742972.0,1602848.0,23356.0
3742972.0,1602848.0,23356.0
3742972.0,1602848.0,23356.0
3742972.0,1602848.0,23356.0
3742739.4667,1602860.8,23473.333333
3742536.0,1602872.0,23576.0
3742536.0,1602872.0,23576.0
3742536.0,1602872.0,23576.0
3742536.0,1602872.0,23576.0
3742536.0,1602872.0,23576.0
3742536.0,1602872.0,23576.0
3742536.0,1602872.0,23576.0
3742536.0,1602872.0,23576.0
3742536.0,1602872.0,23576.0
3742536.0,1602872.0,23576.0
3742536.0,1602872.0,23576.0
3742117.8667,1602890.6667,23654.4
3741640.0,1602912.0,23744.0
3741640.0,1602912.0,23744.0
3741640.0,1602912.0,23744.0
3741640.0,1602912.0,23744.0
3741640.0,1602912.0,23744.0
3741640.0,1602912.0,23744.0
3741640.0,1602912.0,23744.0
3741640.0,1602912.0,23744.0
3741640.0,1602912.0,23744.0
3741640.0,1602912.0,23744.0
3741640.0,1602912.0,23744.0
3741768.8,1602921.3333,23828.0
3741916.0,1602932.0,23924.0
3741916.0,1602932.0,23924.0
3741916.0,1602932.0,23924.0
3741916.0,1602932.0,23924.0
3741320.8,1602936.8,23979.2
3740924.0,1602940.0,24016.0
3740924.0,1602940.0,24016.0
3740924.0,1602940.0,24016.0
3740924.0,1602940.0,24016.0
3740924.0,1602940.0,24016.0
3740924.0,1602940.0,24016.0
3740924.0,1602940.0,24016.0
3740924.0,1602940.0,24016.0
3740924.0,1602940.0,24016.0
3740924.0,1602940.0,24016.0
3740924.0,1602940.0,24016.0
3741470.1333,1602946.4,24101.333333
3741948.0,1602952.0,24176.0
3740877.6,1603031.2,24200.0
3740164.0,1603084.0,24216.0
3740975.2,1603084.0,24242.4
3741516.0,1603084.0,24260.0
3741516.0,1603084.0,24260.0
3741516.0,1603084.0,24260.0
3741516.0,1603084.0,24260.0
3741516.0,1603084.0,24260.0
3741516.0,1603084.0,24260.0
3741516.0,1603084.0,24260.0
3741516.0,1603084.0,24260.0
3741516.0,1603084.0,24260.0
3741516.0,1603084.0,24260.0
5341267.2,1599164.8,24358.4
6407768.0,1596552.0,24424.0
