3741878.1333,78856.0,1908.2666667
2988880.0,242864.0,4120.0
2988880.0,242864.0,4120.0
2763125.3333,289190.93333,4128.0
1295720.0,590316.0,4180.0
1295720.0,590316.0,4180.0
1295720.0,590316.0,4180.0
1295720.0,590316.0,4180.0
1295720.0,590316.0,4180.0
1295720.0,590316.0,4180.0
1295720.0,590316.0,4180.0
1295720.0,590316.0,4180.0
1299932.0,590452.0,4364.0
1299932.0,590452.0,4364.0
1299932.0,590452.0,4364.0
1299932.0,590452.0,4364.0
1303397.0667,590453.06667,4372.0
1351908.0,590468.0,4484.0
1351908.0,590468.0,4484.0
1351908.0,590468.0,4484.0
1351908.0,590468.0,4484.0
1351908.0,590468.0,4484.0
1351908.0,590468.0,4484.0
1351908.0,590468.0,4484.0
1358992.2667,590470.66667,4507.4666667
1405040.0,590488.0,4660.0
1405040.0,590488.0,4660.0
1405040.0,590488.0,4660.0
1405040.0,590488.0,4660.0
1405040.0,590488.0,4660.0
1416610.4,590488.8,4682.4
1462892.0,590492.0,4772.0
1462892.0,590492.0,4772.0
1462892.0,590492.0,4772.0
1462892.0,590492.0,4772.0
1462892.0,590492.0,4772.0
1462892.0,590492.0,4772.0
1462892.0,590492.0,4772.0
1474277.0667,590628.0,4848.8
1548280.0,591512.0,5348.0
1548280.0,591512.0,5348.0
1548280.0,591512.0,5348.0
1548280.0,591512.0,5348.0
1551958.4,591512.26667,5356.0
1603456.0,591516.0,5468.0
1603456.0,591516.0,5468.0
1603456.0,591516.0,5468.0
1603456.0,591516.0,5468.0
1603456.0,591516.0,5468.0
1603456.0,591516.0,5468.0
1603456.0,591516.0,5468.0
1606856.0,591517.6,5479.2
1654456.0,591540.0,5636.0
1654456.0,591540.0,5636.0
1654456.0,591540.0,5636.0
1654456.0,591540.0,5636.0
1657455.4667,591540.53333,5645.0666667
1699448.0,591548.0,5772.0
1699448.0,591548.0,5772.0
1699448.0,591548.0,5772.0
1699448.0,591548.0,5772.0
1699448.0,591548.0,5772.0
1699448.0,591548.0,5772.0
1699448.0,591548.0,5772.0
1702322.9333,591548.26667,5784.2666667
1742572.0,591552.0,5956.0
1742572.0,591552.0,5956.0
1742572.0,591552.0,5956.0
1742572.0,591552.0,5956.0
1742572.0,591552.0,5956.0
3321312.0,584984.0,6084.0
3321312.0,584984.0,6084.0
