7696729.3333,121214.66667,2417.3333333
7186052.0,212844.0,3788.0
7186052.0,212844.0,3788.0
7130279.2,223116.0,3818.4
7046620.0,238524.0,3864.0
7046620.0,238524.0,3864.0
7019388.0,238528.8,3883.2
6978540.0,238536.0,3912.0
6978540.0,238536.0,3912.0
6887168.5333,238539.73333,3934.4
6782744.0,238544.0,3960.0
6782744.0,238544.0,3960.0
6782744.0,238544.0,3960.0
6782744.0,238544.0,3960.0
6782744.0,238544.0,3960.0
6782744.0,238544.0,3960.0
6782744.0,238544.0,3960.0
6782744.0,238544.0,3960.0
6782744.0,238544.0,3960.0
6780312.0,238552.53333,4088.0
6778184.0,238560.0,4200.0
6778184.0,238560.0,4200.0
6778184.0,238560.0,4200.0
6778184.0,238560.0,4200.0
6778184.0,238560.0,4200.0
6769266.6667,238980.26667,4332.2666667
6761464.0,239348.0,4448.0
6761464.0,239348.0,4448.0
6761464.0,239348.0,4448.0
6761464.0,239348.0,4448.0
6761464.0,239348.0,4448.0
6761464.0,239348.0,4448.0
6761464.0,239348.0,4448.0
