7524423.2,156823.2,3120.0
7241812.0,208284.0,3920.0
7241812.0,208284.0,3920.0
5780182.6667,479908.0,3970.6666667
5049368.0,615720.0,3996.0
5049368.0,615720.0,3996.0
5048232.8,615720.0,4031.2
5047820.0,615720.0,4044.0
5047045.6,615728.8,4096.8
5046764.0,615732.0,4116.0
5046764.0,615732.0,4116.0
5046764.0,615732.0,4116.0
5046764.0,615732.0,4116.0
5046764.0,615732.0,4116.0
5046764.0,615732.0,4116.0
5046764.0,615732.0,4116.0
5046764.0,615732.0,4116.0
5046764.0,615732.0,4116.0
5046764.0,615732.0,4116.0
5046764.0,615732.0,4116.0
5046447.2,615749.6,4274.4
5046332.0,615756.0,4332.0
5046332.0,615756.0,4332.0
5046332.0,615756.0,4332.0
5046332.0,615756.0,4332.0
5046332.0,615756.0,4332.0
5046332.0,615756.0,4332.0
5046332.0,615756.0,4332.0
5046332.0,615756.0,4332.0
5046332.0,615756.0,4332.0
5046332.0,615756.0,4332.0
5046332.0,615756.0,4332.0
5045510.6667,616348.53333,4645.8666667
5045212.0,616564.0,4760.0
5045212.0,616564.0,4760.0
5043540.0,618194.93333,5070.9333333
5042932.0,618788.0,5184.0
5042932.0,618788.0,5184.0
5042932.0,618788.0,5184.0
5042932.0,618788.0,5184.0
5040942.1333,618794.93333,5291.4666667
5040636.0,618796.0,5308.0
5040636.0,618796.0,5308.0
5040636.0,618796.0,5308.0
5040636.0,618796.0,5308.0
5040636.0,618796.0,5308.0
5040636.0,618796.0,5308.0
5040636.0,618796.0,5308.0
5040636.0,618796.0,5308.0
5040636.0,618796.0,5308.0
5040636.0,618796.0,5308.0
5040636.0,618796.0,5308.0
5039604.0,618808.0,5548.0
5039604.0,618808.0,5548.0
5039604.0,618808.0,5548.0
5039604.0,618808.0,5548.0
5039604.0,618808.0,5548.0
5039604.0,618808.0,5548.0
5039604.0,618808.0,5548.0
5039604.0,618808.0,5548.0
5039604.0,618808.0,5548.0
5039577.8667,618814.4,5564.0
5039212.0,618904.0,5788.0
5039212.0,618904.0,5788.0
5039212.0,618904.0,5788.0
5037356.0,618920.0,5844.0
5037356.0,618920.0,5844.0
5037356.0,618920.0,5844.0
5037356.0,618920.0,5844.0
5037356.0,618920.0,5844.0
5037356.0,618920.0,5844.0
5037356.0,618920.0,5844.0
5037356.0,618920.0,5844.0
5037356.0,618920.0,5844.0
5037356.0,618920.0,5844.0
5037356.0,618920.0,5844.0
5037327.2,618926.4,5895.2
5035680.2667,619686.93333,6248.2666667
5025724.0,624464.0,7212.0
5025724.0,624464.0,7212.0
5025974.1333,624676.26667,7218.9333333
5027600.0,626056.0,7264.0
5027600.0,626056.0,7264.0
5027600.0,626056.0,7264.0
5027600.0,626056.0,7264.0
5027600.0,626056.0,7264.0
5027600.0,626056.0,7264.0
5027600.0,626056.0,7264.0
5027600.0,626056.0,7264.0
5018052.0,626276.0,7424.0
5018052.0,626276.0,7424.0
5016424.0,626280.0,7480.0
5016424.0,626280.0,7480.0
5016424.0,626280.0,7480.0
5016424.0,626280.0,7480.0
5016424.0,626280.0,7480.0
5016424.0,626280.0,7480.0
5016424.0,626280.0,7480.0
5016424.0,626280.0,7480.0
5016424.0,626280.0,7480.0
5016424.0,626280.0,7480.0
5016424.0,626280.0,7480.0
5016424.0,626280.0,7480.0
5016991.4667,626324.8,7916.8
5017032.0,626328.0,7948.0
5017032.0,626328.0,7948.0
5017032.0,626328.0,7948.0
5017032.0,626328.0,7948.0
5017032.0,626328.0,7948.0
5017032.0,626328.0,7948.0
5017032.0,626328.0,7948.0
5017032.0,626328.0,7948.0
5017032.0,626328.0,7948.0
5017032.0,626328.0,7948.0
5017032.0,626328.0,7948.0
5015001.0667,626406.4,8242.9333333
5014856.0,626412.0,8264.0
5014856.0,626412.0,8264.0
5016726.4,626419.46667,8323.7333333
5016860.0,626420.0,8328.0
5016860.0,626420.0,8328.0
5016860.0,626420.0,8328.0
5016860.0,626420.0,8328.0
5016860.0,626420.0,8328.0
5016860.0,626420.0,8328.0
5016860.0,626420.0,8328.0
5016860.0,626420.0,8328.0
5016860.0,626420.0,8328.0
5016860.0,626420.0,8328.0
5015528.0,626436.0,8560.0
5015528.0,626436.0,8560.0
5015528.0,626436.0,8560.0
5015528.0,626436.0,8560.0
5015528.0,626436.0,8560.0
5015528.0,626436.0,8560.0
5015528.0,626436.0,8560.0
5015528.0,626436.0,8560.0
5015528.0,626436.0,8560.0
5015528.0,626436.0,8560.0
5003692.8,626446.4,8747.2
5001872.0,626448.0,8776.0
5001872.0,626448.0,8776.0
5001872.0,626448.0,8776.0
5001872.0,626448.0,8776.0
5001872.0,626448.0,8776.0
5001872.0,626448.0,8776.0
5001872.0,626448.0,8776.0
5001872.0,626448.0,8776.0
5001872.0,626448.0,8776.0
5001872.0,626448.0,8776.0
5001872.0,626448.0,8776.0
5000128.2667,626468.8,8977.0666667
4999860.0,626472.0,9008.0
4999860.0,626472.0,9008.0
4999860.0,626472.0,9008.0
4998396.5333,626483.2,9120.0
4998292.0,626484.0,9128.0
4998292.0,626484.0,9128.0
4999936.0,626488.0,9192.0
4999936.0,626488.0,9192.0
4999936.0,626488.0,9192.0
4999936.0,626488.0,9192.0
4999936.0,626488.0,9192.0
4999936.0,626488.0,9192.0
4999936.0,626488.0,9192.0
4999936.0,626488.0,9192.0
4999936.0,626488.0,9192.0
4999936.0,626488.0,9192.0
4999936.0,626488.0,9192.0
4999829.3333,626505.06667,9324.2666667
4999829.3333,626505.06667,9324.2666667
4999736.0,626520.0,9440.0
4999736.0,626520.0,9440.0
4999736.0,626520.0,9440.0
4999736.0,626520.0,9440.0
4999736.0,626520.0,9440.0
4999736.0,626520.0,9440.0
4999736.0,626520.0,9440.0
4999736.0,626520.0,9440.0
4999736.0,626520.0,9440.0
4999736.0,626520.0,9440.0
4999736.0,626520.0,9440.0
4999138.6667,626546.13333,9738.6666667
4999096.0,626548.0,9760.0
4999096.0,626548.0,9760.0
4999096.0,626548.0,9760.0
4999143.7333,626549.6,9767.4666667
4999812.0,626572.0,9872.0
4999812.0,626572.0,9872.0
4999685.8667,626572.26667,9876.2666667
4997920.0,626576.0,9936.0
4997920.0,626576.0,9936.0
4997920.0,626576.0,9936.0
4997920.0,626576.0,9936.0
4997920.0,626576.0,9936.0
4997920.0,626576.0,9936.0
4997920.0,626576.0,9936.0
4997920.0,626576.0,9936.0
4997920.0,626576.0,9936.0
4997920.0,626576.0,9936.0
4997920.0,626576.0,9936.0
4997920.0,626576.0,9936.0
4997764.0,626664.0,10168.0
4997764.0,626664.0,10168.0
4997764.0,626664.0,10168.0
4997764.0,626664.0,10168.0
4997764.0,626664.0,10168.0
4997764.0,626664.0,10168.0
4997764.0,626664.0,10168.0
4997764.0,626664.0,10168.0
4997764.0,626664.0,10168.0
4997764.0,626664.0,10168.0
4997764.0,626664.0,10168.0
4997764.0,626664.0,10168.0
4997268.2667,626667.46667,10438.4
4997192.0,626668.0,10480.0
4997192.0,626668.0,10480.0
4997192.0,626668.0,10480.0
4997192.0,626668.0,10480.0
4997192.0,626668.0,10480.0
4997192.0,626668.0,10480.0
4997192.0,626668.0,10480.0
4997192.0,626668.0,10480.0
4997192.0,626668.0,10480.0
4997192.0,626668.0,10480.0
4997192.0,626668.0,10480.0
4997046.4,626731.46667,10681.6
4997036.0,626736.0,10696.0
4997036.0,626736.0,10696.0
4997036.0,626736.0,10696.0
4997036.0,626736.0,10696.0
4997036.0,626736.0,10696.0
4997036.0,626736.0,10696.0
4997036.0,626736.0,10696.0
4997036.0,626736.0,10696.0
4997036.0,626736.0,10696.0
4997036.0,626736.0,10696.0
4997036.0,626736.0,10696.0
4996578.4,626835.2,10926.4
4996464.0,626860.0,10984.0
4996464.0,626860.0,10984.0
4996464.0,626860.0,10984.0
4996464.0,626860.0,10984.0
4996464.0,626860.0,10984.0
4996464.0,626860.0,10984.0
4996464.0,626860.0,10984.0
4996464.0,626860.0,10984.0
4996464.0,626860.0,10984.0
4996464.0,626860.0,10984.0
4996464.0,626860.0,10984.0
4996528.0,626868.0,11154.666667
4996560.0,626872.0,11240.0
4996560.0,626872.0,11240.0
4996560.0,626872.0,11240.0
4996560.0,626872.0,11240.0
4996560.0,626872.0,11240.0
4996560.0,626872.0,11240.0
4996560.0,626872.0,11240.0
4996560.0,626872.0,11240.0
4996560.0,626872.0,11240.0
4996560.0,626872.0,11240.0
4996560.0,626872.0,11240.0
4995952.0,626878.4,11483.2
4995800.0,626880.0,11544.0
4995800.0,626880.0,11544.0
4995800.0,626880.0,11544.0
4995800.0,626880.0,11544.0
4995800.0,626880.0,11544.0
4995800.0,626880.0,11544.0
4995800.0,626880.0,11544.0
