7775911.4667,100168.0,2195.2
7268524.0,183196.0,3876.0
6858263.2,292794.4,3888.8
5217220.0,731188.0,3940.0
5217220.0,731188.0,3940.0
4737185.8667,830564.0,3952.8
3417092.0,1103848.0,3988.0
3417092.0,1103848.0,3988.0
3344853.6,1103849.6,4001.6
3055900.0,1103856.0,4056.0
3055900.0,1103856.0,4056.0
3055900.0,1103856.0,4056.0
3055900.0,1103856.0,4056.0
3055900.0,1103856.0,4056.0
3055900.0,1103856.0,4056.0
3055900.0,1103856.0,4056.0
3055900.0,1103856.0,4056.0
3055900.0,1103856.0,4056.0
3055412.5333,1104075.7333,4162.6666667
3054072.0,1104680.0,4456.0
3054072.0,1104680.0,4456.0
3053774.4,1104682.1333,4473.0666667
3052956.0,1104688.0,4520.0
3052956.0,1104688.0,4520.0
3052956.0,1104688.0,4520.0
3052956.0,1104688.0,4520.0
3052956.0,1104688.0,4520.0
3052956.0,1104688.0,4520.0
3052956.0,1104688.0,4520.0
3052956.0,1104688.0,4520.0
3052956.0,1104688.0,4520.0
3052853.3333,1104688.5333,4536.0
3051416.0,1104696.0,4760.0
3051416.0,1104696.0,4760.0
3051416.0,1104696.0,4760.0
3051416.0,1104696.0,4760.0
3051416.0,1104696.0,4760.0
3051416.0,1104696.0,4760.0
3051416.0,1104696.0,4760.0
3051416.0,1104696.0,4760.0
3051416.0,1104696.0,4760.0
3051416.0,1104696.0,4760.0
3051416.0,1104696.0,4760.0
3051416.0,1104696.0,4760.0
3051415.2,1104698.6667,4777.0666667
3051404.0,1104736.0,5016.0
3051404.0,1104736.0,5016.0
3051404.0,1104736.0,5016.0
3051404.0,1104736.0,5016.0
3051404.0,1104736.0,5016.0
3051404.0,1104736.0,5016.0
3051404.0,1104736.0,5016.0
3051404.0,1104736.0,5016.0
3051404.0,1104736.0,5016.0
3051404.0,1104736.0,5016.0
3051404.0,1104736.0,5016.0
3168580.0,1104752.0,5344.0
3168580.0,1104752.0,5344.0
3168580.0,1104752.0,5344.0
3168580.0,1104752.0,5344.0
3168580.0,1104752.0,5344.0
3168580.0,1104752.0,5344.0
3168580.0,1104752.0,5344.0
3168580.0,1104752.0,5344.0
3168580.0,1104752.0,5344.0
3168580.0,1104752.0,5344.0
3168580.0,1104752.0,5344.0
3310428.0,1104768.0,5584.0
3310428.0,1104768.0,5584.0
3315112.8,1104768.2667,5588.2666667
3380700.0,1104772.0,5648.0
3380700.0,1104772.0,5648.0
3380700.0,1104772.0,5648.0
3380700.0,1104772.0,5648.0
3380700.0,1104772.0,5648.0
3380700.0,1104772.0,5648.0
3380700.0,1104772.0,5648.0
3380700.0,1104772.0,5648.0
3380700.0,1104772.0,5648.0
3380700.0,1104772.0,5648.0
3406857.6,1104804.0,5699.2
3511488.0,1104932.0,5904.0
3511181.8667,1104933.0667,5921.0666667
3510340.0,1104936.0,5968.0
3510340.0,1104936.0,5968.0
3510725.6,1104934.4,5979.2
3512268.0,1104928.0,6024.0
3512268.0,1104928.0,6024.0
3512268.0,1104928.0,6024.0
3512268.0,1104928.0,6024.0
3528423.7333,1104930.1333,6058.1333333
3572852.0,1104936.0,6152.0
3572852.0,1104936.0,6152.0
3603836.5333,1104955.2,6169.0666667
3689044.0,1105008.0,6216.0
3689044.0,1105008.0,6216.0
3689044.0,1105008.0,6216.0
3689044.0,1105008.0,6216.0
3689044.0,1105008.0,6216.0
3689044.0,1105008.0,6216.0
3689044.0,1105008.0,6216.0
3688009.3333,1105586.1333,6366.4
3685164.0,1107176.0,6780.0
3685164.0,1107176.0,6780.0
3706343.2,1107178.4,6792.8
3791060.0,1107188.0,6844.0
3791060.0,1107188.0,6844.0
3791060.0,1107188.0,6844.0
3791060.0,1107188.0,6844.0
3791060.0,1107188.0,6844.0
3791060.0,1107188.0,6844.0
3791060.0,1107188.0,6844.0
3791060.0,1107188.0,6844.0
3791060.0,1107188.0,6844.0
3816066.9333,1107193.3333,6908.0
3884836.0,1107208.0,7084.0
3884836.0,1107208.0,7084.0
3884836.0,1107208.0,7084.0
3884836.0,1107208.0,7084.0
3884836.0,1107208.0,7084.0
3884836.0,1107208.0,7084.0
3884836.0,1107208.0,7084.0
3884836.0,1107208.0,7084.0
3884836.0,1107208.0,7084.0
3884836.0,1107208.0,7084.0
3884836.0,1107208.0,7084.0
3884913.6,1107224.8,7133.6
3885224.0,1107292.0,7332.0
4492733.6,1105979.2,7344.8
6922772.0,1100728.0,7396.0
