vda,55.60,0.22,0.00,1,0
vda,3.60,0.00,0.01,0,0
vda,43.00,0.02,0.16,0,0
vda,1.60,0.00,0.01,0,0
vda,64.80,0.43,0.01,2,0
vda,15.20,0.12,0.01,0,0
vda,224.60,9.86,0.01,49,0
vda,122.20,14.80,0.01,74,0
vda,5.80,0.71,0.00,3,0
vda,2.60,0.00,0.01,0,0
vda,55.60,0.00,0.23,0,1
vda,7.60,0.00,0.03,0,0
vda,1.40,0.00,0.01,0,0
vda,6.20,0.00,1.30,0,6
vda,2.00,0.00,0.01,0,0
vda,2.00,0.00,0.01,0,0
vda,2.80,0.00,0.01,0,0
vda,2.60,0.00,0.02,0,0
vda,19.00,0.00,0.08,0,0
vda,33.80,0.00,0.14,0,0
vda,1.40,0.00,0.01,0,0
vda,8.40,0.00,0.03,0,0
vda,2.40,0.00,0.01,0,0
vda,0.20,0.00,0.00,0,0
vda,4.80,0.00,0.02,0,0
vda,12.40,0.00,0.05,0,0
vda,8.80,0.00,0.04,0,0
vda,2.20,0.00,0.01,0,0
vda,23.00,0.00,0.09,0,0
vda,0.20,0.00,0.00,0,0
vda,1.60,0.00,0.01,0,0
vda,3.80,0.00,0.02,0,0
vda,1.00,0.00,0.00,0,0
vda,18.20,0.00,0.07,0,0
vda,3.00,0.00,0.01,0,0
vda,1.40,0.00,0.01,0,0
vda,1.80,0.00,0.01,0,0
vda,36.20,0.00,0.15,0,0
vda,0.20,0.00,0.00,0,0
vda,2.60,0.00,0.02,0,0
vda,13.00,0.00,0.05,0,0
vda,7.00,0.00,0.03,0,0
vda,1.20,0.00,0.00,0,0
vda,3.60,0.00,0.01,0,0
vda,0.80,0.00,0.00,0,0
vda,1.80,0.00,0.01,0,0
vda,35.60,0.00,0.14,0,0
vda,1.20,0.00,0.01,0,0
vda,18.00,0.00,0.07,0,0
vda,2.20,0.00,0.01,0,0
vda,7.40,0.00,0.03,0,0
vda,1.80,0.00,0.01,0,0
vda,2.20,0.00,0.01,0,0
vda,0.00,0.00,0.00,0,0
vda,5.00,0.00,0.02,0,0
vda,51.60,0.00,0.21,0,1
vda,0.40,0.00,0.00,0,0
vda,1.40,0.00,0.01,0,0
vda,3.00,0.00,0.01,0,0
vda,0.00,0.00,0.00,0,0
vda,1.20,0.00,0.00,0,0
vda,10.40,0.00,0.04,0,0
vda,0.00,0.00,0.00,0,0
vda,15.40,0.00,0.06,0,0
vda,21.80,0.00,0.09,0,0
vda,1.20,0.00,0.00,0,0
vda,1.80,0.00,0.01,0,0
vda,1.80,0.00,0.01,0,0
vda,1.20,0.00,0.01,0,0
vda,1.60,0.00,0.01,0,0
vda,26.00,0.00,0.11,0,0
vda,0.60,0.00,0.00,0,0
vda,1.60,0.00,0.01,0,0
vda,35.60,0.00,0.14,0,0
vda,1.40,0.00,0.01,0,0
vda,2.40,0.00,0.01,0,0
vda,2.40,0.00,0.01,0,0
vda,0.00,0.00,0.00,0,0
vda,17.80,0.00,0.07,0,0
vda,2.40,0.00,0.01,0,0
vda,6.99,0.00,0.03,0,0
vda,3.00,0.00,0.02,0,0
vda,35.80,0.00,0.14,0,0
vda,1.00,0.00,0.00,0,0
vda,2.20,0.00,0.01,0,0
vda,13.40,0.00,0.06,0,0
vda,0.40,0.00,0.00,0,0
vda,1.60,0.00,0.01,0,0
vda,2.80,0.00,0.01,0,0
vda,1.00,0.00,0.01,0,0
vda,8.20,0.00,0.03,0,0
vda,35.80,0.00,0.14,0,0
vda,17.80,0.00,0.07,0,0
vda,1.60,0.00,0.01,0,0
vda,11.20,0.00,0.05,0,0
vda,0.00,0.00,0.00,0,0
vda,2.60,0.00,0.01,0,0
vda,2.20,0.00,0.01,0,0
vda,0.00,0.00,0.00,0,0
vda,1.20,0.00,0.00,0,0
vda,52.60,0.14,0.15,0,0
vda,2.20,0.00,0.01,0,0
vda,11.60,0.05,0.00,0,0
vda,2.20,0.00,0.01,0,0
vda,3.60,0.00,0.02,0,0
vda,1.20,0.00,0.00,0,0
vda,2.80,0.00,0.01,0,0
vda,33.60,0.00,0.14,0,0
vda,1.40,0.00,0.01,0,0
vda,47.60,0.00,0.19,0,0
vda,0.00,0.00,0.00,0,0
vda,2.40,0.00,0.01,0,0
vda,2.80,0.00,0.01,0,0
vda,0.00,0.00,0.00,0,0
vda,2.80,0.00,0.01,0,0
vda,19.60,0.00,0.08,0,0
vda,0.00,0.00,0.00,0,0
vda,1.40,0.00,0.01,0,0
vda,36.20,0.00,0.15,0,0
vda,1.20,0.00,0.01,0,0
vda,8.20,0.00,0.03,0,0
vda,2.40,0.00,0.01,0,0
vda,11.00,0.00,0.05,0,0
vda,3.00,0.00,0.01,0,0
vda,3.20,0.00,0.01,0,0
vda,0.00,0.00,0.00,0,0
vda,2.40,0.00,0.02,0,0
vda,35.80,0.00,0.14,0,0
vda,1.40,0.00,0.01,0,0
vda,7.00,0.00,0.03,0,0
vda,19.40,0.00,0.08,0,0
vda,1.40,0.00,0.01,0,0
vda,0.20,0.00,0.00,0,0
vda,3.20,0.00,0.02,0,0
vda,2.00,0.00,0.01,0,0
vda,1.20,0.00,0.00,0,0
vda,25.00,0.00,0.10,0,0
vda,17.00,0.00,0.07,0,0
vda,1.20,0.00,0.00,0,0
vda,2.20,0.00,0.01,0,0
vda,7.80,0.00,0.04,0,0
vda,1.20,0.00,0.00,0,0
vda,3.60,0.00,0.01,0,0
vda,0.00,0.00,0.00,0,0
vda,3.20,0.00,0.01,0,0
vda,46.80,0.00,0.19,0,0
vda,0.00,0.00,0.00,0,0
vda,2.60,0.00,0.02,0,0
vda,2.60,0.00,0.01,0,0
vda,0.20,0.00,0.00,0,0
vda,8.60,0.00,0.03,0,0
vda,2.40,0.00,0.01,0,0
vda,17.20,0.00,0.07,0,0
vda,3.20,0.00,0.01,0,0
vda,36.40,0.00,0.15,0,0
vda,1.20,0.00,0.01,0,0
vda,1.60,0.00,0.01,0,0
vda,2.20,0.00,0.01,0,0
vda,0.20,0.00,0.00,0,0
vda,8.60,0.00,0.03,0,0
vda,14.60,0.00,0.06,0,0
vda,0.00,0.00,0.00,0,0
vda,4.60,0.00,0.02,0,0
vda,35.60,0.00,0.14,0,0
vda,1.60,0.00,0.01,0,0
vda,0.00,0.00,0.00,0,0
vda,2.60,0.00,0.01,0,0
vda,25.60,0.00,0.10,0,0
vda,0.00,0.00,0.00,0,0
vda,3.60,0.00,0.02,0,0
vda,0.20,0.00,0.00,0,0
vda,1.20,0.00,0.00,0,0
vda,25.00,0.00,0.10,0,0
vda,0.00,0.00,0.00,0,0
vda,2.40,0.00,0.01,0,0
vda,19.40,0.00,0.08,0,0
vda,3.80,0.00,0.01,0,0
vda,3.80,0.00,0.02,0,0
vda,2.60,0.00,0.01,0,0
vda,0.60,0.00,0.00,0,0
vda,8.40,0.00,0.03,0,0
vda,36.60,0.00,0.15,0,0
vda,14.00,0.00,0.06,0,0
vda,1.40,0.00,0.01,0,0
vda,3.60,0.00,0.01,0,0
