7985636.0,47000.0,3372.0
7985636.0,47000.0,3372.0
7629341.6,110423.73333,3676.2666667
7222148.0,182908.0,4024.0
7222148.0,182908.0,4024.0
7222148.0,182908.0,4024.0
7222148.0,182908.0,4024.0
7222148.0,182908.0,4024.0
7222148.0,182908.0,4024.0
7222148.0,182908.0,4024.0
7138250.4,182940.0,4097.6
7012404.0,182988.0,4208.0
7012404.0,182988.0,4208.0
7011741.6,183024.8,4227.2
7010748.0,183080.0,4256.0
7010748.0,183080.0,4256.0
7010748.0,183080.0,4256.0
7010748.0,183080.0,4256.0
7010748.0,183080.0,4256.0
7010748.0,183080.0,4256.0
7010748.0,183080.0,4256.0
6960904.8,183083.2,4313.6
6886140.0,183088.0,4400.0
6886140.0,183088.0,4400.0
6886140.0,183088.0,4400.0
6886140.0,183088.0,4400.0
6886140.0,183088.0,4400.0
6886140.0,183088.0,4400.0
6886140.0,183088.0,4400.0
6886140.0,183088.0,4400.0
6886140.0,183088.0,4400.0
6886140.0,183088.0,4400.0
6885576.0,183197.6,4476.0
6883320.0,183636.0,4780.0
6883109.6,183684.8,4791.2
6882268.0,183880.0,4836.0
6882268.0,183880.0,4836.0
6882268.0,183880.0,4836.0
6882268.0,183880.0,4836.0
6882268.0,183880.0,4836.0
6882268.0,183880.0,4836.0
6882268.0,183880.0,4836.0
6882268.0,183880.0,4836.0
6882268.0,183880.0,4836.0
6882268.0,183880.0,4836.0
6882268.0,183880.0,4836.0
6882329.8667,183885.33333,4887.2
6878837.0667,183901.06667,5040.8
6868764.0,183904.0,5076.0
6868764.0,183904.0,5076.0
6868201.8667,183907.2,5093.0666667
6866656.0,183916.0,5140.0
6866656.0,183916.0,5140.0
6866656.0,183916.0,5140.0
6866656.0,183916.0,5140.0
6865830.4,183920.26667,5165.6
6863560.0,183932.0,5236.0
6863560.0,183932.0,5236.0
7061024.0,182625.6,5248.8
