16214789.333,46774.666667,2854.6666667
16210688.0,51236.0,3364.0
16210688.0,51236.0,3364.0
16196612.8,60632.8,3444.0
16175500.0,74728.0,3564.0
16080213.6,89577.6,3588.0
15937284.0,111852.0,3624.0
15937284.0,111852.0,3624.0
15462161.44,174208.8,3828.16
15462161.44,174208.8,3828.16
15462161.44,174208.8,3828.16
15462161.44,174208.8,3828.16
15462161.44,174208.8,3828.16
15397372.0,182712.0,3856.0
15309873.333,199768.0,3887.2
15296412.0,202392.0,3892.0
15295441.333,202946.66667,3902.4
15295292.0,203032.0,3904.0
15288901.244,209839.37778,3926.9333333
15288901.244,209839.37778,3926.9333333
15288901.244,209839.37778,3926.9333333
15288236.8,210310.4,3928.8
15286768.0,210928.0,3932.0
15286768.0,210928.0,3932.0
15187977.6,234138.66667,3960.4444444
15187977.6,234138.66667,3960.4444444
15187977.6,234138.66667,3960.4444444
15147844.0,243568.0,3972.0
15147844.0,243568.0,3972.0
15106010.667,255049.33333,3988.0
15022344.0,278012.0,4020.0
15022344.0,278012.0,4020.0
15021550.4,278490.93333,4024.2666667
15019368.0,279808.0,4036.0
14972026.667,292866.66667,4048.0
14877344.0,318984.0,4072.0
14877344.0,318984.0,4072.0
14859345.067,326084.8,4082.6666667
14809848.0,345612.0,4112.0
14809848.0,345612.0,4112.0
14743219.733,365172.53333,4131.2
14559992.0,418964.0,4184.0
14532031.467,430673.86667,4197.8666667
14455140.0,462876.0,4236.0
14455140.0,462876.0,4236.0
14374145.333,479004.0,4256.0
14212156.0,511260.0,4296.0
14212156.0,511260.0,4296.0
14147212.0,529695.2,4309.6
13887436.0,603436.0,4364.0
13758597.6,637556.53333,4381.0666667
13404292.0,731388.0,4428.0
13404292.0,731388.0,4428.0
13378912.0,742495.2,4439.2
13277392.0,786924.0,4484.0
13277392.0,786924.0,4484.0
13178680.0,792553.86667,4491.4666667
12537052.0,829148.0,4540.0
12537052.0,829148.0,4540.0
12537052.0,829148.0,4540.0
12537052.0,829148.0,4540.0
12537052.0,829148.0,4540.0
12537052.0,829148.0,4540.0
12537052.0,829148.0,4540.0
12537052.0,829148.0,4540.0
12537052.0,829148.0,4540.0
12537052.0,829148.0,4540.0
12537052.0,829148.0,4540.0
12536936.533,829148.8,4554.9333333
12534892.267,829163.73333,4769.3333333
12532112.0,829188.0,4804.0
12532112.0,829188.0,4804.0
12531309.6,829188.0,4815.2
12528100.0,829188.0,4860.0
12528100.0,829188.0,4860.0
12528100.0,829188.0,4860.0
12528100.0,829188.0,4860.0
12528100.0,829188.0,4860.0
12528100.0,829188.0,4860.0
12528100.0,829188.0,4860.0
12528100.0,829188.0,4860.0
12528100.0,829188.0,4860.0
12527466.4,829228.53333,4928.2666667
12525724.0,829340.0,5116.0
12525724.0,829340.0,5116.0
12525456.8,829340.8,5128.8
12524388.0,829344.0,5180.0
12524388.0,829344.0,5180.0
12524016.8,829348.0,5192.8
12522532.0,829364.0,5244.0
12522756.533,829363.46667,5252.5333333
12524216.0,829360.0,5308.0
12524216.0,829360.0,5308.0
12524356.8,829371.2,5316.5333333
12525272.0,829444.0,5372.0
12525272.0,829444.0,5372.0
12525272.0,829444.0,5372.0
12525272.0,829444.0,5372.0
12525272.0,829444.0,5372.0
12525272.0,829444.0,5372.0
12525272.0,829444.0,5372.0
12525272.0,829444.0,5372.0
12518516.0,829464.0,5540.0
12518516.0,829464.0,5540.0
12518516.0,829464.0,5540.0
12517488.0,829460.0,5612.0
12517488.0,829460.0,5612.0
12517488.0,829460.0,5612.0
12517488.0,829460.0,5612.0
12517488.0,829460.0,5612.0
12517488.0,829460.0,5612.0
12517488.0,829460.0,5612.0
12517488.0,829460.0,5612.0
12517488.0,829460.0,5612.0
12517488.0,829460.0,5612.0
12517488.0,829460.0,5612.0
12516805.067,829477.33333,5813.0666667
12516700.0,829480.0,5844.0
12516700.0,829480.0,5844.0
12516700.0,829480.0,5844.0
12516700.0,829480.0,5844.0
12516700.0,829480.0,5844.0
12516700.0,829480.0,5844.0
12516700.0,829480.0,5844.0
12516700.0,829480.0,5844.0
12516700.0,829480.0,5844.0
12516700.0,829480.0,5844.0
12516700.0,829480.0,5844.0
12516450.667,829524.0,6072.8
12516360.0,829540.0,6156.0
12516360.0,829540.0,6156.0
12511698.933,829554.66667,6191.2
12510004.0,829560.0,6204.0
12510004.0,829560.0,6204.0
12507444.0,831403.2,6536.8
12506804.0,831864.0,6620.0
12506804.0,831864.0,6620.0
12506804.0,831864.0,6620.0
12506804.0,831864.0,6620.0
12506804.0,831864.0,6620.0
12506804.0,831864.0,6620.0
12506804.0,831864.0,6620.0
12506804.0,831864.0,6620.0
12506804.0,831864.0,6620.0
12506804.0,831864.0,6620.0
12506804.0,831864.0,6620.0
12506405.333,831870.93333,6828.0
12481845.067,831875.46667,6922.4
12478076.0,831876.0,6932.0
12478076.0,831876.0,6932.0
12478076.0,831876.0,6932.0
12478076.0,831876.0,6932.0
12478076.0,831876.0,6932.0
12478076.0,831876.0,6932.0
12478076.0,831876.0,6932.0
12478076.0,831876.0,6932.0
12478076.0,831876.0,6932.0
12478076.0,831876.0,6932.0
12478076.0,831876.0,6932.0
12477566.4,831896.8,7153.8666667
12472742.933,831903.73333,7247.7333333
12472404.0,831904.0,7252.0
12472404.0,831904.0,7252.0
12472404.0,831904.0,7252.0
12472404.0,831904.0,7252.0
12472404.0,831904.0,7252.0
12471325.867,831917.86667,7345.6
12471160.0,831920.0,7360.0
12471160.0,831920.0,7360.0
12471160.0,831920.0,7360.0
12471160.0,831920.0,7360.0
12471160.0,831920.0,7360.0
12471160.0,831920.0,7360.0
12471160.0,831920.0,7360.0
12471160.0,831920.0,7360.0
12471160.0,831920.0,7360.0
12425444.8,831939.2,7539.2
12414016.0,831944.0,7584.0
12414016.0,831944.0,7584.0
12414016.0,831944.0,7584.0
12414016.0,831944.0,7584.0
12414016.0,831944.0,7584.0
12414016.0,831944.0,7584.0
12414016.0,831944.0,7584.0
12414016.0,831944.0,7584.0
12414016.0,831944.0,7584.0
12414016.0,831944.0,7584.0
12414016.0,831944.0,7584.0
12413450.933,831971.73333,7798.9333333
12413364.0,831976.0,7832.0
12413364.0,831976.0,7832.0
12413364.0,831976.0,7832.0
12413364.0,831976.0,7832.0
12413364.0,831976.0,7832.0
12413364.0,831976.0,7832.0
12413364.0,831976.0,7832.0
12413364.0,831976.0,7832.0
12413364.0,831976.0,7832.0
12413364.0,831976.0,7832.0
12413364.0,831976.0,7832.0
12413364.0,831976.0,7832.0
12410528.0,831992.0,8112.0
12410528.0,831992.0,8112.0
12410528.0,831992.0,8112.0
12410528.0,831992.0,8112.0
12410528.0,831992.0,8112.0
