vda,23.20,0.09,0.01,0,0
vda,5.80,0.02,0.00,0,0
vda,35.60,0.13,0.00,0,0
vda,1.60,0.00,0.01,0,0
vda,1.20,0.00,0.00,0,0
vda,5.40,0.00,0.03,0,0
vda,242.80,11.19,0.05,55,0
vda,101.00,4.88,0.02,24,0
vda,56.20,0.14,0.15,0,0
vda,2.00,0.00,0.01,0,0
vda,1.40,0.00,0.00,0,0
vda,0.00,0.00,0.00,0,0
vda,9.60,0.00,1.31,0,6
vda,27.20,0.00,0.11,0,0
vda,0.80,0.00,0.00,0,0
vda,2.20,0.00,0.01,0,0
vda,1.20,0.00,0.00,0,0
vda,26.20,0.00,0.11,0,0
vda,11.60,0.11,0.01,0,0
vda,6.00,0.01,0.02,0,0
vda,39.00,0.06,0.09,0,0
vda,2.20,0.00,0.01,0,0
vda,12.00,0.00,0.05,0,0
vda,1.80,0.00,0.01,0,0
vda,2.20,0.00,0.01,0,0
vda,3.40,0.00,0.01,0,0
vda,21.80,0.00,0.09,0,0
vda,39.40,0.00,0.16,0,0
vda,0.20,0.00,0.00,0,0
vda,0.80,0.00,0.00,0,0
vda,2.60,0.00,0.01,0,0
vda,1.20,0.00,0.00,0,0
vda,8.00,0.00,0.03,0,0
vda,2.20,0.00,0.01,0,0
vda,1.80,0.00,0.01,0,0
vda,4.80,0.00,0.02,0,0
vda,51.80,0.00,0.21,0,1
vda,1.80,0.00,0.01,0,0
vda,0.00,0.00,0.00,0,0
vda,10.80,0.00,0.04,0,0
vda,1.20,0.00,0.00,0,0
vda,0.20,0.00,0.00,0,0
vda,3.60,0.00,0.02,0,0
vda,12.80,0.00,0.05,0,0
vda,0.80,0.00,0.00,0,0
vda,37.60,0.00,0.15,0,0
vda,1.60,0.00,0.01,0,0
vda,0.00,0.00,0.00,0,0
vda,2.40,0.00,0.01,0,0
vda,2.80,0.00,0.02,0,0
vda,1.00,0.00,0.00,0,0
vda,19.40,0.00,0.08,0,0
vda,8.00,0.00,0.03,0,0
vda,0.60,0.00,0.00,0,0
vda,24.00,0.00,0.10,0,0
vda,3.20,0.00,0.01,0,0
vda,3.80,0.00,0.02,0,0
vda,0.00,0.00,0.00,0,0
vda,18.40,0.00,0.07,0,0
vda,0.80,0.00,0.00,0,0
vda,2.20,0.00,0.01,0,0
vda,1.40,0.00,0.01,0,0
vda,8.20,0.00,0.03,0,0
vda,37.40,0.00,0.16,0,0
vda,1.20,0.00,0.00,0,0
vda,3.60,0.00,0.01,0,0
vda,12.20,0.00,0.05,0,0
vda,4.00,0.00,0.02,0,0
vda,0.20,0.00,0.00,0,0
vda,2.40,0.00,0.01,0,0
vda,4.60,0.00,0.02,0,0
vda,0.60,0.00,0.00,0,0
vda,42.40,0.00,0.17,0,0
vda,18.60,0.00,0.08,0,0
vda,1.40,0.00,0.00,0,0
