7990444.0,44952.0,1924.0
7671301.6,97591.2,3064.0
7458540.0,132684.0,3824.0
7458540.0,132684.0,3824.0
7458540.0,132684.0,3824.0
7458540.0,132684.0,3824.0
7458540.0,132684.0,3824.0
7390454.6667,133268.0,4013.3333333
7356412.0,133560.0,4108.0
7355519.2,133567.2,4146.4
7354924.0,133572.0,4172.0
7354924.0,133572.0,4172.0
7353189.6,133572.0,4210.4
7351672.0,133572.0,4244.0
7351672.0,133572.0,4244.0
7350460.2667,133574.13333,4282.4
7349400.0,133576.0,4316.0
7348606.4,133580.26667,4350.1333333
7347912.0,133584.0,4380.0
7347912.0,133584.0,4380.0
7645117.3333,130089.6,4414.1333333
7905172.0,127032.0,4444.0
