vda,50.60,0.28,0.01,1,0
vda,36.80,0.14,0.01,0,0
vda,60.60,0.02,0.23,0,1
vda,0.00,0.00,0.00,0,0
vda,1.60,0.00,0.01,0,0
vda,8.80,0.03,0.01,0,0
vda,303.80,10.13,0.21,50,1
vda,63.60,0.40,0.02,2,0
vda,3.80,0.00,0.01,0,0
vda,1.00,0.00,0.00,0,0
vda,2.20,0.00,0.01,0,0
vda,0.20,0.00,0.00,0,0
vda,1.40,0.00,0.01,0,0
vda,20.80,0.00,1.36,0,6
vda,60.20,0.00,0.24,0,1
vda,1.40,0.00,0.01,0,0
vda,1.40,0.00,0.01,0,0
vda,4.00,0.00,0.02,0,0
vda,2.20,0.00,0.01,0,0
vda,0.00,0.00,0.00,0,0
vda,19.00,0.00,0.08,0,0
vda,3.80,0.00,0.02,0,0
vda,2.40,0.00,0.01,0,0
vda,50.00,0.00,0.20,0,1
vda,9.00,0.00,0.04,0,0
vda,1.60,0.00,0.01,0,0
vda,2.20,0.00,0.01,0,0
vda,3.00,0.00,0.01,0,0
vda,12.20,0.00,0.05,0,0
vda,2.40,0.00,0.01,0,0
vda,1.60,0.00,0.01,0,0
vda,2.40,0.00,0.01,0,0
vda,51.20,0.00,0.21,0,1
vda,0.00,0.00,0.00,0,0
vda,8.80,0.00,0.04,0,0
vda,24.60,0.00,0.10,0,0
vda,1.40,0.00,0.00,0,0
vda,2.20,0.00,0.01,0,0
vda,3.20,0.00,0.01,0,0
vda,10.20,0.00,0.04,0,0
vda,32.60,0.00,0.13,0,0
vda,2.80,0.00,0.01,0,0
vda,2.80,0.00,0.01,0,0
