16215800.0,44640.0,2896.0
16038504.533,72958.4,3016.0
14886084.0,257028.0,3796.0
14886084.0,257028.0,3796.0
14687930.4,306418.4,3803.4666667
13399932.0,627456.0,3852.0
13167055.2,687419.73333,3879.7333333
11653356.0,1077184.0,4060.0
11653356.0,1077184.0,4060.0
11604100.533,1085452.8,4064.2666667
10914524.0,1201216.0,4124.0
10914524.0,1201216.0,4124.0
10914375.2,1201216.5333,4132.5333333
10913408.0,1201220.0,4188.0
10913180.267,1201220.0,4194.4
10911700.0,1201220.0,4236.0
10911700.0,1201220.0,4236.0
10911700.0,1201220.0,4236.0
10911700.0,1201220.0,4236.0
10911700.0,1201220.0,4236.0
10911700.0,1201220.0,4236.0
10911700.0,1201220.0,4236.0
10911700.0,1201220.0,4236.0
10911700.0,1201220.0,4236.0
10911700.0,1201220.0,4236.0
10812583.2,1201226.4,4297.8666667
10540012.0,1201244.0,4468.0
10540012.0,1201244.0,4468.0
10538792.8,1201258.9333,4482.9333333
10535440.0,1201300.0,4524.0
10535010.133,1201300.0,4538.9333333
10533828.0,1201300.0,4580.0
10533828.0,1201300.0,4580.0
10533828.0,1201300.0,4580.0
10533828.0,1201300.0,4580.0
10533828.0,1201300.0,4580.0
10533828.0,1201300.0,4580.0
10533828.0,1201300.0,4580.0
10533828.0,1201300.0,4580.0
10533828.0,1201300.0,4580.0
10533828.0,1201300.0,4580.0
10533828.0,1201300.0,4580.0
10533480.0,1201303.2,4621.6
10532088.0,1201316.0,4788.0
10515197.867,1201315.4667,4795.4666667
10405412.0,1201312.0,4844.0
10405412.0,1201312.0,4844.0
10405412.0,1201312.0,4844.0
10405412.0,1201312.0,4844.0
10405412.0,1201312.0,4844.0
10405412.0,1201312.0,4844.0
10405412.0,1201312.0,4844.0
10405412.0,1201312.0,4844.0
10405412.0,1201312.0,4844.0
10405412.0,1201312.0,4844.0
10405412.0,1201312.0,4844.0
10405264.267,1201316.2667,4871.7333333
10404304.0,1201344.0,5052.0
10404304.0,1201344.0,5052.0
10404304.0,1201344.0,5052.0
10404304.0,1201344.0,5052.0
10404304.0,1201344.0,5052.0
10404304.0,1201344.0,5052.0
10404304.0,1201344.0,5052.0
10404304.0,1201344.0,5052.0
10404304.0,1201344.0,5052.0
10404304.0,1201344.0,5052.0
10404304.0,1201344.0,5052.0
10403986.4,1201413.6,5104.8
10402716.0,1201692.0,5316.0
10402716.0,1201692.0,5316.0
10402716.0,1201692.0,5316.0
10402716.0,1201692.0,5316.0
10402716.0,1201692.0,5316.0
10402716.0,1201692.0,5316.0
10402716.0,1201692.0,5316.0
10395825.867,1201692.0,5339.4666667
10351040.0,1201692.0,5492.0
10350772.267,1201693.6,5500.5333333
10349032.0,1201704.0,5556.0
10349032.0,1201704.0,5556.0
10349032.0,1201704.0,5556.0
10349032.0,1201704.0,5556.0
10349032.0,1201704.0,5556.0
10349032.0,1201704.0,5556.0
10349032.0,1201704.0,5556.0
10349032.0,1201704.0,5556.0
10349032.0,1201704.0,5556.0
10349032.0,1201704.0,5556.0
10349032.0,1201704.0,5556.0
10348824.8,1201731.2,5608.8
10347996.0,1201840.0,5820.0
10346368.0,1202288.8,5901.6
10339856.0,1204084.0,6228.0
10339856.0,1204084.0,6228.0
10339856.0,1204084.0,6228.0
10339856.0,1204084.0,6228.0
10339856.0,1204084.0,6228.0
10339856.0,1204084.0,6228.0
10339856.0,1204084.0,6228.0
10339856.0,1204084.0,6228.0
10339856.0,1204084.0,6228.0
10339474.133,1204088.2667,6282.4
10338424.0,1204100.0,6432.0
10338424.0,1204100.0,6432.0
10338864.533,1204102.1333,6450.1333333
10340076.0,1204108.0,6500.0
10340076.0,1204108.0,6500.0
10336930.4,1204128.0,6511.2
10324348.0,1204208.0,6556.0
10324080.8,1204208.8,6573.6
10323012.0,1204212.0,6644.0
10323012.0,1204212.0,6644.0
10323012.0,1204212.0,6644.0
10323012.0,1204212.0,6644.0
10323012.0,1204212.0,6644.0
10323012.0,1204212.0,6644.0
10323012.0,1204212.0,6644.0
10323012.0,1204212.0,6644.0
10321998.667,1204218.6667,6702.6666667
10319972.0,1204232.0,6820.0
10320318.667,1204233.0667,6837.0666667
10321272.0,1204236.0,6884.0
10321272.0,1204236.0,6884.0
10307678.4,1204239.2,6898.9333333
10270296.0,1204248.0,6940.0
10270296.0,1204248.0,6940.0
10270296.0,1204248.0,6940.0
10270296.0,1204248.0,6940.0
10270296.0,1204248.0,6940.0
10270296.0,1204248.0,6940.0
10270296.0,1204248.0,6940.0
10270296.0,1204248.0,6940.0
10270296.0,1204248.0,6940.0
10270296.0,1204248.0,6940.0
10270296.0,1204248.0,6940.0
10269910.933,1204255.4667,7008.2666667
10268852.0,1204276.0,7196.0
10268852.0,1204276.0,7196.0
10268852.0,1204276.0,7196.0
10268852.0,1204276.0,7196.0
10268852.0,1204276.0,7196.0
10268852.0,1204276.0,7196.0
10268852.0,1204276.0,7196.0
10268852.0,1204276.0,7196.0
10268852.0,1204276.0,7196.0
10268852.0,1204276.0,7196.0
10268852.0,1204276.0,7196.0
10268616.267,1204312.2667,7270.6666667
10267968.0,1204412.0,7476.0
10267968.0,1204412.0,7476.0
10267968.0,1204412.0,7476.0
10267968.0,1204412.0,7476.0
10261670.4,1204416.2667,7508.0
10244352.0,1204428.0,7596.0
10244352.0,1204428.0,7596.0
10244352.0,1204428.0,7596.0
10244352.0,1204428.0,7596.0
10244352.0,1204428.0,7596.0
10243713.333,1204430.6667,7630.6666667
10242436.0,1204436.0,7700.0
10242084.0,1204437.3333,7721.3333333
10241380.0,1204440.0,7764.0
10241380.0,1204440.0,7764.0
10241380.0,1204440.0,7764.0
10241380.0,1204440.0,7764.0
10241380.0,1204440.0,7764.0
10241380.0,1204440.0,7764.0
10241380.0,1204440.0,7764.0
10241380.0,1204440.0,7764.0
10241380.0,1204440.0,7764.0
10241380.0,1204440.0,7764.0
