vda,3.40,0.01,0.01,0,0
vda,20.80,0.08,0.00,0,0
vda,42.40,0.16,0.01,0,0
vda,1.20,0.00,0.00,0,0
vda,0.00,0.00,0.00,0,0
vda,4.00,0.00,0.02,0,0
vda,219.20,9.73,0.04,48,0
vda,108.40,11.62,0.06,58,0
vda,175.20,13.11,0.10,65,0
vda,82.60,10.12,0.01,50,0
vda,4.40,0.53,0.00,2,0
vda,14.20,0.05,0.01,0,0
vda,10.00,0.00,1.32,0,6
vda,2.80,0.00,0.01,0,0
vda,24.40,0.00,0.10,0,0
vda,1.80,0.00,0.01,0,0
vda,1.20,0.00,0.00,0,0
vda,35.60,0.00,0.14,0,0
vda,3.00,0.00,0.01,0,0
vda,1.80,0.00,0.01,0,0
vda,1.60,0.00,0.01,0,0
vda,18.80,0.00,0.07,0,0
vda,8.20,0.00,0.03,0,0
vda,1.20,0.00,0.00,0,0
vda,2.60,0.00,0.01,0,0
vda,0.80,0.00,0.00,0,0
vda,18.40,0.00,0.07,0,0
vda,20.00,0.00,0.08,0,0
vda,1.80,0.00,0.01,0,0
vda,13.60,0.00,0.05,0,0
vda,1.20,0.00,0.00,0,0
vda,0.40,0.00,0.00,0,0
vda,1.40,0.00,0.01,0,0
vda,9.20,0.00,0.04,0,0
vda,2.40,0.00,0.01,0,0
vda,3.80,0.00,0.01,0,0
vda,52.40,0.00,0.21,0,1
vda,0.40,0.00,0.00,0,0
vda,10.60,0.00,0.04,0,0
vda,1.20,0.00,0.00,0,0
vda,0.00,0.00,0.00,0,0
vda,2.20,0.00,0.01,0,0
vda,2.40,0.00,0.01,0,0
vda,1.00,0.00,0.00,0,0
vda,12.60,0.00,0.05,0,0
vda,24.20,0.00,0.10,0,0
vda,3.60,0.00,0.01,0,0
vda,2.20,0.00,0.01,0,0
vda,2.20,0.00,0.01,0,0
vda,0.60,0.00,0.00,0,0
vda,1.40,0.00,0.01,0,0
vda,19.40,0.00,0.08,0,0
vda,0.60,0.00,0.00,0,0
vda,8.20,0.00,0.03,0,0
vda,35.80,0.00,0.14,0,0
vda,1.60,0.00,0.01,0,0
vda,4.40,0.00,0.02,0,0
vda,1.60,0.00,0.01,0,0
vda,0.00,0.00,0.00,0,0
vda,18.40,0.00,0.07,0,0
vda,2.20,0.00,0.01,0,0
vda,2.00,0.00,0.01,0,0
vda,1.40,0.00,0.01,0,0
vda,42.80,0.00,0.17,0,0
vda,0.80,0.00,0.00,0,0
vda,4.20,0.00,0.02,0,0
vda,11.20,0.00,0.04,0,0
vda,2.00,0.00,0.01,0,0
vda,2.40,0.00,0.01,0,0
vda,2.20,0.00,0.01,0,0
vda,0.20,0.00,0.00,0,0
vda,1.60,0.00,0.00,0,0
vda,43.40,0.00,0.17,0,0
vda,17.60,0.00,0.07,0,0
vda,1.40,0.00,0.01,0,0
vda,2.40,0.00,0.01,0,0
vda,2.00,0.00,0.01,0,0
vda,1.20,0.00,0.00,0,0
vda,2.20,0.00,0.01,0,0
vda,1.80,0.00,0.01,0,0
vda,0.00,0.00,0.00,0,0
vda,40.40,0.02,0.14,0,0
vda,20.40,0.12,0.04,0,0
vda,13.80,0.05,0.01,0,0
vda,1.80,0.00,0.01,0,0
vda,0.40,0.00,0.00,0,0
vda,2.60,0.00,0.01,0,0
vda,2.60,0.00,0.01,0,0
vda,22.80,0.00,0.09,0,0
vda,13.20,0.00,0.07,0,0
vda,48.40,0.00,0.19,0,0
vda,2.40,0.00,0.01,0,0
vda,1.00,0.00,0.00,0,0
vda,2.20,0.00,0.01,0,0
vda,2.00,0.00,0.01,0,0
vda,2.60,0.00,0.01,0,0
vda,17.00,0.00,0.07,0,0
vda,3.00,0.00,0.02,0,0
vda,1.80,0.00,0.01,0,0
vda,36.20,0.00,0.14,0,0
vda,1.20,0.00,0.00,0,0
vda,6.80,0.00,0.03,0,0
vda,2.20,0.00,0.01,0,0
vda,13.80,0.00,0.05,0,0
vda,2.20,0.00,0.01,0,0
vda,2.00,0.00,0.01,0,0
vda,9.20,0.00,0.04,0,0
vda,0.20,0.00,0.00,0,0
vda,36.40,0.00,0.14,0,0
vda,1.60,0.00,0.01,0,0
vda,0.80,0.00,0.00,0,0
vda,20.20,0.00,0.09,0,0
vda,2.40,0.00,0.01,0,0
vda,1.80,0.00,0.01,0,0
vda,2.60,0.00,0.01,0,0
vda,0.00,0.00,0.00,0,0
vda,1.60,0.00,0.01,0,0
vda,36.40,0.00,0.14,0,0
vda,19.20,0.00,0.08,0,0
vda,7.80,0.00,0.03,0,0
vda,2.60,0.00,0.01,0,0
vda,0.00,0.00,0.00,0,0
vda,3.60,0.00,0.01,0,0
vda,2.60,0.00,0.01,0,0
vda,0.00,0.00,0.00,0,0
vda,2.60,0.00,0.02,0,0
vda,36.00,0.00,0.14,0,0
vda,1.20,0.00,0.00,0,0
vda,8.00,0.00,0.03,0,0
vda,2.60,0.00,0.01,0,0
vda,1.20,0.00,0.00,0,0
vda,2.20,0.00,0.01,0,0
vda,3.20,0.00,0.01,0,0
vda,17.20,0.00,0.07,0,0
vda,1.60,0.00,0.01,0,0
vda,36.60,0.00,0.14,0,0
vda,1.20,0.00,0.00,0,0
vda,6.80,0.00,0.03,0,0
vda,2.20,0.00,0.01,0,0
vda,1.20,0.00,0.01,0,0
vda,4.00,0.00,0.02,0,0
vda,13.20,0.00,0.05,0,0
vda,0.00,0.00,0.00,0,0
vda,1.20,0.00,0.00,0,0
vda,36.20,0.00,0.14,0,0
vda,0.60,0.00,0.00,0,0
vda,2.80,0.00,0.02,0,0
vda,9.60,0.00,0.04,0,0
vda,18.00,0.00,0.07,0,0
vda,1.20,0.00,0.00,0,0
vda,3.40,0.00,0.01,0,0
vda,1.60,0.00,0.01,0,0
vda,3.40,0.00,0.01,0,0
vda,39.00,0.00,0.15,0,0
vda,0.20,0.00,0.00,0,0
vda,1.20,0.00,0.00,0,0
vda,26.00,0.00,0.11,0,0
vda,1.00,0.00,0.00,0,0
vda,1.80,0.00,0.01,0,0
vda,2.60,0.00,0.01,0,0
