7987148.0,46864.0,2412.0
7740364.8,94165.6,2685.6
6753232.0,283372.0,3780.0
6753232.0,283372.0,3780.0
6753050.1333,283374.66667,3787.4666667
6751868.0,283392.0,3836.0
6751868.0,283392.0,3836.0
6751868.0,283392.0,3836.0
6751868.0,283392.0,3836.0
6751868.0,283392.0,3836.0
6751868.0,283392.0,3836.0
6751868.0,283392.0,3836.0
6751868.0,283392.0,3836.0
6751868.0,283392.0,3836.0
6751868.0,283392.0,3836.0
6751868.0,283392.0,3836.0
6751797.6,283393.6,3871.2
6712303.2,283404.53333,4108.5333333
6458564.0,283408.0,4164.0
6458564.0,283408.0,4164.0
6458420.8,283408.26667,4168.2666667
6456416.0,283412.0,4228.0
6456416.0,283412.0,4228.0
6456416.0,283412.0,4228.0
6456416.0,283412.0,4228.0
6456416.0,283412.0,4228.0
6456416.0,283412.0,4228.0
6456416.0,283412.0,4228.0
6455744.0,283847.2,4394.4
6455744.0,283847.2,4394.4
6455156.0,284228.0,4540.0
6455156.0,284228.0,4540.0
6455156.0,284228.0,4540.0
6455156.0,284228.0,4540.0
6424216.0,284240.0,4652.0
6424216.0,284240.0,4652.0
6423260.2667,284247.46667,4711.7333333
6423192.0,284248.0,4716.0
6423192.0,284248.0,4716.0
6423192.0,284248.0,4716.0
6423192.0,284248.0,4716.0
6423192.0,284248.0,4716.0
6423192.0,284248.0,4716.0
6423192.0,284248.0,4716.0
6423192.0,284248.0,4716.0
6423192.0,284248.0,4716.0
6423192.0,284248.0,4716.0
6423192.0,284248.0,4716.0
6423192.0,284248.0,4716.0
6422280.0,284312.0,4956.0
