15497032.8,758426.93333,8941.3333333
16220536.0,42620.0,2996.0
16220536.0,42620.0,2996.0
16136267.2,67215.2,3341.6
16062532.0,88736.0,3644.0
15663598.667,143863.46667,3671.7333333
15314532.0,192100.0,3696.0
15314532.0,192100.0,3696.0
15014651.467,254216.26667,3725.8666667
14752256.0,308568.0,3752.0
14752256.0,308568.0,3752.0
14379379.2,360600.0,3779.7333333
14053112.0,406128.0,3804.0
13970861.067,450039.46667,3828.2666667
13876860.0,500224.0,3856.0
13876860.0,500224.0,3856.0
13674050.4,544657.06667,3885.8666667
13373248.0,606134.4,4062.4
13373248.0,606134.4,4062.4
13342412.0,611784.0,4100.0
13342412.0,611784.0,4100.0
13266023.733,627061.86667,4111.7333333
13055956.0,669076.0,4144.0
13055956.0,669076.0,4144.0
12979150.667,702082.93333,4163.2
12767936.0,792852.0,4216.0
12619953.067,823215.73333,4230.9333333
12213000.0,906716.0,4272.0
12213000.0,906716.0,4272.0
12195957.6,923179.2,4283.2
12127788.0,989032.0,4328.0
12127788.0,989032.0,4328.0
12015539.2,1012354.4,4340.8
11566544.0,1105644.0,4392.0
11473764.267,1139129.8667,4406.9333333
11218620.0,1231216.0,4448.0
11218620.0,1231216.0,4448.0
11175888.267,1259309.8667,4462.9333333
11058376.0,1336568.0,4504.0
11058376.0,1336568.0,4504.0
10896099.733,1367288.0,4523.2
10449840.0,1451768.0,4576.0
10255396.0,1487272.0,4594.6666667
9866508.0,1558280.0,4632.0
9866508.0,1558280.0,4632.0
9669637.6,1561154.4,4644.0
8882156.0,1572652.0,4692.0
8882156.0,1572652.0,4692.0
8881667.2,1572654.4,4704.0
8879712.0,1572664.0,4752.0
8879315.2,1572664.0,4764.8
8877728.0,1572664.0,4816.0
8877728.0,1572664.0,4816.0
8877728.0,1572664.0,4816.0
8877728.0,1572664.0,4816.0
8877728.0,1572664.0,4816.0
8877728.0,1572664.0,4816.0
8877728.0,1572664.0,4816.0
8877728.0,1572664.0,4816.0
8877728.0,1572664.0,4816.0
8877728.0,1572664.0,4816.0
8877728.0,1572664.0,4816.0
8874904.0,1574388.0,5232.0
8874904.0,1574388.0,5232.0
8874904.0,1574388.0,5232.0
8874904.0,1574388.0,5232.0
8874904.0,1574388.0,5232.0
8874904.0,1574388.0,5232.0
8874904.0,1574388.0,5232.0
8874904.0,1574388.0,5232.0
8874904.0,1574388.0,5232.0
8874904.0,1574388.0,5232.0
8874904.0,1574388.0,5232.0
8874934.9333,1574415.2,5267.2
8875136.0,1574592.0,5496.0
8875136.0,1574592.0,5496.0
8875136.0,1574592.0,5496.0
8875136.0,1574592.0,5496.0
8875136.0,1574592.0,5496.0
8875136.0,1574592.0,5496.0
8875136.0,1574592.0,5496.0
8875136.0,1574592.0,5496.0
8875136.0,1574592.0,5496.0
8875136.0,1574592.0,5496.0
8875136.0,1574592.0,5496.0
8875072.0,1574596.8,5556.8
8874816.0,1574616.0,5800.0
8874816.0,1574616.0,5800.0
8874816.0,1574616.0,5800.0
8874816.0,1574616.0,5800.0
8874816.0,1574616.0,5800.0
8874816.0,1574616.0,5800.0
8874816.0,1574616.0,5800.0
8874816.0,1574616.0,5800.0
8874816.0,1574616.0,5800.0
8874816.0,1574616.0,5800.0
8874816.0,1574616.0,5800.0
8874693.8667,1574618.6667,5831.4666667
8873900.0,1574636.0,6036.0
8873900.0,1574636.0,6036.0
8873900.0,1574636.0,6036.0
8873900.0,1574636.0,6036.0
8873900.0,1574636.0,6036.0
8873900.0,1574636.0,6036.0
8873900.0,1574636.0,6036.0
8873900.0,1574636.0,6036.0
8866013.0667,1576095.2,6552.2666667
8844324.0,1580108.0,7972.0
8844324.0,1580108.0,7972.0
8844660.0,1580329.8667,7980.0
8846844.0,1581772.0,8032.0
8844576.2667,1584611.4667,8072.5333333
8844576.2667,1584611.4667,8072.5333333
8842592.0,1587096.0,8108.0
8842592.0,1587096.0,8108.0
8842592.0,1587096.0,8108.0
8842592.0,1587096.0,8108.0
8842592.0,1587096.0,8108.0
8842592.0,1587096.0,8108.0
8842592.0,1587096.0,8108.0
8842592.0,1587096.0,8108.0
8842592.0,1587096.0,8108.0
8842592.0,1587096.0,8108.0
8842592.0,1587096.0,8108.0
8843300.0,1587124.0,8332.0
8843300.0,1587124.0,8332.0
8843300.0,1587124.0,8332.0
8843300.0,1587124.0,8332.0
8843300.0,1587124.0,8332.0
8843300.0,1587124.0,8332.0
8843300.0,1587124.0,8332.0
8843300.0,1587124.0,8332.0
8843300.0,1587124.0,8332.0
8843300.0,1587124.0,8332.0
8843300.0,1587124.0,8332.0
8843300.0,1587124.0,8332.0
8843434.6667,1587172.0,8401.3333333
8843704.0,1587268.0,8540.0
8843704.0,1587268.0,8540.0
8843704.0,1587268.0,8540.0
8843704.0,1587268.0,8540.0
8843704.0,1587268.0,8540.0
8843704.0,1587268.0,8540.0
8843704.0,1587268.0,8540.0
8842798.4,1587295.2,8597.6
8841440.0,1587336.0,8684.0
8841440.0,1587336.0,8684.0
8841440.0,1587336.0,8684.0
8841440.0,1587336.0,8684.0
8841440.0,1587336.0,8684.0
8841440.0,1587336.0,8684.0
8841440.0,1587336.0,8684.0
8841440.0,1587336.0,8684.0
8841440.0,1587336.0,8684.0
8841440.0,1587336.0,8684.0
8841440.0,1587336.0,8684.0
8841079.4667,1587341.3333,8735.2
8840088.0,1587356.0,8876.0
8840088.0,1587356.0,8876.0
8840088.0,1587356.0,8876.0
8840088.0,1587356.0,8876.0
8840088.0,1587356.0,8876.0
8840088.0,1587356.0,8876.0
8840088.0,1587356.0,8876.0
8840088.0,1587356.0,8876.0
8837568.0,1587357.6,8900.0
8827488.0,1587364.0,8996.0
8827488.0,1587364.0,8996.0
8827488.0,1587364.0,8996.0
8827488.0,1587364.0,8996.0
8827488.0,1587364.0,8996.0
nan,nan,nan
nan,nan,nan
nan,nan,nan
nan,nan,nan
nan,nan,nan
nan,nan,nan
nan,nan,nan
nan,nan,nan
nan,nan,nan
nan,nan,nan
nan,nan,nan
nan,nan,nan
nan,nan,nan
nan,nan,nan
nan,nan,nan
nan,nan,nan
nan,nan,nan
nan,nan,nan
nan,nan,nan
nan,nan,nan
nan,nan,nan
nan,nan,nan
nan,nan,nan
nan,nan,nan
nan,nan,nan
nan,nan,nan
nan,nan,nan
nan,nan,nan
nan,nan,nan
nan,nan,nan
nan,nan,nan
nan,nan,nan
nan,nan,nan
nan,nan,nan
nan,nan,nan
nan,nan,nan
nan,nan,nan
nan,nan,nan
nan,nan,nan
nan,nan,nan
nan,nan,nan
nan,nan,nan
nan,nan,nan
nan,nan,nan
nan,nan,nan
nan,nan,nan
8817131.4667,1588700.8,9186.1333333
8818696.8,1589079.2,9217.0666667
8818696.8,1589079.2,9217.0666667
8819296.0,1589292.0,9232.0
8819296.0,1589292.0,9232.0
8819296.0,1589292.0,9232.0
8819296.0,1589292.0,9232.0
8819296.0,1589292.0,9232.0
8819271.0333,1589324.1,9246.2666667
8819271.0333,1589324.1,9246.2666667
8819271.0333,1589324.1,9246.2666667
8819271.0333,1589324.1,9246.2666667
8819271.0333,1589324.1,9246.2666667
8819271.0333,1589324.1,9246.2666667
8819271.0333,1589324.1,9246.2666667
8819271.0333,1589324.1,9246.2666667
8820490.2667,1589418.9778,9263.8222222
8820490.2667,1589418.9778,9263.8222222
8820490.2667,1589418.9778,9263.8222222
8820490.2667,1589418.9778,9263.8222222
8820490.2667,1589418.9778,9263.8222222
8820490.2667,1589418.9778,9263.8222222
8820504.0,1589420.0,9264.0
8817689.0667,1593030.1333,9476.8
8817488.0,1593288.0,9492.0
8817488.0,1593288.0,9492.0
8817488.0,1593288.0,9492.0
8817488.0,1593288.0,9492.0
8817488.0,1593288.0,9492.0
8817488.0,1593288.0,9492.0
8817488.0,1593288.0,9492.0
8817488.0,1593288.0,9492.0
8817488.0,1593288.0,9492.0
8817716.0,1593334.6667,9520.0
8818172.0,1593428.0,9576.0
8818172.0,1593428.0,9576.0
8818172.0,1593428.0,9576.0
8818172.0,1593428.0,9576.0
8818172.0,1593428.0,9576.0
8818172.0,1593428.0,9576.0
8818172.0,1593428.0,9576.0
8818172.0,1593428.0,9576.0
8818172.0,1593428.0,9576.0
8818172.0,1593428.0,9576.0
8818172.0,1593428.0,9576.0
8818172.0,1593428.0,9576.0
8817962.6667,1593430.6667,9637.3333333
8817544.0,1593436.0,9760.0
8817544.0,1593436.0,9760.0
8817544.0,1593436.0,9760.0
8816798.6667,1593437.3333,9800.0
8815308.0,1593440.0,9880.0
8816792.8,1593450.24,9924.3733333
8816792.8,1593450.24,9924.3733333
8816792.8,1593450.24,9924.3733333
8816792.8,1593450.24,9924.3733333
8816792.8,1593450.24,9924.3733333
8817048.0,1593452.0,9932.0
8817048.0,1593452.0,9932.0
8817048.0,1593452.0,9932.0
8817048.0,1593452.0,9932.0
8817048.0,1593452.0,9932.0
8817048.0,1593452.0,9932.0
8813289.6,1593468.8,10035.2
8810784.0,1593480.0,10104.0
8810784.0,1593480.0,10104.0
8810784.0,1593480.0,10104.0
8810784.0,1593480.0,10104.0
8810784.0,1593480.0,10104.0
8810784.0,1593480.0,10104.0
8810784.0,1593480.0,10104.0
8810784.0,1593480.0,10104.0
8810784.0,1593480.0,10104.0
8810784.0,1593480.0,10104.0
8810784.0,1593480.0,10104.0
8810393.8667,1593485.6,10227.2
8809948.0,1593492.0,10368.0
8809948.0,1593492.0,10368.0
8809948.0,1593492.0,10368.0
8809948.0,1593492.0,10368.0
8809948.0,1593492.0,10368.0
8809948.0,1593492.0,10368.0
8808846.6667,1593562.9333,10453.866667
8807588.0,1593644.0,10552.0
8807588.0,1593644.0,10552.0
8807588.0,1593644.0,10552.0
8807588.0,1593644.0,10552.0
8807588.0,1593644.0,10552.0
8807588.0,1593644.0,10552.0
8807588.0,1593644.0,10552.0
8807588.0,1593644.0,10552.0
8807588.0,1593644.0,10552.0
8807588.0,1593644.0,10552.0
8807588.0,1593644.0,10552.0
8807840.8,1593644.0,10622.4
8808536.0,1593644.0,10816.0
8808536.0,1593644.0,10816.0
8808536.0,1593644.0,10816.0
8808536.0,1593644.0,10816.0
8808536.0,1593644.0,10816.0
8808536.0,1593644.0,10816.0
8808536.0,1593644.0,10816.0
8808536.0,1593644.0,10816.0
8808536.0,1593644.0,10816.0
8808536.0,1593644.0,10816.0
8808481.6,1593647.2,10884.266667
8808332.0,1593656.0,11072.0
8808332.0,1593656.0,11072.0
8808332.0,1593656.0,11072.0
8808332.0,1593656.0,11072.0
8808332.0,1593656.0,11072.0
8808332.0,1593656.0,11072.0
8808332.0,1593656.0,11072.0
8808332.0,1593656.0,11072.0
8808332.0,1593656.0,11072.0
8808332.0,1593656.0,11072.0
8808332.0,1593656.0,11072.0
8808265.3333,1593660.2667,11100.8
8807832.0,1593688.0,11288.0
8807832.0,1593688.0,11288.0
8807832.0,1593688.0,11288.0
8806939.2,1593689.6,11310.4
8803368.0,1593696.0,11400.0
8803368.0,1593696.0,11400.0
8803368.0,1593696.0,11400.0
8803368.0,1593696.0,11400.0
8803368.0,1593696.0,11400.0
8803368.0,1593696.0,11400.0
8803368.0,1593696.0,11400.0
8803368.0,1593696.0,11400.0
8803368.0,1593696.0,11400.0
8803368.0,1593696.0,11400.0
8803368.0,1593696.0,11400.0
8803129.0667,1593701.3333,11457.6
8802472.0,1593716.0,11616.0
8802472.0,1593716.0,11616.0
8802472.0,1593716.0,11616.0
8802472.0,1593716.0,11616.0
8802472.0,1593716.0,11616.0
8802472.0,1593716.0,11616.0
8802472.0,1593716.0,11616.0
8802472.0,1593716.0,11616.0
8802472.0,1593716.0,11616.0
8802472.0,1593716.0,11616.0
8802472.0,1593716.0,11616.0
8802348.2667,1593721.3333,11690.666667
8802008.0,1593736.0,11896.0
8802008.0,1593736.0,11896.0
8802008.0,1593736.0,11896.0
8802008.0,1593736.0,11896.0
8802008.0,1593736.0,11896.0
8802008.0,1593736.0,11896.0
8802008.0,1593736.0,11896.0
8802008.0,1593736.0,11896.0
8802008.0,1593736.0,11896.0
8802008.0,1593736.0,11896.0
8802008.0,1593736.0,11896.0
8802032.8,1593745.6,11939.2
8802132.0,1593784.0,12112.0
8801790.6667,1593789.3333,12129.333333
8801108.0,1593800.0,12164.0
8801108.0,1593800.0,12164.0
8801108.0,1593800.0,12164.0
8801108.0,1593800.0,12164.0
8801108.0,1593800.0,12164.0
8801108.0,1593800.0,12164.0
8801108.0,1593800.0,12164.0
8801108.0,1593800.0,12164.0
8801108.0,1593800.0,12164.0
8801108.0,1593800.0,12164.0
8801108.0,1593800.0,12164.0
8801061.3333,1593809.3333,12234.666667
8800968.0,1593828.0,12376.0
8800968.0,1593828.0,12376.0
8800968.0,1593828.0,12376.0
8800968.0,1593828.0,12376.0
8800968.0,1593828.0,12376.0
8800968.0,1593828.0,12376.0
8800968.0,1593828.0,12376.0
8800968.0,1593828.0,12376.0
8800968.0,1593828.0,12376.0
8800968.0,1593828.0,12376.0
8800968.0,1593828.0,12376.0
8801132.2667,1593837.6,12457.066667
8801584.0,1593864.0,12680.0
8801584.0,1593864.0,12680.0
8801584.0,1593864.0,12680.0
8801584.0,1593864.0,12680.0
8801584.0,1593864.0,12680.0
8801584.0,1593864.0,12680.0
8801584.0,1593864.0,12680.0
8801584.0,1593864.0,12680.0
8801584.0,1593864.0,12680.0
8801584.0,1593864.0,12680.0
8801584.0,1593864.0,12680.0
8801258.6667,1593867.2,12739.733333
8800364.0,1593876.0,12904.0
8800364.0,1593876.0,12904.0
8800364.0,1593876.0,12904.0
8800364.0,1593876.0,12904.0
8800364.0,1593876.0,12904.0
8800364.0,1593876.0,12904.0
8800364.0,1593876.0,12904.0
8800364.0,1593876.0,12904.0
8800599.7333,1593885.6,12965.866667
8801248.0,1593912.0,13136.0
8801248.0,1593912.0,13136.0
8801248.0,1593912.0,13136.0
8801248.0,1593912.0,13136.0
8801248.0,1593912.0,13136.0
8801248.0,1593912.0,13136.0
8801248.0,1593912.0,13136.0
8801248.0,1593912.0,13136.0
8801248.0,1593912.0,13136.0
8801248.0,1593912.0,13136.0
8801248.0,1593912.0,13136.0
8801222.4,1593921.6,13225.6
8801184.0,1593936.0,13360.0
8801184.0,1593936.0,13360.0
8801184.0,1593936.0,13360.0
8801184.0,1593936.0,13360.0
8801184.0,1593936.0,13360.0
8801184.0,1593936.0,13360.0
8801184.0,1593936.0,13360.0
8801184.0,1593936.0,13360.0
8801184.0,1593936.0,13360.0
8801184.0,1593936.0,13360.0
8801184.0,1593936.0,13360.0
8801184.0,1593936.0,13360.0
8800459.4667,1593953.3333,13557.6
8800348.0,1593956.0,13588.0
8800348.0,1593956.0,13588.0
8800348.0,1593956.0,13588.0
8800348.0,1593956.0,13588.0
8800348.0,1593956.0,13588.0
8800348.0,1593956.0,13588.0
8800348.0,1593956.0,13588.0
8800348.0,1593956.0,13588.0
8800348.0,1593956.0,13588.0
8800348.0,1593956.0,13588.0
8785627.4667,1593989.6,13830.666667
8784576.0,1593992.0,13848.0
8784576.0,1593992.0,13848.0
8784576.0,1593992.0,13848.0
8784576.0,1593992.0,13848.0
8783765.8667,1594003.2,13945.066667
8783708.0,1594004.0,13952.0
8783708.0,1594004.0,13952.0
8783708.0,1594004.0,13952.0
8783708.0,1594004.0,13952.0
8784193.3333,1594118.4,14045.6
8784268.0,1594136.0,14060.0
8784268.0,1594136.0,14060.0
8784268.0,1594136.0,14060.0
8784268.0,1594136.0,14060.0
8784268.0,1594136.0,14060.0
8784268.0,1594136.0,14060.0
8784268.0,1594136.0,14060.0
8784268.0,1594136.0,14060.0
8784268.0,1594136.0,14060.0
8784268.0,1594136.0,14060.0
8784268.0,1594136.0,14060.0
8784327.7333,1594139.2,14116.533333
8784492.0,1594148.0,14272.0
8784492.0,1594148.0,14272.0
8784492.0,1594148.0,14272.0
8784492.0,1594148.0,14272.0
8784492.0,1594148.0,14272.0
8784492.0,1594148.0,14272.0
8784492.0,1594148.0,14272.0
8784492.0,1594148.0,14272.0
8783698.6667,1594155.4667,14376.533333
8782792.0,1594164.0,14496.0
8782792.0,1594164.0,14496.0
8783364.0,1594168.0,14514.666667
8784508.0,1594176.0,14552.0
8784508.0,1594176.0,14552.0
8784508.0,1594176.0,14552.0
8784508.0,1594176.0,14552.0
8784508.0,1594176.0,14552.0
8784508.0,1594176.0,14552.0
8784508.0,1594176.0,14552.0
8784508.0,1594176.0,14552.0
8784508.0,1594176.0,14552.0
8784508.0,1594176.0,14552.0
8784508.0,1594176.0,14552.0
8784084.2667,1594187.2,14664.0
8783600.0,1594200.0,14792.0
8783600.0,1594200.0,14792.0
8783600.0,1594200.0,14792.0
8783600.0,1594200.0,14792.0
8783600.0,1594200.0,14792.0
8783600.0,1594200.0,14792.0
8783600.0,1594200.0,14792.0
8783600.0,1594200.0,14792.0
8783600.0,1594200.0,14792.0
8783600.0,1594200.0,14792.0
8783574.9333,1594202.1333,14833.6
8783412.0,1594216.0,15104.0
8783412.0,1594216.0,15104.0
8783412.0,1594216.0,15104.0
8783412.0,1594216.0,15104.0
8783412.0,1594216.0,15104.0
8783412.0,1594216.0,15104.0
8783412.0,1594216.0,15104.0
8783412.0,1594216.0,15104.0
8783412.0,1594216.0,15104.0
8783412.0,1594216.0,15104.0
8783412.0,1594216.0,15104.0
8783412.0,1594216.0,15104.0
8783056.0,1594232.0,15344.0
8783056.0,1594232.0,15344.0
8783056.0,1594232.0,15344.0
8783056.0,1594232.0,15344.0
8783056.0,1594232.0,15344.0
8783056.0,1594232.0,15344.0
8783056.0,1594232.0,15344.0
8783056.0,1594232.0,15344.0
8783056.0,1594232.0,15344.0
8783056.0,1594232.0,15344.0
8783056.0,1594232.0,15344.0
8783056.0,1594232.0,15344.0
8783518.9333,1594250.6667,15627.733333
8783552.0,1594252.0,15648.0
8783552.0,1594252.0,15648.0
8782598.6667,1594258.9333,15696.533333
8782452.0,1594260.0,15704.0
8782452.0,1594260.0,15704.0
8782452.0,1594260.0,15704.0
8782452.0,1594260.0,15704.0
8782452.0,1594260.0,15704.0
8782452.0,1594260.0,15704.0
8782452.0,1594260.0,15704.0
8782452.0,1594260.0,15704.0
8782452.0,1594260.0,15704.0
8782452.0,1594260.0,15704.0
8781688.0,1594280.0,15952.0
8781688.0,1594280.0,15952.0
8781688.0,1594280.0,15952.0
8781688.0,1594280.0,15952.0
8781688.0,1594280.0,15952.0
8781688.0,1594280.0,15952.0
8781688.0,1594280.0,15952.0
8781688.0,1594280.0,15952.0
8781688.0,1594280.0,15952.0
8781688.0,1594280.0,15952.0
8781688.0,1594280.0,15952.0
8781688.0,1594280.0,15952.0
8781953.0667,1594298.6667,16168.533333
8781972.0,1594300.0,16184.0
8781972.0,1594300.0,16184.0
8781972.0,1594300.0,16184.0
8781972.0,1594300.0,16184.0
8781972.0,1594300.0,16184.0
8781972.0,1594300.0,16184.0
8781972.0,1594300.0,16184.0
8781972.0,1594300.0,16184.0
8781972.0,1594300.0,16184.0
8781972.0,1594300.0,16184.0
8781972.0,1594300.0,16184.0
8781996.0,1594328.0,16480.0
8781996.0,1594328.0,16480.0
8781996.0,1594328.0,16480.0
8781996.0,1594328.0,16480.0
8781996.0,1594328.0,16480.0
8781996.0,1594328.0,16480.0
8781996.0,1594328.0,16480.0
8781996.0,1594328.0,16480.0
8781996.0,1594328.0,16480.0
8781996.0,1594328.0,16480.0
8781996.0,1594328.0,16480.0
8781996.0,1594328.0,16480.0
8781684.0,1594344.0,16728.0
8781684.0,1594344.0,16728.0
8781684.0,1594344.0,16728.0
8781684.0,1594344.0,16728.0
8781684.0,1594344.0,16728.0
8781684.0,1594344.0,16728.0
8781684.0,1594344.0,16728.0
8781684.0,1594344.0,16728.0
8781684.0,1594344.0,16728.0
8781684.0,1594344.0,16728.0
8781684.0,1594344.0,16728.0
8781684.0,1594344.0,16728.0
8782594.9333,1594366.4,17026.666667
8782660.0,1594368.0,17048.0
8781502.1333,1594371.4667,17103.466667
8781324.0,1594372.0,17112.0
8781324.0,1594372.0,17112.0
8781324.0,1594372.0,17112.0
8781324.0,1594372.0,17112.0
8781324.0,1594372.0,17112.0
8781324.0,1594372.0,17112.0
8781324.0,1594372.0,17112.0
8781324.0,1594372.0,17112.0
8781324.0,1594372.0,17112.0
8781324.0,1594372.0,17112.0
8781324.0,1594372.0,17112.0
8781552.8,1594395.4667,17288.0
8781636.0,1594404.0,17352.0
8781636.0,1594404.0,17352.0
8781636.0,1594404.0,17352.0
8781636.0,1594404.0,17352.0
8781636.0,1594404.0,17352.0
8781636.0,1594404.0,17352.0
8781636.0,1594404.0,17352.0
8781636.0,1594404.0,17352.0
8781636.0,1594404.0,17352.0
8781636.0,1594404.0,17352.0
8781636.0,1594404.0,17352.0
8781084.8,1594563.4667,17629.333333
8781000.0,1594588.0,17672.0
8781000.0,1594588.0,17672.0
8781000.0,1594588.0,17672.0
8781000.0,1594588.0,17672.0
8781000.0,1594588.0,17672.0
8829112.0,1594600.8,17780.8
8841140.0,1594604.0,17808.0
13747880.8,1594617.8667,17856.533333
14502764.0,1594620.0,17864.0
