7964132.0,65532.0,3388.0
7964132.0,65532.0,3388.0
6487671.7333,312441.86667,3973.8666667
6260524.0,350428.0,4064.0
6260524.0,350428.0,4064.0
6252325.6,356428.0,5193.6
6250276.0,357928.0,5476.0
6250276.0,357928.0,5476.0
6250276.0,357928.0,5476.0
6250276.0,357928.0,5476.0
6251054.6667,358461.33333,5569.3333333
6251444.0,358728.0,5616.0
6251444.0,358728.0,5616.0
6251444.0,358728.0,5616.0
6251444.0,358728.0,5616.0
6251444.0,358728.0,5616.0
6251444.0,358728.0,5616.0
6251444.0,358728.0,5616.0
6251444.0,358728.0,5616.0
6251444.0,358728.0,5616.0
6251444.0,358728.0,5616.0
6251444.0,358728.0,5616.0
6251532.0,358741.33333,5781.3333333
6251576.0,358748.0,5864.0
6251576.0,358748.0,5864.0
6251576.0,358748.0,5864.0
6251576.0,358748.0,5864.0
6251576.0,358748.0,5864.0
6251576.0,358748.0,5864.0
6246037.8667,358756.8,5998.9333333
6244024.0,358760.0,6048.0
6243158.6667,358760.0,6100.8
6242844.0,358760.0,6120.0
6242844.0,358760.0,6120.0
6241890.6667,358760.0,6166.9333333
6241544.0,358760.0,6184.0
6241544.0,358760.0,6184.0
6241544.0,358760.0,6184.0
6241544.0,358760.0,6184.0
6241544.0,358760.0,6184.0
6241544.0,358760.0,6184.0
6241544.0,358760.0,6184.0
6241544.0,358760.0,6184.0
6241544.0,358760.0,6184.0
6241544.0,358760.0,6184.0
6241544.0,358760.0,6184.0
6240843.7333,358784.26667,6398.9333333
6240736.0,358788.0,6432.0
6240736.0,358788.0,6432.0
6240736.0,358788.0,6432.0
6240736.0,358788.0,6432.0
6240736.0,358788.0,6432.0
6240736.0,358788.0,6432.0
6240736.0,358788.0,6432.0
6240736.0,358788.0,6432.0
6240736.0,358788.0,6432.0
6240736.0,358788.0,6432.0
6240736.0,358788.0,6432.0
6240313.6,358805.6,6678.4
6240160.0,358812.0,6768.0
6240160.0,358812.0,6768.0
6240160.0,358812.0,6768.0
6240160.0,358812.0,6768.0
6240160.0,358812.0,6768.0
6240160.0,358812.0,6768.0
6240160.0,358812.0,6768.0
6240160.0,358812.0,6768.0
6240160.0,358812.0,6768.0
6240160.0,358812.0,6768.0
6240160.0,358812.0,6768.0
6240274.4,358908.8,6955.7333333
6240316.0,358944.0,7024.0
6240316.0,358944.0,7024.0
6240316.0,358944.0,7024.0
6240316.0,358944.0,7024.0
6240316.0,358944.0,7024.0
6240316.0,358944.0,7024.0
6240316.0,358944.0,7024.0
6240316.0,358944.0,7024.0
6238364.0,359056.0,7194.6666667
6237388.0,359112.0,7280.0
6237388.0,359112.0,7280.0
6236169.3333,359109.33333,7322.6666667
6235560.0,359108.0,7344.0
6235560.0,359108.0,7344.0
6235560.0,359108.0,7344.0
6235560.0,359108.0,7344.0
6235560.0,359108.0,7344.0
6235560.0,359108.0,7344.0
6235560.0,359108.0,7344.0
6235560.0,359108.0,7344.0
6235560.0,359108.0,7344.0
6235560.0,359108.0,7344.0
6235560.0,359108.0,7344.0
6235396.8,359129.6,7488.0
6235288.0,359144.0,7584.0
6235288.0,359144.0,7584.0
6235288.0,359144.0,7584.0
6235288.0,359144.0,7584.0
6235288.0,359144.0,7584.0
6235288.0,359144.0,7584.0
6235288.0,359144.0,7584.0
6235288.0,359144.0,7584.0
6235288.0,359144.0,7584.0
6235288.0,359144.0,7584.0
6235288.0,359144.0,7584.0
6234932.8,359182.4,7771.2
6234696.0,359208.0,7896.0
6234696.0,359208.0,7896.0
6230642.4,359208.0,7934.4
6227940.0,359208.0,7960.0
6227940.0,359208.0,7960.0
6227940.0,359208.0,7960.0
6227940.0,359208.0,7960.0
6226907.4667,359222.93333,8024.0
6226004.0,359236.0,8080.0
6226004.0,359236.0,8080.0
6226004.0,359236.0,8080.0
6226004.0,359236.0,8080.0
6226004.0,359236.0,8080.0
6226004.0,359236.0,8080.0
6226004.0,359236.0,8080.0
6226004.0,359236.0,8080.0
6226004.0,359236.0,8080.0
6226004.0,359236.0,8080.0
6226004.0,359236.0,8080.0
6225757.6,359243.46667,8184.5333333
6225476.0,359252.0,8304.0
6225476.0,359252.0,8304.0
6225476.0,359252.0,8304.0
6225476.0,359252.0,8304.0
6225476.0,359252.0,8304.0
6225476.0,359252.0,8304.0
6225476.0,359252.0,8304.0
6225476.0,359252.0,8304.0
6224324.2667,360177.86667,8514.9333333
6223008.0,361236.0,8756.0
6223008.0,361236.0,8756.0
6223008.0,361236.0,8756.0
6223008.0,361236.0,8756.0
6223267.2,361232.8,8808.8
6223656.0,361228.0,8888.0
6223656.0,361228.0,8888.0
6223656.0,361228.0,8888.0
6223656.0,361228.0,8888.0
6223656.0,361228.0,8888.0
6223656.0,361228.0,8888.0
6223656.0,361228.0,8888.0
6223656.0,361228.0,8888.0
6223656.0,361228.0,8888.0
6223656.0,361228.0,8888.0
6223656.0,361228.0,8888.0
6223377.6,361271.2,8992.0
6222960.0,361336.0,9148.0
6222960.0,361336.0,9148.0
6222960.0,361336.0,9148.0
6222960.0,361336.0,9148.0
6222960.0,361336.0,9148.0
6222960.0,361336.0,9148.0
6222960.0,361336.0,9148.0
6222960.0,361336.0,9148.0
6222960.0,361336.0,9148.0
6203632.5333,361345.33333,9271.2
6181544.0,361356.0,9412.0
6181544.0,361356.0,9412.0
6181544.0,361356.0,9412.0
6181544.0,361356.0,9412.0
6181544.0,361356.0,9412.0
6181544.0,361356.0,9412.0
6181544.0,361356.0,9412.0
6181544.0,361356.0,9412.0
6181544.0,361356.0,9412.0
6181166.6667,361362.66667,9494.6666667
6180412.0,361376.0,9660.0
6180412.0,361376.0,9660.0
6180804.0,361376.0,9681.3333333
6181588.0,361376.0,9724.0
6181588.0,361376.0,9724.0
6181588.0,361376.0,9724.0
6181588.0,361376.0,9724.0
6181588.0,361376.0,9724.0
6181588.0,361376.0,9724.0
6181588.0,361376.0,9724.0
6181588.0,361376.0,9724.0
6181588.0,361376.0,9724.0
6181588.0,361376.0,9724.0
6179695.7333,361382.4,9792.2666667
6174492.0,361400.0,9980.0
6174492.0,361400.0,9980.0
6174492.0,361400.0,9980.0
6174492.0,361400.0,9980.0
6174083.2,361404.8,10005.6
6172448.0,361424.0,10108.0
6172448.0,361424.0,10108.0
6172448.0,361424.0,10108.0
6172448.0,361424.0,10108.0
6172448.0,361424.0,10108.0
6172448.0,361424.0,10108.0
6172448.0,361424.0,10108.0
6172448.0,361424.0,10108.0
6172448.0,361424.0,10108.0
6172448.0,361424.0,10108.0
6172448.0,361424.0,10108.0
6172348.0,361427.2,10159.2
6171948.0,361440.0,10364.0
6171948.0,361440.0,10364.0
6171948.0,361440.0,10364.0
6171948.0,361440.0,10364.0
6171948.0,361440.0,10364.0
6171948.0,361440.0,10364.0
6171948.0,361440.0,10364.0
6171948.0,361440.0,10364.0
6171948.0,361440.0,10364.0
6171948.0,361440.0,10364.0
6171948.0,361440.0,10364.0
6172010.4,361449.6,10424.8
6172260.0,361488.0,10668.0
6172260.0,361488.0,10668.0
6172260.0,361488.0,10668.0
6172260.0,361488.0,10668.0
6172081.8667,361488.0,10682.933333
6170924.0,361488.0,10780.0
6170924.0,361488.0,10780.0
6170924.0,361488.0,10780.0
6170924.0,361488.0,10780.0
6170924.0,361488.0,10780.0
6170924.0,361488.0,10780.0
6170924.0,361488.0,10780.0
6170924.0,361488.0,10780.0
6170924.0,361488.0,10780.0
6170924.0,361488.0,10780.0
6170924.0,361488.0,10780.0
6171185.3333,361509.33333,10839.733333
6171904.0,361568.0,11004.0
6171904.0,361568.0,11004.0
6171904.0,361568.0,11004.0
6171904.0,361568.0,11004.0
6171904.0,361568.0,11004.0
6171904.0,361568.0,11004.0
6150203.2,361576.0,11068.0
6117652.0,361588.0,11164.0
6117652.0,361588.0,11164.0
6116994.4,361588.0,11186.4
6116008.0,361588.0,11220.0
6116008.0,361588.0,11220.0
6116008.0,361588.0,11220.0
6116008.0,361588.0,11220.0
6115809.6,361590.4,11245.6
6115016.0,361600.0,11348.0
6115016.0,361600.0,11348.0
6115016.0,361600.0,11348.0
6115016.0,361600.0,11348.0
6115016.0,361600.0,11348.0
6115016.0,361600.0,11348.0
6115016.0,361600.0,11348.0
6115016.0,361600.0,11348.0
6115016.0,361600.0,11348.0
6115016.0,361600.0,11348.0
6115016.0,361600.0,11348.0
6115018.6667,361603.73333,11380.0
6115036.0,361628.0,11588.0
6115036.0,361628.0,11588.0
6115036.0,361628.0,11588.0
6115036.0,361628.0,11588.0
6115036.0,361628.0,11588.0
6218520.2667,361197.6,11600.8
7667300.0,355172.0,11780.0
