3582612.0,299700.0,9068.0
3263664.8,201274.4,4533.6
3214596.0,186132.0,3836.0
2615157.3333,286245.86667,5541.6
2522936.0,301648.0,5804.0
2522936.0,301648.0,5804.0
2521861.3333,304369.33333,5856.0
2521696.0,304788.0,5864.0
2521696.0,304788.0,5864.0
2521696.0,304788.0,5864.0
2521696.0,304788.0,5864.0
2521696.0,304788.0,5864.0
2521696.0,304788.0,5864.0
2521696.0,304788.0,5864.0
2518901.8667,304812.26667,6023.4666667
2518472.0,304816.0,6048.0
2518472.0,304816.0,6048.0
2518472.0,304816.0,6048.0
2518472.0,304816.0,6048.0
2518472.0,304816.0,6048.0
2518472.0,304816.0,6048.0
2518472.0,304816.0,6048.0
2518472.0,304816.0,6048.0
2518472.0,304816.0,6048.0
2518472.0,304816.0,6048.0
2515844.8,305632.0,6371.2
2515188.0,305836.0,6452.0
2517085.6,305839.2,6496.8
2517560.0,305840.0,6508.0
2517560.0,305840.0,6508.0
2517560.0,305840.0,6508.0
2517560.0,305840.0,6508.0
2517560.0,305840.0,6508.0
2517560.0,305840.0,6508.0
2517560.0,305840.0,6508.0
2517560.0,305840.0,6508.0
2517560.0,305840.0,6508.0
2517560.0,305840.0,6508.0
2512818.6667,305910.93333,6668.5333333
2512480.0,305916.0,6680.0
2512480.0,305916.0,6680.0
2506614.4,308710.13333,7473.8666667
2505712.0,309140.0,7596.0
2505712.0,309140.0,7596.0
2505712.0,309140.0,7596.0
2505712.0,309140.0,7596.0
2504644.0,312280.0,7880.0
2504644.0,312280.0,7880.0
2504644.0,312280.0,7880.0
2504644.0,312280.0,7880.0
2504644.0,312280.0,7880.0
2504644.0,312280.0,7880.0
2504644.0,312280.0,7880.0
2504644.0,312280.0,7880.0
2504644.0,312280.0,7880.0
2504644.0,312280.0,7880.0
2504644.0,312280.0,7880.0
2504644.0,312280.0,7880.0
2505208.0,312300.0,8120.0
2505208.0,312300.0,8120.0
2505208.0,312300.0,8120.0
2505208.0,312300.0,8120.0
2505208.0,312300.0,8120.0
2505208.0,312300.0,8120.0
2505208.0,312300.0,8120.0
2499604.0,313204.0,8584.0
2499604.0,313204.0,8584.0
2499728.5333,313205.86667,8588.0
2501472.0,313232.0,8644.0
3073870.9333,309735.46667,8673.8666667
3073870.9333,309735.46667,8673.8666667
3574720.0,306676.0,8700.0
