vda,0.80,0.01,0.00,0,0
vda,45.00,0.17,0.01,0,0
vda,18.00,0.00,0.08,0,0
vda,80.80,0.29,0.12,1,0
vda,47.80,0.26,0.09,1,0
vda,2.20,0.00,0.01,0,0
vda,89.20,3.04,0.02,15,0
vda,100.80,1.07,0.15,5,0
vda,45.80,2.00,0.01,10,0
vda,38.80,4.35,0.02,21,0
vda,42.40,1.35,0.92,6,4
vda,56.00,2.97,0.54,14,2
vda,38.40,4.45,0.01,22,0
vda,13.00,1.36,0.01,6,0
vda,29.40,0.00,0.12,0,0
vda,30.40,0.00,0.13,0,0
vda,7.00,0.00,0.03,0,0
vda,30.80,0.00,0.12,0,0
vda,0.00,0.00,0.00,0,0
vda,14.00,0.00,0.06,0,0
vda,28.00,0.00,0.11,0,0
vda,4.40,0.00,0.02,0,0
vda,3.40,0.00,0.02,0,0
vda,25.80,0.00,0.11,0,0
vda,15.80,0.00,0.07,0,0
vda,30.80,0.00,0.12,0,0
vda,2.20,0.00,0.01,0,0
vda,27.20,0.00,0.11,0,0
vda,9.20,0.00,0.04,0,0
vda,1.80,0.00,0.01,0,0
vda,23.00,0.00,0.10,0,0
vda,17.40,0.00,0.07,0,0
vda,7.00,0.00,0.03,0,0
vda,27.35,0.00,0.12,0,0
vda,10.00,0.00,0.04,0,0
vda,1.80,0.00,0.01,0,0
vda,38.20,0.00,0.15,0,0
vda,14.00,0.00,0.06,0,0
vda,27.60,0.00,0.11,0,0
vda,7.60,0.00,0.03,0,0
vda,1.00,0.00,0.00,0,0
vda,0.00,0.00,0.00,0,0
vda,29.60,0.00,0.12,0,0
vda,11.20,0.00,0.05,0,0
vda,0.00,0.00,0.00,0,0
vda,40.00,0.00,0.17,0,0
vda,4.60,0.00,0.02,0,0
vda,2.00,0.00,0.01,0,0
vda,37.20,0.00,0.15,0,0
vda,16.40,0.00,0.07,0,0
vda,2.00,0.00,0.01,0,0
vda,26.80,0.00,0.11,0,0
vda,11.80,0.00,0.05,0,0
vda,2.20,0.00,0.01,0,0
vda,1.00,0.00,0.00,0,0
vda,0.00,0.00,0.00,0,0
vda,2.00,0.00,0.01,0,0
vda,1.40,0.00,0.01,0,0
vda,26.20,0.00,0.11,0,0
vda,37.60,0.00,0.15,0,0
vda,2.40,0.00,0.01,0,0
vda,32.40,0.00,0.14,0,0
vda,11.40,0.00,0.05,0,0
vda,1.00,0.00,0.00,0,0
vda,0.00,0.00,0.00,0,0
vda,28.00,0.00,0.11,0,0
vda,1.20,0.00,0.00,0,0
vda,9.60,0.00,0.04,0,0
vda,2.00,0.00,0.01,0,0
vda,1.00,0.00,0.00,0,0
vda,2.80,0.00,0.01,0,0
vda,1.60,0.00,0.01,0,0
vda,2.00,0.00,0.01,0,0
vda,0.20,0.00,0.00,0,0
vda,53.20,0.00,0.21,0,1
vda,1.00,0.00,0.00,0,0
vda,0.00,0.00,0.00,0,0
vda,8.20,0.00,0.04,0,0
vda,1.40,0.00,0.01,0,0
vda,2.00,0.00,0.01,0,0
vda,3.80,0.00,0.01,0,0
vda,13.00,0.00,0.05,0,0
vda,47.40,0.00,0.20,0,0
vda,2.40,0.00,0.01,0,0
vda,1.00,0.00,0.00,0,0
vda,0.00,0.00,0.00,0,0
vda,28.20,0.00,0.11,0,0
vda,22.00,0.00,0.09,0,0
vda,1.00,0.00,0.00,0,0
vda,28.00,0.00,0.12,0,0
vda,12.40,0.00,0.05,0,0
vda,1.60,0.00,0.01,0,0
vda,1.80,0.00,0.01,0,0
vda,0.80,0.00,0.00,0,0
vda,0.20,0.00,0.00,0,0
vda,2.40,0.00,0.01,0,0
vda,26.40,0.00,0.11,0,0
vda,0.60,0.00,0.00,0,0
vda,35.80,0.00,0.14,0,0
vda,1.20,0.00,0.00,0,0
vda,2.00,0.00,0.01,0,0
vda,35.60,0.00,0.15,0,0
vda,10.00,0.00,0.04,0,0
vda,0.00,0.00,0.00,0,0
vda,2.00,0.00,0.01,0,0
vda,2.80,0.03,0.00,0,0
vda,23.60,0.13,0.00,0,0
vda,6.60,0.01,0.01,0,0
vda,25.00,0.00,0.10,0,0
vda,3.80,0.00,0.02,0,0
vda,47.60,0.00,0.19,0,0
vda,1.00,0.00,0.00,0,0
vda,9.80,0.00,0.05,0,0
vda,2.40,0.00,0.01,0,0
vda,2.20,0.00,0.01,0,0
vda,3.60,0.00,0.01,0,0
vda,11.40,0.00,0.04,0,0
vda,25.40,0.00,0.11,0,0
vda,1.20,0.00,0.00,0,0
vda,3.20,0.00,0.01,0,0
vda,11.00,0.00,0.05,0,0
vda,0.20,0.00,0.00,0,0
vda,54.00,0.00,0.22,0,1
vda,4.20,0.00,0.02,0,0
vda,27.20,0.00,0.11,0,0
vda,5.40,0.00,0.02,0,0
vda,28.00,0.00,0.12,0,0
vda,9.00,0.00,0.04,0,0
vda,3.20,0.00,0.01,0,0
