16183119.0,83958.6,3790.6
16223436.0,44132.0,3384.0
16217607.467,49664.266667,3636.2666667
16214128.622,51712.444444,3731.6444444
16214128.622,51712.444444,3731.6444444
16214128.622,51712.444444,3731.6444444
16213996.0,51716.0,3732.0
16212201.867,52953.333333,3809.8666667
16207268.0,56356.0,4024.0
16206081.244,57107.377778,4045.0666667
16206081.244,57107.377778,4045.0666667
16206081.244,57107.377778,4045.0666667
16206081.244,57107.377778,4045.0666667
16206081.244,57107.377778,4045.0666667
16206081.244,57107.377778,4045.0666667
16204222.286,57266.285714,4062.4761905
16204222.286,57266.285714,4062.4761905
16204222.286,57266.285714,4062.4761905
16204222.286,57266.285714,4062.4761905
16204222.286,57266.285714,4062.4761905
16204222.286,57266.285714,4062.4761905
16204222.286,57266.285714,4062.4761905
16204044.0,57272.0,4064.0
16204044.0,57272.0,4064.0
16204044.0,57272.0,4064.0
16204044.0,57272.0,4064.0
16204044.0,57272.0,4064.0
16204044.0,57272.0,4064.0
16203813.6,57418.933333,4069.8666667
16200588.0,59476.0,4152.0
nan,nan,nan
nan,nan,nan
nan,nan,nan
nan,nan,nan
nan,nan,nan
nan,nan,nan
nan,nan,nan
nan,nan,nan
nan,nan,nan
nan,nan,nan
nan,nan,nan
nan,nan,nan
nan,nan,nan
nan,nan,nan
16177860.0,76244.0,4372.0
16177860.0,76244.0,4372.0
16169436.0,80369.333333,4385.8666667
16169436.0,80369.333333,4385.8666667
16168140.0,81004.0,4388.0
16168140.0,81004.0,4388.0
16162866.4,80321.333333,4413.6
16158252.0,79724.0,4436.0
16118307.467,83399.733333,4459.4666667
16083356.0,86616.0,4480.0
16083356.0,86616.0,4480.0
16072741.6,89345.6,4486.4
16030284.0,100264.0,4512.0
16007433.6,102990.4,4518.4
15916032.0,113896.0,4544.0
15916032.0,113896.0,4544.0
15804941.156,125788.44444,4571.2
15804941.156,125788.44444,4571.2
15804941.156,125788.44444,4571.2
15712500.267,142729.6,4611.2
15703808.0,144744.0,4616.0
15703808.0,144744.0,4616.0
15626370.267,159228.53333,4643.0666667
15626370.267,159228.53333,4643.0666667
15622997.067,159762.13333,4645.0666667
15621064.0,159856.0,4648.0
15614647.067,160104.26667,4653.0666667
15614647.067,160104.26667,4653.0666667
15610932.0,160248.0,4656.0
15471972.48,179282.4,4729.92
15471972.48,179282.4,4729.92
15471972.48,179282.4,4729.92
15471972.48,179282.4,4729.92
15471972.48,179282.4,4729.92
15445504.0,182908.0,4744.0
15435673.6,187828.0,4755.2
15396352.0,207508.0,4800.0
15394329.6,207636.0,4817.6
15372919.733,209198.13333,4899.7333333
15372919.733,209198.13333,4899.7333333
15372919.733,209198.13333,4899.7333333
15368076.0,209580.0,4904.0
15368076.0,209580.0,4904.0
15333138.667,211545.33333,4940.0
15263264.0,215476.0,5012.0
15263264.0,215476.0,5012.0
15134543.4,230167.4,5032.4
15134543.4,230167.4,5032.4
15134543.4,230167.4,5032.4
15134543.4,230167.4,5032.4
15111828.0,232760.0,5036.0
15111828.0,232760.0,5036.0
15111828.0,232760.0,5036.0
15111828.0,232760.0,5036.0
15111828.0,232760.0,5036.0
15111828.0,232760.0,5036.0
15111828.0,232760.0,5036.0
15106190.667,237803.73333,5095.7333333
15102020.0,241368.0,5120.0
15102020.0,241368.0,5120.0
15102020.0,241368.0,5120.0
15102020.0,241368.0,5120.0
15097780.0,245979.2,5136.0
15096720.0,247132.0,5140.0
15096720.0,247132.0,5140.0
15096720.0,247132.0,5140.0
15096720.0,247132.0,5140.0
15081040.0,250666.4,5148.8
15018320.0,264804.0,5184.0
15018320.0,264804.0,5184.0
15010160.0,271469.6,5206.4
15008120.0,273136.0,5212.0
15006532.8,274785.06667,5218.4
15006532.8,274785.06667,5218.4
15005144.0,276228.0,5224.0
15005144.0,276228.0,5224.0
14996168.0,284928.0,5248.0
14996168.0,284928.0,5248.0
14996168.0,284928.0,5248.0
14996168.0,284928.0,5248.0
14996168.0,284928.0,5248.0
14996168.0,284928.0,5248.0
14996168.0,284928.0,5248.0
14976988.0,286906.66667,5274.1333333
14832483.2,295286.66667,5331.7333333
14832483.2,295286.66667,5331.7333333
14832483.2,295286.66667,5331.7333333
14832483.2,295286.66667,5331.7333333
14683797.333,304172.53333,5362.1333333
14535424.0,313252.0,5392.0
14535424.0,313252.0,5392.0
14529579.467,318152.0,5403.2
14522900.0,323752.0,5416.0
14522900.0,323752.0,5416.0
14514029.6,332223.46667,5441.6
14506268.0,339636.0,5464.0
14443889.6,349671.2,5480.8
14372600.0,361140.0,5500.0
14372600.0,361140.0,5500.0
14363916.267,368789.6,5516.8
14353992.0,377532.0,5536.0
14353992.0,377532.0,5536.0
14348134.667,382740.0,5548.0
14336420.0,393156.0,5572.0
14333669.067,395991.2,5582.6666667
14326104.0,403788.0,5612.0
14326104.0,403788.0,5612.0
14295662.4,408344.8,5628.0
14250000.0,415180.0,5652.0
14250000.0,415180.0,5652.0
14219735.467,416684.0,5661.6
14136508.0,420820.0,5688.0
14130124.0,421118.66667,5693.3333333
14117356.0,421716.0,5704.0
14117356.0,421716.0,5704.0
14107863.733,422232.26667,5711.4666667
14081760.0,423652.0,5732.0
14081760.0,423652.0,5732.0
14066514.133,424398.66667,5740.5333333
14024588.0,426452.0,5764.0
14007724.0,427266.66667,5776.0
13973996.0,428896.0,5800.0
13973996.0,428896.0,5800.0
13892496.0,429793.33333,5806.6666667
13729496.0,431588.0,5820.0
13729496.0,431588.0,5820.0
13716352.533,436093.6,5831.7333333
13680208.0,448484.0,5864.0
13677771.2,450660.0,5870.4
13668024.0,459364.0,5896.0
13668024.0,459364.0,5896.0
13662291.067,464722.0,5913.7333333
13662291.067,464722.0,5913.7333333
13658972.0,467824.0,5924.0
13658972.0,467824.0,5924.0
13658972.0,467824.0,5924.0
13657301.6,469472.0,5943.2
13657301.6,469472.0,5943.2
13657301.6,469472.0,5943.2
13656734.933,469936.26667,5948.8
13654648.0,470668.0,5960.0
13654128.267,471189.33333,5961.6
13646852.0,478488.0,5984.0
13646852.0,478488.0,5984.0
13646496.533,478837.6,5985.6
13641520.0,483732.0,6008.0
13641520.0,483732.0,6008.0
13628880.0,496568.26667,6029.3333333
13628880.0,496568.26667,6029.3333333
13617820.0,507800.0,6048.0
13438948.0,509980.0,6080.0
13438948.0,509980.0,6080.0
13438948.0,509980.0,6080.0
13425399.733,523602.93333,6117.3333333
13424432.0,524576.0,6120.0
13424432.0,524576.0,6120.0
13398377.6,548646.4,6155.2
13391864.0,554664.0,6164.0
13386342.4,560342.4,6177.0666667
13380032.0,566832.0,6192.0
13380032.0,566832.0,6192.0
13371055.2,575948.8,6218.1333333
13352004.8,594623.11111,6257.8666667
13352004.8,594623.11111,6257.8666667
13352004.8,594623.11111,6257.8666667
13350104.0,596408.0,6260.0
13292581.6,599403.2,6291.2
13283732.0,599864.0,6296.0
13283732.0,599864.0,6296.0
13228972.533,602751.73333,6337.6
13220548.0,603196.0,6344.0
13220548.0,603196.0,6344.0
13067253.6,610729.86667,6388.8
13056304.0,611268.0,6392.0
12767900.267,613788.0,6425.6
12747300.0,613968.0,6428.0
12747300.0,613968.0,6428.0
12668560.0,615576.0,6464.0
12668560.0,615576.0,6464.0
12668560.0,615576.0,6464.0
12649012.0,634964.0,6512.0
12649012.0,634964.0,6512.0
12624324.0,658256.0,6564.0
12624324.0,658256.0,6564.0
12624324.0,658256.0,6564.0
12595633.333,686588.26667,6605.0666667
12593584.0,688612.0,6608.0
12593584.0,688612.0,6608.0
12585662.667,695937.06667,6625.3333333
12584444.0,697064.0,6628.0
12156868.8,805785.6,6673.0666667
12091088.0,822512.0,6680.0
12091088.0,822512.0,6680.0
12030028.8,827609.6,6737.6
12014764.0,828884.0,6752.0
12014764.0,828884.0,6752.0
12014764.0,828884.0,6752.0
12014764.0,828884.0,6752.0
12014764.0,828884.0,6752.0
12014764.0,828884.0,6752.0
12014764.0,828884.0,6752.0
12014764.0,828884.0,6752.0
12014764.0,828884.0,6752.0
12014764.0,828884.0,6752.0
12014764.0,828884.0,6752.0
12014517.867,828897.86667,6966.9333333
12014480.0,828900.0,7000.0
12014480.0,828900.0,7000.0
12014480.0,828900.0,7000.0
12014480.0,828900.0,7000.0
12014480.0,828900.0,7000.0
12014480.0,828900.0,7000.0
12014480.0,828900.0,7000.0
12014480.0,828900.0,7000.0
12012968.533,828896.53333,7235.7333333
12012736.0,828896.0,7272.0
12012736.0,828896.0,7272.0
12012736.0,828896.0,7272.0
12012736.0,828896.0,7272.0
12012736.0,828896.0,7272.0
12012736.0,828896.0,7272.0
12012736.0,828896.0,7272.0
12012736.0,828896.0,7272.0
12012736.0,828896.0,7272.0
12012736.0,828896.0,7272.0
12012736.0,828896.0,7272.0
12012736.0,828896.0,7272.0
12012642.667,828922.13333,7503.4666667
12012636.0,828924.0,7520.0
12012636.0,828924.0,7520.0
12022150.133,828925.6,7534.9333333
12083992.0,828936.0,7632.0
12083911.467,828936.0,7635.7333333
12082784.0,828936.0,7688.0
12082784.0,828936.0,7688.0
12082784.0,828936.0,7688.0
12082784.0,828936.0,7688.0
12082784.0,828936.0,7688.0
12082784.0,828936.0,7688.0
12082784.0,828936.0,7688.0
12082784.0,828936.0,7688.0
12082784.0,828936.0,7688.0
12082784.0,828936.0,7688.0
12082784.0,828936.0,7688.0
12082691.467,828938.13333,7704.5333333
12081396.0,828968.0,7936.0
12081396.0,828968.0,7936.0
12081396.0,828968.0,7936.0
12081263.467,828968.0,7945.0666667
12079408.0,828968.0,8072.0
12079408.0,828968.0,8072.0
12079511.467,828968.53333,8075.7333333
12080960.0,828976.0,8128.0
12080960.0,828976.0,8128.0
12080960.0,828976.0,8128.0
12080960.0,828976.0,8128.0
12080960.0,828976.0,8128.0
12080960.0,828976.0,8128.0
12080960.0,828976.0,8128.0
12080960.0,828976.0,8128.0
12080960.0,828976.0,8128.0
12080960.0,828976.0,8128.0
12080960.0,828976.0,8128.0
12080960.0,828976.0,8128.0
12080684.0,829000.0,8384.0
12080684.0,829000.0,8384.0
12080684.0,829000.0,8384.0
12080684.0,829000.0,8384.0
12080684.0,829000.0,8384.0
12080684.0,829000.0,8384.0
12080684.0,829000.0,8384.0
12080684.0,829000.0,8384.0
12080684.0,829000.0,8384.0
12080684.0,829000.0,8384.0
12080684.0,829000.0,8384.0
12080675.2,829002.13333,8402.6666667
12080552.0,829032.0,8664.0
12080552.0,829032.0,8664.0
12080552.0,829032.0,8664.0
12079108.0,829344.0,8868.0
12079108.0,829344.0,8868.0
12079108.0,829344.0,8868.0
12079108.0,829344.0,8868.0
12079108.0,829344.0,8868.0
12079108.0,829344.0,8868.0
12079108.0,829344.0,8868.0
12079108.0,829344.0,8868.0
12078506.933,829467.2,9039.7333333
12078165.6,829739.46667,9136.2666667
12073988.0,833428.0,10316.0
12073988.0,833428.0,10316.0
12073988.0,833428.0,10316.0
12066968.0,836836.0,10840.0
12066968.0,836836.0,10840.0
12066968.0,836836.0,10840.0
12066968.0,836836.0,10840.0
12066968.0,836836.0,10840.0
12066968.0,836836.0,10840.0
12066968.0,836836.0,10840.0
12066968.0,836836.0,10840.0
12066968.0,836836.0,10840.0
12066968.0,836836.0,10840.0
12066968.0,836836.0,10840.0
12066781.333,836862.13333,11078.933333
12066768.0,836864.0,11096.0
12066768.0,836864.0,11096.0
12066768.0,836864.0,11096.0
12066768.0,836864.0,11096.0
12066768.0,836864.0,11096.0
12066768.0,836864.0,11096.0
12066768.0,836864.0,11096.0
12066768.0,836864.0,11096.0
12066768.0,836864.0,11096.0
12066768.0,836864.0,11096.0
12066768.0,836864.0,11096.0
12067059.2,836871.46667,11327.466667
12067080.0,836872.0,11344.0
12067080.0,836872.0,11344.0
12067080.0,836872.0,11344.0
12067080.0,836872.0,11344.0
12067080.0,836872.0,11344.0
12067080.0,836872.0,11344.0
12067080.0,836872.0,11344.0
12067080.0,836872.0,11344.0
12067080.0,836872.0,11344.0
12067080.0,836872.0,11344.0
12067080.0,836872.0,11344.0
12067225.6,836910.13333,11635.2
12067248.0,836916.0,11680.0
12066184.0,836919.73333,11739.733333
12066108.0,836920.0,11744.0
12066108.0,836920.0,11744.0
12066108.0,836920.0,11744.0
12066108.0,836920.0,11744.0
12066108.0,836920.0,11744.0
12066108.0,836920.0,11744.0
12066108.0,836920.0,11744.0
12066108.0,836920.0,11744.0
12066108.0,836920.0,11744.0
12066108.0,836920.0,11744.0
12066108.0,836920.0,11744.0
12066173.867,836947.73333,11952.0
12066184.0,836952.0,11984.0
12066184.0,836952.0,11984.0
12066184.0,836952.0,11984.0
12066184.0,836952.0,11984.0
12066184.0,836952.0,11984.0
12066184.0,836952.0,11984.0
12066184.0,836952.0,11984.0
12066184.0,836952.0,11984.0
12066184.0,836952.0,11984.0
12066184.0,836952.0,11984.0
12066184.0,836952.0,11984.0
12066012.0,836972.0,12288.0
12066012.0,836972.0,12288.0
12066012.0,836972.0,12288.0
12066012.0,836972.0,12288.0
12066012.0,836972.0,12288.0
12066012.0,836972.0,12288.0
12066012.0,836972.0,12288.0
12066012.0,836972.0,12288.0
12066012.0,836972.0,12288.0
12066012.0,836972.0,12288.0
12066012.0,836972.0,12288.0
12065981.6,836976.26667,12317.866667
12065784.0,837004.0,12512.0
12065784.0,837004.0,12512.0
12065784.0,837004.0,12512.0
12065784.0,837004.0,12512.0
12065784.0,837004.0,12512.0
12065784.0,837004.0,12512.0
12065784.0,837004.0,12512.0
12065784.0,837004.0,12512.0
12065784.0,837004.0,12512.0
12065784.0,837004.0,12512.0
12065784.0,837004.0,12512.0
12065784.0,837004.0,12512.0
12065772.8,837041.33333,12810.666667
12065772.0,837044.0,12832.0
12065772.0,837044.0,12832.0
12065772.0,837044.0,12832.0
12065772.0,837044.0,12832.0
12065772.0,837044.0,12832.0
12065772.0,837044.0,12832.0
12065772.0,837044.0,12832.0
12065772.0,837044.0,12832.0
12065772.0,837044.0,12832.0
12065772.0,837044.0,12832.0
12065772.0,837044.0,12832.0
12065160.0,837072.0,13080.0
12065160.0,837072.0,13080.0
12065160.0,837072.0,13080.0
12065160.0,837072.0,13080.0
12065160.0,837072.0,13080.0
12065160.0,837072.0,13080.0
12065160.0,837072.0,13080.0
12065160.0,837072.0,13080.0
12065160.0,837072.0,13080.0
12065160.0,837072.0,13080.0
12065160.0,837072.0,13080.0
12065160.0,837072.0,13080.0
12065292.0,837100.0,13368.0
12065292.0,837100.0,13368.0
12065292.0,837100.0,13368.0
12065292.0,837100.0,13368.0
12065292.0,837100.0,13368.0
12065292.0,837100.0,13368.0
12065292.0,837100.0,13368.0
12065292.0,837100.0,13368.0
12065292.0,837100.0,13368.0
12065292.0,837100.0,13368.0
12065292.0,837100.0,13368.0
12065292.0,837100.0,13368.0
12065056.8,837230.66667,13592.0
12065040.0,837240.0,13608.0
12065040.0,837240.0,13608.0
12065040.0,837240.0,13608.0
12053296.0,837268.0,13728.0
12053296.0,837268.0,13728.0
12053296.0,837268.0,13728.0
12053296.0,837268.0,13728.0
12053296.0,837268.0,13728.0
12053296.0,837268.0,13728.0
12053296.0,837268.0,13728.0
12053296.0,837268.0,13728.0
12053296.0,837268.0,13728.0
12053296.0,837268.0,13728.0
12053296.0,837268.0,13728.0
12053296.0,837268.0,13728.0
12052190.933,837268.0,13929.6
12052112.0,837268.0,13944.0
12052112.0,837268.0,13944.0
12052112.0,837268.0,13944.0
12052112.0,837268.0,13944.0
12052112.0,837268.0,13944.0
12052112.0,837268.0,13944.0
12052112.0,837268.0,13944.0
12052112.0,837268.0,13944.0
12052112.0,837268.0,13944.0
12052112.0,837268.0,13944.0
12052112.0,837268.0,13944.0
12051615.467,837297.86667,14250.133333
12051580.0,837300.0,14272.0
12051580.0,837300.0,14272.0
12051580.0,837300.0,14272.0
12051580.0,837300.0,14272.0
12051580.0,837300.0,14272.0
12050161.333,837311.2,14384.0
12050060.0,837312.0,14392.0
12050060.0,837312.0,14392.0
12050060.0,837312.0,14392.0
12050060.0,837312.0,14392.0
12051684.0,837315.73333,14511.466667
12051800.0,837316.0,14520.0
12051800.0,837316.0,14520.0
12051800.0,837316.0,14520.0
12051800.0,837316.0,14520.0
12051800.0,837316.0,14520.0
12051800.0,837316.0,14520.0
12051800.0,837316.0,14520.0
12051800.0,837316.0,14520.0
12051800.0,837316.0,14520.0
12051800.0,837316.0,14520.0
12051800.0,837316.0,14520.0
12051113.6,837326.4,14734.933333
12051008.0,837328.0,14768.0
12051008.0,837328.0,14768.0
12051008.0,837328.0,14768.0
12051008.0,837328.0,14768.0
12051008.0,837328.0,14768.0
12051008.0,837328.0,14768.0
12051008.0,837328.0,14768.0
12051008.0,837328.0,14768.0
12051008.0,837328.0,14768.0
12051008.0,837328.0,14768.0
12051008.0,837328.0,14768.0
12050918.4,837339.2,15066.666667
12050912.0,837340.0,15088.0
12050912.0,837340.0,15088.0
12050912.0,837340.0,15088.0
12050912.0,837340.0,15088.0
12050912.0,837340.0,15088.0
12050912.0,837340.0,15088.0
12050912.0,837340.0,15088.0
12050912.0,837340.0,15088.0
12050912.0,837340.0,15088.0
12050912.0,837340.0,15088.0
12050912.0,837340.0,15088.0
12050264.0,837372.0,15320.0
12050264.0,837372.0,15320.0
12050264.0,837372.0,15320.0
12050264.0,837372.0,15320.0
12041672.0,837372.0,15432.0
12041672.0,837372.0,15432.0
12041672.0,837372.0,15432.0
12041672.0,837372.0,15432.0
12041672.0,837372.0,15432.0
12040400.0,837384.0,15568.0
12040400.0,837384.0,15568.0
12040400.0,837384.0,15568.0
12041691.733,837384.0,15627.733333
12041784.0,837384.0,15632.0
12041784.0,837384.0,15632.0
12041784.0,837384.0,15632.0
12041784.0,837384.0,15632.0
12040566.933,837391.46667,15751.466667
12040480.0,837392.0,15760.0
12040480.0,837392.0,15760.0
12040480.0,837392.0,15760.0
12040480.0,837392.0,15760.0
12040480.0,837392.0,15760.0
12040480.0,837392.0,15760.0
12040480.0,837392.0,15760.0
12040480.0,837392.0,15760.0
12040480.0,837392.0,15760.0
12040480.0,837392.0,15760.0
12040480.0,837392.0,15760.0
12041032.533,837414.4,15976.533333
12041072.0,837416.0,15992.0
12039701.867,837427.2,16066.666667
12039604.0,837428.0,16072.0
12039604.0,837428.0,16072.0
12039604.0,837428.0,16072.0
12039604.0,837428.0,16072.0
12039604.0,837428.0,16072.0
12039604.0,837428.0,16072.0
12039604.0,837428.0,16072.0
12039604.0,837428.0,16072.0
12039604.0,837428.0,16072.0
12039604.0,837428.0,16072.0
12039604.0,837428.0,16072.0
12039316.267,837438.4,16286.933333
12039272.0,837440.0,16320.0
12039272.0,837440.0,16320.0
12039272.0,837440.0,16320.0
12039272.0,837440.0,16320.0
12039272.0,837440.0,16320.0
12039272.0,837440.0,16320.0
12039272.0,837440.0,16320.0
12039272.0,837440.0,16320.0
12039272.0,837440.0,16320.0
12039272.0,837440.0,16320.0
12039272.0,837440.0,16320.0
12038995.733,837458.66667,16626.133333
12038976.0,837460.0,16648.0
12038976.0,837460.0,16648.0
12038976.0,837460.0,16648.0
12038976.0,837460.0,16648.0
12038976.0,837460.0,16648.0
12038976.0,837460.0,16648.0
12038976.0,837460.0,16648.0
12038976.0,837460.0,16648.0
12038976.0,837460.0,16648.0
12038976.0,837460.0,16648.0
12038996.8,837461.6,16664.533333
12039288.0,837484.0,16896.0
12039288.0,837484.0,16896.0
12039288.0,837484.0,16896.0
12039288.0,837484.0,16896.0
12039288.0,837484.0,16896.0
12039288.0,837484.0,16896.0
12039384.0,837487.2,16934.4
12039768.0,837500.0,17088.0
12039560.0,837498.4,17100.8
12038728.0,837492.0,17152.0
12038728.0,837492.0,17152.0
12038728.0,837492.0,17152.0
12026990.4,837492.0,17174.4
12026152.0,837492.0,17176.0
