16224844.0,40772.0,1460.0
16044696.8,69596.0,1855.2
15324108.0,184892.0,3436.0
15324108.0,184892.0,3436.0
15138762.933,227037.6,3444.0
13934020.0,500984.0,3496.0
13934020.0,500984.0,3496.0
13718416.267,551300.26667,3504.5333333
12316992.0,878356.0,3560.0
12234543.467,911525.06667,3568.5333333
11698628.0,1127124.0,3624.0
11698628.0,1127124.0,3624.0
11491557.6,1173623.7333,3632.5333333
10145600.0,1475872.0,3688.0
10145600.0,1475872.0,3688.0
9886568.8,1494954.4,3702.4
8850444.0,1571284.0,3760.0
8850444.0,1571284.0,3760.0
8850444.0,1571284.0,3760.0
8850444.0,1571284.0,3760.0
8850191.2,1571287.7333,3777.0666667
8848548.0,1571312.0,3888.0
8848548.0,1571312.0,3888.0
8848548.0,1571312.0,3888.0
8848548.0,1571312.0,3888.0
8848548.0,1571312.0,3888.0
8848548.0,1571312.0,3888.0
8848548.0,1571312.0,3888.0
8848548.0,1571312.0,3888.0
8848548.0,1571312.0,3888.0
8848548.0,1571312.0,3888.0
8848339.4667,1571419.2,3939.7333333
8846984.0,1572116.0,4276.0
8846652.8,1572459.2,4322.4
8845328.0,1573832.0,4508.0
8845328.0,1573832.0,4508.0
8845328.0,1573832.0,4508.0
8845328.0,1573832.0,4508.0
8845328.0,1573832.0,4508.0
8845328.0,1573832.0,4508.0
8845328.0,1573832.0,4508.0
8845328.0,1573832.0,4508.0
8845328.0,1573832.0,4508.0
8845328.0,1573832.0,4508.0
8845328.0,1573832.0,4508.0
8845184.8,1573836.8,4556.0
8844612.0,1573856.0,4748.0
8844612.0,1573856.0,4748.0
8844612.0,1573856.0,4748.0
8844612.0,1573856.0,4748.0
8844612.0,1573856.0,4748.0
8844612.0,1573856.0,4748.0
8844612.0,1573856.0,4748.0
8844612.0,1573856.0,4748.0
8844612.0,1573856.0,4748.0
8844612.0,1573856.0,4748.0
8844612.0,1573856.0,4748.0
8844612.0,1573856.0,4748.0
8840592.0,1573912.0,4836.0
8832552.0,1574024.0,5012.0
8832170.6667,1574024.0,5038.6666667
8831408.0,1574024.0,5092.0
8831408.0,1574024.0,5092.0
8831408.0,1574024.0,5092.0
8831408.0,1574024.0,5092.0
8831408.0,1574024.0,5092.0
8831408.0,1574024.0,5092.0
8831408.0,1574024.0,5092.0
8831408.0,1574024.0,5092.0
8831408.0,1574024.0,5092.0
8831408.0,1574024.0,5092.0
8831408.0,1574024.0,5092.0
8831408.0,1574024.0,5092.0
8830304.0,1574044.0,5308.0
8828148.0,1574048.0,5348.0
8828148.0,1574048.0,5348.0
8828148.0,1574048.0,5348.0
8829840.0,1574040.0,5404.0
8829840.0,1574040.0,5404.0
8829840.0,1574040.0,5404.0
8829840.0,1574040.0,5404.0
8829840.0,1574040.0,5404.0
8827052.0,1574048.0,5508.0
8827052.0,1574048.0,5508.0
8827052.0,1574048.0,5508.0
8827052.0,1574048.0,5508.0
8827052.0,1574048.0,5508.0
8827052.0,1574048.0,5508.0
8827052.0,1574048.0,5508.0
8827052.0,1574048.0,5508.0
8827052.0,1574048.0,5508.0
8827052.0,1574048.0,5508.0
8827052.0,1574048.0,5508.0
8827052.0,1574048.0,5508.0
8826286.6667,1574070.4,5746.9333333
8826232.0,1574072.0,5764.0
8826232.0,1574072.0,5764.0
8826232.0,1574072.0,5764.0
8817835.7333,1574083.2,5853.6
8817236.0,1574084.0,5860.0
8817236.0,1574084.0,5860.0
8817236.0,1574084.0,5860.0
8817236.0,1574084.0,5860.0
8817236.0,1574084.0,5860.0
8817236.0,1574084.0,5860.0
8817236.0,1574084.0,5860.0
8817236.0,1574084.0,5860.0
8817236.0,1574084.0,5860.0
8817236.0,1574084.0,5860.0
8817236.0,1574084.0,5860.0
8816084.0,1574096.0,6124.0
8816084.0,1574096.0,6124.0
8816084.0,1574096.0,6124.0
8816084.0,1574096.0,6124.0
8816084.0,1574096.0,6124.0
8816084.0,1574096.0,6124.0
8816084.0,1574096.0,6124.0
8816084.0,1574096.0,6124.0
8816084.0,1574096.0,6124.0
8816084.0,1574096.0,6124.0
8816084.0,1574096.0,6124.0
8816084.0,1574096.0,6124.0
8815367.2,1574252.8,6415.2
8815316.0,1574264.0,6436.0
8815316.0,1574264.0,6436.0
8815316.0,1574264.0,6436.0
8815316.0,1574264.0,6436.0
8815316.0,1574264.0,6436.0
8815316.0,1574264.0,6436.0
8815316.0,1574264.0,6436.0
8815316.0,1574264.0,6436.0
8815316.0,1574264.0,6436.0
8815316.0,1574264.0,6436.0
8815316.0,1574264.0,6436.0
8815128.8,1574277.8667,6657.8666667
8815100.0,1574280.0,6692.0
8815100.0,1574280.0,6692.0
8815100.0,1574280.0,6692.0
8815100.0,1574280.0,6692.0
8815100.0,1574280.0,6692.0
8815100.0,1574280.0,6692.0
8815100.0,1574280.0,6692.0
8815100.0,1574280.0,6692.0
8815100.0,1574280.0,6692.0
8815100.0,1574280.0,6692.0
8815100.0,1574280.0,6692.0
8814790.1333,1574313.6,6968.2666667
8814768.0,1574316.0,6988.0
8814768.0,1574316.0,6988.0
8814768.0,1574316.0,6988.0
8814768.0,1574316.0,6988.0
8814768.0,1574316.0,6988.0
8814768.0,1574316.0,6988.0
8814768.0,1574316.0,6988.0
8814768.0,1574316.0,6988.0
8814768.0,1574316.0,6988.0
8814768.0,1574316.0,6988.0
8814768.0,1574316.0,6988.0
8814771.4667,1574326.4,7216.8
8814772.0,1574328.0,7252.0
8814772.0,1574328.0,7252.0
8814772.0,1574328.0,7252.0
8813018.4,1574340.8,7328.8
8812580.0,1574344.0,7348.0
8812580.0,1574344.0,7348.0
8814212.0,1574347.2,7392.8
8814620.0,1574348.0,7404.0
8814620.0,1574348.0,7404.0
8814620.0,1574348.0,7404.0
8814620.0,1574348.0,7404.0
8814620.0,1574348.0,7404.0
8814620.0,1574348.0,7404.0
8814620.0,1574348.0,7404.0
8814620.0,1574348.0,7404.0
8814620.0,1574348.0,7404.0
8805696.8,1574362.6667,7585.8666667
8802452.0,1574368.0,7652.0
8802452.0,1574368.0,7652.0
8802452.0,1574368.0,7652.0
8802452.0,1574368.0,7652.0
8802452.0,1574368.0,7652.0
8802452.0,1574368.0,7652.0
8802452.0,1574368.0,7652.0
8802452.0,1574368.0,7652.0
8802452.0,1574368.0,7652.0
8802452.0,1574368.0,7652.0
8802452.0,1574368.0,7652.0
8802473.3333,1574384.0,7806.6666667
8802484.0,1574392.0,7884.0
8801382.4,1574389.6,7922.4
8800648.0,1574388.0,7948.0
8801610.4,1574395.2,7986.4
8802252.0,1574400.0,8012.0
8802252.0,1574400.0,8012.0
8802252.0,1574400.0,8012.0
8802252.0,1574400.0,8012.0
8802252.0,1574400.0,8012.0
8802252.0,1574400.0,8012.0
8802252.0,1574400.0,8012.0
8802252.0,1574400.0,8012.0
8802252.0,1574400.0,8012.0
8802252.0,1574400.0,8012.0
8802252.0,1574400.0,8012.0
8801490.4,1574414.9333,8152.8
8800824.0,1574428.0,8276.0
8800824.0,1574428.0,8276.0
8800824.0,1574428.0,8276.0
8800824.0,1574428.0,8276.0
8800824.0,1574428.0,8276.0
8800824.0,1574428.0,8276.0
8800824.0,1574428.0,8276.0
8800824.0,1574428.0,8276.0
8800824.0,1574428.0,8276.0
8800824.0,1574428.0,8276.0
8800824.0,1574428.0,8276.0
8800717.3333,1574442.9333,8442.4
8800624.0,1574456.0,8588.0
8800624.0,1574456.0,8588.0
8800624.0,1574456.0,8588.0
8800624.0,1574456.0,8588.0
8800624.0,1574456.0,8588.0
8800624.0,1574456.0,8588.0
8800624.0,1574456.0,8588.0
8800624.0,1574456.0,8588.0
8800624.0,1574456.0,8588.0
8800624.0,1574456.0,8588.0
8800624.0,1574456.0,8588.0
8800486.4,1574454.4,8680.8
8800280.0,1574452.0,8820.0
8800280.0,1574452.0,8820.0
8800280.0,1574452.0,8820.0
8800280.0,1574452.0,8820.0
8800280.0,1574452.0,8820.0
8800280.0,1574452.0,8820.0
8800280.0,1574452.0,8820.0
8800280.0,1574452.0,8820.0
8800280.0,1574452.0,8820.0
8800280.0,1574452.0,8820.0
8800280.0,1574452.0,8820.0
8800537.6,1574464.8,8948.0
8800924.0,1574484.0,9140.0
8800924.0,1574484.0,9140.0
8800924.0,1574484.0,9140.0
8800924.0,1574484.0,9140.0
8800924.0,1574484.0,9140.0
8800924.0,1574484.0,9140.0
8800924.0,1574484.0,9140.0
8800924.0,1574484.0,9140.0
8800924.0,1574484.0,9140.0
8800924.0,1574484.0,9140.0
8800924.0,1574484.0,9140.0
8800706.6667,1574489.3333,9214.6666667
8800272.0,1574500.0,9364.0
8800272.0,1574500.0,9364.0
8800272.0,1574500.0,9364.0
8800272.0,1574500.0,9364.0
8800272.0,1574500.0,9364.0
8800272.0,1574500.0,9364.0
8800272.0,1574500.0,9364.0
8800272.0,1574500.0,9364.0
8800272.0,1574500.0,9364.0
8800272.0,1574500.0,9364.0
8800272.0,1574500.0,9364.0
8800189.8667,1574503.2,9449.3333333
8799964.0,1574512.0,9684.0
8799964.0,1574512.0,9684.0
8799964.0,1574512.0,9684.0
8799964.0,1574512.0,9684.0
8799964.0,1574512.0,9684.0
8799964.0,1574512.0,9684.0
8799964.0,1574512.0,9684.0
8799964.0,1574512.0,9684.0
8799964.0,1574512.0,9684.0
8799964.0,1574512.0,9684.0
8799964.0,1574512.0,9684.0
8799996.0,1574518.4,9728.8
8800124.0,1574544.0,9908.0
8800124.0,1574544.0,9908.0
8800124.0,1574544.0,9908.0
8800124.0,1574544.0,9908.0
8800124.0,1574544.0,9908.0
8800124.0,1574544.0,9908.0
8800124.0,1574544.0,9908.0
8800124.0,1574544.0,9908.0
8800124.0,1574544.0,9908.0
8800124.0,1574544.0,9908.0
8800124.0,1574544.0,9908.0
8798899.4667,1574570.1333,10042.4
8797500.0,1574600.0,10196.0
8797500.0,1574600.0,10196.0
8798341.8667,1574596.2667,10218.4
8799304.0,1574592.0,10244.0
8799304.0,1574592.0,10244.0
8799304.0,1574592.0,10244.0
8799304.0,1574592.0,10244.0
8794394.6667,1574601.3333,10303.733333
8788784.0,1574612.0,10372.0
8788784.0,1574612.0,10372.0
8788113.6,1574613.6,10394.4
8787108.0,1574616.0,10428.0
8787108.0,1574616.0,10428.0
8787108.0,1574616.0,10428.0
8787108.0,1574616.0,10428.0
8787108.0,1574616.0,10428.0
8787108.0,1574616.0,10428.0
8787108.0,1574616.0,10428.0
8787108.0,1574616.0,10428.0
8787108.0,1574616.0,10428.0
8787108.0,1574616.0,10428.0
8787108.0,1574616.0,10428.0
8786908.0,1574628.8,10524.0
8786608.0,1574648.0,10668.0
8786608.0,1574648.0,10668.0
8786608.0,1574648.0,10668.0
8786608.0,1574648.0,10668.0
8786608.0,1574648.0,10668.0
8786608.0,1574648.0,10668.0
8786608.0,1574648.0,10668.0
8786608.0,1574648.0,10668.0
8786608.0,1574648.0,10668.0
8786608.0,1574648.0,10668.0
8786608.0,1574648.0,10668.0
8785898.6667,1574655.4667,10802.4
8785088.0,1574664.0,10956.0
8785625.6,1574669.6,10985.866667
8786240.0,1574676.0,11020.0
8786240.0,1574676.0,11020.0
8786240.0,1574676.0,11020.0
8786240.0,1574676.0,11020.0
8786240.0,1574676.0,11020.0
8786240.0,1574676.0,11020.0
8786240.0,1574676.0,11020.0
8786240.0,1574676.0,11020.0
8786240.0,1574676.0,11020.0
8786240.0,1574676.0,11020.0
8786240.0,1574676.0,11020.0
8786240.0,1574676.0,11020.0
8786611.2,1574686.6667,11143.733333
8786052.8,1574700.2667,11277.6
8785280.0,1574704.0,11300.0
8785910.9333,1574705.8667,11333.6
8786632.0,1574708.0,11372.0
8786632.0,1574708.0,11372.0
8786632.0,1574708.0,11372.0
8786632.0,1574708.0,11372.0
8786632.0,1574708.0,11372.0
8786632.0,1574708.0,11372.0
8786632.0,1574708.0,11372.0
8786632.0,1574708.0,11372.0
8786632.0,1574708.0,11372.0
8786632.0,1574708.0,11372.0
8786291.2,1574719.2,11471.2
8785780.0,1574736.0,11620.0
8785780.0,1574736.0,11620.0
8784997.8667,1574737.8667,11638.666667
8784104.0,1574740.0,11660.0
8785276.2667,1574745.6,11693.6
8786616.0,1574752.0,11732.0
8786616.0,1574752.0,11732.0
8786616.0,1574752.0,11732.0
8786616.0,1574752.0,11732.0
8786616.0,1574752.0,11732.0
8786616.0,1574752.0,11732.0
8786616.0,1574752.0,11732.0
8786616.0,1574752.0,11732.0
8786616.0,1574752.0,11732.0
8786616.0,1574752.0,11732.0
8786616.0,1574752.0,11732.0
8786616.0,1574752.0,11732.0
8786349.6,1574761.6,11880.8
8785322.9333,1574770.1333,12005.6
8784580.0,1574772.0,12028.0
8784580.0,1574772.0,12028.0
8785544.8,1574774.4,12071.2
8786188.0,1574776.0,12100.0
8786188.0,1574776.0,12100.0
8786188.0,1574776.0,12100.0
8786188.0,1574776.0,12100.0
8786188.0,1574776.0,12100.0
8786188.0,1574776.0,12100.0
8786188.0,1574776.0,12100.0
8786188.0,1574776.0,12100.0
8786188.0,1574776.0,12100.0
8786188.0,1574776.0,12100.0
8786188.0,1574776.0,12100.0
8786040.8,1574854.9333,12228.0
8785912.0,1574924.0,12340.0
8785912.0,1574924.0,12340.0
8785912.0,1574924.0,12340.0
8785912.0,1574924.0,12340.0
8785912.0,1574924.0,12340.0
8785912.0,1574924.0,12340.0
8785912.0,1574924.0,12340.0
8785912.0,1574924.0,12340.0
8785052.5333,1574947.4667,12510.133333
8784740.0,1574956.0,12572.0
8784740.0,1574956.0,12572.0
8785534.6667,1574956.0,12620.0
8785932.0,1574956.0,12644.0
8785932.0,1574956.0,12644.0
8785932.0,1574956.0,12644.0
8785932.0,1574956.0,12644.0
8785932.0,1574956.0,12644.0
8785932.0,1574956.0,12644.0
8785932.0,1574956.0,12644.0
8785932.0,1574956.0,12644.0
8785932.0,1574956.0,12644.0
8785932.0,1574956.0,12644.0
8785932.0,1574956.0,12644.0
8785806.6667,1574972.0,12793.333333
8785744.0,1574980.0,12868.0
8785744.0,1574980.0,12868.0
8785744.0,1574980.0,12868.0
8785744.0,1574980.0,12868.0
8785744.0,1574980.0,12868.0
8785744.0,1574980.0,12868.0
8785744.0,1574980.0,12868.0
8785744.0,1574980.0,12868.0
