vda,44.80,0.19,0.01,0,0
vda,50.40,0.05,0.16,0,0
vda,7.00,0.02,0.01,0,0
vda,2.20,0.00,0.01,0,0
vda,0.00,0.00,0.00,0,0
vda,34.80,0.00,0.15,0,0
vda,221.20,10.73,0.01,53,0
vda,139.20,11.98,1.45,59,7
vda,74.80,2.98,0.02,14,0
vda,13.60,0.05,0.01,0,0
vda,0.00,0.00,0.00,0,0
vda,1.20,0.00,0.00,0,0
vda,53.40,0.00,0.22,0,1
vda,10.20,0.00,0.04,0,0
vda,1.20,0.00,0.00,0,0
vda,34.80,0.00,0.14,0,0
vda,1.80,0.00,0.01,0,0
vda,1.20,0.00,0.00,0,0
vda,44.00,0.00,0.18,0,0
vda,1.80,0.00,0.01,0,0
vda,0.00,0.00,0.00,0,0
vda,58.80,0.00,0.24,0,1
vda,1.80,0.00,0.01,0,0
vda,1.20,0.00,0.00,0,0
vda,34.60,0.00,0.14,0,0
vda,1.80,0.00,0.01,0,0
vda,1.40,0.00,0.01,0,0
vda,35.60,0.00,0.15,0,0
vda,2.00,0.00,0.01,0,0
vda,3.60,0.00,0.01,0,0
vda,2.40,0.00,0.01,0,0
vda,43.40,0.00,0.18,0,0
vda,1.60,0.00,0.01,0,0
vda,1.20,0.00,0.00,0,0
vda,1.60,0.00,0.01,0,0
vda,52.20,0.00,0.21,0,1
vda,1.20,0.00,0.00,0,0
vda,1.60,0.00,0.01,0,0
