15358309.867,884444.8,6124.5333333
16145320.0,89040.0,3332.0
15031156.8,268293.33333,3797.0666667
14056264.0,425140.0,4204.0
14056264.0,425140.0,4204.0
13180241.067,650680.0,4233.8666667
12179072.0,908440.0,4268.0
12179072.0,908440.0,4268.0
11686059.2,1062110.4,4352.8
10946540.0,1292616.0,4480.0
10350184.8,1407566.4,4505.6
9455652.0,1579992.0,4544.0
9455652.0,1579992.0,4544.0
9183132.0,1580051.2,4566.4
8774352.0,1580140.0,4600.0
8774352.0,1580140.0,4600.0
8773233.6,1580140.0,4625.6
8771556.0,1580140.0,4664.0
8771556.0,1580140.0,4664.0
8771556.0,1580140.0,4664.0
8771556.0,1580140.0,4664.0
8771556.0,1580140.0,4664.0
8771556.0,1580140.0,4664.0
8771556.0,1580140.0,4664.0
8771556.0,1580140.0,4664.0
8771556.0,1580140.0,4664.0
8771556.0,1580140.0,4664.0
8771556.0,1580140.0,4664.0
8770350.6667,1580161.3333,4902.9333333
8769296.0,1580180.0,5112.0
8769296.0,1580180.0,5112.0
8769296.0,1580180.0,5112.0
8764990.9333,1584088.2667,5732.8
8761224.0,1587508.0,6276.0
8760656.5333,1587646.6667,6316.5333333
8760160.0,1587768.0,6352.0
8760160.0,1587768.0,6352.0
8758141.8667,1587800.0,6386.1333333
8756376.0,1587828.0,6416.0
8756376.0,1587828.0,6416.0
8758549.8667,1587855.7333,6450.1333333
8760452.0,1587880.0,6480.0
8760452.0,1587880.0,6480.0
8760452.0,1587880.0,6480.0
8760452.0,1587880.0,6480.0
8760669.3333,1587882.6667,6517.3333333
8761104.0,1587888.0,6592.0
8761104.0,1587888.0,6592.0
8761104.0,1587888.0,6592.0
8761104.0,1587888.0,6592.0
8761104.0,1587888.0,6592.0
8761104.0,1587888.0,6592.0
8761104.0,1587888.0,6592.0
8761104.0,1587888.0,6592.0
8761104.0,1587888.0,6592.0
8761104.0,1587888.0,6592.0
8761104.0,1587888.0,6592.0
8761193.6,1587907.2,6728.5333333
8757618.9333,1587924.0,6877.8666667
8753444.0,1587924.0,6912.0
8753444.0,1587924.0,6912.0
8754332.3556,1587924.0,6935.6444444
8754332.3556,1587924.0,6935.6444444
8754332.3556,1587924.0,6935.6444444
8754496.0,1587924.0,6940.0
8754496.0,1587924.0,6940.0
8754496.0,1587924.0,6940.0
8754496.0,1587924.0,6940.0
8754496.0,1587924.0,6940.0
8754496.0,1587924.0,6940.0
8754496.0,1587924.0,6940.0
8753077.3333,1587945.3333,7007.5555556
8753077.3333,1587945.3333,7007.5555556
8753077.3333,1587945.3333,7007.5555556
8752319.2,1587965.6,7018.6666667
8748544.0,1588080.0,7036.0
8748544.0,1588080.0,7036.0
8748952.0,1588082.4,7039.2
8750584.0,1588092.0,7052.0
8750866.4,1588092.0,7053.6
8751996.0,1588092.0,7060.0
8751996.0,1588092.0,7060.0
8751996.0,1588092.0,7060.0
8751996.0,1588092.0,7060.0
8751996.0,1588092.0,7060.0
8751996.0,1588092.0,7060.0
8751996.0,1588092.0,7060.0
8751996.0,1588092.0,7060.0
8751996.0,1588092.0,7060.0
8751996.0,1588092.0,7060.0
8751996.0,1588092.0,7060.0
8751996.0,1588092.0,7060.0
8751873.181,1588662.5143,7107.5428571
8751873.181,1588662.5143,7107.5428571
8751873.181,1588662.5143,7107.5428571
8751873.181,1588662.5143,7107.5428571
8751873.181,1588662.5143,7107.5428571
8751873.181,1588662.5143,7107.5428571
8751873.181,1588662.5143,7107.5428571
8749680.8,1591618.9333,7207.7333333
8748884.0,1592692.0,7244.0
8742772.0,1592708.0,7250.4
8741244.0,1592712.0,7252.0
8741244.0,1592712.0,7252.0
8741244.0,1592712.0,7252.0
8741244.0,1592712.0,7252.0
8741244.0,1592712.0,7252.0
8741244.0,1592712.0,7252.0
8741244.0,1592712.0,7252.0
8741244.0,1592712.0,7252.0
8741244.0,1592712.0,7252.0
8741244.0,1592712.0,7252.0
8741244.0,1592712.0,7252.0
8740996.8,1593076.8,7367.2
8740832.0,1593320.0,7444.0
8740832.0,1593320.0,7444.0
8740832.0,1593320.0,7444.0
8740832.0,1593320.0,7444.0
8740832.0,1593320.0,7444.0
8740832.0,1593320.0,7444.0
8740832.0,1593320.0,7444.0
8740832.0,1593320.0,7444.0
8740832.0,1593320.0,7444.0
8740832.0,1593320.0,7444.0
8740832.0,1593320.0,7444.0
8739665.6,1593339.2,7612.0
8738888.0,1593352.0,7724.0
8738888.0,1593352.0,7724.0
8739843.7333,1593362.6667,7758.1333333
8740680.0,1593372.0,7788.0
8740680.0,1593372.0,7788.0
8740680.0,1593372.0,7788.0
8740680.0,1593372.0,7788.0
8740680.0,1593372.0,7788.0
8740680.0,1593372.0,7788.0
8740680.0,1593372.0,7788.0
8740680.0,1593372.0,7788.0
8740680.0,1593372.0,7788.0
8740680.0,1593372.0,7788.0
8740680.0,1593372.0,7788.0
8740554.6667,1593393.3333,7948.0
8740492.0,1593404.0,8028.0
8740492.0,1593404.0,8028.0
8740492.0,1593404.0,8028.0
8740492.0,1593404.0,8028.0
8740492.0,1593404.0,8028.0
8740492.0,1593404.0,8028.0
8740492.0,1593404.0,8028.0
8740492.0,1593404.0,8028.0
8740492.0,1593404.0,8028.0
8740492.0,1593404.0,8028.0
8740492.0,1593404.0,8028.0
8740686.6667,1593508.0,8230.6666667
8740784.0,1593560.0,8332.0
8740784.0,1593560.0,8332.0
8739504.0,1593570.6667,8358.6666667
8738864.0,1593576.0,8372.0
8740146.6667,1593576.0,8420.0
8740788.0,1593576.0,8444.0
8740788.0,1593576.0,8444.0
8740788.0,1593576.0,8444.0
8740788.0,1593576.0,8444.0
8740788.0,1593576.0,8444.0
8740788.0,1593576.0,8444.0
8740788.0,1593576.0,8444.0
8740788.0,1593576.0,8444.0
8740788.0,1593576.0,8444.0
8740788.0,1593576.0,8444.0
8740788.0,1593576.0,8444.0
8740236.5333,1593590.6667,8631.7333333
8740036.0,1593596.0,8700.0
8738786.4,1594355.7333,8826.1333333
8738332.0,1594632.0,8872.0
8738332.0,1594632.0,8872.0
8738332.0,1594632.0,8872.0
8738332.0,1594632.0,8872.0
8738332.0,1594632.0,8872.0
8738332.0,1594632.0,8872.0
8738332.0,1594632.0,8872.0
8738332.0,1594632.0,8872.0
8738332.0,1594632.0,8872.0
8738332.0,1594632.0,8872.0
8738332.0,1594632.0,8872.0
8738485.6,1594747.2,9064.0
8738524.0,1594776.0,9112.0
8738524.0,1594776.0,9112.0
8738524.0,1594776.0,9112.0
8738524.0,1594776.0,9112.0
8738524.0,1594776.0,9112.0
8738524.0,1594776.0,9112.0
8738524.0,1594776.0,9112.0
8738524.0,1594776.0,9112.0
8738524.0,1594776.0,9112.0
8738524.0,1594776.0,9112.0
8738524.0,1594776.0,9112.0
8738426.9333,1594807.2,9368.5333333
8738412.0,1594812.0,9408.0
8738412.0,1594812.0,9408.0
8738412.0,1594812.0,9408.0
8738412.0,1594812.0,9408.0
8738412.0,1594812.0,9408.0
8738412.0,1594812.0,9408.0
8738412.0,1594812.0,9408.0
8738412.0,1594812.0,9408.0
8738412.0,1594812.0,9408.0
8738412.0,1594812.0,9408.0
8738412.0,1594812.0,9408.0
8737676.5333,1594826.9333,9602.1333333
8737624.0,1594828.0,9616.0
8737624.0,1594828.0,9616.0
8737624.0,1594828.0,9616.0
8737624.0,1594828.0,9616.0
8737624.0,1594828.0,9616.0
8737624.0,1594828.0,9616.0
8737624.0,1594828.0,9616.0
8737624.0,1594828.0,9616.0
8733020.0,1594856.0,9848.0
8733020.0,1594856.0,9848.0
8733147.2,1594856.5333,9850.6666667
8734928.0,1594864.0,9888.0
8734928.0,1594864.0,9888.0
8734928.0,1594864.0,9888.0
8734928.0,1594864.0,9888.0
8734928.0,1594864.0,9888.0
8734928.0,1594864.0,9888.0
8734928.0,1594864.0,9888.0
8734928.0,1594864.0,9888.0
8734928.0,1594864.0,9888.0
8734928.0,1594864.0,9888.0
9130199.2,1594426.6667,9902.4
14663996.0,1588304.0,10104.0
