3859520.0,52688.0,1408.0
3052074.6667,234941.86667,4058.6666667
2994400.0,247960.0,4248.0
2994400.0,247960.0,4248.0
1299908.0,590440.0,4320.0
1299908.0,590440.0,4320.0
1296364.0,590448.0,4384.0
1296364.0,590448.0,4384.0
1296364.0,590448.0,4384.0
1297700.5333,590515.2,4443.7333333
1297796.0,590520.0,4448.0
1297796.0,590520.0,4448.0
1297796.0,590520.0,4448.0
1297796.0,590520.0,4448.0
1297796.0,590520.0,4448.0
1297796.0,590520.0,4448.0
1297796.0,590520.0,4448.0
1294060.0,591460.0,5040.0
1294060.0,591460.0,5040.0
1294060.0,591460.0,5040.0
1294060.0,591460.0,5040.0
1294060.0,591460.0,5040.0
1294060.0,591460.0,5040.0
1294060.0,591460.0,5040.0
1294060.0,591460.0,5040.0
1291472.8,591482.4,5204.2666667
1291288.0,591484.0,5216.0
1291288.0,591484.0,5216.0
1291288.0,591484.0,5216.0
1291288.0,591484.0,5216.0
1318368.0,591500.0,5320.0
1318368.0,591500.0,5320.0
1318368.0,591500.0,5320.0
1318368.0,591500.0,5320.0
1318368.0,591500.0,5320.0
1318368.0,591500.0,5320.0
1318368.0,591500.0,5320.0
1318368.0,591500.0,5320.0
1318368.0,591500.0,5320.0
1318368.0,591500.0,5320.0
1318368.0,591500.0,5320.0
1317494.4,591590.13333,5534.9333333
1317360.0,591604.0,5568.0
1388534.4,591604.0,5619.2
1406328.0,591604.0,5632.0
1406328.0,591604.0,5632.0
1406328.0,591604.0,5632.0
1406328.0,591604.0,5632.0
1406328.0,591604.0,5632.0
1406328.0,591604.0,5632.0
1406328.0,591604.0,5632.0
1406328.0,591604.0,5632.0
1406328.0,591604.0,5632.0
1406328.0,591604.0,5632.0
1453348.8,591629.6,5836.8
1465104.0,591636.0,5888.0
1465104.0,591636.0,5888.0
1465104.0,591636.0,5888.0
1465104.0,591636.0,5888.0
1465564.8,591648.8,5990.4
1465680.0,591652.0,6016.0
1465680.0,591652.0,6016.0
1465680.0,591652.0,6016.0
1465680.0,591652.0,6016.0
1465680.0,591652.0,6016.0
1465680.0,591652.0,6016.0
1465680.0,591652.0,6016.0
1465680.0,591652.0,6016.0
1547066.6667,591678.13333,6187.7333333
1552880.0,591680.0,6200.0
1552880.0,591680.0,6200.0
1552880.0,591680.0,6200.0
1552880.0,591680.0,6200.0
1552880.0,591680.0,6200.0
1552880.0,591680.0,6200.0
1552880.0,591680.0,6200.0
1552880.0,591680.0,6200.0
1552880.0,591680.0,6200.0
1552880.0,591680.0,6200.0
1552880.0,591680.0,6200.0
1552120.0,591880.0,6472.0
1609100.0,591888.0,6528.0
1609100.0,591888.0,6528.0
1609100.0,591888.0,6528.0
1609100.0,591888.0,6528.0
1609100.0,591888.0,6528.0
1609100.0,591888.0,6528.0
1609100.0,591888.0,6528.0
1609100.0,591888.0,6528.0
1609100.0,591888.0,6528.0
1609100.0,591888.0,6528.0
1612623.7333,591890.93333,6542.9333333
1661956.0,591932.0,6752.0
1661956.0,591932.0,6752.0
1661956.0,591932.0,6752.0
1661956.0,591932.0,6752.0
1661956.0,591932.0,6752.0
1661956.0,591932.0,6752.0
1661956.0,591932.0,6752.0
1661956.0,591932.0,6752.0
1661956.0,591932.0,6752.0
1661956.0,591932.0,6752.0
1661956.0,591932.0,6752.0
1661832.2667,591942.66667,6810.6666667
1680125.6,591973.06667,6989.0666667
1731368.0,591976.0,7036.0
1731368.0,591976.0,7036.0
1731368.0,591976.0,7036.0
1731368.0,591976.0,7036.0
1731368.0,591976.0,7036.0
1731368.0,591976.0,7036.0
1731368.0,591976.0,7036.0
1731368.0,591976.0,7036.0
1731368.0,591976.0,7036.0
1731368.0,591976.0,7036.0
1731368.0,591976.0,7036.0
1731221.6,591992.0,7080.8
1730636.0,592056.0,7260.0
1749816.0,594496.0,7716.0
1788176.0,599376.0,8628.0
1786107.7333,600235.73333,8875.4666667
1780420.0,602600.0,9556.0
1780420.0,602600.0,9556.0
1780984.0,602660.8,9571.2
1783240.0,602904.0,9632.0
1783240.0,602904.0,9632.0
1780306.4,605084.8,9960.0
1768572.0,613808.0,11272.0
2172594.4,612056.53333,11289.066667
3283656.0,607240.0,11336.0
3283656.0,607240.0,11336.0
