3846972.0,56308.0,2736.0
3846972.0,56308.0,2736.0
3435460.8,150928.8,2992.0
1789416.0,529412.0,4016.0
1693781.6,541820.0,4028.8
1311244.0,591452.0,4080.0
1311244.0,591452.0,4080.0
1311244.0,591452.0,4080.0
1311244.0,591452.0,4080.0
1311244.0,591452.0,4080.0
1310840.8,591510.4,4256.0
1309228.0,591744.0,4960.0
1309228.0,591744.0,4960.0
1309228.0,591744.0,4960.0
1309228.0,591744.0,4960.0
1309228.0,591744.0,4960.0
1309228.0,591744.0,4960.0
1309228.0,591744.0,4960.0
1309228.0,591744.0,4960.0
1309228.0,591744.0,4960.0
1309228.0,591744.0,4960.0
1308208.0,592696.0,5468.0
1308208.0,592696.0,5468.0
1308208.0,592696.0,5468.0
1308208.0,592696.0,5468.0
1308208.0,592696.0,5468.0
1308208.0,592696.0,5468.0
1308208.0,592696.0,5468.0
1308032.5333,592701.6,5479.2
1305576.0,592780.0,5636.0
1305576.0,592780.0,5636.0
1305576.0,592780.0,5636.0
1307276.0,592788.0,5684.0
1307276.0,592788.0,5684.0
1307276.0,592788.0,5684.0
1307276.0,592788.0,5684.0
1307276.0,592788.0,5684.0
1294791.7333,600941.6,6636.0
1293900.0,601524.0,6704.0
1293900.0,601524.0,6704.0
1280053.0667,609942.66667,7973.3333333
1279064.0,610544.0,8064.0
1279064.0,610544.0,8064.0
1279064.0,610544.0,8064.0
1279064.0,610544.0,8064.0
1284910.4,610691.2,8176.0
1286372.0,610728.0,8204.0
1286372.0,610728.0,8204.0
1286372.0,610728.0,8204.0
1286372.0,610728.0,8204.0
1286372.0,610728.0,8204.0
1286372.0,610728.0,8204.0
1286372.0,610728.0,8204.0
1286372.0,610728.0,8204.0
1286372.0,610728.0,8204.0
1286372.0,610728.0,8204.0
1286372.0,610728.0,8204.0
1285644.0,610881.06667,8442.9333333
1285592.0,610892.0,8460.0
1285592.0,610892.0,8460.0
1285592.0,610892.0,8460.0
1285592.0,610892.0,8460.0
1285592.0,610892.0,8460.0
1285592.0,610892.0,8460.0
1285592.0,610892.0,8460.0
1285592.0,610892.0,8460.0
1285592.0,610892.0,8460.0
1285592.0,610892.0,8460.0
1285592.0,610892.0,8460.0
1285073.0667,610948.0,8736.2666667
1285036.0,610952.0,8756.0
1285036.0,610952.0,8756.0
1285036.0,610952.0,8756.0
1285036.0,610952.0,8756.0
1285036.0,610952.0,8756.0
1285036.0,610952.0,8756.0
1285036.0,610952.0,8756.0
1285036.0,610952.0,8756.0
1285036.0,610952.0,8756.0
1285036.0,610952.0,8756.0
1285036.0,610952.0,8756.0
1284912.0,611060.0,8980.0
1284912.0,611060.0,8980.0
1284912.0,611060.0,8980.0
1284912.0,611060.0,8980.0
1284912.0,611060.0,8980.0
1284912.0,611060.0,8980.0
1284912.0,611060.0,8980.0
1284912.0,611060.0,8980.0
1284912.0,611060.0,8980.0
1284912.0,611060.0,8980.0
1284912.0,611060.0,8980.0
1284912.0,611060.0,8980.0
1285100.0,611092.0,9272.0
1285100.0,611092.0,9272.0
1285100.0,611092.0,9272.0
1307456.0,611092.0,9340.0
1307456.0,611092.0,9340.0
1307456.0,611092.0,9340.0
1311608.0,611116.0,9388.0
1311608.0,611116.0,9388.0
1311608.0,611116.0,9388.0
1311608.0,611116.0,9388.0
1311608.0,611116.0,9388.0
1311608.0,611116.0,9388.0
1311608.0,611116.0,9388.0
1311608.0,611116.0,9388.0
1311608.0,611116.0,9388.0
1311608.0,611116.0,9388.0
1311608.0,611116.0,9388.0
1311608.0,611116.0,9388.0
1310972.0,611280.0,9652.0
1310972.0,611280.0,9652.0
1310972.0,611280.0,9652.0
1310972.0,611280.0,9652.0
1310972.0,611280.0,9652.0
1310972.0,611280.0,9652.0
1310972.0,611280.0,9652.0
1310972.0,611280.0,9652.0
1310972.0,611280.0,9652.0
1310972.0,611280.0,9652.0
1310972.0,611280.0,9652.0
1310903.7333,611284.8,9692.5333333
1310460.0,611316.0,9956.0
1316662.6667,611316.53333,9964.5333333
1356980.0,611320.0,10020.0
1356980.0,611320.0,10020.0
1356980.0,611320.0,10020.0
1356980.0,611320.0,10020.0
1356980.0,611320.0,10020.0
1356980.0,611320.0,10020.0
1356980.0,611320.0,10020.0
1356980.0,611320.0,10020.0
1356980.0,611320.0,10020.0
1356980.0,611320.0,10020.0
1356980.0,611320.0,10020.0
1356980.0,611320.0,10020.0
1356956.5333,611322.13333,10053.066667
1356804.0,611336.0,10268.0
1356804.0,611336.0,10268.0
1356804.0,611336.0,10268.0
1356804.0,611336.0,10268.0
1356804.0,611336.0,10268.0
1356804.0,611336.0,10268.0
1356804.0,611336.0,10268.0
1356804.0,611336.0,10268.0
1356646.9333,611429.33333,10287.2
1354448.0,612736.0,10556.0
1354448.0,612736.0,10556.0
1354448.0,612736.0,10556.0
1354448.0,612736.0,10556.0
1354448.0,612736.0,10556.0
1354448.0,612736.0,10556.0
1354448.0,612736.0,10556.0
1354448.0,612736.0,10556.0
1354448.0,612736.0,10556.0
1354448.0,612736.0,10556.0
1401568.0,612824.0,10816.0
1401568.0,612824.0,10816.0
1401568.0,612824.0,10816.0
1399800.0,612832.0,10872.0
1399800.0,612832.0,10872.0
1399800.0,612832.0,10872.0
1399800.0,612832.0,10872.0
1399800.0,612832.0,10872.0
1399800.0,612832.0,10872.0
1399800.0,612832.0,10872.0
1399800.0,612832.0,10872.0
1399800.0,612832.0,10872.0
1399800.0,612832.0,10872.0
1399800.0,612832.0,10872.0
1399800.0,612832.0,10872.0
1400569.0667,612850.66667,11088.533333
1400624.0,612852.0,11104.0
1400624.0,612852.0,11104.0
1400624.0,612852.0,11104.0
1400624.0,612852.0,11104.0
1400624.0,612852.0,11104.0
1400624.0,612852.0,11104.0
1400624.0,612852.0,11104.0
1400624.0,612852.0,11104.0
1400624.0,612852.0,11104.0
1400624.0,612852.0,11104.0
1400980.2667,612873.33333,11253.333333
1400980.2667,612873.33333,11253.333333
1401292.0,612892.0,11384.0
1401292.0,612892.0,11384.0
1441649.3333,612888.26667,11443.733333
1444532.0,612888.0,11448.0
1444532.0,612888.0,11448.0
1444532.0,612888.0,11448.0
1444532.0,612888.0,11448.0
1444532.0,612888.0,11448.0
1444532.0,612888.0,11448.0
1444532.0,612888.0,11448.0
1444532.0,612888.0,11448.0
1444532.0,612888.0,11448.0
1444532.0,612888.0,11448.0
1444532.0,612888.0,11448.0
1444384.8,612955.2,11640.0
1444348.0,612972.0,11688.0
1444348.0,612972.0,11688.0
1444348.0,612972.0,11688.0
1444348.0,612972.0,11688.0
1444348.0,612972.0,11688.0
1444348.0,612972.0,11688.0
1444348.0,612972.0,11688.0
1444348.0,612972.0,11688.0
1444348.0,612972.0,11688.0
1444348.0,612972.0,11688.0
1444348.0,612972.0,11688.0
1444213.6,612994.4,11899.2
1444180.0,613000.0,11952.0
1441229.6,613032.0,11996.8
1440492.0,613040.0,12008.0
1440492.0,613040.0,12008.0
1529378.4,613056.0,12219.2
1551600.0,613060.0,12272.0
1551600.0,613060.0,12272.0
1551600.0,613060.0,12272.0
1551600.0,613060.0,12272.0
1551600.0,613060.0,12272.0
1551600.0,613060.0,12272.0
1551600.0,613060.0,12272.0
1551600.0,613060.0,12272.0
1551600.0,613060.0,12272.0
1551600.0,613060.0,12272.0
1551600.0,613060.0,12272.0
1551485.3333,613116.0,12426.666667
1551428.0,613144.0,12504.0
1551428.0,613144.0,12504.0
1551428.0,613144.0,12504.0
1551428.0,613144.0,12504.0
1551428.0,613144.0,12504.0
1551428.0,613144.0,12504.0
1551428.0,613144.0,12504.0
1551428.0,613144.0,12504.0
1551428.0,613144.0,12504.0
1551428.0,613144.0,12504.0
1551428.0,613144.0,12504.0
1551178.6667,613208.53333,12726.933333
1551088.0,613232.0,12808.0
1551088.0,613232.0,12808.0
1551088.0,613232.0,12808.0
1551088.0,613232.0,12808.0
1591416.0,613272.0,12888.0
1611580.0,613292.0,12928.0
1611580.0,613292.0,12928.0
1611580.0,613292.0,12928.0
1611580.0,613292.0,12928.0
1611580.0,613292.0,12928.0
1611580.0,613292.0,12928.0
1611580.0,613292.0,12928.0
1611580.0,613292.0,12928.0
1611580.0,613292.0,12928.0
1611580.0,613292.0,12928.0
1611580.0,613292.0,12928.0
1611769.3333,613313.33333,13093.333333
1611864.0,613324.0,13176.0
1611864.0,613324.0,13176.0
1611864.0,613324.0,13176.0
1611864.0,613324.0,13176.0
1611864.0,613324.0,13176.0
1611864.0,613324.0,13176.0
1611864.0,613324.0,13176.0
1611864.0,613324.0,13176.0
1611864.0,613324.0,13176.0
1611864.0,613324.0,13176.0
1611864.0,613324.0,13176.0
1611826.6667,613342.66667,13325.333333
1611784.0,613364.0,13496.0
1611784.0,613364.0,13496.0
1611784.0,613364.0,13496.0
1611784.0,613364.0,13496.0
1640398.1333,613367.73333,13552.0
1673100.0,613372.0,13616.0
1673100.0,613372.0,13616.0
1672180.5333,613376.26667,13650.133333
1671376.0,613380.0,13680.0
1671376.0,613380.0,13680.0
1672484.8,613387.2,13713.6
1673224.0,613392.0,13736.0
1673224.0,613392.0,13736.0
1673224.0,613392.0,13736.0
1673224.0,613392.0,13736.0
1673224.0,613392.0,13736.0
1673224.0,613392.0,13736.0
1673224.0,613392.0,13736.0
1673224.0,613392.0,13736.0
1673224.0,613392.0,13736.0
1672376.5333,613397.6,13836.8
1671408.0,613404.0,13952.0
1671408.0,613404.0,13952.0
1672020.2667,613414.66667,13981.866667
1672556.0,613424.0,14008.0
1672556.0,613424.0,14008.0
1672556.0,613424.0,14008.0
1672556.0,613424.0,14008.0
1672556.0,613424.0,14008.0
1672556.0,613424.0,14008.0
1672556.0,613424.0,14008.0
1672556.0,613424.0,14008.0
1672556.0,613424.0,14008.0
1672556.0,613424.0,14008.0
1682716.0,613426.66667,14088.0
1703036.0,613432.0,14248.0
