vda,82.60,0.51,0.39,2,1
vda,16.40,0.11,0.42,0,2
vda,66.60,0.16,0.50,0,2
vda,33.60,0.00,0.14,0,0
vda,20.40,0.00,0.47,0,2
vda,2.00,0.00,0.40,0,1
vda,113.20,3.05,0.54,15,2
vda,58.00,0.98,0.40,4,2
vda,16.00,0.51,0.04,2,0
vda,45.40,1.54,0.86,7,4
vda,50.60,2.69,0.50,13,2
vda,1.00,0.00,0.39,0,1
vda,19.40,0.00,0.89,0,4
vda,31.20,0.00,0.53,0,2
vda,3.00,0.00,0.40,0,1
vda,29.20,0.00,0.51,0,2
vda,28.40,0.00,0.50,0,2
vda,0.00,0.00,0.00,0,0
vda,28.80,0.00,0.51,0,2
vda,10.20,0.00,0.43,0,2
vda,2.00,0.00,0.40,0,1
vda,44.20,0.00,0.19,0,0
vda,2.40,0.00,0.40,0,1
vda,1.00,0.00,0.39,0,1
vda,29.00,0.00,0.51,0,2
vda,3.00,0.00,0.01,0,0
vda,14.80,0.00,0.45,0,2
vda,35.40,0.00,0.53,0,2
vda,19.40,0.00,0.08,0,0
vda,1.80,0.00,0.39,0,1
vda,37.60,0.00,0.54,0,2
vda,4.60,0.00,0.41,0,2
vda,2.00,0.00,0.40,0,1
vda,41.40,0.00,0.17,0,0
vda,2.59,0.00,0.40,0,1
vda,2.00,0.00,0.40,0,1
vda,11.60,0.00,0.44,0,2
vda,27.20,0.00,0.11,0,0
vda,0.80,0.00,0.39,0,1
vda,41.20,0.00,0.55,0,2
vda,17.00,0.00,0.46,0,2
vda,2.00,0.00,0.40,0,1
vda,33.00,0.00,0.14,0,0
vda,13.20,0.00,0.44,0,2
vda,2.00,0.00,0.40,0,1
vda,40.00,0.00,0.55,0,2
vda,1.20,0.00,0.00,0,0
vda,1.80,0.00,0.39,0,1
vda,28.60,0.00,0.50,0,2
vda,9.60,0.00,0.43,0,2
vda,27.40,0.16,0.40,0,2
