vda,55.00,0.22,0.00,1,0
vda,3.60,0.00,0.01,0,0
vda,6.00,0.02,0.00,0,0
vda,1.40,0.00,0.00,0,0
vda,2.20,0.00,0.01,0,0
vda,5.00,0.00,0.03,0,0
vda,252.80,9.84,0.14,49,0
vda,90.60,10.62,0.02,53,0
vda,111.20,5.39,0.01,26,0
vda,13.80,0.05,0.01,0,0
vda,38.20,0.00,1.43,0,7
vda,28.80,0.00,0.12,0,0
vda,1.20,0.00,0.00,0,0
vda,1.60,0.00,0.01,0,0
vda,1.20,0.00,0.00,0,0
vda,2.40,0.00,0.01,0,0
vda,0.40,0.00,0.00,0,0
vda,14.00,0.00,0.06,0,0
vda,22.80,0.00,0.09,0,0
vda,3.80,0.00,0.01,0,0
vda,7.00,0.02,0.00,0,0
vda,24.20,0.16,0.01,0,0
vda,2.60,0.00,0.01,0,0
vda,0.00,0.00,0.00,0,0
vda,13.80,0.00,0.06,0,0
vda,24.80,0.00,0.10,0,0
vda,0.00,0.00,0.00,0,0
vda,29.40,0.00,0.12,0,0
vda,21.40,0.00,0.09,0,0
vda,1.80,0.00,0.01,0,0
vda,0.00,0.00,0.00,0,0
vda,4.60,0.00,0.02,0,0
vda,16.00,0.00,0.06,0,0
vda,2.20,0.00,0.01,0,0
vda,8.80,0.00,0.04,0,0
vda,1.60,0.00,0.01,0,0
vda,1.40,0.00,0.01,0,0
vda,35.20,0.00,0.14,0,0
vda,2.20,0.00,0.01,0,0
vda,2.20,0.00,0.01,0,0
vda,12.00,0.00,0.05,0,0
vda,1.60,0.00,0.01,0,0
vda,1.60,0.00,0.01,0,0
vda,2.20,0.00,0.01,0,0
vda,0.00,0.00,0.00,0,0
vda,8.60,0.00,0.04,0,0
vda,36.40,0.00,0.15,0,0
vda,1.20,0.00,0.01,0,0
vda,20.00,0.00,0.08,0,0
vda,2.60,0.00,0.01,0,0
vda,0.00,0.00,0.00,0,0
vda,1.40,0.00,0.00,0,0
vda,2.40,0.00,0.01,0,0
vda,7.40,0.00,0.03,0,0
vda,2.80,0.00,0.02,0,0
vda,34.60,0.00,0.14,0,0
vda,0.20,0.00,0.00,0,0
vda,1.20,0.00,0.00,0,0
vda,2.20,0.00,0.01,0,0
vda,3.80,0.00,0.01,0,0
vda,2.40,0.00,0.01,0,0
vda,1.00,0.00,0.00,0,0
vda,1.60,0.00,0.01,0,0
vda,18.20,0.00,0.07,0,0
vda,35.60,0.00,0.14,0,0
vda,1.00,0.00,0.00,0,0
vda,8.80,0.00,0.04,0,0
vda,2.20,0.00,0.01,0,0
vda,2.00,0.00,0.01,0,0
vda,3.80,0.00,0.02,0,0
vda,19.20,0.00,0.08,0,0
vda,1.40,0.00,0.01,0,0
vda,2.40,0.00,0.01,0,0
vda,33.60,0.00,0.13,0,0
vda,8.20,0.00,0.03,0,0
vda,1.20,0.00,0.00,0,0
vda,2.20,0.00,0.01,0,0
vda,3.00,0.00,0.02,0,0
vda,13.00,0.00,0.05,0,0
vda,2.20,0.00,0.01,0,0
vda,0.20,0.00,0.00,0,0
vda,1.20,0.00,0.00,0,0
vda,35.80,0.00,0.14,0,0
vda,7.40,0.00,0.03,0,0
vda,1.60,0.00,0.01,0,0
vda,19.60,0.00,0.08,0,0
vda,1.40,0.00,0.01,0,0
vda,3.40,0.00,0.01,0,0
vda,0.00,0.00,0.00,0,0
vda,1.60,0.00,0.01,0,0
vda,1.60,0.00,0.01,0,0
vda,24.00,0.00,0.10,0,0
vda,10.18,0.00,0.05,0,0
vda,17.20,0.00,0.07,0,0
vda,2.40,0.00,0.01,0,0
vda,3.20,0.00,0.01,0,0
vda,2.60,0.00,0.01,0,0
vda,0.00,0.00,0.00,0,0
vda,0.60,0.00,0.00,0,0
vda,2.40,0.00,0.01,0,0
vda,46.60,0.00,0.19,0,0
vda,1.20,0.00,0.00,0,0
vda,9.40,0.00,0.04,0,0
vda,0.00,0.00,0.00,0,0
vda,1.20,0.00,0.00,0,0
vda,1.20,0.00,0.00,0,0
vda,4.20,0.00,0.02,0,0
vda,1.80,0.00,0.01,0,0
vda,60.80,0.00,0.24,0,1
vda,0.00,0.00,0.00,0,0
vda,1.40,0.00,0.00,0,0
vda,2.20,0.00,0.01,0,0
vda,0.60,0.00,0.00,0,0
vda,2.80,0.00,0.02,0,0
vda,3.40,0.00,0.01,0,0
vda,12.80,0.00,0.05,0,0
vda,2.00,0.00,0.01,0,0
vda,35.60,0.00,0.14,0,0
vda,0.00,0.00,0.00,0,0
vda,1.40,0.00,0.01,0,0
vda,3.20,0.00,0.01,0,0
vda,7.20,0.00,0.03,0,0
vda,1.40,0.00,0.01,0,0
vda,18.00,0.00,0.07,0,0
vda,3.40,0.00,0.01,0,0
vda,1.60,0.00,0.01,0,0
vda,24.20,0.00,0.10,0,0
vda,1.00,0.00,0.01,0,0
vda,1.20,0.00,0.00,0,0
vda,1.60,0.00,0.01,0,0
vda,26.20,0.00,0.11,0,0
vda,1.40,0.00,0.01,0,0
vda,1.60,0.00,0.01,0,0
vda,36.00,0.00,0.14,0,0
vda,3.40,0.00,0.02,0,0
vda,2.00,0.00,0.01,0,0
vda,0.20,0.00,0.00,0,0
vda,1.60,0.00,0.01,0,0
vda,12.60,0.00,0.05,0,0
vda,2.20,0.00,0.01,0,0
vda,0.00,0.00,0.00,0,0
vda,9.40,0.00,0.04,0,0
vda,48.40,0.00,0.19,0,0
vda,3.40,0.00,0.01,0,0
vda,1.80,0.00,0.01,0,0
vda,25.00,0.00,0.10,0,0
vda,0.00,0.00,0.00,0,0
vda,1.20,0.00,0.00,0,0
vda,14.80,0.00,0.07,0,0
vda,1.80,0.00,0.01,0,0
vda,1.60,0.00,0.01,0,0
vda,23.60,0.00,0.10,0,0
vda,1.20,0.00,0.00,0,0
vda,20.60,0.00,0.08,0,0
vda,1.60,0.00,0.01,0,0
vda,2.20,0.00,0.01,0,0
vda,3.80,0.00,0.01,0,0
vda,2.40,0.00,0.01,0,0
vda,0.60,0.00,0.00,0,0
vda,1.20,0.00,0.00,0,0
vda,54.00,0.00,0.22,0,1
vda,1.00,0.00,0.00,0,0
vda,4.80,0.00,0.03,0,0
vda,2.20,0.00,0.01,0,0
