7989752.0,45332.0,2020.0
7989752.0,45332.0,2020.0
7631583.4667,109472.53333,2904.8
7222248.0,182776.0,3916.0
7222248.0,182776.0,3916.0
7222248.0,182776.0,3916.0
7222248.0,182776.0,3916.0
7222248.0,182776.0,3916.0
7222248.0,182776.0,3916.0
7222248.0,182776.0,3916.0
7127389.6,183149.33333,4061.6
7018980.0,183576.0,4228.0
7018980.0,183576.0,4228.0
7018980.0,183576.0,4228.0
7018980.0,183576.0,4228.0
6994676.0,183577.6,4276.0
6958220.0,183580.0,4348.0
6958220.0,183580.0,4348.0
6957596.5333,183589.33333,4370.4
6956884.0,183600.0,4396.0
6956884.0,183600.0,4396.0
6956884.0,183600.0,4396.0
6956884.0,183600.0,4396.0
6922609.8667,183608.53333,4460.0
6892620.0,183616.0,4516.0
6892620.0,183616.0,4516.0
6893249.3333,183626.66667,4541.6
6893800.0,183636.0,4564.0
6893800.0,183636.0,4564.0
6893800.0,183636.0,4564.0
6893800.0,183636.0,4564.0
6893800.0,183636.0,4564.0
6893800.0,183636.0,4564.0
6893800.0,183636.0,4564.0
6893800.0,183636.0,4564.0
6893800.0,183636.0,4564.0
6890209.6,183650.4,4712.8
6887816.0,183660.0,4812.0
6887816.0,183660.0,4812.0
6887816.0,183660.0,4812.0
6887816.0,183660.0,4812.0
6887816.0,183660.0,4812.0
6887816.0,183660.0,4812.0
6887816.0,183660.0,4812.0
6883252.8,183685.6,4879.2
6876408.0,183724.0,4980.0
6876408.0,183724.0,4980.0
6876408.0,183724.0,4980.0
6876408.0,183724.0,4980.0
6876408.0,183724.0,4980.0
7332529.8667,180670.13333,5039.7333333
7853812.0,177180.0,5108.0
