vda,88.20,0.53,0.00,2,0
vda,58.80,0.28,0.02,1,0
vda,7.60,0.02,0.01,0,0
vda,1.00,0.00,0.00,0,0
vda,2.00,0.00,0.01,0,0
vda,13.00,0.00,0.06,0,0
vda,123.00,3.54,0.05,17,0
vda,74.60,2.12,0.04,10,0
vda,116.60,8.40,0.16,41,0
vda,105.00,12.80,0.01,64,0
vda,64.20,7.72,0.01,38,0
vda,75.60,8.75,0.00,43,0
vda,119.40,14.25,0.03,71,0
vda,63.20,7.60,0.01,38,0
vda,86.00,10.15,1.28,50,6
vda,47.80,3.49,0.08,17,0
vda,43.80,0.00,0.18,0,0
vda,1.20,0.00,0.00,0,0
vda,1.00,0.00,0.00,0,0
vda,6.60,0.00,0.03,0,0
vda,2.00,0.00,0.01,0,0
vda,1.00,0.00,0.00,0,0
vda,13.60,0.00,0.05,0,0
vda,0.00,0.00,0.00,0,0
vda,1.00,0.00,0.00,0,0
vda,43.00,0.00,0.18,0,0
vda,2.00,0.00,0.01,0,0
vda,1.20,0.00,0.00,0,0
vda,3.60,0.00,0.01,0,0
vda,1.00,0.00,0.00,0,0
vda,18.40,0.00,0.07,0,0
vda,2.60,0.00,0.01,0,0
vda,0.00,0.00,0.00,0,0
vda,2.60,0.00,0.01,0,0
vda,29.60,0.00,0.12,0,0
vda,2.60,0.00,0.01,0,0
vda,1.20,0.00,0.00,0,0
vda,21.40,0.00,0.09,0,0
vda,1.00,0.00,0.00,0,0
vda,1.00,0.00,0.00,0,0
vda,2.00,0.00,0.01,0,0
vda,1.80,0.00,0.01,0,0
vda,1.20,0.00,0.00,0,0
vda,43.00,0.00,0.17,0,0
vda,1.20,0.00,0.00,0,0
vda,12.40,0.00,0.05,0,0
vda,3.40,0.00,0.01,0,0
vda,1.00,0.00,0.00,0,0
vda,5.00,0.00,0.02,0,0
vda,2.00,0.00,0.01,0,0
vda,0.00,0.00,0.00,0,0
vda,1.00,0.00,0.00,0,0
vda,59.80,0.00,0.24,0,1
vda,1.20,0.00,0.00,0,0
vda,5.00,0.00,0.02,0,0
vda,2.00,0.00,0.01,0,0
vda,2.60,0.00,0.01,0,0
