7949168.0,77548.0,2456.0
7949168.0,77548.0,2456.0
7063774.4,228482.93333,4094.9333333
7000532.0,239264.0,4212.0
7000532.0,239264.0,4212.0
6998640.0,239292.0,4276.0
6994153.3333,239293.33333,4279.7333333
6931340.0,239312.0,4332.0
6931340.0,239312.0,4332.0
6931340.0,239312.0,4332.0
6931340.0,239312.0,4332.0
6931340.0,239312.0,4332.0
6931340.0,239312.0,4332.0
6929700.0,239316.0,4460.0
6929700.0,239316.0,4460.0
6752504.0,239316.0,4508.0
6752504.0,239316.0,4508.0
6752504.0,239316.0,4508.0
6751140.0,239312.0,4580.0
6751140.0,239312.0,4580.0
6751140.0,239312.0,4580.0
6749893.0667,239315.73333,4632.2666667
6749804.0,239316.0,4636.0
6749804.0,239316.0,4636.0
6749804.0,239316.0,4636.0
6749804.0,239316.0,4636.0
6749804.0,239316.0,4636.0
6749804.0,239316.0,4636.0
6749804.0,239316.0,4636.0
6749804.0,239316.0,4636.0
6749804.0,239316.0,4636.0
6749804.0,239316.0,4636.0
6749804.0,239316.0,4636.0
6750368.0,239336.0,4884.0
6750368.0,239336.0,4884.0
6750368.0,239336.0,4884.0
6748889.6,239339.73333,5003.4666667
6748784.0,239340.0,5012.0
6748784.0,239340.0,5012.0
6744041.6,239367.73333,5053.6
6743312.0,239372.0,5060.0
6743312.0,239372.0,5060.0
6743312.0,239372.0,5060.0
6743312.0,239372.0,5060.0
6743312.0,239372.0,5060.0
6743312.0,239372.0,5060.0
6743312.0,239372.0,5060.0
6743312.0,239372.0,5060.0
6743312.0,239372.0,5060.0
6743312.0,239372.0,5060.0
6717463.4667,239377.86667,5230.1333333
6708064.0,239380.0,5292.0
6708064.0,239380.0,5292.0
6708064.0,239380.0,5292.0
6708064.0,239380.0,5292.0
6708064.0,239380.0,5292.0
6708064.0,239380.0,5292.0
6708064.0,239380.0,5292.0
6708064.0,239380.0,5292.0
6708064.0,239380.0,5292.0
7574595.2,234151.2,5484.0
7791228.0,232844.0,5532.0
