7686186.1333,229511.46667,5671.4666667
7740840.0,135568.0,3888.0
6531652.8,348340.0,3928.8
5725528.0,490188.0,3956.0
5725528.0,490188.0,3956.0
5724636.2667,490190.13333,3994.4
5723856.0,490192.0,4028.0
5723856.0,490192.0,4028.0
5723856.0,490192.0,4028.0
5723856.0,490192.0,4028.0
5723856.0,490192.0,4028.0
5723856.0,490192.0,4028.0
5723856.0,490192.0,4028.0
5722874.1333,490229.33333,4106.4
5721752.0,490272.0,4196.0
5722698.4,490273.86667,4225.8666667
5723780.0,490276.0,4260.0
5723780.0,490276.0,4260.0
5723780.0,490276.0,4260.0
5723780.0,490276.0,4260.0
5723780.0,490276.0,4260.0
5723780.0,490276.0,4260.0
5723780.0,490276.0,4260.0
5723780.0,490276.0,4260.0
5723780.0,490276.0,4260.0
5723780.0,490276.0,4260.0
5723780.0,490276.0,4260.0
5723400.8,490287.2,4356.0
5722832.0,490304.0,4500.0
5722832.0,490304.0,4500.0
5722832.0,490304.0,4500.0
5722832.0,490304.0,4500.0
5722832.0,490304.0,4500.0
5722832.0,490304.0,4500.0
5722832.0,490304.0,4500.0
5722832.0,490304.0,4500.0
5722832.0,490304.0,4500.0
5722832.0,490304.0,4500.0
5722832.0,490304.0,4500.0
5698420.2667,490560.0,4622.6666667
5631288.0,491264.0,4960.0
5631288.0,491264.0,4960.0
5631288.0,491264.0,4960.0
5631288.0,491264.0,4960.0
5631288.0,491264.0,4960.0
5631288.0,491264.0,4960.0
5631288.0,491264.0,4960.0
5631288.0,491264.0,4960.0
5631288.0,491264.0,4960.0
5631288.0,491264.0,4960.0
5631288.0,491264.0,4960.0
5630729.3333,491294.66667,5045.3333333
5629612.0,491356.0,5216.0
5629612.0,491356.0,5216.0
5629612.0,491356.0,5216.0
5629612.0,491356.0,5216.0
5629612.0,491356.0,5216.0
5629612.0,491356.0,5216.0
5629612.0,491356.0,5216.0
5629612.0,491356.0,5216.0
5629612.0,491356.0,5216.0
5629612.0,491356.0,5216.0
5629612.0,491356.0,5216.0
5629528.0,491365.33333,5361.6
5629432.0,491376.0,5528.0
5629432.0,491376.0,5528.0
5629432.0,491376.0,5528.0
5629432.0,491376.0,5528.0
5629432.0,491376.0,5528.0
5629432.0,491376.0,5528.0
5629432.0,491376.0,5528.0
5629432.0,491376.0,5528.0
5618165.0667,491387.73333,5657.0666667
5614068.0,491392.0,5704.0
5611771.2,491394.93333,5739.2
5610936.0,491396.0,5752.0
5610936.0,491396.0,5752.0
5608777.0667,493018.13333,6065.8666667
5607992.0,493608.0,6180.0
5607992.0,493608.0,6180.0
5607992.0,493608.0,6180.0
5607992.0,493608.0,6180.0
5607992.0,493608.0,6180.0
5607992.0,493608.0,6180.0
5607992.0,493608.0,6180.0
5607992.0,493608.0,6180.0
5607992.0,493608.0,6180.0
5607992.0,493608.0,6180.0
5607992.0,493608.0,6180.0
5606926.4,493624.0,6359.2
5606660.0,493628.0,6404.0
5606660.0,493628.0,6404.0
5606660.0,493628.0,6404.0
5607431.2,493644.0,6506.4
5607624.0,493648.0,6532.0
5607624.0,493648.0,6532.0
5607624.0,493648.0,6532.0
5607624.0,493648.0,6532.0
5607624.0,493648.0,6532.0
5607624.0,493648.0,6532.0
5607624.0,493648.0,6532.0
5607624.0,493648.0,6532.0
5607624.0,493648.0,6532.0
5607624.0,493648.0,6532.0
5607624.0,493648.0,6532.0
5607166.4,493664.0,6724.0
5576706.4,493652.0,6823.2
5569120.0,493648.0,6836.0
5569120.0,493648.0,6836.0
5569120.0,493648.0,6836.0
5569120.0,493648.0,6836.0
5569120.0,493648.0,6836.0
5569120.0,493648.0,6836.0
5569120.0,493648.0,6836.0
5569120.0,493648.0,6836.0
5569120.0,493648.0,6836.0
5569120.0,493648.0,6836.0
5569120.0,493648.0,6836.0
5568649.6,493737.6,7037.6
5568532.0,493760.0,7088.0
5568532.0,493760.0,7088.0
5568532.0,493760.0,7088.0
5568532.0,493760.0,7088.0
5568532.0,493760.0,7088.0
5568532.0,493760.0,7088.0
5568532.0,493760.0,7088.0
5568532.0,493760.0,7088.0
5568532.0,493760.0,7088.0
5568532.0,493760.0,7088.0
5568532.0,493760.0,7088.0
5568440.0,493788.0,7384.0
5568440.0,493788.0,7384.0
5568440.0,493788.0,7384.0
5568440.0,493788.0,7384.0
5568440.0,493788.0,7384.0
5568440.0,493788.0,7384.0
5568440.0,493788.0,7384.0
5568440.0,493788.0,7384.0
5567072.0,493804.0,7576.0
5567072.0,493804.0,7576.0
5567072.0,493804.0,7576.0
5562054.4,493807.73333,7643.2
5561696.0,493808.0,7648.0
5561696.0,493808.0,7648.0
5560456.0,493828.0,7696.0
5560456.0,493828.0,7696.0
5560456.0,493828.0,7696.0
5560456.0,493828.0,7696.0
5560456.0,493828.0,7696.0
5560456.0,493828.0,7696.0
5560456.0,493828.0,7696.0
5560456.0,493828.0,7696.0
5560456.0,493828.0,7696.0
5560456.0,493828.0,7696.0
5560456.0,493828.0,7696.0
5560050.6667,493909.06667,7811.2
5560050.6667,493909.06667,7811.2
5559696.0,493980.0,7912.0
5559696.0,493980.0,7912.0
5559696.0,493980.0,7912.0
5559696.0,493980.0,7912.0
5559696.0,493980.0,7912.0
5559696.0,493980.0,7912.0
5559696.0,493980.0,7912.0
5559696.0,493980.0,7912.0
5559696.0,493980.0,7912.0
5559696.0,493980.0,7912.0
5559696.0,493980.0,7912.0
5558915.7333,493983.73333,8195.7333333
5558860.0,493984.0,8216.0
5558860.0,493984.0,8216.0
5558860.0,493984.0,8216.0
5558860.0,493984.0,8216.0
5558860.0,493984.0,8216.0
5558860.0,493984.0,8216.0
5558860.0,493984.0,8216.0
5546988.0,494012.0,8384.0
5546988.0,494012.0,8384.0
5546988.0,494012.0,8384.0
5546988.0,494012.0,8384.0
5546988.0,494012.0,8384.0
5546988.0,494012.0,8384.0
5546988.0,494012.0,8384.0
5546988.0,494012.0,8384.0
5546988.0,494012.0,8384.0
5546988.0,494012.0,8384.0
5546988.0,494012.0,8384.0
5546988.0,494012.0,8384.0
5546724.0,494072.0,8624.0
5546724.0,494072.0,8624.0
5546724.0,494072.0,8624.0
5546724.0,494072.0,8624.0
5545238.1333,494083.2,8728.5333333
5545132.0,494084.0,8736.0
5545132.0,494084.0,8736.0
5546490.9333,494091.46667,8788.2666667
5546588.0,494092.0,8792.0
5546588.0,494092.0,8792.0
5546588.0,494092.0,8792.0
5546588.0,494092.0,8792.0
5546588.0,494092.0,8792.0
5546588.0,494092.0,8792.0
5546588.0,494092.0,8792.0
5546588.0,494092.0,8792.0
5546588.0,494092.0,8792.0
5546588.0,494092.0,8792.0
5546488.5333,494093.6,8806.9333333
5545096.0,494116.0,9016.0
5545096.0,494116.0,9016.0
5545096.0,494116.0,9016.0
5545096.0,494116.0,9016.0
5545096.0,494116.0,9016.0
5545096.0,494116.0,9016.0
5545096.0,494116.0,9016.0
5545096.0,494116.0,9016.0
5545096.0,494116.0,9016.0
5545096.0,494116.0,9016.0
5545096.0,494116.0,9016.0
5545144.5333,494118.66667,9032.5333333
5545824.0,494156.0,9264.0
5545824.0,494156.0,9264.0
5545824.0,494156.0,9264.0
5545824.0,494156.0,9264.0
5545824.0,494156.0,9264.0
5545824.0,494156.0,9264.0
5545824.0,494156.0,9264.0
5545824.0,494156.0,9264.0
5545824.0,494156.0,9264.0
5545824.0,494156.0,9264.0
5545824.0,494156.0,9264.0
5545824.0,494156.0,9264.0
5545305.0667,494365.06667,9465.6
5545268.0,494380.0,9480.0
5545268.0,494380.0,9480.0
5545268.0,494380.0,9480.0
5545268.0,494380.0,9480.0
5545268.0,494380.0,9480.0
5545268.0,494380.0,9480.0
5545268.0,494380.0,9480.0
5545268.0,494380.0,9480.0
5545268.0,494380.0,9480.0
5545268.0,494380.0,9480.0
5545268.0,494380.0,9480.0
5544012.0,494460.0,9752.0
5544012.0,494460.0,9752.0
5544012.0,494460.0,9752.0
5544012.0,494460.0,9752.0
5544012.0,494460.0,9752.0
5544012.0,494460.0,9752.0
5544012.0,494460.0,9752.0
5544012.0,494460.0,9752.0
5544012.0,494460.0,9752.0
5544012.0,494460.0,9752.0
5544012.0,494460.0,9752.0
5544012.0,494460.0,9752.0
5544545.8667,494486.13333,9961.0666667
5544584.0,494488.0,9976.0
5544584.0,494488.0,9976.0
5544584.0,494488.0,9976.0
5544584.0,494488.0,9976.0
5544584.0,494488.0,9976.0
5544584.0,494488.0,9976.0
5544584.0,494488.0,9976.0
5544584.0,494488.0,9976.0
5544584.0,494488.0,9976.0
5544584.0,494488.0,9976.0
5544584.0,494488.0,9976.0
5544005.3333,494637.33333,10259.733333
5543964.0,494648.0,10280.0
5543964.0,494648.0,10280.0
5543964.0,494648.0,10280.0
5543964.0,494648.0,10280.0
5543964.0,494648.0,10280.0
5543964.0,494648.0,10280.0
5543964.0,494648.0,10280.0
5543964.0,494648.0,10280.0
5543964.0,494648.0,10280.0
5543964.0,494648.0,10280.0
5543964.0,494648.0,10280.0
5543721.3333,494726.4,10504.0
5543704.0,494732.0,10520.0
5543704.0,494732.0,10520.0
5543704.0,494732.0,10520.0
5543704.0,494732.0,10520.0
5543704.0,494732.0,10520.0
5543704.0,494732.0,10520.0
5543704.0,494732.0,10520.0
5543704.0,494732.0,10520.0
5543704.0,494732.0,10520.0
5543704.0,494732.0,10520.0
5543298.4,494756.26667,10797.333333
5543236.0,494760.0,10840.0
5543236.0,494760.0,10840.0
5543236.0,494760.0,10840.0
5543236.0,494760.0,10840.0
5543236.0,494760.0,10840.0
5543236.0,494760.0,10840.0
5543236.0,494760.0,10840.0
5543236.0,494760.0,10840.0
5543236.0,494760.0,10840.0
5543236.0,494760.0,10840.0
5543236.0,494760.0,10840.0
5543180.2667,494824.53333,11016.0
5543160.0,494848.0,11080.0
5543160.0,494848.0,11080.0
5543160.0,494848.0,11080.0
5543160.0,494848.0,11080.0
5543160.0,494848.0,11080.0
5543160.0,494848.0,11080.0
5543160.0,494848.0,11080.0
5543160.0,494848.0,11080.0
5543160.0,494848.0,11080.0
5543160.0,494848.0,11080.0
5543160.0,494848.0,11080.0
6869909.3333,490501.33333,11293.333333
7533284.0,488328.0,11400.0
