data_points,dimensions,k,time
50000,10,10,9
50000,10,100,18
50000,10,200,25
50000,10,300,34
50000,10,400,46
50000,10,500,56
50000,10,600,75
50000,10,700,92
50000,10,800,99
50000,10,900,119
50000,10,1000,123
50000,10,1200,141
50000,10,1400,172
50000,10,1600,194
50000,50,10,23
50000,50,100,64
50000,50,200,113
50000,50,300,167
50000,50,400,236
50000,50,500,297
50000,50,600,364
50000,50,700,420
50000,50,800,483
50000,50,900,517
50000,50,1000,500
50000,50,1200,576
50000,50,1400,672
50000,50,1600,796
50000,100,10,54
50000,100,100,147
50000,100,200,240
50000,100,300,348
50000,100,400,457
50000,100,500,563
50000,100,600,671
50000,100,700,763
50000,100,800,890
50000,100,900,1003
50000,100,1000,1065
50000,100,1200,1111
50000,100,1400,1351
50000,100,1600,1475
50000,250,10,116
50000,250,100,303
50000,250,200,583
50000,250,300,886
50000,250,400,1152
50000,250,500,1430
50000,250,600,1554
50000,250,700,1617
50000,250,800,2223
50000,250,900,2598
50000,250,1000,2920
50000,250,1200,3461
50000,250,1400,3977
50000,250,1600,4528
50000,500,10,281
50000,500,100,761
50000,500,200,1303
50000,500,300,1840
50000,500,400,2421
50000,500,500,2987
50000,500,600,3552
50000,500,700,4108
50000,500,800,4678
50000,500,900,5219
50000,500,1000,5736
50000,500,1200,5495
50000,500,1400,6571
50000,500,1600,7006
50000,750,10,341
50000,750,100,904
50000,750,200,1630
50000,750,300,2361
50000,750,400,3111
50000,750,500,3649
50000,750,600,3968
50000,750,700,4598
50000,750,800,5305
50000,750,900,5819
50000,750,1000,6536
50000,750,1200,7784
50000,750,1400,9073
50000,750,1600,10472
50000,1000,10,458
50000,1000,100,1145
50000,1000,200,1922
50000,1000,300,2758
50000,1000,400,3574
50000,1000,500,4420
50000,1000,600,5249
50000,1000,700,6192
50000,1000,800,6943
50000,1000,900,7784
50000,1000,1000,8615
50000,1000,1200,10507
50000,1000,1400,12274
50000,1000,1600,13830
