data_points,dimensions,k,diskio_out
50000,10,10,1
50000,10,100,8
50000,10,200,8
50000,10,300,6
50000,10,400,7
50000,10,500,10
50000,10,600,8
50000,10,700,10
50000,10,800,8
50000,10,900,6
50000,10,1000,7
50000,10,1200,8
50000,10,1400,9
50000,10,1600,8
50000,50,10,0
50000,50,100,6
50000,50,200,6
50000,50,300,7
50000,50,400,9
50000,50,500,10
50000,50,600,8
50000,50,700,6
50000,50,800,9
50000,50,900,7
50000,50,1000,10
50000,50,1200,10
50000,50,1400,11
50000,50,1600,12
50000,100,10,6
50000,100,100,6
50000,100,200,10
50000,100,300,9
50000,100,400,13
50000,100,500,9
50000,100,600,10
50000,100,700,8
50000,100,800,13
50000,100,900,14
50000,100,1000,13
50000,100,1200,9
50000,100,1400,15
50000,100,1600,12
50000,250,10,6
50000,250,100,8
50000,250,200,8
50000,250,300,9
50000,250,400,13
50000,250,500,14
50000,250,600,10
50000,250,700,19
50000,250,800,13
50000,250,900,24
50000,250,1000,21
50000,250,1200,16
50000,250,1400,13
50000,250,1600,28
50000,500,10,13
50000,500,100,14
50000,500,200,13
50000,500,300,12
50000,500,400,17
50000,500,500,35
50000,500,600,31
50000,500,700,30
50000,500,800,32
50000,500,900,38
50000,500,1000,31
50000,500,1200,34
50000,500,1400,51
50000,500,1600,45
50000,750,10,8
50000,750,100,13
50000,750,200,8
50000,750,300,16
50000,750,400,22
50000,750,500,28
50000,750,600,21
50000,750,700,27
50000,750,800,33
50000,750,900,34
50000,750,1000,53
50000,750,1200,42
50000,750,1400,81
50000,750,1600,52
50000,1000,10,16
50000,1000,100,16
50000,1000,200,15
50000,1000,300,37
50000,1000,400,25
50000,1000,500,29
50000,1000,600,34
50000,1000,700,29
50000,1000,800,33
50000,1000,900,42
50000,1000,1000,52
50000,1000,1200,65
50000,1000,1400,96
50000,1000,1600,54
