data_points,dimensions,k,mem_used_kb
50000,10,10,138935.600016
50000,10,100,142069.6
50000,10,200,228692.799989
50000,10,300,217242.66666
50000,10,400,221617.333327
50000,10,500,195189.777777
50000,10,600,263977.714294
50000,10,700,269502.933333
50000,10,800,223941.866663
50000,10,900,269995.83999
50000,10,1000,267232.959993
50000,10,1200,297492.666672
50000,10,1400,275439.282057
50000,10,1600,286242.08
50000,50,10,143447.733318
50000,50,100,535522.666672
50000,50,200,437663.519997
50000,50,300,569325.661538
50000,50,400,519468.429626
50000,50,500,625134.593943
50000,50,600,684263.497434
50000,50,700,582588.586667
50000,50,800,694035.443136
50000,50,900,636864.45926
50000,50,1000,634684.868569
50000,50,1200,601495.564227
50000,50,1400,631489.129081
50000,50,1600,614270.564847
50000,100,10,651281.333339
50000,100,100,672943.2
50000,100,200,841172.65185
50000,100,300,948940.917331
50000,100,400,890846.246465
50000,100,500,938986.393161
50000,100,600,975086.365219
50000,100,700,971337.70063
50000,100,800,939252.640862
50000,100,900,957278.403864
50000,100,1000,955603.035618
50000,100,1200,958581.677195
50000,100,1400,992151.878262
50000,100,1600,995559.989439
50000,250,10,980636.414812
50000,250,100,1345198.09856
50000,250,200,1505529.57398
50000,250,300,1643672.74317
50000,250,400,1538210.4
50000,250,500,1582178.75189
50000,250,600,1590483.46667
50000,250,700,1594896.43879
50000,250,800,1559215.104
50000,250,900,1614414.55543
50000,250,1000,1577314.34044
50000,250,1200,1597383.08966
50000,250,1400,1574821.3613
50000,250,1600,1664766.4886
50000,500,10,2046899.61905
50000,500,100,2135685.58462
50000,500,200,2271820.06667
50000,500,300,2593443.33549
50000,500,400,2343402.59675
50000,500,500,2448170.74627
50000,500,600,2446011.28257
50000,500,700,2459310.69275
50000,500,800,2300656.01019
50000,500,900,2376530.84571
50000,500,1000,2374646.59394
50000,500,1200,2495719.3529
50000,500,1400,2421138.49091
50000,500,1600,2427130.32
50000,750,10,2600321.25556
50000,750,100,2889828.5164
50000,750,200,3078120.68469
50000,750,300,3006968.52159
50000,750,400,3255509.26603
50000,750,500,3226227.70503
50000,750,600,3174697.82472
50000,750,700,3068935.55411
50000,750,800,3179250.53446
50000,750,900,3081190.0588
50000,750,1000,3080085.83988
50000,750,1200,3159179.59923
50000,750,1400,3004147.4592
50000,750,1600,2848136.25906
50000,1000,10,3267132.25833
50000,1000,100,3393258.61941
50000,1000,200,3554325.6759
50000,1000,300,3515641.36487
50000,1000,400,3586563.53889
50000,1000,500,3485675.04916
50000,1000,600,3575587.56136
50000,1000,700,3525795.98843
50000,1000,800,3563285.3729
50000,1000,900,3465767.75125
50000,1000,1000,3474137.46043
50000,1000,1200,3967380.88205
50000,1000,1400,3431973.42915
50000,1000,1600,3476581.54978
