vda,9.80,0.04,0.01,0,0
vda,24.80,0.10,0.00,0,0
vda,42.20,0.16,0.00,0,0
vda,2.00,0.00,0.01,0,0
vda,0.60,0.00,0.00,0,0
vda,2.20,0.00,0.01,0,0
vda,113.00,3.31,0.02,16,0
vda,89.60,2.19,0.08,10,0
vda,155.20,5.01,0.16,25,0
vda,84.80,10.53,0.00,52,0
vda,2.00,0.00,0.01,0,0
vda,110.38,1.02,0.01,5,0
vda,44.40,0.33,0.05,1,0
vda,6.60,0.02,0.84,0,4
vda,4.40,0.14,0.01,0,0
vda,18.14,0.06,0.20,1,3
vda,1.80,0.00,0.01,0,0
vda,3.40,0.00,0.02,0,0
vda,10.80,0.00,0.04,0,0
vda,34.20,0.00,0.15,0,0
vda,1.20,0.00,0.00,0,0
vda,1.80,0.00,0.01,0,0
vda,27.20,0.00,0.11,0,0
vda,15.40,0.00,0.06,0,0
vda,0.00,0.00,0.00,0,0
vda,19.40,0.00,0.08,0,0
vda,23.40,0.00,0.09,0,0
vda,2.20,0.00,0.01,0,0
vda,27.00,0.00,0.11,0,0
vda,10.80,0.00,0.05,0,0
vda,2.00,0.00,0.01,0,0
vda,1.40,0.00,0.01,0,0
vda,15.97,0.00,0.06,0,0
vda,29.80,0.00,0.12,0,0
vda,2.00,0.00,0.01,0,0
vda,13.00,0.00,0.05,0,0
vda,1.40,0.00,0.01,0,0
vda,0.00,0.00,0.00,0,0
vda,6.40,0.00,0.03,0,0
vda,14.59,0.00,0.06,0,0
vda,8.80,0.00,0.04,0,0
vda,1.00,0.00,0.00,0,0
vda,1.20,0.00,0.01,0,0
vda,26.80,0.00,0.11,0,0
vda,9.20,0.00,0.04,0,0
vda,0.00,0.00,0.00,0,0
vda,29.20,0.00,0.12,0,0
vda,0.20,0.00,0.00,0,0
vda,34.20,0.00,0.14,0,0
vda,19.60,0.00,0.08,0,0
vda,2.20,0.00,0.01,0,0
vda,3.20,0.00,0.02,0,0
vda,14.00,0.00,0.06,0,0
vda,15.40,0.00,0.06,0,0
vda,0.00,0.00,0.00,0,0
vda,7.03,0.00,0.03,0,0
vda,6.80,0.00,0.03,0,0
vda,0.40,0.00,0.00,0,0
vda,10.13,0.00,0.04,0,0
vda,2.20,0.00,0.01,0,0
vda,13.60,0.00,0.05,0,0
vda,9.20,0.00,0.04,0,0
vda,22.80,0.00,0.09,0,0
vda,0.00,0.00,0.00,0,0
vda,22.00,0.03,0.06,0,0
vda,9.00,0.00,0.05,0,0
vda,9.00,0.00,0.03,0,0
vda,6.40,0.00,0.03,0,0
vda,0.00,0.00,0.00,0,0
vda,9.20,0.03,0.03,0,0
vda,39.20,0.10,0.13,0,0
vda,13.80,0.05,0.01,0,0
vda,48.00,0.00,0.20,0,0
vda,15.00,0.00,0.06,0,0
vda,1.20,0.00,0.00,0,0
vda,31.60,0.00,0.13,0,0
vda,35.80,0.00,0.14,0,0
vda,0.80,0.00,0.00,0,0
vda,2.00,0.00,0.01,0,0
vda,43.00,0.00,0.18,0,0
vda,0.00,0.00,0.00,0,0
vda,32.80,0.00,0.14,0,0
vda,1.20,0.00,0.00,0,0
vda,26.60,0.00,0.10,0,0
vda,5.80,0.00,0.02,0,0
vda,1.00,0.00,0.00,0,0
vda,41.60,0.00,0.16,0,0
vda,8.60,0.00,0.03,0,0
vda,1.00,0.00,0.00,0,0
vda,11.20,0.00,0.05,0,0
vda,14.80,0.00,0.06,0,0
vda,27.20,0.00,0.11,0,0
vda,8.40,0.00,0.03,0,0
vda,2.00,0.00,0.01,0,0
vda,25.60,0.00,0.10,0,0
vda,0.00,0.00,0.00,0,0
vda,2.00,0.00,0.01,0,0
vda,1.00,0.00,0.00,0,0
vda,39.00,0.00,0.16,0,0
vda,1.40,0.00,0.01,0,0
vda,0.00,0.00,0.00,0,0
vda,0.60,0.00,0.00,0,0
vda,2.00,0.00,0.01,0,0
vda,1.00,0.00,0.00,0,0
vda,0.40,0.00,0.00,0,0
vda,44.60,0.00,0.18,0,0
vda,18.40,0.00,0.07,0,0
vda,1.20,0.00,0.00,0,0
vda,2.60,0.00,0.01,0,0
vda,1.40,0.00,0.01,0,0
vda,0.40,0.00,0.00,0,0
vda,2.40,0.00,0.01,0,0
vda,2.40,0.00,0.01,0,0
vda,51.60,0.00,0.21,0,1
vda,1.80,0.00,0.01,0,0
vda,1.00,0.00,0.00,0,0
vda,1.40,0.00,0.01,0,0
vda,3.40,0.00,0.01,0,0
vda,1.40,0.00,0.01,0,0
vda,23.40,0.00,0.09,0,0
vda,14.00,0.00,0.06,0,0
vda,1.00,0.00,0.00,0,0
vda,10.40,0.00,0.06,0,0
vda,10.00,0.00,0.05,0,0
vda,1.40,0.00,0.01,0,0
vda,3.00,0.00,0.01,0,0
vda,2.60,0.00,0.01,0,0
vda,1.40,0.00,0.01,0,0
vda,28.80,0.00,0.11,0,0
vda,15.40,0.00,0.06,0,0
vda,1.00,0.00,0.00,0,0
vda,19.40,0.00,0.08,0,0
vda,1.80,0.00,0.01,0,0
vda,2.60,0.00,0.01,0,0
vda,1.00,0.00,0.00,0,0
vda,19.80,0.00,0.08,0,0
vda,2.60,0.00,0.01,0,0
vda,27.20,0.00,0.11,0,0
vda,0.00,0.00,0.00,0,0
vda,1.00,0.00,0.00,0,0
vda,12.40,0.00,0.05,0,0
vda,5.60,0.00,0.03,0,0
vda,7.20,0.00,0.03,0,0
vda,2.60,0.00,0.01,0,0
vda,12.20,0.00,0.05,0,0
vda,2.20,0.00,0.01,0,0
