vda,39.40,0.16,0.00,0,0
vda,3.60,0.00,0.01,0,0
vda,1.20,0.00,0.00,0,0
vda,87.40,0.52,0.00,2,0
vda,53.20,0.10,0.19,0,0
vda,22.60,0.00,0.09,0,0
vda,180.00,6.84,0.00,34,0
vda,23.80,0.00,0.10,0,0
vda,150.80,1.33,0.95,6,4
vda,5.80,0.00,0.48,0,2
vda,5.80,0.37,0.01,1,0
vda,1.40,0.00,0.01,0,0
vda,0.00,0.00,0.00,0,0
vda,38.60,0.00,0.17,0,0
vda,4.40,0.00,0.02,0,0
vda,17.80,0.00,0.07,0,0
vda,51.80,0.00,0.21,0,1
vda,1.60,0.00,0.01,0,0
vda,13.40,0.00,0.05,0,0
vda,24.40,0.00,0.10,0,0
vda,1.40,0.00,0.01,0,0
vda,16.40,0.00,0.07,0,0
vda,26.20,0.00,0.11,0,0
vda,1.20,0.00,0.00,0,0
vda,33.40,0.00,0.13,0,0
vda,3.40,0.00,0.01,0,0
vda,16.20,0.00,0.07,0,0
vda,25.20,0.16,0.01,0,0
vda,53.40,0.00,0.21,0,1
