vda,0.80,0.01,0.00,0,0
vda,98.80,0.23,0.16,1,0
vda,2.60,0.00,0.01,0,0
vda,1.20,0.00,0.00,0,0
vda,0.60,0.00,0.00,0,0
vda,36.00,0.00,0.15,0,0
vda,268.40,10.00,0.00,50,0
vda,118.60,11.02,0.03,55,0
vda,79.00,9.75,0.00,48,0
vda,2.40,0.00,0.01,0,0
vda,0.00,0.00,0.00,0,0
vda,19.60,0.00,0.08,0,0
vda,8.80,0.00,1.31,0,6
vda,43.20,0.00,0.17,0,0
vda,1.60,0.00,0.01,0,0
vda,1.40,0.00,0.01,0,0
vda,1.60,0.00,0.01,0,0
vda,2.60,0.00,0.01,0,0
vda,1.80,0.00,0.01,0,0
vda,22.20,0.00,0.09,0,0
vda,0.00,0.00,0.00,0,0
vda,22.40,0.00,0.09,0,0
vda,1.60,0.00,0.01,0,0
vda,8.20,0.00,0.03,0,0
vda,1.80,0.00,0.01,0,0
vda,1.80,0.00,0.01,0,0
vda,13.00,0.00,0.05,0,0
vda,2.00,0.00,0.01,0,0
vda,36.20,0.00,0.15,0,0
vda,1.00,0.00,0.00,0,0
vda,2.60,0.00,0.01,0,0
vda,16.60,0.14,0.00,0,0
vda,2.00,0.00,0.01,0,0
vda,25.40,0.05,0.06,0,0
vda,31.20,0.00,0.13,0,0
vda,1.20,0.00,0.00,0,0
vda,47.40,0.00,0.19,0,0
vda,2.00,0.00,0.01,0,0
vda,0.00,0.00,0.00,0,0
vda,1.60,0.00,0.01,0,0
vda,2.40,0.00,0.01,0,0
vda,13.80,0.00,0.06,0,0
