7970120.0,62668.0,2120.0
7918385.6,71810.133333,2238.6666667
7194104.0,199800.0,3900.0
7194104.0,199800.0,3900.0
7188328.0,199916.8,3928.2666667
7150784.0,200676.0,4112.0
7150784.0,200676.0,4112.0
7119188.0,200676.0,4123.2
6992804.0,200676.0,4168.0
6992314.4,200678.4,4182.4
6990356.0,200688.0,4240.0
6990356.0,200688.0,4240.0
6990356.0,200688.0,4240.0
6990356.0,200688.0,4240.0
6990356.0,200688.0,4240.0
6990356.0,200688.0,4240.0
6990356.0,200688.0,4240.0
6990356.0,200688.0,4240.0
6990356.0,200688.0,4240.0
6990356.0,200688.0,4240.0
6988924.0,200690.93333,4256.5333333
6968876.0,200732.0,4488.0
6968876.0,200732.0,4488.0
6962779.2,200732.26667,4491.7333333
6877424.0,200736.0,4544.0
6877335.2,200736.0,4548.8
6876092.0,200736.0,4616.0
6876092.0,200736.0,4616.0
6876092.0,200736.0,4616.0
6876092.0,200736.0,4616.0
6876092.0,200736.0,4616.0
7004002.4,199860.8,4634.1333333
7835420.0,194172.0,4752.0
