16223020.0,42304.0,1884.0
16223020.0,42304.0,1884.0
15638119.2,143886.4,2676.0
14760768.0,296260.0,3864.0
14411198.4,359026.4,3889.6
13886844.0,453176.0,3928.0
13886844.0,453176.0,3928.0
13886078.667,453183.46667,3954.1333333
13885204.0,453192.0,3984.0
13885204.0,453192.0,3984.0
13885204.0,453192.0,3984.0
13885204.0,453192.0,3984.0
13884175.467,453565.33333,4109.0666667
13883000.0,453992.0,4252.0
13883000.0,453992.0,4252.0
13883000.0,453992.0,4252.0
13883000.0,453992.0,4252.0
13883000.0,453992.0,4252.0
13883000.0,453992.0,4252.0
13883000.0,453992.0,4252.0
13720933.333,453992.0,4308.0
13396800.0,453992.0,4420.0
13396800.0,453992.0,4420.0
13396300.8,453994.13333,4432.8
13394928.0,454000.0,4468.0
13394928.0,454000.0,4468.0
13394497.067,454000.0,4480.8
13393312.0,454000.0,4516.0
13393312.0,454000.0,4516.0
13393312.0,454000.0,4516.0
13393312.0,454000.0,4516.0
13393312.0,454000.0,4516.0
13393312.0,454000.0,4516.0
13393312.0,454000.0,4516.0
13393312.0,454000.0,4516.0
13393312.0,454000.0,4516.0
13393312.0,454000.0,4516.0
13393226.667,454007.46667,4577.8666667
13392992.0,454028.0,4748.0
13392992.0,454028.0,4748.0
13392992.0,454028.0,4748.0
13392992.0,454028.0,4748.0
13392992.0,454028.0,4748.0
13392992.0,454028.0,4748.0
13392992.0,454028.0,4748.0
13392992.0,454028.0,4748.0
13392992.0,454028.0,4748.0
13392992.0,454028.0,4748.0
13392992.0,454028.0,4748.0
13392777.6,454031.2,4815.2
13391920.0,454044.0,5084.0
13391920.0,454044.0,5084.0
13391920.0,454044.0,5084.0
13391920.0,454044.0,5084.0
13391920.0,454044.0,5084.0
13391429.6,454491.2,5179.2
13389468.0,456280.0,5560.0
13389468.0,456280.0,5560.0
13389468.0,456280.0,5560.0
13389468.0,456280.0,5560.0
13389468.0,456280.0,5560.0
13389468.0,456280.0,5560.0
13389468.0,456280.0,5560.0
13389468.0,456280.0,5560.0
13389468.0,456280.0,5560.0
13389468.0,456280.0,5560.0
13389468.0,456280.0,5560.0
13389472.8,456281.6,5603.2
13389492.0,456288.0,5776.0
13389492.0,456288.0,5776.0
13389492.0,456288.0,5776.0
13389492.0,456288.0,5776.0
13389492.0,456288.0,5776.0
13389492.0,456288.0,5776.0
13389492.0,456288.0,5776.0
13389492.0,456288.0,5776.0
13389396.0,456289.86667,5792.0
13388052.0,456316.0,6016.0
13388052.0,456316.0,6016.0
13388052.0,456316.0,6016.0
13388052.0,456316.0,6016.0
13388052.0,456316.0,6016.0
13388052.0,456316.0,6016.0
13388052.0,456316.0,6016.0
13388052.0,456316.0,6016.0
13388052.0,456316.0,6016.0
13388052.0,456316.0,6016.0
13388052.0,456316.0,6016.0
13388052.0,456316.0,6016.0
13387715.733,456437.33333,6213.6
13387664.0,456456.0,6244.0
13387664.0,456456.0,6244.0
13387664.0,456456.0,6244.0
13387664.0,456456.0,6244.0
13387664.0,456456.0,6244.0
13387664.0,456456.0,6244.0
13387664.0,456456.0,6244.0
13387664.0,456456.0,6244.0
13387664.0,456456.0,6244.0
13387664.0,456456.0,6244.0
13387664.0,456456.0,6244.0
13387115.2,456482.13333,6520.2666667
13387076.0,456484.0,6540.0
13387076.0,456484.0,6540.0
13387076.0,456484.0,6540.0
13387076.0,456484.0,6540.0
13375700.0,456504.0,6684.0
13375700.0,456504.0,6684.0
13375700.0,456504.0,6684.0
13375700.0,456504.0,6684.0
13375700.0,456504.0,6684.0
13375700.0,456504.0,6684.0
13375700.0,456504.0,6684.0
13375700.0,456504.0,6684.0
13375700.0,456504.0,6684.0
13375700.0,456504.0,6684.0
13375700.0,456504.0,6684.0
13373264.0,456560.0,6932.0
13373264.0,456560.0,6932.0
13373264.0,456560.0,6932.0
13373264.0,456560.0,6932.0
13373264.0,456560.0,6932.0
13373264.0,456560.0,6932.0
13373264.0,456560.0,6932.0
13373264.0,456560.0,6932.0
13373264.0,456560.0,6932.0
13373264.0,456560.0,6932.0
13373264.0,456560.0,6932.0
13373280.8,456560.53333,6950.1333333
13373516.0,456568.0,7204.0
13373516.0,456568.0,7204.0
13373516.0,456568.0,7204.0
13373516.0,456568.0,7204.0
13373516.0,456568.0,7204.0
13373516.0,456568.0,7204.0
13373516.0,456568.0,7204.0
13373516.0,456568.0,7204.0
13373516.0,456568.0,7204.0
13369304.8,456676.26667,7428.0
13369004.0,456684.0,7444.0
13369004.0,456684.0,7444.0
13369004.0,456684.0,7444.0
13369004.0,456684.0,7444.0
13369004.0,456684.0,7444.0
13369004.0,456684.0,7444.0
13369004.0,456684.0,7444.0
13369004.0,456684.0,7444.0
13369004.0,456684.0,7444.0
13369004.0,456684.0,7444.0
13369004.0,456684.0,7444.0
13368228.0,456704.0,7700.0
13368228.0,456704.0,7700.0
13368228.0,456704.0,7700.0
13368228.0,456704.0,7700.0
13368228.0,456704.0,7700.0
13368228.0,456704.0,7700.0
13368228.0,456704.0,7700.0
13368228.0,456704.0,7700.0
13368228.0,456704.0,7700.0
13368228.0,456704.0,7700.0
13368228.0,456704.0,7700.0
13368135.2,456710.4,7759.2
13367764.0,456736.0,7996.0
13367764.0,456736.0,7996.0
13367764.0,456736.0,7996.0
13367764.0,456736.0,7996.0
13367764.0,456736.0,7996.0
13367764.0,456736.0,7996.0
13367764.0,456736.0,7996.0
13363659.733,456737.06667,8007.7333333
13306200.0,456752.0,8172.0
13306200.0,456752.0,8172.0
13473006.133,456314.66667,8175.7333333
