16206844.0,52908.0,3612.0
16206844.0,52908.0,3612.0
15187968.8,212375.46667,3781.8666667
14023540.0,394624.0,3976.0
14023540.0,394624.0,3976.0
13386670.667,594049.33333,4005.8666667
12658820.0,821964.0,4040.0
12395621.867,824077.06667,4069.8666667
12094824.0,826492.0,4104.0
12094824.0,826492.0,4104.0
12094824.0,826492.0,4104.0
12094824.0,826492.0,4104.0
12093782.4,826521.86667,4169.3333333
12092592.0,826556.0,4244.0
12092592.0,826556.0,4244.0
12091940.533,826557.86667,4273.8666667
12091196.0,826560.0,4308.0
12091196.0,826560.0,4308.0
12091196.0,826560.0,4308.0
12091196.0,826560.0,4308.0
12091196.0,826560.0,4308.0
12090761.067,826565.6,4364.0
12090264.0,826572.0,4428.0
12091128.0,826574.13333,4462.1333333
12091884.0,826576.0,4492.0
12091884.0,826576.0,4492.0
12091884.0,826576.0,4492.0
12091884.0,826576.0,4492.0
12091884.0,826576.0,4492.0
12091884.0,826576.0,4492.0
12091884.0,826576.0,4492.0
12091884.0,826576.0,4492.0
12091884.0,826576.0,4492.0
12091884.0,826576.0,4492.0
12091884.0,826576.0,4492.0
12091564.8,826607.73333,4618.9333333
12091200.0,826644.0,4764.0
12091200.0,826644.0,4764.0
12091200.0,826644.0,4764.0
12091200.0,826644.0,4764.0
12091200.0,826644.0,4764.0
12091200.0,826644.0,4764.0
12091200.0,826644.0,4764.0
12091200.0,826644.0,4764.0
12091200.0,826644.0,4764.0
12091200.0,826644.0,4764.0
12091200.0,826644.0,4764.0
12091004.0,826683.2,4909.6
12090780.0,826728.0,5076.0
12090780.0,826728.0,5076.0
12090780.0,826728.0,5076.0
12090780.0,826728.0,5076.0
12090780.0,826728.0,5076.0
12090018.4,826723.73333,5140.0
12089352.0,826720.0,5196.0
12089352.0,826720.0,5196.0
12089352.0,826720.0,5196.0
12089352.0,826720.0,5196.0
12089352.0,826720.0,5196.0
12089352.0,826720.0,5196.0
12089352.0,826720.0,5196.0
12089352.0,826720.0,5196.0
12089352.0,826720.0,5196.0
12089352.0,826720.0,5196.0
12089352.0,826720.0,5196.0
12089510.4,826823.2,5354.4
11917171.2,826899.2,5488.8
11802208.0,826904.0,5508.0
11802208.0,826904.0,5508.0
11802208.0,826904.0,5508.0
11802208.0,826904.0,5508.0
11799298.667,826906.66667,5588.0
11797844.0,826908.0,5628.0
11797844.0,826908.0,5628.0
11797844.0,826908.0,5628.0
11797844.0,826908.0,5628.0
11797844.0,826908.0,5628.0
11797844.0,826908.0,5628.0
11797844.0,826908.0,5628.0
11797844.0,826908.0,5628.0
11797844.0,826908.0,5628.0
11797844.0,826908.0,5628.0
11796588.0,826921.33333,5798.6666667
11795960.0,826928.0,5884.0
11795960.0,826928.0,5884.0
11797464.8,826928.0,5922.4
11798468.0,826928.0,5948.0
11798468.0,826928.0,5948.0
11798468.0,826928.0,5948.0
11798468.0,826928.0,5948.0
11798468.0,826928.0,5948.0
11798468.0,826928.0,5948.0
11798468.0,826928.0,5948.0
11797500.8,826947.2,6063.2
11796856.0,826960.0,6140.0
11796856.0,826960.0,6140.0
11796856.0,826960.0,6140.0
11796856.0,826960.0,6140.0
11796856.0,826960.0,6140.0
11796856.0,826960.0,6140.0
11796856.0,826960.0,6140.0
11796856.0,826960.0,6140.0
11796856.0,826960.0,6140.0
11796856.0,826960.0,6140.0
11796856.0,826960.0,6140.0
11796342.4,826972.0,6298.4
11796000.0,826980.0,6404.0
11796000.0,826980.0,6404.0
11796000.0,826980.0,6404.0
11796000.0,826980.0,6404.0
11796000.0,826980.0,6404.0
11796000.0,826980.0,6404.0
11796000.0,826980.0,6404.0
11796000.0,826980.0,6404.0
11796000.0,826980.0,6404.0
11796000.0,826980.0,6404.0
11796000.0,826980.0,6404.0
11796246.4,827000.53333,6626.9333333
11796336.0,827008.0,6708.0
11796336.0,827008.0,6708.0
11796336.0,827008.0,6708.0
11796336.0,827008.0,6708.0
11796336.0,827008.0,6708.0
11796336.0,827008.0,6708.0
11796336.0,827008.0,6708.0
11587528.0,827021.33333,6841.3333333
11483124.0,827028.0,6908.0
11483124.0,827028.0,6908.0
11596385.867,827124.8,6943.2
11637572.0,827160.0,6956.0
11635687.2,827163.2,7000.8
11635216.0,827164.0,7012.0
11635216.0,827164.0,7012.0
11634224.0,827176.8,7056.8
11633976.0,827180.0,7068.0
11633976.0,827180.0,7068.0
11633976.0,827180.0,7068.0
11633976.0,827180.0,7068.0
11633976.0,827180.0,7068.0
11633976.0,827180.0,7068.0
11633976.0,827180.0,7068.0
11633976.0,827180.0,7068.0
11633976.0,827180.0,7068.0
11633976.0,827180.0,7068.0
11633976.0,827180.0,7068.0
11634385.6,827183.2,7276.0
11633341.067,827181.06667,7369.0666667
11632924.0,827180.0,7384.0
11632924.0,827180.0,7384.0
11634522.133,827186.93333,7432.5333333
11634768.0,827188.0,7440.0
11634768.0,827188.0,7440.0
11634768.0,827188.0,7440.0
11634768.0,827188.0,7440.0
11634768.0,827188.0,7440.0
11634768.0,827188.0,7440.0
11634768.0,827188.0,7440.0
11634768.0,827188.0,7440.0
11634768.0,827188.0,7440.0
11634768.0,827188.0,7440.0
11633798.4,827223.2,7612.8
11633556.0,827232.0,7656.0
11633556.0,827232.0,7656.0
11633556.0,827232.0,7656.0
11633556.0,827232.0,7656.0
11633556.0,827232.0,7656.0
11633556.0,827232.0,7656.0
11633556.0,827232.0,7656.0
11633556.0,827232.0,7656.0
11633556.0,827232.0,7656.0
11632132.0,827244.8,7854.4
11631776.0,827248.0,7904.0
11631776.0,827248.0,7904.0
11631776.0,827248.0,7904.0
11631776.0,827248.0,7904.0
11631776.0,827248.0,7904.0
11631776.0,827248.0,7904.0
11631776.0,827248.0,7904.0
11631776.0,827248.0,7904.0
11631776.0,827248.0,7904.0
11631776.0,827248.0,7904.0
11631776.0,827248.0,7904.0
11632204.8,827270.4,8089.6
11632312.0,827276.0,8136.0
11632312.0,827276.0,8136.0
11632312.0,827276.0,8136.0
11632312.0,827276.0,8136.0
11632312.0,827276.0,8136.0
11632312.0,827276.0,8136.0
11632312.0,827276.0,8136.0
11632312.0,827276.0,8136.0
11632312.0,827276.0,8136.0
11630505.067,827287.73333,8317.8666667
11629848.0,827292.0,8384.0
11629848.0,827292.0,8384.0
11629848.0,827292.0,8384.0
11629848.0,827292.0,8384.0
11629848.0,827292.0,8384.0
11629848.0,827292.0,8384.0
11629848.0,827292.0,8384.0
11629848.0,827292.0,8384.0
11629848.0,827292.0,8384.0
11629848.0,827292.0,8384.0
11629848.0,827292.0,8384.0
11630768.0,827300.0,8549.3333333
11631228.0,827304.0,8632.0
11631228.0,827304.0,8632.0
11631228.0,827304.0,8632.0
11628171.467,828835.2,8978.1333333
11627060.0,829392.0,9104.0
11628268.0,829392.0,9146.6666667
11628872.0,829392.0,9168.0
11628872.0,829392.0,9168.0
11628872.0,829392.0,9168.0
11628872.0,829392.0,9168.0
11628872.0,829392.0,9168.0
11628872.0,829392.0,9168.0
11628872.0,829392.0,9168.0
11628872.0,829392.0,9168.0
11628872.0,829392.0,9168.0
11628872.0,829392.0,9168.0
11628872.0,829392.0,9168.0
11628832.0,829408.0,9338.6666667
11628812.0,829416.0,9424.0
11628812.0,829416.0,9424.0
11628812.0,829416.0,9424.0
11628812.0,829416.0,9424.0
11628812.0,829416.0,9424.0
11628812.0,829416.0,9424.0
11628812.0,829416.0,9424.0
11628812.0,829416.0,9424.0
11628812.0,829416.0,9424.0
11628812.0,829416.0,9424.0
11628812.0,829416.0,9424.0
11628513.333,829420.26667,9590.4
11628252.0,829424.0,9736.0
11628252.0,829424.0,9736.0
11628252.0,829424.0,9736.0
11628252.0,829424.0,9736.0
11628252.0,829424.0,9736.0
11628252.0,829424.0,9736.0
11628252.0,829424.0,9736.0
11622468.0,829428.0,9800.0
11610900.0,829436.0,9928.0
11610900.0,829436.0,9928.0
11611469.333,829439.73333,9954.1333333
11612120.0,829444.0,9984.0
11612120.0,829444.0,9984.0
11612120.0,829444.0,9984.0
11612120.0,829444.0,9984.0
11612120.0,829444.0,9984.0
11612120.0,829444.0,9984.0
11612120.0,829444.0,9984.0
11612120.0,829444.0,9984.0
11612120.0,829444.0,9984.0
11612120.0,829444.0,9984.0
11612120.0,829444.0,9984.0
11611604.8,829460.8,10107.2
11611016.0,829480.0,10248.0
11611016.0,829480.0,10248.0
11611016.0,829480.0,10248.0
11611016.0,829480.0,10248.0
11611016.0,829480.0,10248.0
11611016.0,829480.0,10248.0
11611016.0,829480.0,10248.0
11611016.0,829480.0,10248.0
11611016.0,829480.0,10248.0
11611016.0,829480.0,10248.0
11611016.0,829480.0,10248.0
11611233.6,829492.8,10405.866667
11611424.0,829504.0,10544.0
11611424.0,829504.0,10544.0
11611424.0,829504.0,10544.0
11611424.0,829504.0,10544.0
11611424.0,829504.0,10544.0
11611424.0,829504.0,10544.0
11611424.0,829504.0,10544.0
11611424.0,829504.0,10544.0
11611424.0,829504.0,10544.0
11611424.0,829504.0,10544.0
11611424.0,829504.0,10544.0
11611001.6,829555.2,10636.8
11610368.0,829632.0,10776.0
11610368.0,829632.0,10776.0
11610368.0,829632.0,10776.0
11610368.0,829632.0,10776.0
11610368.0,829632.0,10776.0
11610368.0,829632.0,10776.0
11610368.0,829632.0,10776.0
11610368.0,829632.0,10776.0
11610368.0,829632.0,10776.0
11610368.0,829632.0,10776.0
11610368.0,829632.0,10776.0
11610486.4,829648.0,10888.0
11610664.0,829672.0,11056.0
11610664.0,829672.0,11056.0
11610664.0,829672.0,11056.0
11610664.0,829672.0,11056.0
11610664.0,829672.0,11056.0
11610664.0,829672.0,11056.0
11610664.0,829672.0,11056.0
11610664.0,829672.0,11056.0
11610664.0,829672.0,11056.0
11610664.0,829672.0,11056.0
11610664.0,829672.0,11056.0
11610955.2,829680.0,11152.0
11611392.0,829692.0,11296.0
11611392.0,829692.0,11296.0
11611392.0,829692.0,11296.0
11611392.0,829692.0,11296.0
11611392.0,829692.0,11296.0
11610792.0,829698.66667,11357.333333
11609592.0,829712.0,11480.0
11609592.0,829712.0,11480.0
11609592.0,829712.0,11480.0
11609592.0,829712.0,11480.0
11609592.0,829712.0,11480.0
11609592.0,829712.0,11480.0
11609592.0,829712.0,11480.0
11609592.0,829712.0,11480.0
11609592.0,829712.0,11480.0
11609592.0,829712.0,11480.0
11609592.0,829712.0,11480.0
11609721.6,829723.2,11579.2
11609916.0,829740.0,11728.0
11609916.0,829740.0,11728.0
11609916.0,829740.0,11728.0
11609916.0,829740.0,11728.0
11609916.0,829740.0,11728.0
11609916.0,829740.0,11728.0
11609366.667,829741.33333,11789.333333
11608268.0,829744.0,11912.0
11608268.0,829744.0,11912.0
11609152.8,829745.6,11937.6
11610480.0,829748.0,11976.0
11610480.0,829748.0,11976.0
11610480.0,829748.0,11976.0
11610480.0,829748.0,11976.0
11610480.0,829748.0,11976.0
11610480.0,829748.0,11976.0
11610480.0,829748.0,11976.0
11610480.0,829748.0,11976.0
11610480.0,829748.0,11976.0
11610480.0,829748.0,11976.0
11610480.0,829748.0,11976.0
11609740.8,829762.93333,12076.8
11608896.0,829780.0,12192.0
11608896.0,829780.0,12192.0
11608896.0,829780.0,12192.0
11608896.0,829780.0,12192.0
11608896.0,829780.0,12192.0
11608896.0,829780.0,12192.0
11608896.0,829780.0,12192.0
11608896.0,829780.0,12192.0
11608896.0,829780.0,12192.0
11608896.0,829780.0,12192.0
11608896.0,829780.0,12192.0
11602052.8,829789.33333,12337.6
11594232.0,829800.0,12504.0
11594232.0,829800.0,12504.0
11594232.0,829800.0,12504.0
11594232.0,829800.0,12504.0
11594232.0,829800.0,12504.0
11594232.0,829800.0,12504.0
11594232.0,829800.0,12504.0
11594232.0,829800.0,12504.0
11594232.0,829800.0,12504.0
11594232.0,829800.0,12504.0
11594232.0,829800.0,12504.0
11594153.6,829816.0,12603.2
11594036.0,829840.0,12752.0
11594036.0,829840.0,12752.0
11594036.0,829840.0,12752.0
11593828.0,829843.2,12800.0
11593516.0,829848.0,12872.0
11593516.0,829848.0,12872.0
11593516.0,829848.0,12872.0
11593516.0,829848.0,12872.0
11592572.0,829854.4,12920.0
11591156.0,829864.0,12992.0
11591156.0,829864.0,12992.0
11591694.667,829862.66667,13013.333333
11592772.0,829860.0,13056.0
11592772.0,829860.0,13056.0
11592772.0,829860.0,13056.0
11592772.0,829860.0,13056.0
11592772.0,829860.0,13056.0
11592772.0,829860.0,13056.0
11592772.0,829860.0,13056.0
11592772.0,829860.0,13056.0
11592772.0,829860.0,13056.0
11592772.0,829860.0,13056.0
11592772.0,829860.0,13056.0
11592943.733,829876.8,13182.933333
11593140.0,829896.0,13328.0
11593140.0,829896.0,13328.0
11593140.0,829896.0,13328.0
11593140.0,829896.0,13328.0
11593140.0,829896.0,13328.0
11593140.0,829896.0,13328.0
11593140.0,829896.0,13328.0
11593140.0,829896.0,13328.0
11593140.0,829896.0,13328.0
11593140.0,829896.0,13328.0
11593140.0,829896.0,13328.0
11592872.8,829902.4,13452.8
11592472.0,829912.0,13640.0
11592472.0,829912.0,13640.0
11592472.0,829912.0,13640.0
11592472.0,829912.0,13640.0
11592472.0,829912.0,13640.0
11592472.0,829912.0,13640.0
11592472.0,829912.0,13640.0
11592472.0,829912.0,13640.0
11592472.0,829912.0,13640.0
11592472.0,829912.0,13640.0
11592472.0,829912.0,13640.0
11592309.867,829926.93333,13768.0
11592168.0,829940.0,13880.0
11592168.0,829940.0,13880.0
11592168.0,829940.0,13880.0
11592168.0,829940.0,13880.0
11592168.0,829940.0,13880.0
11592168.0,829940.0,13880.0
11592168.0,829940.0,13880.0
11592168.0,829940.0,13880.0
11592168.0,829940.0,13880.0
11592168.0,829940.0,13880.0
11592168.0,829940.0,13880.0
11591785.333,829951.2,14010.666667
11591348.0,829964.0,14160.0
11591348.0,829964.0,14160.0
11591348.0,829964.0,14160.0
11591348.0,829964.0,14160.0
11591348.0,829964.0,14160.0
11591348.0,829964.0,14160.0
11591348.0,829964.0,14160.0
11590778.4,829972.0,14230.4
11589924.0,829984.0,14336.0
11590556.0,829990.4,14358.4
11591504.0,830000.0,14392.0
11591504.0,830000.0,14392.0
11591504.0,830000.0,14392.0
11591504.0,830000.0,14392.0
11591504.0,830000.0,14392.0
11591504.0,830000.0,14392.0
11591504.0,830000.0,14392.0
11591504.0,830000.0,14392.0
11591504.0,830000.0,14392.0
11591504.0,830000.0,14392.0
11591504.0,830000.0,14392.0
11591616.0,830005.33333,14477.333333
11591840.0,830016.0,14648.0
11591326.933,830016.0,14662.933333
11589916.0,830016.0,14704.0
11589916.0,830016.0,14704.0
11589916.0,830016.0,14704.0
11589916.0,830016.0,14704.0
11589916.0,830016.0,14704.0
11589916.0,830016.0,14704.0
11589916.0,830016.0,14704.0
11589916.0,830016.0,14704.0
11589916.0,830016.0,14704.0
11589916.0,830016.0,14704.0
11589916.0,830016.0,14704.0
11590209.333,830021.33333,14768.0
11591016.0,830036.0,14944.0
11591016.0,830036.0,14944.0
11591016.0,830036.0,14944.0
11591016.0,830036.0,14944.0
11591016.0,830036.0,14944.0
11591016.0,830036.0,14944.0
11591016.0,830036.0,14944.0
11591016.0,830036.0,14944.0
11591016.0,830036.0,14944.0
11591016.0,830036.0,14944.0
11591016.0,830036.0,14944.0
11590980.8,830047.2,15068.8
11590928.0,830064.0,15256.0
11590928.0,830064.0,15256.0
11590928.0,830064.0,15256.0
11590928.0,830064.0,15256.0
11590928.0,830064.0,15256.0
11590928.0,830064.0,15256.0
11590928.0,830064.0,15256.0
11590928.0,830064.0,15256.0
11590928.0,830064.0,15256.0
11590928.0,830064.0,15256.0
11590928.0,830064.0,15256.0
11590691.2,830121.6,15345.6
11590336.0,830208.0,15480.0
11590336.0,830208.0,15480.0
11590336.0,830208.0,15480.0
11590003.2,830206.4,15531.2
11589504.0,830204.0,15608.0
11589504.0,830204.0,15608.0
11589504.0,830204.0,15608.0
11589504.0,830204.0,15608.0
11589924.8,830205.6,15652.8
11590556.0,830208.0,15720.0
11590556.0,830208.0,15720.0
11590556.0,830208.0,15720.0
11590556.0,830208.0,15720.0
11590556.0,830208.0,15720.0
11590556.0,830208.0,15720.0
11590556.0,830208.0,15720.0
11590275.467,830214.4,15758.4
11589504.0,830232.0,15864.0
11589504.0,830232.0,15864.0
11589504.0,830232.0,15864.0
11589504.0,830232.0,15864.0
11589504.0,830232.0,15864.0
11589504.0,830232.0,15864.0
11589504.0,830232.0,15864.0
11589504.0,830232.0,15864.0
11589504.0,830232.0,15864.0
11589504.0,830232.0,15864.0
11589504.0,830232.0,15864.0
11589491.2,830236.26667,15899.2
11589408.0,830264.0,16128.0
11589408.0,830264.0,16128.0
11589408.0,830264.0,16128.0
11589408.0,830264.0,16128.0
11589408.0,830264.0,16128.0
11589408.0,830264.0,16128.0
11589408.0,830264.0,16128.0
11589408.0,830264.0,16128.0
11589408.0,830264.0,16128.0
11589408.0,830264.0,16128.0
11589408.0,830264.0,16128.0
11589416.8,830269.6,16181.6
11589452.0,830292.0,16396.0
11589452.0,830292.0,16396.0
11589452.0,830292.0,16396.0
11589452.0,830292.0,16396.0
11589452.0,830292.0,16396.0
11589452.0,830292.0,16396.0
11589452.0,830292.0,16396.0
11589452.0,830292.0,16396.0
11589452.0,830292.0,16396.0
11589452.0,830292.0,16396.0
11589169.6,830296.8,16442.4
11588040.0,830316.0,16628.0
11588345.6,830318.4,16640.8
11589568.0,830328.0,16692.0
11589568.0,830328.0,16692.0
11589568.0,830328.0,16692.0
11589568.0,830328.0,16692.0
11589568.0,830328.0,16692.0
11589568.0,830328.0,16692.0
11589568.0,830328.0,16692.0
11589568.0,830328.0,16692.0
11589568.0,830328.0,16692.0
11589568.0,830328.0,16692.0
11589226.4,830333.6,16732.0
11587860.0,830356.0,16892.0
11587860.0,830356.0,16892.0
11587860.0,830356.0,16892.0
11587860.0,830356.0,16892.0
11587860.0,830356.0,16892.0
11587860.0,830356.0,16892.0
11587860.0,830356.0,16892.0
11587860.0,830356.0,16892.0
11587860.0,830356.0,16892.0
11587860.0,830356.0,16892.0
11587860.0,830356.0,16892.0
11588092.0,830360.0,16940.0
11589020.0,830376.0,17132.0
11589020.0,830376.0,17132.0
11589020.0,830376.0,17132.0
11589020.0,830376.0,17132.0
11589020.0,830376.0,17132.0
11589020.0,830376.0,17132.0
11589020.0,830376.0,17132.0
11589020.0,830376.0,17132.0
11589020.0,830376.0,17132.0
11589020.0,830376.0,17132.0
11589020.0,830376.0,17132.0
11589007.2,830382.4,17191.2
11588956.0,830408.0,17428.0
11588956.0,830408.0,17428.0
11588956.0,830408.0,17428.0
11588956.0,830408.0,17428.0
11588956.0,830408.0,17428.0
11588956.0,830408.0,17428.0
11588956.0,830408.0,17428.0
11588956.0,830408.0,17428.0
11588956.0,830408.0,17428.0
11588956.0,830408.0,17428.0
