vda,42.20,0.17,0.00,0,0
vda,91.40,0.53,0.01,2,0
vda,10.00,0.10,0.01,0,0
vda,2.60,0.00,0.01,0,0
vda,8.40,0.00,0.04,0,0
vda,1.80,0.00,0.01,0,0
vda,234.40,7.85,0.14,39,0
vda,28.40,0.02,0.09,0,0
vda,1.20,0.00,0.00,0,0
vda,2.20,0.00,0.01,0,0
vda,0.00,0.00,0.00,0,0
vda,3.40,0.00,0.01,0,0
vda,10.20,0.00,1.32,0,6
vda,2.80,0.00,0.01,0,0
vda,11.60,0.00,0.05,0,0
vda,23.20,0.00,0.09,0,0
vda,1.60,0.00,0.01,0,0
vda,7.00,0.00,0.03,0,0
vda,1.40,0.00,0.01,0,0
vda,3.20,0.00,0.02,0,0
vda,1.80,0.00,0.01,0,0
vda,2.40,0.00,0.01,0,0
vda,20.00,0.00,0.08,0,0
vda,3.80,0.00,0.01,0,0
vda,21.40,0.00,0.09,0,0
vda,14.20,0.00,0.06,0,0
vda,1.20,0.00,0.00,0,0
vda,10.00,0.00,0.05,0,0
vda,2.00,0.00,0.01,0,0
vda,2.20,0.00,0.01,0,0
vda,24.80,0.05,0.05,0,0
