7985712.0,47040.0,3364.0
7521673.6,121352.0,3581.6
6825616.0,232820.0,3908.0
6825616.0,232820.0,3908.0
6825616.0,232820.0,3908.0
6825616.0,232820.0,3908.0
6801317.3333,232876.0,3940.0
6752720.0,232988.0,4004.0
6752720.0,232988.0,4004.0
6752212.8,232992.8,4026.4
6751452.0,233000.0,4060.0
6751452.0,233000.0,4060.0
6751452.0,233000.0,4060.0
6751452.0,233000.0,4060.0
6751452.0,233000.0,4060.0
6751452.0,233000.0,4060.0
6751452.0,233000.0,4060.0
6748088.0,233004.0,4118.6666667
6741360.0,233012.0,4236.0
6740764.8,233013.6,4258.4
6739872.0,233016.0,4292.0
6739872.0,233016.0,4292.0
6739872.0,233016.0,4292.0
6739872.0,233016.0,4292.0
6739872.0,233016.0,4292.0
6739872.0,233016.0,4292.0
6739872.0,233016.0,4292.0
6739872.0,233016.0,4292.0
6734587.2,233019.2,4365.6
6726660.0,233024.0,4476.0
6726228.0,233028.8,4498.4
6725580.0,233036.0,4532.0
6725580.0,233036.0,4532.0
6725580.0,233036.0,4532.0
6725580.0,233036.0,4532.0
6725580.0,233036.0,4532.0
6723162.6667,233422.4,4651.4666667
6720400.0,233864.0,4788.0
6720400.0,233864.0,4788.0
6720400.0,233864.0,4788.0
6720400.0,233864.0,4788.0
6720400.0,233864.0,4788.0
6720400.0,233864.0,4788.0
6720400.0,233864.0,4788.0
6720480.2667,233854.66667,4873.8666667
6720572.0,233844.0,4972.0
7298812.0,230349.6,5006.1333333
7804772.0,227292.0,5036.0
