16221096.0,42612.0,1640.0
15923550.4,95776.8,2084.8
14733368.0,308436.0,3864.0
14733368.0,308436.0,3864.0
14423102.4,367105.86667,3877.8666667
13569872.0,528448.0,3916.0
13569872.0,528448.0,3916.0
13391937.6,574588.8,3925.0666667
12235364.0,874504.0,3984.0
12175469.067,891033.33333,3986.6666667
11336940.0,1122444.0,4024.0
11336940.0,1122444.0,4024.0
11330362.4,1124696.8,4029.8666667
11287608.0,1139340.0,4068.0
11287608.0,1139340.0,4068.0
11286279.467,1140441.8667,4071.4666667
11249136.8,1173717.8667,4341.8666667
11249136.8,1173717.8667,4341.8666667
11249136.8,1173717.8667,4341.8666667
11249136.8,1173717.8667,4341.8666667
11249136.8,1173717.8667,4341.8666667
11249136.8,1173717.8667,4341.8666667
11249136.8,1173717.8667,4341.8666667
11242367.733,1180307.4667,4396.5333333
11237892.0,1184700.0,4420.0
11237892.0,1184700.0,4420.0
11232343.2,1190090.9333,4452.0
11227488.0,1194808.0,4480.0
11193027.911,1200239.4667,4510.4
11193027.911,1200239.4667,4510.4
11193027.911,1200239.4667,4510.4
11150564.8,1201242.4,4523.2
11066034.347,1201244.0,4531.5733333
11066034.347,1201244.0,4531.5733333
11066034.347,1201244.0,4531.5733333
11066034.347,1201244.0,4531.5733333
11066034.347,1201244.0,4531.5733333
11012213.333,1201241.3333,4534.6666667
10988912.0,1201240.0,4536.0
10958210.667,1201245.3333,4557.3333333
10876584.444,1201294.2222,4585.7777778
10876584.444,1201294.2222,4585.7777778
10876584.444,1201294.2222,4585.7777778
10868300.0,1201300.0,4588.0
10868300.0,1201300.0,4588.0
10853146.4,1201909.6,4652.8
10843044.0,1202316.0,4696.0
10832198.133,1202320.2667,4721.6
10822708.0,1202324.0,4744.0
10822708.0,1202324.0,4744.0
10797494.133,1202325.0667,4746.1333333
10728156.0,1202328.0,4752.0
10604250.667,1202330.5333,4762.1333333
10604250.667,1202330.5333,4762.1333333
10532516.0,1202332.0,4768.0
10532516.0,1202332.0,4768.0
10197844.0,1202332.0,4789.3333333
10030508.0,1202332.0,4800.0
10028409.333,1202337.3333,4842.6666667
10027360.0,1202340.0,4864.0
10027360.0,1202340.0,4864.0
10025266.667,1203358.6667,5005.3333333
10024220.0,1203868.0,5076.0
10024220.0,1203868.0,5076.0
10024220.0,1203868.0,5076.0
10024220.0,1203868.0,5076.0
10024220.0,1203868.0,5076.0
10024220.0,1203868.0,5076.0
10024220.0,1203868.0,5076.0
10022425.333,1203924.0,5193.3333333
10021528.0,1203952.0,5252.0
10021528.0,1203952.0,5252.0
10020528.0,1203949.3333,5294.6666667
10020028.0,1203948.0,5316.0
9985863.4667,1203950.9333,5362.9333333
9973440.0,1203952.0,5380.0
9973440.0,1203952.0,5380.0
9973440.0,1203952.0,5380.0
9973440.0,1203952.0,5380.0
9973440.0,1203952.0,5380.0
9971768.0,1204008.0,5457.3333333
9970932.0,1204036.0,5496.0
9846045.3333,1204036.0,5548.8
9800632.0,1204036.0,5568.0
9800632.0,1204036.0,5568.0
9800632.0,1204036.0,5568.0
9800632.0,1204036.0,5568.0
9800632.0,1204036.0,5568.0
9798520.0,1204126.9333,5656.0
9797752.0,1204160.0,5688.0
9797752.0,1204160.0,5688.0
9797752.0,1204160.0,5688.0
9797752.0,1204160.0,5688.0
