16176244.0,85223.2,3752.5333333
16201700.0,59444.0,2576.0
15636972.0,122641.33333,3416.0
15354608.0,154240.0,3836.0
15354608.0,154240.0,3836.0
15353211.2,154240.0,3869.6
15352280.0,154240.0,3892.0
15352280.0,154240.0,3892.0
15351369.067,154666.66667,3996.5333333
15350572.0,155040.0,4088.0
15349216.0,155044.8,4121.6
15348312.0,155048.0,4144.0
15348312.0,155048.0,4144.0
15348312.0,155048.0,4144.0
15348312.0,155048.0,4144.0
15340809.067,159033.06667,4867.2
15334244.0,162520.0,5500.0
15334244.0,162520.0,5500.0
15334930.933,162522.13333,5529.8666667
15335532.0,162524.0,5556.0
15335532.0,162524.0,5556.0
15335532.0,162524.0,5556.0
15335532.0,162524.0,5556.0
15331479.467,162525.86667,5608.2666667
15326848.0,162528.0,5668.0
15326848.0,162528.0,5668.0
15326848.0,162528.0,5668.0
15326848.0,162528.0,5668.0
15326848.0,162528.0,5668.0
15326848.0,162528.0,5668.0
15326848.0,162528.0,5668.0
15326848.0,162528.0,5668.0
15326848.0,162528.0,5668.0
15326848.0,162528.0,5668.0
15325969.333,162552.0,5809.3333333
15324212.0,162600.0,6092.0
15324212.0,162600.0,6092.0
15324212.0,162600.0,6092.0
15324212.0,162600.0,6092.0
15324212.0,162600.0,6092.0
15324212.0,162600.0,6092.0
15324212.0,162600.0,6092.0
15303422.933,162596.26667,6177.8666667
15279664.0,162592.0,6276.0
15279664.0,162592.0,6276.0
15279664.0,162592.0,6276.0
15279664.0,162592.0,6276.0
15279664.0,162592.0,6276.0
15279664.0,162592.0,6276.0
15279664.0,162592.0,6276.0
15201782.4,162609.06667,6386.9333333
15133636.0,162624.0,6484.0
15133636.0,162624.0,6484.0
15133636.0,162624.0,6484.0
15133636.0,162624.0,6484.0
15133636.0,162624.0,6484.0
15133636.0,162624.0,6484.0
15133636.0,162624.0,6484.0
15134145.867,162632.53333,6575.7333333
15134592.0,162640.0,6656.0
15134592.0,162640.0,6656.0
15133459.2,162642.4,6684.8
15132704.0,162644.0,6704.0
15132704.0,162644.0,6704.0
15132704.0,162644.0,6704.0
15132704.0,162644.0,6704.0
15133191.2,162653.6,6780.8
15133516.0,162660.0,6832.0
15133516.0,162660.0,6832.0
15133516.0,162660.0,6832.0
15133516.0,162660.0,6832.0
