vda,41.60,0.16,0.40,0,2
vda,23.00,0.00,0.48,0,2
vda,44.20,0.07,0.10,0,0
vda,18.00,0.06,0.40,0,1
vda,28.20,0.00,0.50,0,2
vda,3.80,0.00,0.40,0,2
vda,131.00,3.09,0.12,15,0
vda,79.60,2.37,0.40,11,2
vda,97.80,0.84,1.75,4,8
vda,28.40,2.02,0.40,10,1
vda,54.60,1.34,0.01,6,0
vda,130.40,1.15,0.57,5,2
vda,10.40,0.00,0.43,0,2
vda,42.80,0.05,0.56,0,2
vda,17.20,0.00,0.46,0,2
vda,41.20,0.37,0.15,1,0
vda,15.80,0.00,0.45,0,2
vda,2.00,0.00,0.40,0,1
vda,41.80,0.00,0.56,0,2
vda,9.40,0.00,0.04,0,0
vda,2.00,0.00,0.40,0,1
vda,36.60,0.00,0.54,0,2
vda,7.40,0.00,0.42,0,2
vda,1.00,0.00,0.00,0,0
vda,54.00,0.11,0.56,0,2
vda,13.60,0.00,0.45,0,2
vda,8.60,0.02,0.40,0,2
vda,34.80,0.03,0.51,0,2
vda,9.80,0.00,0.04,0,0
vda,48.00,0.37,0.55,1,2
vda,34.20,0.00,0.53,0,2
vda,17.20,0.00,0.46,0,2
vda,2.40,0.00,0.01,0,0
vda,29.00,0.00,0.50,0,2
vda,14.00,0.00,0.44,0,2
vda,0.80,0.00,0.39,0,1
vda,40.60,0.00,0.17,0,0
vda,5.80,0.00,0.41,0,2
vda,23.60,0.00,0.49,0,2
vda,29.60,0.00,0.50,0,2
vda,26.40,0.00,0.11,0,0
vda,28.20,0.00,0.50,0,2
vda,3.00,0.00,0.40,0,1
