vda,25.60,0.11,0.00,0,0
vda,10.00,0.03,0.01,0,0
vda,33.00,0.11,0.02,0,0
vda,1.80,0.00,0.01,0,0
vda,2.00,0.00,0.01,0,0
vda,1.80,0.00,0.01,0,0
vda,111.20,3.01,0.07,15,0
vda,123.20,1.47,0.02,7,0
vda,83.00,2.00,0.13,10,0
vda,100.00,11.70,0.03,58,0
vda,26.40,2.86,0.01,14,0
vda,0.20,0.00,0.00,0,0
vda,5.60,0.00,0.03,0,0
vda,25.80,0.00,0.11,0,0
vda,4.60,0.00,1.29,0,6
vda,2.20,0.00,0.01,0,0
vda,35.80,0.00,0.14,0,0
vda,2.40,0.00,0.01,0,0
vda,1.40,0.00,0.01,0,0
vda,2.40,0.00,0.01,0,0
vda,14.00,0.00,0.06,0,0
vda,7.20,0.00,0.03,0,0
vda,0.80,0.00,0.00,0,0
vda,2.40,0.00,0.01,0,0
vda,1.40,0.00,0.01,0,0
vda,25.00,0.00,0.10,0,0
vda,3.00,0.00,0.01,0,0
vda,1.60,0.00,0.01,0,0
vda,18.20,0.00,0.07,0,0
vda,1.00,0.00,0.00,0,0
vda,2.20,0.00,0.01,0,0
vda,7.40,0.00,0.03,0,0
vda,33.80,0.00,0.13,0,0
vda,2.00,0.00,0.01,0,0
vda,134.00,1.28,0.01,6,0
vda,32.00,0.25,0.04,1,0
vda,23.40,0.41,0.05,2,0
vda,2.00,0.00,0.01,0,0
vda,17.96,0.00,0.07,0,0
vda,29.00,0.00,0.13,0,0
vda,40.20,0.00,0.16,0,0
vda,1.20,0.00,0.00,0,0
vda,31.00,0.00,0.13,0,0
vda,1.20,0.00,0.00,0,0
vda,1.20,0.00,0.00,0,0
vda,37.00,0.00,0.15,0,0
vda,3.80,0.01,0.03,0,0
vda,32.00,0.00,0.14,0,0
vda,54.00,0.05,0.18,0,0
vda,1.20,0.00,0.00,0,0
vda,78.20,0.28,0.06,1,0
vda,260.20,0.92,0.12,4,0
vda,10.20,0.00,0.04,0,0
vda,0.80,0.00,0.00,0,0
vda,34.40,0.00,0.14,0,0
vda,6.00,0.00,0.02,0,0
vda,0.80,0.00,0.00,0,0
vda,31.20,0.00,0.13,0,0
vda,18.60,0.00,0.08,0,0
vda,0.20,0.00,0.00,0,0
vda,43.80,0.00,0.18,0,0
vda,14.80,0.00,0.06,0,0
vda,26.40,0.00,0.10,0,0
vda,11.80,0.00,0.05,0,0
vda,1.00,0.00,0.00,0,0
vda,35.40,0.00,0.14,0,0
vda,3.80,0.00,0.01,0,0
vda,8.20,0.00,0.04,0,0
vda,19.40,0.00,0.08,0,0
vda,16.00,0.00,0.06,0,0
vda,4.40,0.00,0.02,0,0
vda,26.60,0.00,0.10,0,0
vda,29.00,0.00,0.11,0,0
vda,1.00,0.00,0.00,0,0
vda,11.60,0.00,0.04,0,0
vda,26.20,0.00,0.10,0,0
vda,2.00,0.00,0.01,0,0
vda,1.40,0.00,0.01,0,0
vda,37.00,0.00,0.15,0,0
vda,8.00,0.00,0.03,0,0
vda,0.00,0.00,0.00,0,0
vda,37.60,0.00,0.15,0,0
vda,1.20,0.00,0.00,0,0
vda,0.80,0.00,0.00,0,0
vda,48.80,0.00,0.19,0,0
vda,6.60,0.00,0.03,0,0
vda,0.60,0.00,0.00,0,0
vda,39.20,0.00,0.16,0,0
vda,8.20,0.00,0.04,0,0
vda,1.00,0.00,0.00,0,0
vda,27.80,0.00,0.11,0,0
vda,10.20,0.00,0.04,0,0
vda,0.60,0.00,0.00,0,0
vda,37.20,0.00,0.15,0,0
vda,2.40,0.00,0.03,0,0
vda,34.60,0.00,0.14,0,0
vda,27.40,0.00,0.11,0,0
vda,1.40,0.00,0.01,0,0
vda,6.40,0.00,0.03,0,0
vda,28.20,0.00,0.11,0,0
vda,10.80,0.00,0.04,0,0
vda,0.20,0.00,0.00,0,0
vda,27.80,0.00,0.11,0,0
vda,10.00,0.00,0.04,0,0
vda,1.00,0.00,0.00,0,0
vda,37.40,0.00,0.15,0,0
vda,3.20,0.00,0.01,0,0
vda,1.20,0.00,0.00,0,0
vda,44.40,0.00,0.18,0,0
vda,17.00,0.00,0.07,0,0
vda,1.00,0.00,0.00,0,0
vda,28.20,0.00,0.11,0,0
vda,8.80,0.00,0.03,0,0
vda,1.00,0.00,0.00,0,0
vda,36.20,0.00,0.14,0,0
vda,3.60,0.00,0.01,0,0
vda,1.60,0.00,0.01,0,0
vda,41.20,0.00,0.17,0,0
vda,2.80,0.00,0.01,0,0
vda,1.20,0.00,0.00,0,0
vda,35.00,0.00,0.14,0,0
vda,19.80,0.00,0.08,0,0
vda,1.00,0.00,0.00,0,0
vda,36.00,0.00,0.14,0,0
vda,3.20,0.00,0.01,0,0
vda,1.60,0.00,0.01,0,0
vda,41.20,0.00,0.17,0,0
vda,2.40,0.00,0.01,0,0
vda,1.00,0.00,0.00,0,0
vda,34.00,0.00,0.13,0,0
vda,4.00,0.00,0.02,0,0
vda,1.20,0.00,0.00,0,0
vda,36.20,0.00,0.14,0,0
vda,18.20,0.00,0.07,0,0
vda,1.00,0.00,0.00,0,0
vda,35.40,0.00,0.15,0,0
vda,12.20,0.00,0.05,0,0
vda,0.40,0.00,0.00,0,0
vda,37.60,0.00,0.15,0,0
vda,0.80,0.00,0.00,0,0
vda,1.00,0.00,0.00,0,0
vda,3.40,0.00,0.02,0,0
vda,25.40,0.00,0.10,0,0
vda,10.20,0.00,0.04,0,0
vda,37.40,0.00,0.15,0,0
vda,21.20,0.00,0.08,0,0
vda,14.40,0.00,0.07,0,0
vda,28.40,0.00,0.11,0,0
vda,10.40,0.00,0.04,0,0
vda,1.00,0.00,0.00,0,0
vda,27.94,0.00,0.11,0,0
vda,8.80,0.00,0.03,0,0
vda,1.00,0.00,0.00,0,0
vda,37.00,0.00,0.15,0,0
vda,2.00,0.00,0.02,0,0
vda,4.20,0.00,0.01,0,0
vda,29.40,0.00,0.12,0,0
vda,26.80,0.00,0.12,0,0
vda,32.40,0.00,0.13,0,0
vda,2.00,0.00,0.01,0,0
vda,36.40,0.00,0.15,0,0
vda,3.80,0.00,0.01,0,0
vda,30.00,0.00,0.12,0,0
vda,10.60,0.00,0.04,0,0
vda,1.00,0.00,0.00,0,0
vda,39.00,0.00,0.16,0,0
vda,0.00,0.00,0.00,0,0
vda,52.20,0.38,0.14,1,0
vda,2.40,0.00,0.01,0,0
