3859568.0,52496.0,1412.0
3116320.0,205752.0,4508.0
3116320.0,205752.0,4508.0
1503654.4,565615.46667,4575.2
1388464.0,591320.0,4580.0
1388464.0,591320.0,4580.0
1284952.0,591332.0,4648.0
1284952.0,591332.0,4648.0
1284952.0,591332.0,4648.0
1284952.0,591332.0,4648.0
1284952.0,591332.0,4648.0
1284952.0,591332.0,4648.0
1284952.0,591332.0,4648.0
1284952.0,591332.0,4648.0
964160.0,591364.0,4832.0
964160.0,591364.0,4832.0
964160.0,591364.0,4832.0
1202764.8,591364.0,4891.7333333
1219808.0,591364.0,4896.0
1217616.5333,591364.0,4955.7333333
1217460.0,591364.0,4960.0
1217460.0,591364.0,4960.0
1217460.0,591364.0,4960.0
1217460.0,591364.0,4960.0
1217460.0,591364.0,4960.0
1217460.0,591364.0,4960.0
1217460.0,591364.0,4960.0
1215436.5333,591453.6,5131.7333333
1215292.0,591460.0,5144.0
1215292.0,591460.0,5144.0
1215292.0,591460.0,5144.0
1215292.0,591460.0,5144.0
1215292.0,591460.0,5144.0
1215292.0,591460.0,5144.0
1215292.0,591460.0,5144.0
1221284.0,591519.73333,5330.6666667
1221712.0,591524.0,5344.0
1221712.0,591524.0,5344.0
1221712.0,591524.0,5344.0
1221712.0,591524.0,5344.0
1221712.0,591524.0,5344.0
1221712.0,591524.0,5344.0
1221712.0,591524.0,5344.0
1221712.0,591524.0,5344.0
1292512.0,594432.0,5876.0
1292512.0,594432.0,5876.0
1292512.0,594432.0,5876.0
1292512.0,594432.0,5876.0
1292512.0,594432.0,5876.0
1292512.0,594432.0,5876.0
1292512.0,594432.0,5876.0
1292512.0,594432.0,5876.0
1292512.0,594432.0,5876.0
1296806.6667,594434.66667,5893.0666667
1356932.0,594472.0,6132.0
1356932.0,594472.0,6132.0
1356932.0,594472.0,6132.0
1356932.0,594472.0,6132.0
1356932.0,594472.0,6132.0
1356932.0,594472.0,6132.0
1356932.0,594472.0,6132.0
1391876.0,594476.26667,6230.1333333
1391876.0,594476.26667,6230.1333333
1422452.0,594480.0,6316.0
1422452.0,594480.0,6316.0
1422452.0,594480.0,6316.0
1422452.0,594480.0,6316.0
1422452.0,594480.0,6316.0
1422452.0,594480.0,6316.0
1422452.0,594480.0,6316.0
1454103.2,594547.2,6480.2666667
1456364.0,594552.0,6492.0
1456364.0,594552.0,6492.0
1511195.4667,594563.2,6544.2666667
1515112.0,594564.0,6548.0
1515112.0,594564.0,6548.0
1515112.0,594564.0,6548.0
1515112.0,594564.0,6548.0
1515112.0,594564.0,6548.0
1515112.0,594564.0,6548.0
1515112.0,594564.0,6548.0
1565900.2667,594575.2,6727.2
1569528.0,594576.0,6740.0
1569528.0,594576.0,6740.0
1569528.0,594576.0,6740.0
1569528.0,594576.0,6740.0
1569528.0,594576.0,6740.0
1569528.0,594576.0,6740.0
1569528.0,594576.0,6740.0
1569528.0,594576.0,6740.0
1569528.0,594576.0,6740.0
1569528.0,594576.0,6740.0
1618976.0,594728.0,6988.0
1618976.0,594728.0,6988.0
1617579.7333,594731.73333,7032.8
1617480.0,594732.0,7036.0
1617480.0,594732.0,7036.0
1618816.5333,594746.93333,7088.2666667
1618912.0,594748.0,7092.0
2977798.4,589567.2,7143.2
3317520.0,588272.0,7156.0
