7951568.0,75340.0,1372.0
7388473.6,177877.6,3237.6
7183712.0,215164.0,3916.0
7046992.2667,232244.8,3968.8
6997276.0,238456.0,3988.0
6997276.0,238456.0,3988.0
6996255.2,238513.6,4052.0
6996000.0,238528.0,4068.0
6996000.0,238528.0,4068.0
6939139.2,238531.2,4119.2
6924924.0,238532.0,4132.0
6924924.0,238532.0,4132.0
6924924.0,238532.0,4132.0
6924924.0,238532.0,4132.0
6924165.6,239168.8,4352.8
6923976.0,239328.0,4408.0
6923976.0,239328.0,4408.0
6784600.0,239395.2,4459.2
6749756.0,239412.0,4472.0
6749756.0,239412.0,4472.0
6749756.0,239412.0,4472.0
6749756.0,239412.0,4472.0
6749756.0,239412.0,4472.0
6749756.0,239412.0,4472.0
6749756.0,239412.0,4472.0
6749756.0,239412.0,4472.0
6749756.0,239412.0,4472.0
6749756.0,239412.0,4472.0
6749756.0,239412.0,4472.0
6749462.6667,239426.66667,4665.6
6749356.0,239432.0,4736.0
6749356.0,239432.0,4736.0
6749356.0,239432.0,4736.0
6749356.0,239432.0,4736.0
6749356.0,239432.0,4736.0
6748508.8,239480.0,4846.4
6747944.0,239512.0,4920.0
6747944.0,239512.0,4920.0
6748688.0,239512.0,4957.3333333
6749060.0,239512.0,4976.0
6749060.0,239512.0,4976.0
6744990.6667,239512.0,5018.6666667
6742956.0,239512.0,5040.0
6742956.0,239512.0,5040.0
6742956.0,239512.0,5040.0
6742956.0,239512.0,5040.0
6742956.0,239512.0,5040.0
6742956.0,239512.0,5040.0
6742956.0,239512.0,5040.0
6742956.0,239512.0,5040.0
6742956.0,239512.0,5040.0
6742956.0,239512.0,5040.0
6742956.0,239512.0,5040.0
6742284.0,239524.0,5198.4
6718316.0,239539.2,5337.6
6702636.0,239544.0,5360.0
6702636.0,239544.0,5360.0
6702636.0,239544.0,5360.0
6702636.0,239544.0,5360.0
6702636.0,239544.0,5360.0
6702636.0,239544.0,5360.0
6702636.0,239544.0,5360.0
6702636.0,239544.0,5360.0
6702636.0,239544.0,5360.0
6702636.0,239544.0,5360.0
6702619.2,239616.0,5516.0
6702608.0,239664.0,5620.0
7353852.8,235720.8,5653.6
