7988368.0,45784.0,1804.0
7390166.4,145645.33333,2798.1333333
6866740.0,233024.0,3668.0
6866740.0,233024.0,3668.0
6866740.0,233024.0,3668.0
6866740.0,233024.0,3668.0
6866740.0,233024.0,3668.0
6866740.0,233024.0,3668.0
6866740.0,233024.0,3668.0
6866740.0,233024.0,3668.0
6866740.0,233024.0,3668.0
6866740.0,233024.0,3668.0
6720798.4,233096.8,3787.4666667
6554008.0,233180.0,3924.0
6553097.0667,233183.73333,3953.8666667
6552056.0,233188.0,3988.0
6552056.0,233188.0,3988.0
6552056.0,233188.0,3988.0
6552056.0,233188.0,3988.0
6552056.0,233188.0,3988.0
6552056.0,233188.0,3988.0
6552056.0,233188.0,3988.0
6552056.0,233188.0,3988.0
6552056.0,233188.0,3988.0
6552056.0,233188.0,3988.0
6552056.0,233188.0,3988.0
6551827.7333,233397.06667,4089.3333333
6551200.0,233972.0,4368.0
6551200.0,233972.0,4368.0
6551200.0,233972.0,4368.0
6551200.0,233972.0,4368.0
6551200.0,233972.0,4368.0
6551200.0,233972.0,4368.0
6551200.0,233972.0,4368.0
6551200.0,233972.0,4368.0
6551200.0,233972.0,4368.0
6544453.3333,234001.33333,4453.3333333
6530960.0,234060.0,4624.0
6530960.0,234060.0,4624.0
6530960.0,234060.0,4624.0
6530960.0,234060.0,4624.0
6530960.0,234060.0,4624.0
6530960.0,234060.0,4624.0
6530960.0,234060.0,4624.0
6530960.0,234060.0,4624.0
6530960.0,234060.0,4624.0
6530577.6,234061.33333,4638.9333333
6525224.0,234080.0,4848.0
6525224.0,234080.0,4848.0
6525224.0,234080.0,4848.0
6525224.0,234080.0,4848.0
6525224.0,234080.0,4848.0
6525224.0,234080.0,4848.0
6525224.0,234080.0,4848.0
6525224.0,234080.0,4848.0
6513104.0,234092.0,5008.0
6513104.0,234092.0,5008.0
6513017.0667,234092.0,5013.8666667
6511800.0,234092.0,5096.0
6511800.0,234092.0,5096.0
6511800.0,234092.0,5096.0
6511800.0,234092.0,5096.0
6511800.0,234092.0,5096.0
6511800.0,234092.0,5096.0
6511800.0,234092.0,5096.0
6511800.0,234092.0,5096.0
7801344.0,229712.0,5640.0
