16222796.0,41676.0,1932.0
16222796.0,41676.0,1932.0
15599635.467,147377.86667,3772.5333333
15555124.0,154928.0,3904.0
14908932.0,228480.0,3960.0
14908932.0,228480.0,3960.0
14908932.0,228480.0,3960.0
14908932.0,228480.0,3960.0
14908932.0,228480.0,3960.0
14908932.0,228480.0,3960.0
14908932.0,228480.0,3960.0
14908932.0,228480.0,3960.0
14908932.0,228480.0,3960.0
14908932.0,228480.0,3960.0
14908932.0,228480.0,3960.0
14906948.0,228508.0,4216.0
14906948.0,228508.0,4216.0
14906948.0,228508.0,4216.0
14904124.0,228532.0,4280.0
14904045.333,228583.73333,4293.3333333
14902944.0,229308.0,4480.0
14902944.0,229308.0,4480.0
14902944.0,229308.0,4480.0
14902944.0,229308.0,4480.0
14902944.0,229308.0,4480.0
14902944.0,229308.0,4480.0
14902944.0,229308.0,4480.0
14902944.0,229308.0,4480.0
14902944.0,229308.0,4480.0
14902944.0,229308.0,4480.0
14890318.4,229310.66667,4496.5333333
14713560.0,229348.0,4728.0
14713560.0,229348.0,4728.0
14713560.0,229348.0,4728.0
14713560.0,229348.0,4728.0
14713560.0,229348.0,4728.0
14713560.0,229348.0,4728.0
14713560.0,229348.0,4728.0
14713560.0,229348.0,4728.0
14713560.0,229348.0,4728.0
14713560.0,229348.0,4728.0
14713560.0,229348.0,4728.0
14713197.333,229360.8,4856.0
14713197.333,229360.8,4856.0
14712880.0,229372.0,4968.0
14712880.0,229372.0,4968.0
14712880.0,229372.0,4968.0
14712880.0,229372.0,4968.0
14712880.0,229372.0,4968.0
14712880.0,229372.0,4968.0
14712880.0,229372.0,4968.0
14712880.0,229372.0,4968.0
14713141.333,229386.93333,5177.0666667
14713160.0,229388.0,5192.0
14713160.0,229388.0,5192.0
14713160.0,229388.0,5192.0
14713160.0,229388.0,5192.0
14713160.0,229388.0,5192.0
14672752.533,229398.4,5289.0666667
14666536.0,229400.0,5304.0
14665554.933,229406.93333,5359.4666667
14665404.0,229408.0,5368.0
14665404.0,229408.0,5368.0
14664287.733,229414.93333,5430.4
14664116.0,229416.0,5440.0
14664116.0,229416.0,5440.0
14664116.0,229416.0,5440.0
14664116.0,229416.0,5440.0
14664116.0,229416.0,5440.0
14664116.0,229416.0,5440.0
14664116.0,229416.0,5440.0
14664116.0,229416.0,5440.0
14664116.0,229416.0,5440.0
14664116.0,229416.0,5440.0
14664116.0,229416.0,5440.0
14663693.067,229547.73333,5644.5333333
14663628.0,229568.0,5676.0
14663628.0,229568.0,5676.0
14663628.0,229568.0,5676.0
14663628.0,229568.0,5676.0
14663628.0,229568.0,5676.0
14663628.0,229568.0,5676.0
14663628.0,229568.0,5676.0
14663628.0,229568.0,5676.0
14663628.0,229568.0,5676.0
14663628.0,229568.0,5676.0
14663628.0,229568.0,5676.0
14663404.0,229609.6,5919.2
14663348.0,229620.0,5980.0
14663348.0,229620.0,5980.0
14663348.0,229620.0,5980.0
14663348.0,229620.0,5980.0
14663348.0,229620.0,5980.0
14663348.0,229620.0,5980.0
14663348.0,229620.0,5980.0
14663348.0,229620.0,5980.0
14663348.0,229620.0,5980.0
14663348.0,229620.0,5980.0
14574240.8,229616.8,6159.2
14551964.0,229616.0,6204.0
14551964.0,229616.0,6204.0
14551964.0,229616.0,6204.0
14551964.0,229616.0,6204.0
14551964.0,229616.0,6204.0
14551964.0,229616.0,6204.0
14551964.0,229616.0,6204.0
14551964.0,229616.0,6204.0
14551964.0,229616.0,6204.0
14551964.0,229616.0,6204.0
14551964.0,229616.0,6204.0
14552038.667,229630.93333,6413.0666667
14464433.867,229635.73333,6480.2666667
14458176.0,229636.0,6484.0
14458176.0,229636.0,6484.0
14458176.0,229636.0,6484.0
14458176.0,229636.0,6484.0
14458176.0,229636.0,6484.0
14458176.0,229636.0,6484.0
14458176.0,229636.0,6484.0
14458176.0,229636.0,6484.0
14458176.0,229636.0,6484.0
14458176.0,229636.0,6484.0
14458102.4,229641.33333,6498.9333333
14457072.0,229716.0,6708.0
14457072.0,229716.0,6708.0
14457072.0,229716.0,6708.0
14457072.0,229716.0,6708.0
14457072.0,229716.0,6708.0
14457072.0,229716.0,6708.0
14456766.4,229716.8,6741.6
14455544.0,229720.0,6876.0
14455544.0,229720.0,6876.0
14455544.0,229720.0,6876.0
14455544.0,229720.0,6876.0
14455544.0,229720.0,6876.0
14455544.0,229720.0,6876.0
14455544.0,229720.0,6876.0
14771304.8,228436.8,6908.0
16034348.0,223304.0,7036.0
