16212201.067,45742.933333,1852.2666667
16130828.0,79744.0,3908.0
16130828.0,79744.0,3908.0
16049316.533,89655.733333,3912.5333333
14908156.0,228420.0,3976.0
14908156.0,228420.0,3976.0
14908156.0,228420.0,3976.0
14908156.0,228420.0,3976.0
14908156.0,228420.0,3976.0
14907383.2,229174.13333,4229.8666667
14907328.0,229228.0,4248.0
14907328.0,229228.0,4248.0
14907328.0,229228.0,4248.0
14907328.0,229228.0,4248.0
14903131.733,229228.0,4367.4666667
14902832.0,229228.0,4376.0
14902832.0,229228.0,4376.0
14902832.0,229228.0,4376.0
14902832.0,229228.0,4376.0
14901230.4,229224.53333,4493.8666667
14900984.0,229224.0,4512.0
14900984.0,229224.0,4512.0
14742020.0,229234.4,4567.4666667
14717564.0,229236.0,4576.0
14717564.0,229236.0,4576.0
14716191.2,229232.53333,4631.4666667
14715980.0,229232.0,4640.0
14715980.0,229232.0,4640.0
14714711.2,229245.86667,4681.6
14714516.0,229248.0,4688.0
14714516.0,229248.0,4688.0
14714516.0,229248.0,4688.0
14714516.0,229248.0,4688.0
14714516.0,229248.0,4688.0
14714516.0,229248.0,4688.0
14714516.0,229248.0,4688.0
14714516.0,229248.0,4688.0
14714516.0,229248.0,4688.0
14714516.0,229248.0,4688.0
14713694.667,229271.46667,4858.1333333
14713396.0,229280.0,4920.0
14696324.0,229282.93333,4961.0666667
14690116.0,229284.0,4976.0
14690116.0,229284.0,4976.0
14690116.0,229284.0,4976.0
14690116.0,229284.0,4976.0
14688542.133,229294.4,5066.1333333
14688300.0,229296.0,5080.0
14688300.0,229296.0,5080.0
14689482.133,229306.4,5128.5333333
14689664.0,229308.0,5136.0
14689664.0,229308.0,5136.0
14668441.067,229314.93333,5191.4666667
14665176.0,229316.0,5200.0
14664356.8,229316.0,5244.8
14664152.0,229316.0,5256.0
14664152.0,229316.0,5256.0
14664152.0,229316.0,5256.0
14664152.0,229316.0,5256.0
14664152.0,229316.0,5256.0
14664152.0,229316.0,5256.0
14664152.0,229316.0,5256.0
14662870.133,229330.66667,5373.3333333
14662404.0,229336.0,5416.0
14662404.0,229336.0,5416.0
14663492.0,229339.2,5460.8
14663764.0,229340.0,5472.0
14663764.0,229340.0,5472.0
14663764.0,229340.0,5472.0
14663764.0,229340.0,5472.0
14663033.6,229439.73333,5554.1333333
14662768.0,229476.0,5584.0
14662768.0,229476.0,5584.0
14662768.0,229476.0,5584.0
14662768.0,229476.0,5584.0
14661304.267,229478.93333,5648.5333333
14660772.0,229480.0,5672.0
14660772.0,229480.0,5672.0
14661681.333,229480.0,5713.0666667
14662012.0,229480.0,5728.0
14662012.0,229480.0,5728.0
14498732.0,229480.0,5766.4
14457912.0,229480.0,5776.0
14456968.0,229486.4,5827.2
14456732.0,229488.0,5840.0
14456732.0,229488.0,5840.0
14456732.0,229488.0,5840.0
14456732.0,229488.0,5840.0
14456732.0,229488.0,5840.0
14456732.0,229488.0,5840.0
14456732.0,229488.0,5840.0
14456732.0,229488.0,5840.0
14456732.0,229488.0,5840.0
14456732.0,229488.0,5840.0
14456732.0,229488.0,5840.0
14456732.0,229488.0,5840.0
14457368.0,229512.0,6056.0
14457368.0,229512.0,6056.0
14457368.0,229512.0,6056.0
14457368.0,229512.0,6056.0
