vda,52.10,0.29,0.01,1,0
vda,31.60,0.00,0.14,0,0
vda,34.60,0.04,0.10,0,0
vda,16.20,0.06,0.01,0,0
vda,0.00,0.00,0.00,0,0
vda,26.60,0.00,0.11,0,0
vda,117.80,3.00,0.13,15,0
vda,128.40,2.59,0.01,12,0
vda,86.20,7.55,0.01,37,0
vda,98.80,7.48,0.96,37,4
vda,16.80,0.28,0.53,1,2
vda,0.00,0.00,0.00,0,0
vda,2.00,0.00,0.01,0,0
vda,1.00,0.00,0.00,0,0
vda,31.20,0.00,0.13,0,0
vda,7.40,0.00,0.03,0,0
vda,1.20,0.00,0.00,0,0
vda,2.20,0.00,0.01,0,0
vda,2.40,0.00,0.01,0,0
vda,1.00,0.00,0.00,0,0
vda,0.40,0.00,0.00,0,0
vda,33.00,0.00,0.13,0,0
vda,12.40,0.00,0.05,0,0
vda,7.00,0.00,0.03,0,0
vda,7.20,0.00,0.03,0,0
vda,1.20,0.00,0.00,0,0
vda,3.80,0.00,0.02,0,0
vda,1.00,0.00,0.00,0,0
vda,1.20,0.00,0.01,0,0
vda,21.00,0.00,0.08,0,0
vda,31.40,0.00,0.12,0,0
vda,1.00,0.00,0.00,0,0
vda,6.60,0.00,0.03,0,0
vda,5.40,0.00,0.02,0,0
vda,1.00,0.00,0.00,0,0
vda,4.60,0.00,0.02,0,0
vda,3.40,0.00,0.01,0,0
