vda,20.60,0.09,0.00,0,0
vda,13.40,0.00,0.05,0,0
vda,122.80,0.66,0.00,3,0
vda,42.40,0.10,0.14,0,0
vda,29.00,0.00,0.12,0,0
vda,0.00,0.00,0.00,0,0
vda,237.80,8.92,0.16,44,0
vda,57.20,6.67,0.01,33,0
vda,3.40,0.00,0.01,0,0
vda,39.40,0.00,0.98,0,4
vda,4.00,0.00,0.47,0,2
vda,4.00,0.00,0.01,0,0
vda,1.40,0.00,0.01,0,0
vda,1.60,0.00,0.01,0,0
vda,28.20,0.18,0.00,0,0
vda,3.20,0.00,0.01,0,0
vda,26.60,0.00,0.11,0,0
vda,1.80,0.00,0.01,0,0
vda,58.20,0.00,0.24,0,1
vda,1.60,0.00,0.01,0,0
vda,3.20,0.00,0.01,0,0
vda,0.80,0.00,0.00,0,0
vda,1.80,0.00,0.01,0,0
vda,3.40,0.00,0.02,0,0
vda,12.80,0.00,0.05,0,0
vda,1.20,0.00,0.00,0,0
vda,34.80,0.00,0.14,0,0
vda,8.60,0.00,0.04,0,0
vda,1.60,0.00,0.01,0,0
vda,1.60,0.00,0.01,0,0
vda,2.40,0.00,0.01,0,0
vda,20.20,0.00,0.08,0,0
vda,2.00,0.00,0.01,0,0
vda,1.80,0.00,0.01,0,0
vda,0.00,0.00,0.00,0,0
vda,23.80,0.00,0.10,0,0
vda,1.20,0.00,0.00,0,0
vda,10.00,0.00,0.05,0,0
vda,1.60,0.00,0.01,0,0
vda,19.00,0.00,0.07,0,0
vda,3.00,0.00,0.01,0,0
vda,2.00,0.00,0.01,0,0
vda,1.20,0.00,0.00,0,0
vda,0.20,0.00,0.00,0,0
vda,37.40,0.00,0.16,0,0
vda,1.60,0.00,0.01,0,0
vda,19.40,0.00,0.08,0,0
vda,2.40,0.00,0.01,0,0
vda,1.20,0.00,0.00,0,0
vda,0.60,0.00,0.00,0,0
vda,3.80,0.00,0.02,0,0
vda,4.20,0.00,0.02,0,0
vda,2.40,0.00,0.01,0,0
vda,33.40,0.00,0.14,0,0
vda,18.60,0.00,0.07,0,0
vda,1.40,0.00,0.01,0,0
vda,9.00,0.00,0.04,0,0
vda,1.80,0.00,0.01,0,0
vda,4.00,0.00,0.02,0,0
vda,1.60,0.00,0.01,0,0
vda,1.60,0.00,0.01,0,0
vda,11.60,0.00,0.05,0,0
vda,35.80,0.00,0.14,0,0
vda,1.60,0.00,0.01,0,0
vda,2.40,0.00,0.01,0,0
vda,7.20,0.00,0.03,0,0
vda,2.20,0.00,0.01,0,0
vda,50.00,0.00,0.20,0,1
vda,2.60,0.00,0.01,0,0
vda,1.20,0.00,0.00,0,0
vda,0.00,0.00,0.00,0,0
vda,7.00,0.00,0.03,0,0
vda,0.00,0.00,0.00,0,0
vda,0.60,0.00,0.00,0,0
vda,2.40,0.00,0.01,0,0
vda,23.80,0.00,0.10,0,0
vda,35.80,0.00,0.14,0,0
vda,0.60,0.00,0.00,0,0
vda,9.00,0.00,0.04,0,0
