vda,69.00,0.42,0.01,2,0
vda,48.40,0.18,0.01,0,0
vda,68.00,0.05,0.23,0,1
vda,7.80,0.00,0.03,0,0
vda,0.00,0.00,0.00,0,0
vda,35.40,0.00,0.15,0,0
vda,219.20,9.64,0.01,48,0
vda,50.60,5.97,0.01,29,0
vda,3.40,0.00,0.01,0,0
vda,40.20,0.00,1.44,0,7
vda,14.80,0.03,0.05,0,0
vda,2.60,0.00,0.01,0,0
vda,0.00,0.00,0.00,0,0
vda,42.80,0.00,0.18,0,0
vda,1.80,0.00,0.01,0,0
vda,1.40,0.00,0.01,0,0
vda,52.20,0.00,0.22,0,1
vda,2.00,0.00,0.01,0,0
vda,1.20,0.00,0.00,0,0
vda,35.60,0.00,0.15,0,0
vda,3.80,0.00,0.01,0,0
vda,43.20,0.00,0.18,0,0
vda,1.60,0.00,0.01,0,0
vda,31.40,0.00,0.13,0,0
vda,0.00,0.00,0.00,0,0
vda,14.00,0.00,0.06,0,0
vda,35.80,0.00,0.15,0,0
vda,1.40,0.00,0.01,0,0
vda,19.80,0.00,0.08,0,0
vda,24.40,0.00,0.10,0,0
vda,3.00,0.00,0.01,0,0
vda,22.20,0.00,0.09,0,0
vda,25.60,0.00,0.11,0,0
vda,0.00,0.00,0.00,0,0
vda,14.20,0.00,0.06,0,0
vda,24.40,0.00,0.10,0,0
vda,1.40,0.00,0.01,0,0
vda,14.00,0.00,0.06,0,0
vda,36.00,0.00,0.15,0,0
vda,1.40,0.00,0.01,0,0
vda,22.20,0.00,0.09,0,0
vda,1.60,0.00,0.01,0,0
vda,42.00,0.00,0.18,0,0
vda,1.80,0.00,0.01,0,0
vda,30.60,0.00,0.13,0,0
vda,1.40,0.00,0.01,0,0
vda,14.00,0.00,0.06,0,0
vda,24.40,0.00,0.10,0,0
vda,1.40,0.00,0.01,0,0
vda,14.00,0.00,0.06,0,0
vda,36.00,0.00,0.15,0,0
vda,2.80,0.00,0.01,0,0
vda,28.40,0.00,0.11,0,0
vda,0.00,0.00,0.00,0,0
vda,36.40,0.00,0.15,0,0
vda,1.80,0.00,0.01,0,0
vda,1.60,0.00,0.01,0,0
vda,36.00,0.00,0.15,0,0
vda,1.80,0.00,0.01,0,0
vda,38.60,0.00,0.16,0,0
vda,0.00,0.00,0.00,0,0
vda,1.80,0.00,0.01,0,0
vda,58.20,0.00,0.23,0,1
vda,4.00,0.00,0.02,0,0
vda,1.20,0.00,0.00,0,0
vda,36.60,0.00,0.15,0,0
vda,3.20,0.00,0.01,0,0
vda,2.20,0.00,0.01,0,0
vda,36.80,0.00,0.15,0,0
vda,3.60,0.00,0.01,0,0
vda,10.00,0.00,0.04,0,0
vda,0.00,0.00,0.00,0,0
vda,1.20,0.00,0.00,0,0
vda,0.00,0.00,0.00,0,0
