7871440.0,150124.0,5384.0
7484192.5333,150734.13333,4090.9333333
7424616.0,150828.0,3892.0
7421288.0,150959.73333,3968.2666667
7420776.0,150980.0,3980.0
7420776.0,150980.0,3980.0
7417550.4,151072.8,4031.2
7416744.0,151096.0,4044.0
7416744.0,151096.0,4044.0
7337086.9333,151096.0,4106.4
7324832.0,151096.0,4116.0
7324832.0,151096.0,4116.0
7324832.0,151096.0,4116.0
7324832.0,151096.0,4116.0
7324832.0,151096.0,4116.0
7324832.0,151096.0,4116.0
7324832.0,151096.0,4116.0
7321920.0,151125.86667,4287.7333333
7321712.0,151128.0,4300.0
7321712.0,151128.0,4300.0
7321712.0,151128.0,4300.0
7321712.0,151128.0,4300.0
