7845202.4,97389.6,2054.4
7418908.0,184532.0,3904.0
7342725.6,195371.2,3919.2
7037996.0,238728.0,3980.0
7037996.0,238728.0,3980.0
7037996.0,238728.0,3980.0
7037996.0,238728.0,3980.0
7037996.0,238728.0,3980.0
7037774.6667,238833.06667,4015.2
7036336.0,239516.0,4244.0
7036336.0,239516.0,4244.0
7036336.0,239516.0,4244.0
7036336.0,239516.0,4244.0
6978967.2,239516.0,4271.2
6749492.0,239516.0,4380.0
6749492.0,239516.0,4380.0
6749029.0667,239518.13333,4397.0666667
6747756.0,239524.0,4444.0
6747756.0,239524.0,4444.0
6747756.0,239524.0,4444.0
6747756.0,239524.0,4444.0
6747806.1333,239560.26667,4476.0
6747944.0,239660.0,4564.0
6747944.0,239660.0,4564.0
6747339.2,239661.06667,4581.0666667
6745676.0,239664.0,4628.0
6745676.0,239664.0,4628.0
6745676.0,239664.0,4628.0
6745676.0,239664.0,4628.0
6745676.0,239664.0,4628.0
6745676.0,239664.0,4628.0
6745676.0,239664.0,4628.0
6745676.0,239664.0,4628.0
6745676.0,239664.0,4628.0
6745082.6667,239676.0,4708.0
6743896.0,239700.0,4868.0
6743896.0,239700.0,4868.0
6743896.0,239700.0,4868.0
6743896.0,239700.0,4868.0
6743896.0,239700.0,4868.0
6743896.0,239700.0,4868.0
6743896.0,239700.0,4868.0
6743896.0,239700.0,4868.0
6743896.0,239700.0,4868.0
6743896.0,239700.0,4868.0
6743896.0,239700.0,4868.0
6743896.0,239700.0,4868.0
6744120.0,239744.8,4976.2666667
6744376.0,239796.0,5100.0
6744376.0,239796.0,5100.0
6744376.0,239796.0,5100.0
6744376.0,239796.0,5100.0
6744376.0,239796.0,5100.0
6741085.0667,239866.93333,5182.1333333
6737324.0,239948.0,5276.0
6737324.0,239948.0,5276.0
6737324.0,239948.0,5276.0
6737324.0,239948.0,5276.0
6737324.0,239948.0,5276.0
6737324.0,239948.0,5276.0
6737324.0,239948.0,5276.0
6737324.0,239948.0,5276.0
6737324.0,239948.0,5276.0
6737324.0,239948.0,5276.0
6733135.2,239956.0,5386.4
6726852.0,239968.0,5552.0
6726852.0,239968.0,5552.0
6726852.0,239968.0,5552.0
6726852.0,239968.0,5552.0
6726852.0,239968.0,5552.0
6726852.0,239968.0,5552.0
6726852.0,239968.0,5552.0
6726852.0,239968.0,5552.0
6726852.0,239968.0,5552.0
6725763.2,240000.0,5603.2
6721408.0,240128.0,5808.0
6721408.0,240128.0,5808.0
6721408.0,240128.0,5808.0
6721408.0,240128.0,5808.0
6721408.0,240128.0,5808.0
6721408.0,240128.0,5808.0
6721408.0,240128.0,5808.0
6721408.0,240128.0,5808.0
6721408.0,240128.0,5808.0
6721408.0,240128.0,5808.0
6721408.0,240128.0,5808.0
6721388.8,240130.4,5857.6
6721312.0,240140.0,6056.0
6721312.0,240140.0,6056.0
6721312.0,240140.0,6056.0
6721141.6,240284.53333,6086.9333333
6718756.0,242308.0,6520.0
6718756.0,242308.0,6520.0
6715647.7333,242314.4,6554.1333333
6715647.7333,242314.4,6554.1333333
6712928.0,242320.0,6584.0
6711532.0,242380.0,6648.0
6711532.0,242380.0,6648.0
6711532.0,242380.0,6648.0
6711532.0,242380.0,6648.0
6711532.0,242380.0,6648.0
6711532.0,242380.0,6648.0
6711532.0,242380.0,6648.0
6711532.0,242380.0,6648.0
7642335.4667,236722.4,6807.4666667
