3574720.0,306676.0,8700.0
3462996.0,132344.0,4048.0
3462996.0,132344.0,4048.0
2689332.0,296200.0,4128.0
2689332.0,296200.0,4128.0
2689332.0,296200.0,4128.0
2686117.6,297510.4,4986.6666667
2685888.0,297604.0,5048.0
2685888.0,297604.0,5048.0
2685888.0,297604.0,5048.0
2685888.0,297604.0,5048.0
2525760.0,308600.0,6924.0
2525760.0,308600.0,6924.0
2525760.0,308600.0,6924.0
2533480.0,308576.0,7008.0
2533480.0,308576.0,7008.0
2533480.0,308576.0,7008.0
2533480.0,308576.0,7008.0
2533296.2667,308577.6,7015.4666667
2530724.0,308600.0,7120.0
2530724.0,308600.0,7120.0
2530452.5333,308601.06667,7126.4
2528688.0,308608.0,7168.0
2528688.0,308608.0,7168.0
2528688.0,308608.0,7168.0
2529868.0,308616.0,7232.0
2529868.0,308616.0,7232.0
2528504.0,308620.0,7304.0
2528504.0,308620.0,7304.0
2528504.0,308620.0,7304.0
2528504.0,308620.0,7304.0
2528504.0,308620.0,7304.0
2528504.0,308620.0,7304.0
2525864.0,310464.0,7628.0
2525864.0,310464.0,7628.0
2526988.0,310548.0,7676.0
2526988.0,310548.0,7676.0
2526988.0,310548.0,7676.0
2526988.0,310548.0,7676.0
2526988.0,310548.0,7676.0
2526988.0,310548.0,7676.0
2526988.0,310548.0,7676.0
2526988.0,310548.0,7676.0
2522145.8667,310626.4,7847.7333333
2521800.0,310632.0,7860.0
2521800.0,310632.0,7860.0
2521800.0,310632.0,7860.0
2521800.0,310632.0,7860.0
2521800.0,310632.0,7860.0
2521800.0,310632.0,7860.0
2521800.0,310632.0,7860.0
2519184.0,310636.0,7972.0
2519184.0,310636.0,7972.0
2519184.0,310636.0,7972.0
2520554.1333,310643.46667,8024.2666667
2520652.0,310644.0,8028.0
2520652.0,310644.0,8028.0
2520652.0,310644.0,8028.0
2520652.0,310644.0,8028.0
2520652.0,310644.0,8028.0
2520652.0,310644.0,8028.0
2520652.0,310644.0,8028.0
2520652.0,310644.0,8028.0
2520652.0,310644.0,8028.0
2520652.0,310644.0,8028.0
2520652.0,310644.0,8028.0
2520712.0,310668.0,8244.0
2519628.0,310668.0,8304.0
2519628.0,310668.0,8304.0
2519628.0,310668.0,8304.0
2519628.0,310668.0,8304.0
2519628.0,310668.0,8304.0
2519628.0,310668.0,8304.0
2512868.0,310748.0,8408.0
2512868.0,310748.0,8408.0
2524444.0,310744.0,8472.0
2524444.0,310744.0,8472.0
2524444.0,310744.0,8472.0
2524444.0,310744.0,8472.0
2524444.0,310744.0,8472.0
2524444.0,310744.0,8472.0
2524444.0,310744.0,8472.0
2524038.1333,310762.66667,8495.4666667
2521400.0,310884.0,8648.0
2521400.0,310884.0,8648.0
