vda,2.20,0.02,0.00,0,0
vda,105.00,0.21,0.21,1,1
vda,2.60,0.00,0.01,0,0
vda,0.00,0.00,0.00,0,0
vda,74.80,0.54,0.01,2,0
vda,0.00,0.00,0.00,0,0
vda,303.40,10.10,0.22,50,1
vda,22.20,0.07,0.02,0,0
vda,12.80,0.23,0.02,1,0
vda,2.00,0.00,0.01,0,0
vda,86.60,0.00,1.64,0,8
vda,145.20,2.09,0.04,10,0
vda,3.60,0.00,0.01,0,0
vda,15.00,0.42,0.05,2,0
vda,6.40,0.03,0.02,0,0
vda,53.20,0.00,0.22,0,1
vda,2.60,0.00,0.01,0,0
vda,55.80,0.00,0.23,0,1
vda,0.00,0.00,0.00,0,0
vda,1.20,0.00,0.00,0,0
vda,28.20,0.00,0.12,0,0
vda,43.60,0.00,0.18,0,0
vda,1.20,0.00,0.00,0,0
vda,47.40,0.00,0.20,0,0
vda,2.80,0.00,0.01,0,0
vda,3.60,0.00,0.01,0,0
vda,42.00,0.00,0.17,0,0
vda,14.60,0.00,0.06,0,0
vda,1.20,0.00,0.00,0,0
vda,46.80,0.00,0.20,0,0
vda,6.80,0.02,0.00,0,0
vda,28.60,0.18,0.00,0,0
vda,101.40,0.00,0.41,0,2
vda,1.80,0.00,0.01,0,0
