vda,61.40,0.25,0.00,1,0
vda,3.60,0.00,0.01,0,0
vda,0.20,0.00,0.00,0,0
vda,18.60,0.07,0.00,0,0
vda,49.40,0.00,0.20,0,1
vda,73.00,0.43,0.04,2,0
vda,213.20,8.91,0.01,44,0
vda,133.40,10.78,1.01,53,5
vda,90.80,10.22,0.49,51,2
vda,96.60,12.07,0.00,60,0
vda,71.60,8.60,0.01,43,0
vda,121.00,15.05,0.00,75,0
vda,79.40,9.78,0.00,48,0
vda,116.80,14.30,0.01,71,0
vda,141.20,13.18,0.15,65,0
vda,87.00,10.32,0.02,51,0
vda,117.40,14.47,0.01,72,0
vda,122.20,15.28,0.00,76,0
vda,149.80,12.00,0.22,60,1
vda,55.80,5.83,0.04,29,0
vda,38.40,4.70,0.00,23,0
vda,136.60,13.00,0.14,65,0
vda,126.80,15.85,0.00,79,0
vda,49.60,6.01,0.01,30,0
vda,2.60,0.00,0.01,0,0
vda,2.20,0.00,0.01,0,0
vda,31.20,0.00,0.13,0,0
vda,16.60,0.00,0.07,0,0
vda,0.00,0.00,0.00,0,0
vda,1.20,0.00,0.00,0,0
vda,1.20,0.00,0.00,0,0
vda,54.00,0.00,0.22,0,1
vda,1.40,0.00,0.01,0,0
vda,1.40,0.00,0.01,0,0
vda,2.20,0.00,0.01,0,0
vda,2.60,0.00,0.01,0,0
vda,2.20,0.00,0.01,0,0
vda,0.40,0.00,0.00,0,0
vda,3.00,0.00,0.02,0,0
vda,12.80,0.00,0.05,0,0
vda,36.80,0.00,0.15,0,0
vda,7.60,0.00,0.03,0,0
vda,1.80,0.00,0.01,0,0
vda,43.00,0.00,0.18,0,0
vda,0.80,0.00,0.00,0,0
vda,1.40,0.00,0.01,0,0
vda,4.60,0.00,0.02,0,0
vda,1.00,0.00,0.00,0,0
vda,1.40,0.00,0.01,0,0
vda,2.80,0.00,0.01,0,0
vda,2.40,0.00,0.01,0,0
vda,30.20,0.07,0.05,0,0
vda,66.80,0.11,0.22,0,1
vda,0.00,0.00,0.00,0,0
vda,1.20,0.00,0.00,0,0
vda,3.20,0.00,0.01,0,0
vda,14.60,0.00,0.06,0,0
vda,50.20,0.00,0.20,0,1
vda,0.00,0.00,0.00,0,0
vda,1.40,0.00,0.01,0,0
vda,37.20,0.00,0.15,0,0
vda,0.00,0.00,0.00,0,0
vda,1.20,0.00,0.00,0,0
vda,53.00,0.00,0.21,0,1
vda,4.60,0.00,0.02,0,0
vda,0.20,0.00,0.00,0,0
vda,43.80,0.00,0.18,0,0
vda,1.80,0.00,0.01,0,0
vda,1.20,0.00,0.00,0,0
vda,36.00,0.00,0.15,0,0
vda,1.80,0.00,0.01,0,0
vda,1.20,0.00,0.00,0,0
vda,37.00,0.00,0.15,0,0
vda,0.80,0.00,0.00,0,0
vda,4.40,0.00,0.02,0,0
vda,50.60,0.00,0.21,0,1
vda,10.00,0.00,0.04,0,0
vda,1.40,0.00,0.01,0,0
vda,37.20,0.00,0.15,0,0
vda,0.80,0.00,0.00,0,0
vda,1.20,0.00,0.00,0,0
vda,37.00,0.00,0.15,0,0
vda,0.80,0.00,0.00,0,0
vda,1.20,0.00,0.00,0,0
vda,46.80,0.00,0.19,0,0
vda,2.00,0.00,0.01,0,0
vda,1.80,0.00,0.01,0,0
vda,54.80,0.00,0.22,0,1
vda,0.00,0.00,0.00,0,0
vda,1.60,0.00,0.01,0,0
vda,2.20,0.00,0.01,0,0
vda,0.60,0.00,0.00,0,0
vda,1.20,0.00,0.00,0,0
vda,3.80,0.00,0.02,0,0
vda,14.00,0.00,0.06,0,0
vda,1.20,0.00,0.00,0,0
vda,43.60,0.00,0.18,0,0
vda,0.00,0.00,0.00,0,0
vda,4.20,0.00,0.01,0,0
vda,54.00,0.00,0.22,0,1
vda,3.00,0.00,0.01,0,0
vda,1.40,0.00,0.00,0,0
vda,45.20,0.00,0.19,0,0
vda,1.80,0.00,0.01,0,0
vda,0.00,0.00,0.00,0,0
vda,36.40,0.00,0.14,0,0
