7616441.0667,321320.53333,8633.0666667
7785992.0,125120.0,4008.0
5935054.4,508844.8,4065.6
5472320.0,604776.0,4080.0
5472320.0,604776.0,4080.0
4358787.2,980699.2,4124.8
4080404.0,1074680.0,4136.0
4080404.0,1074680.0,4136.0
3463856.8,1098017.6,4187.2
3309720.0,1103852.0,4200.0
3307662.4,1103852.0,4251.2
3307148.0,1103852.0,4264.0
3307148.0,1103852.0,4264.0
3305464.2667,1103869.6,4310.9333333
3304852.0,1103876.0,4328.0
3304852.0,1103876.0,4328.0
3304030.6667,1104448.0,4489.3333333
3303732.0,1104656.0,4548.0
3304564.0,1104668.8,4592.8
3304772.0,1104672.0,4604.0
3304772.0,1104672.0,4604.0
3304772.0,1104672.0,4604.0
3304772.0,1104672.0,4604.0
3304772.0,1104672.0,4604.0
3304772.0,1104672.0,4604.0
3304772.0,1104672.0,4604.0
3304772.0,1104672.0,4604.0
3366021.0667,1104690.6667,4790.6666667
3370396.0,1104692.0,4804.0
3451409.3333,1104692.0,4863.7333333
3457196.0,1104692.0,4868.0
3457196.0,1104692.0,4868.0
