7967056.0,63460.0,3384.0
7967056.0,63460.0,3384.0
7931189.6,69201.6,3418.9333333
7429060.0,149584.0,3908.0
7429060.0,149584.0,3908.0
7429060.0,149584.0,3908.0
7429060.0,149584.0,3908.0
7428697.8667,149596.26667,3925.0666667
7426344.0,149676.0,4036.0
7426344.0,149676.0,4036.0
7409170.4,149677.6,4048.8
7340476.0,149684.0,4100.0
7340476.0,149684.0,4100.0
7339512.8,149684.0,4109.6
7333252.0,149684.0,4172.0
7333252.0,149684.0,4172.0
7333252.0,149684.0,4172.0
7333252.0,149684.0,4172.0
7332892.8,149842.4,4224.8
7331456.0,150476.0,4436.0
7331456.0,150476.0,4436.0
7330993.6,150478.13333,4442.9333333
7327988.0,150492.0,4488.0
7328148.5333,150494.13333,4495.4666667
7329192.0,150508.0,4544.0
7329192.0,150508.0,4544.0
7329192.0,150508.0,4544.0
7329192.0,150508.0,4544.0
7366322.4,150071.2,4551.4666667
7886148.0,143956.0,4656.0
