vda,52.69,0.20,0.01,1,0
vda,11.00,0.04,0.00,0,0
vda,39.20,0.00,0.16,0,0
vda,13.40,0.05,0.01,0,0
vda,7.40,0.02,0.01,0,0
vda,34.00,0.00,0.14,0,0
vda,287.00,8.69,0.10,43,0
vda,100.60,12.25,0.01,61,0
vda,115.40,14.42,0.00,72,0
vda,76.20,9.38,0.00,46,0
vda,122.40,9.73,1.00,48,4
vda,100.80,11.65,0.49,58,2
vda,130.20,16.12,0.00,80,0
vda,79.80,9.68,0.01,48,0
vda,114.60,14.32,0.00,71,0
vda,167.00,16.32,0.15,81,0
vda,71.60,8.48,0.01,42,0
vda,53.20,5.58,0.04,27,0
vda,108.00,13.33,0.00,66,0
vda,110.40,13.80,0.00,69,0
vda,115.40,14.15,0.01,70,0
vda,99.40,8.63,0.12,43,0
vda,79.80,6.78,0.11,33,0
vda,61.20,7.46,0.01,37,0
vda,1.40,0.00,0.01,0,0
vda,2.20,0.00,0.01,0,0
vda,3.20,0.00,0.01,0,0
vda,2.40,0.00,0.01,0,0
vda,30.60,0.00,0.12,0,0
vda,20.60,0.00,0.09,0,0
vda,1.80,0.00,0.01,0,0
vda,5.40,0.00,0.02,0,0
vda,31.00,0.00,0.13,0,0
vda,10.80,0.00,0.04,0,0
vda,1.60,0.00,0.01,0,0
vda,36.00,0.00,0.15,0,0
vda,2.80,0.00,0.01,0,0
vda,2.60,0.00,0.01,0,0
vda,42.20,0.00,0.17,0,0
vda,0.80,0.00,0.00,0,0
vda,2.20,0.00,0.01,0,0
vda,49.20,0.00,0.20,0,1
vda,5.00,0.00,0.02,0,0
vda,1.60,0.00,0.01,0,0
vda,35.40,0.00,0.15,0,0
vda,3.20,0.00,0.01,0,0
vda,38.80,0.00,0.16,0,0
vda,0.80,0.00,0.00,0,0
vda,0.00,0.00,0.00,0,0
vda,37.40,0.00,0.16,0,0
vda,1.40,0.00,0.01,0,0
vda,0.00,0.00,0.00,0,0
vda,47.40,0.00,0.19,0,0
vda,2.40,0.00,0.01,0,0
vda,0.00,0.00,0.00,0,0
vda,3.80,0.00,0.01,0,0
vda,2.20,0.00,0.01,0,0
vda,48.00,0.00,0.20,0,0
vda,3.00,0.00,0.01,0,0
vda,1.20,0.00,0.00,0,0
vda,35.60,0.00,0.14,0,0
vda,1.40,0.00,0.01,0,0
vda,2.20,0.00,0.01,0,0
vda,45.00,0.11,0.14,0,0
vda,19.60,0.07,0.01,0,0
vda,4.40,0.00,0.02,0,0
vda,1.80,0.00,0.01,0,0
vda,61.60,0.00,0.25,0,1
vda,23.80,0.00,0.09,0,0
vda,0.60,0.00,0.00,0,0
vda,1.20,0.00,0.00,0,0
vda,2.20,0.00,0.01,0,0
vda,0.60,0.00,0.00,0,0
vda,1.60,0.00,0.01,0,0
vda,6.60,0.00,0.03,0,0
vda,11.80,0.00,0.05,0,0
vda,33.80,0.00,0.13,0,0
vda,2.20,0.00,0.01,0,0
vda,0.60,0.00,0.00,0,0
vda,2.60,0.00,0.01,0,0
vda,8.40,0.00,0.04,0,0
vda,4.00,0.00,0.02,0,0
vda,2.20,0.00,0.01,0,0
vda,16.60,0.00,0.06,0,0
vda,38.40,0.00,0.16,0,0
vda,2.60,0.00,0.01,0,0
vda,7.60,0.00,0.03,0,0
vda,0.00,0.00,0.00,0,0
vda,37.92,0.00,0.16,0,0
vda,18.80,0.00,0.07,0,0
vda,0.80,0.00,0.00,0,0
vda,28.00,0.00,0.12,0,0
vda,10.60,0.00,0.04,0,0
vda,0.00,0.00,0.00,0,0
vda,36.60,0.00,0.15,0,0
vda,3.60,0.00,0.01,0,0
vda,1.60,0.00,0.01,0,0
vda,0.00,0.00,0.00,0,0
vda,28.00,0.00,0.12,0,0
vda,18.40,0.00,0.07,0,0
vda,2.20,0.00,0.01,0,0
vda,52.20,0.00,0.21,0,1
vda,0.80,0.00,0.00,0,0
vda,2.20,0.00,0.01,0,0
vda,42.80,0.00,0.18,0,0
vda,2.20,0.00,0.01,0,0
vda,2.20,0.00,0.01,0,0
vda,42.80,0.00,0.18,0,0
vda,1.40,0.00,0.01,0,0
vda,0.00,0.00,0.00,0,0
vda,32.20,0.00,0.13,0,0
vda,5.40,0.00,0.02,0,0
vda,2.20,0.00,0.01,0,0
vda,53.80,0.00,0.22,0,1
vda,2.20,0.00,0.01,0,0
vda,2.20,0.00,0.01,0,0
vda,37.00,0.00,0.15,0,0
vda,8.60,0.00,0.03,0,0
vda,0.00,0.00,0.00,0,0
vda,37.40,0.00,0.15,0,0
vda,0.80,0.00,0.00,0,0
vda,1.20,0.00,0.00,0,0
vda,37.00,0.00,0.15,0,0
vda,0.80,0.00,0.00,0,0
vda,5.00,0.00,0.02,0,0
vda,61.20,0.00,0.25,0,1
vda,2.60,0.00,0.01,0,0
vda,0.20,0.00,0.00,0,0
vda,36.20,0.00,0.15,0,0
vda,0.00,0.00,0.00,0,0
vda,2.40,0.00,0.01,0,0
vda,35.60,0.00,0.15,0,0
vda,0.80,0.00,0.00,0,0
vda,2.20,0.00,0.01,0,0
vda,20.60,0.00,0.09,0,0
vda,18.80,0.00,0.07,0,0
vda,1.60,0.00,0.01,0,0
vda,0.00,0.00,0.00,0,0
vda,0.60,0.00,0.00,0,0
vda,56.80,0.00,0.23,0,1
vda,6.20,0.00,0.02,0,0
vda,1.20,0.00,0.00,0,0
vda,24.20,0.00,0.10,0,0
vda,2.20,0.00,0.01,0,0
vda,14.00,0.00,0.06,0,0
vda,1.80,0.00,0.01,0,0
vda,36.20,0.00,0.15,0,0
vda,2.60,0.00,0.01,0,0
vda,2.00,0.00,0.01,0,0
vda,50.00,0.00,0.20,0,0
vda,0.00,0.00,0.00,0,0
vda,44.00,0.00,0.18,0,0
vda,1.40,0.00,0.01,0,0
vda,0.80,0.00,0.00,0,0
vda,2.40,0.00,0.01,0,0
vda,2.40,0.00,0.01,0,0
vda,39.60,0.00,0.16,0,0
vda,1.60,0.00,0.01,0,0
vda,0.00,0.00,0.00,0,0
vda,0.60,0.00,0.00,0,0
vda,45.00,0.00,0.18,0,0
vda,1.20,0.00,0.00,0,0
vda,18.40,0.00,0.08,0,0
vda,2.40,0.00,0.01,0,0
vda,1.20,0.00,0.00,0,0
vda,56.60,0.00,0.22,0,1
vda,1.00,0.00,0.00,0,0
vda,1.20,0.00,0.00,0,0
vda,41.20,0.00,0.16,0,0
vda,2.60,0.00,0.01,0,0
vda,1.20,0.00,0.00,0,0
vda,37.00,0.00,0.15,0,0
vda,2.60,0.00,0.01,0,0
vda,1.40,0.00,0.01,0,0
vda,43.00,0.00,0.17,0,0
vda,3.80,0.00,0.01,0,0
vda,1.00,0.00,0.00,0,0
vda,54.20,0.00,0.22,0,1
vda,2.40,0.00,0.01,0,0
vda,1.20,0.00,0.00,0,0
vda,35.20,0.00,0.14,0,0
vda,2.40,0.00,0.01,0,0
vda,1.20,0.00,0.00,0,0
vda,35.60,0.00,0.14,0,0
vda,3.00,0.00,0.01,0,0
vda,2.40,0.00,0.01,0,0
vda,0.80,0.00,0.00,0,0
vda,2.60,0.00,0.01,0,0
vda,1.20,0.00,0.00,0,0
vda,0.80,0.00,0.00,0,0
vda,62.20,0.00,0.25,0,1
vda,25.00,0.00,0.10,0,0
vda,0.60,0.00,0.00,0,0
vda,2.40,0.00,0.01,0,0
vda,1.20,0.00,0.00,0,0
vda,4.80,0.00,0.02,0,0
vda,1.00,0.00,0.00,0,0
vda,3.40,0.00,0.02,0,0
vda,51.40,0.00,0.20,0,1
vda,2.20,0.00,0.01,0,0
vda,1.20,0.00,0.00,0,0
vda,9.00,0.00,0.04,0,0
vda,1.40,0.00,0.01,0,0
vda,1.20,0.00,0.00,0,0
vda,2.60,0.00,0.01,0,0
vda,3.00,0.00,0.01,0,0
vda,12.80,0.00,0.05,0,0
vda,25.40,0.00,0.10,0,0
vda,0.80,0.00,0.00,0,0
vda,1.20,0.00,0.00,0,0
vda,2.20,0.00,0.01,0,0
vda,8.80,0.00,0.04,0,0
vda,1.40,0.00,0.01,0,0
vda,19.80,0.00,0.08,0,0
vda,1.60,0.00,0.01,0,0
vda,2.00,0.00,0.01,0,0
vda,44.40,0.00,0.18,0,0
vda,0.60,0.00,0.00,0,0
vda,2.60,0.00,0.01,0,0
vda,2.80,0.00,0.01,0,0
vda,0.20,0.00,0.00,0,0
vda,18.40,0.00,0.07,0,0
vda,4.40,0.00,0.02,0,0
vda,1.60,0.00,0.01,0,0
vda,0.00,0.00,0.00,0,0
vda,37.80,0.00,0.15,0,0
vda,1.40,0.00,0.01,0,0
vda,1.20,0.00,0.00,0,0
vda,20.60,0.00,0.08,0,0
vda,0.20,0.00,0.00,0,0
vda,3.60,0.00,0.01,0,0
vda,0.40,0.00,0.00,0,0
vda,3.20,0.00,0.02,0,0
vda,2.00,0.00,0.01,0,0
vda,36.60,0.00,0.14,0,0
vda,3.80,0.00,0.01,0,0
vda,17.20,0.00,0.07,0,0
vda,8.80,0.00,0.04,0,0
vda,1.60,0.00,0.01,0,0
vda,4.80,0.00,0.02,0,0
vda,1.60,0.00,0.01,0,0
vda,2.60,0.00,0.01,0,0
vda,1.80,0.00,0.01,0,0
