16224380.0,41524.0,1556.0
15876577.333,90974.666667,2223.7333333
14920120.0,226964.0,4060.0
14920120.0,226964.0,4060.0
14704877.6,272257.6,4076.0
13843908.0,453432.0,4140.0
13843553.867,453446.93333,4159.2
13842580.0,453488.0,4212.0
13842580.0,453488.0,4212.0
13842580.0,453488.0,4212.0
13842580.0,453488.0,4212.0
13842580.0,453488.0,4212.0
13678722.667,453493.33333,4254.6666667
13351008.0,453504.0,4340.0
13351008.0,453504.0,4340.0
13351008.0,453504.0,4340.0
13351008.0,453504.0,4340.0
13351008.0,453504.0,4340.0
13351008.0,453504.0,4340.0
13351008.0,453504.0,4340.0
13351008.0,453504.0,4340.0
13351008.0,453504.0,4340.0
13351008.0,453504.0,4340.0
13351008.0,453504.0,4340.0
13350612.0,453510.66667,4428.0
13349302.667,453525.33333,4622.6666667
13348268.0,453528.0,4660.0
13348268.0,453528.0,4660.0
13348732.0,453532.0,4678.6666667
13349660.0,453540.0,4716.0
13349660.0,453540.0,4716.0
13349660.0,453540.0,4716.0
13349660.0,453540.0,4716.0
13349660.0,453540.0,4716.0
13349660.0,453540.0,4716.0
13349660.0,453540.0,4716.0
13349660.0,453540.0,4716.0
13349660.0,453540.0,4716.0
13349660.0,453540.0,4716.0
13349660.0,453540.0,4716.0
13349424.8,453589.6,4815.2
13348115.2,453665.6,4986.4
13346680.0,453668.0,5020.0
13346680.0,453668.0,5020.0
13346403.2,454559.2,5183.2
13345988.0,455896.0,5428.0
13346508.8,455899.73333,5454.1333333
13347104.0,455904.0,5484.0
13347104.0,455904.0,5484.0
13347104.0,455904.0,5484.0
13347104.0,455904.0,5484.0
13347104.0,455904.0,5484.0
13347104.0,455904.0,5484.0
13347104.0,455904.0,5484.0
13347104.0,455904.0,5484.0
13347104.0,455904.0,5484.0
13347104.0,455904.0,5484.0
13347104.0,455904.0,5484.0
13346771.2,455910.4,5616.2666667
13346480.0,455916.0,5732.0
13346480.0,455916.0,5732.0
13346480.0,455916.0,5732.0
13346480.0,455916.0,5732.0
13346480.0,455916.0,5732.0
13346480.0,455916.0,5732.0
13346480.0,455916.0,5732.0
13346480.0,455916.0,5732.0
13346480.0,455916.0,5732.0
13346480.0,455916.0,5732.0
13346480.0,455916.0,5732.0
13344086.933,455988.8,5866.4
13341352.0,456072.0,6020.0
13341352.0,456072.0,6020.0
13341352.0,456072.0,6020.0
13341352.0,456072.0,6020.0
13341352.0,456072.0,6020.0
13341352.0,456072.0,6020.0
13341352.0,456072.0,6020.0
14492896.8,453005.06667,6109.6
