3764458.1333,76265.333333,1747.2
2497432.0,385908.0,4144.0
2497432.0,385908.0,4144.0
2497432.0,385908.0,4144.0
1314288.0,591176.0,4208.0
1314288.0,591176.0,4208.0
1314288.0,591176.0,4208.0
1314288.0,591176.0,4208.0
1314141.8667,591176.53333,4215.4666667
1312096.0,591184.0,4320.0
1312096.0,591184.0,4320.0
1312096.0,591184.0,4320.0
1312096.0,591184.0,4320.0
1312096.0,591184.0,4320.0
1311864.0,591188.0,4340.8
1310936.0,591204.0,4424.0
1311224.0,591204.8,4435.2
1312376.0,591208.0,4480.0
1312376.0,591208.0,4480.0
1312376.0,591208.0,4480.0
1312376.0,591208.0,4480.0
1312376.0,591208.0,4480.0
1312376.0,591208.0,4480.0
1312376.0,591208.0,4480.0
1312376.0,591208.0,4480.0
1312376.0,591208.0,4480.0
1312376.0,591208.0,4480.0
1312060.2667,591296.0,4566.4
1310008.0,591868.0,5128.0
1310008.0,591868.0,5128.0
1310008.0,591868.0,5128.0
1310008.0,591868.0,5128.0
1310008.0,591868.0,5128.0
1310008.0,591868.0,5128.0
1310008.0,591868.0,5128.0
1310008.0,591868.0,5128.0
1310008.0,591868.0,5128.0
1310008.0,591868.0,5128.0
1310008.0,591868.0,5128.0
1309852.8,591944.0,5172.8
1308952.8,592247.2,5363.2
1307836.0,592244.0,5408.0
1307836.0,592244.0,5408.0
1307836.0,592244.0,5408.0
1307836.0,592244.0,5408.0
1307836.0,592244.0,5408.0
1307836.0,592244.0,5408.0
1307836.0,592244.0,5408.0
1307836.0,592244.0,5408.0
1307836.0,592244.0,5408.0
1307836.0,592244.0,5408.0
1312774.6667,592281.33333,5476.2666667
1326356.0,592384.0,5664.0
1326356.0,592384.0,5664.0
1326356.0,592384.0,5664.0
1326356.0,592384.0,5664.0
1326356.0,592384.0,5664.0
1326356.0,592384.0,5664.0
1326356.0,592384.0,5664.0
1326356.0,592384.0,5664.0
1326356.0,592384.0,5664.0
1326356.0,592384.0,5664.0
1326356.0,592384.0,5664.0
1326376.0,592392.8,5712.0
1326456.0,592428.0,5904.0
1326456.0,592428.0,5904.0
1326456.0,592428.0,5904.0
1326456.0,592428.0,5904.0
1326456.0,592428.0,5904.0
1326456.0,592428.0,5904.0
1326456.0,592428.0,5904.0
1326456.0,592428.0,5904.0
1326456.0,592428.0,5904.0
1326456.0,592428.0,5904.0
1326456.0,592428.0,5904.0
1339023.4667,592489.86667,5990.4
1373584.0,592660.0,6228.0
1373584.0,592660.0,6228.0
1373584.0,592660.0,6228.0
1373584.0,592660.0,6228.0
1373584.0,592660.0,6228.0
1373584.0,592660.0,6228.0
1373584.0,592660.0,6228.0
1373584.0,592660.0,6228.0
1373584.0,592660.0,6228.0
1373584.0,592660.0,6228.0
1373584.0,592660.0,6228.0
1373752.0,592666.66667,6310.6666667
1374088.0,592680.0,6476.0
1374088.0,592680.0,6476.0
1374088.0,592680.0,6476.0
1374088.0,592680.0,6476.0
1374088.0,592680.0,6476.0
1374088.0,592680.0,6476.0
1369526.9333,596076.26667,6984.8
1356984.0,605416.0,8384.0
1356984.0,605416.0,8384.0
1357430.6667,605417.33333,8406.6666667
1358324.0,605420.0,8452.0
1372418.9333,605422.13333,8469.0666667
1411180.0,605428.0,8516.0
1411180.0,605428.0,8516.0
1411180.0,605428.0,8516.0
1411180.0,605428.0,8516.0
1411180.0,605428.0,8516.0
1411180.0,605428.0,8516.0
1411180.0,605428.0,8516.0
1411180.0,605428.0,8516.0
1411180.0,605428.0,8516.0
1411180.0,605428.0,8516.0
1411180.0,605428.0,8516.0
1411348.5333,605434.4,8582.1333333
1411812.0,605452.0,8764.0
1411812.0,605452.0,8764.0
1411812.0,605452.0,8764.0
1411812.0,605452.0,8764.0
1411812.0,605452.0,8764.0
1411812.0,605452.0,8764.0
1411812.0,605452.0,8764.0
1411812.0,605452.0,8764.0
1410426.4,605502.13333,8829.0666667
1406616.0,605640.0,9008.0
1406616.0,605640.0,9008.0
1423979.2,605640.8,9020.8
1493432.0,605644.0,9072.0
1493432.0,605644.0,9072.0
1493432.0,605644.0,9072.0
1493432.0,605644.0,9072.0
1493432.0,605644.0,9072.0
1493432.0,605644.0,9072.0
1493432.0,605644.0,9072.0
1493432.0,605644.0,9072.0
1493432.0,605644.0,9072.0
1493432.0,605644.0,9072.0
1493432.0,605644.0,9072.0
1493416.8,605677.6,9123.2
1493356.0,605812.0,9328.0
1493356.0,605812.0,9328.0
1493356.0,605812.0,9328.0
1493356.0,605812.0,9328.0
1493356.0,605812.0,9328.0
1493356.0,605812.0,9328.0
1493356.0,605812.0,9328.0
1493356.0,605812.0,9328.0
1493356.0,605812.0,9328.0
1493356.0,605812.0,9328.0
1493356.0,605812.0,9328.0
1506608.2667,605823.73333,9412.2666667
1543052.0,605856.0,9644.0
1543052.0,605856.0,9644.0
1543052.0,605856.0,9644.0
1543052.0,605856.0,9644.0
1543052.0,605856.0,9644.0
1543052.0,605856.0,9644.0
1543052.0,605856.0,9644.0
1543052.0,605856.0,9644.0
1543052.0,605856.0,9644.0
1543052.0,605856.0,9644.0
1543052.0,605856.0,9644.0
1542750.4,605876.0,9688.8
1541016.8,605960.0,9879.2
1538908.0,605976.0,9924.0
1538908.0,605976.0,9924.0
1539519.2,605976.0,9935.2
1541964.0,605976.0,9980.0
1541964.0,605976.0,9980.0
1541964.0,605976.0,9980.0
1541964.0,605976.0,9980.0
1541964.0,605976.0,9980.0
1541964.0,605976.0,9980.0
1541964.0,605976.0,9980.0
1553293.6,605977.6,10004.533333
1626936.0,605988.0,10164.0
1626936.0,605988.0,10164.0
1626936.0,605988.0,10164.0
1626936.0,605988.0,10164.0
1626936.0,605988.0,10164.0
1626936.0,605988.0,10164.0
1626936.0,605988.0,10164.0
1626936.0,605988.0,10164.0
1626936.0,605988.0,10164.0
1626936.0,605988.0,10164.0
1626417.0667,605995.46667,10201.333333
1623044.0,606044.0,10444.0
1623044.0,606044.0,10444.0
1625788.0,606048.0,10492.0
1625788.0,606048.0,10492.0
1625788.0,606048.0,10492.0
1625788.0,606048.0,10492.0
1625788.0,606048.0,10492.0
1625788.0,606048.0,10492.0
1625788.0,606048.0,10492.0
1625788.0,606048.0,10492.0
1622724.0,608284.0,11024.0
1622724.0,608284.0,11024.0
1622724.0,608284.0,11024.0
1730878.6667,608287.73333,11083.733333
1738604.0,608288.0,11088.0
1738604.0,608288.0,11088.0
1738604.0,608288.0,11088.0
1738604.0,608288.0,11088.0
1738604.0,608288.0,11088.0
1738604.0,608288.0,11088.0
1738604.0,608288.0,11088.0
1738604.0,608288.0,11088.0
1738604.0,608288.0,11088.0
1738604.0,608288.0,11088.0
1738604.0,608288.0,11088.0
1739004.0,608323.2,11283.2
1739104.0,608332.0,11332.0
1739104.0,608332.0,11332.0
1739104.0,608332.0,11332.0
1739104.0,608332.0,11332.0
1739104.0,608332.0,11332.0
1739104.0,608332.0,11332.0
1739104.0,608332.0,11332.0
1739104.0,608332.0,11332.0
1739104.0,608332.0,11332.0
1739104.0,608332.0,11332.0
1739104.0,608332.0,11332.0
1787949.8667,608352.53333,11560.8
1805712.0,608360.0,11644.0
1802848.0,608373.33333,11686.666667
1801416.0,608380.0,11708.0
1801416.0,608380.0,11708.0
1802978.6667,608377.33333,11745.333333
1803760.0,608376.0,11764.0
1803760.0,608376.0,11764.0
1803760.0,608376.0,11764.0
1803760.0,608376.0,11764.0
1803760.0,608376.0,11764.0
1803760.0,608376.0,11764.0
1803760.0,608376.0,11764.0
1803760.0,608376.0,11764.0
1803760.0,608376.0,11764.0
1803760.0,608376.0,11764.0
1803760.0,608376.0,11764.0
1804026.6667,608405.33333,11918.666667
1804160.0,608420.0,11996.0
1804160.0,608420.0,11996.0
1804160.0,608420.0,11996.0
1803104.0,608428.0,12092.0
1802576.0,608432.0,12140.0
1802576.0,608432.0,12140.0
