3848680.0,41008.0,4936.0
3848680.0,41008.0,4936.0
3365314.6667,153988.26667,5211.2
2036060.0,464684.0,5968.0
2036060.0,464684.0,5968.0
1734339.4667,578465.33333,5989.3333333
904608.0,891364.0,6048.0
844020.26667,857590.13333,6049.0666667
677404.0,764712.0,6052.0
677404.0,764712.0,6052.0
676898.4,764820.8,6063.2
674876.0,765256.0,6108.0
674876.0,765256.0,6108.0
672634.4,767026.4,6164.0
663668.0,774108.0,6388.0
663931.46667,774901.6,6402.9333333
664656.0,777084.0,6444.0
664656.0,777084.0,6444.0
664656.0,777084.0,6444.0
664656.0,777084.0,6444.0
664656.0,777084.0,6444.0
664656.0,777084.0,6444.0
664656.0,777084.0,6444.0
663657.33333,777500.0,6557.3333333
661660.0,778332.0,6784.0
661660.0,778332.0,6784.0
662084.0,778334.66667,6802.6666667
662932.0,778340.0,6840.0
662932.0,778340.0,6840.0
662932.0,778340.0,6840.0
662932.0,778340.0,6840.0
662932.0,778340.0,6840.0
661698.66667,778606.66667,7017.3333333
659232.0,779140.0,7372.0
657985.6,779336.8,7474.4
656116.0,779632.0,7628.0
656116.0,779632.0,7628.0
656116.0,779632.0,7628.0
656116.0,779632.0,7628.0
656116.0,779632.0,7628.0
656116.0,779632.0,7628.0
656116.0,779632.0,7628.0
656116.0,779632.0,7628.0
656116.0,779632.0,7628.0
656116.0,779632.0,7628.0
655997.6,779776.0,7743.2
655820.0,779992.0,7916.0
655820.0,779992.0,7916.0
655820.0,779992.0,7916.0
655820.0,779992.0,7916.0
655820.0,779992.0,7916.0
655820.0,779992.0,7916.0
655820.0,779992.0,7916.0
667061.6,780220.8,7991.2
683924.0,780564.0,8104.0
683924.0,780564.0,8104.0
684698.4,780572.0,8126.4
685860.0,780584.0,8160.0
685860.0,780584.0,8160.0
685860.0,780584.0,8160.0
685860.0,780584.0,8160.0
685860.0,780584.0,8160.0
685860.0,780584.0,8160.0
685860.0,780584.0,8160.0
685860.0,780584.0,8160.0
685860.0,780584.0,8160.0
720922.4,780622.4,8232.5333333
817344.0,780728.0,8432.0
817344.0,780728.0,8432.0
833204.8,780756.0,8446.4
896648.0,780868.0,8504.0
896648.0,780868.0,8504.0
896648.0,780868.0,8504.0
896648.0,780868.0,8504.0
896648.0,780868.0,8504.0
896648.0,780868.0,8504.0
896648.0,780868.0,8504.0
896648.0,780868.0,8504.0
896648.0,780868.0,8504.0
896648.0,780868.0,8504.0
908716.0,780973.33333,8581.3333333
932852.0,781184.0,8736.0
974481.33333,781209.33333,8757.3333333
1057740.0,781260.0,8800.0
1057740.0,781260.0,8800.0
1057740.0,781260.0,8800.0
1057740.0,781260.0,8800.0
1057740.0,781260.0,8800.0
1057088.8,781452.0,8857.6
1056112.0,781740.0,8944.0
1056112.0,781740.0,8944.0
1056112.0,781740.0,8944.0
1056112.0,781740.0,8944.0
1055661.3333,781774.66667,8981.3333333
1054760.0,781844.0,9056.0
1054760.0,781844.0,9056.0
1102444.8,781892.0,9078.4
1173972.0,781964.0,9112.0
1173972.0,781964.0,9112.0
1173972.0,781964.0,9112.0
1173972.0,781964.0,9112.0
1172855.2,781964.0,9156.8
1171180.0,781964.0,9224.0
1171180.0,781964.0,9224.0
1172300.0,782037.6,9249.6
1173980.0,782148.0,9288.0
1172281.3333,783928.8,9383.2
1170340.0,785964.0,9492.0
1170340.0,785964.0,9492.0
1194000.0,786020.0,9521.8666667
1221040.0,786084.0,9556.0
1221040.0,786084.0,9556.0
1232497.6,786087.2,9581.6
1249684.0,786092.0,9620.0
1249189.3333,786103.2,9646.1333333
1248624.0,786116.0,9676.0
1248624.0,786116.0,9676.0
1248624.0,786116.0,9676.0
1248624.0,786116.0,9676.0
1248624.0,786116.0,9676.0
1248624.0,786116.0,9676.0
1248624.0,786116.0,9676.0
1248384.0,786125.33333,9734.6666667
1247904.0,786144.0,9852.0
1247904.0,786144.0,9852.0
1266357.3333,786142.66667,9878.6666667
1303264.0,786140.0,9932.0
1303264.0,786140.0,9932.0
1302778.6667,786143.2,9949.0666667
1301444.0,786152.0,9996.0
1301834.4,786155.2,10010.933333
1302908.0,786164.0,10052.0
1302908.0,786164.0,10052.0
1302908.0,786164.0,10052.0
1302908.0,786164.0,10052.0
1302908.0,786164.0,10052.0
1302081.3333,786202.66667,10089.333333
1300428.0,786280.0,10164.0
1308141.0667,786282.13333,10176.8
1329352.0,786288.0,10212.0
1329352.0,786288.0,10212.0
1329352.0,786288.0,10212.0
1329352.0,786288.0,10212.0
1329352.0,786288.0,10212.0
1329352.0,786288.0,10212.0
1329352.0,786288.0,10212.0
1329352.0,786288.0,10212.0
1329352.0,786288.0,10212.0
1329352.0,786288.0,10212.0
1329352.0,786288.0,10212.0
1329253.3333,786362.66667,10297.333333
1329056.0,786512.0,10468.0
1333246.4,786520.0,10488.8
1339532.0,786532.0,10520.0
1923930.6667,786034.66667,10536.0
