vda,0.80,0.01,0.00,0,0
vda,138.80,0.25,0.30,1,1
vda,2.60,0.00,0.01,0,0
vda,1.20,0.00,0.00,0,0
vda,0.60,0.00,0.00,0,0
vda,46.80,0.00,0.19,0,0
vda,267.80,10.18,0.00,50,0
vda,4.20,0.00,0.02,0,0
vda,108.40,0.41,1.49,2,7
vda,5.40,0.08,0.01,0,0
vda,2.60,0.00,0.01,0,0
vda,0.20,0.00,0.00,0,0
vda,61.00,0.00,0.25,0,1
vda,0.80,0.00,0.00,0,0
vda,2.20,0.00,0.01,0,0
vda,63.80,0.00,0.26,0,1
vda,0.00,0.00,0.00,0,0
vda,2.20,0.00,0.01,0,0
vda,48.40,0.00,0.20,0,0
vda,2.60,0.00,0.01,0,0
vda,0.20,0.00,0.00,0,0
vda,54.40,0.00,0.23,0,1
vda,2.40,0.00,0.01,0,0
vda,1.20,0.00,0.00,0,0
vda,52.80,0.00,0.21,0,1
vda,0.20,0.00,0.00,0,0
vda,2.40,0.00,0.01,0,0
vda,62.40,0.00,0.25,0,1
vda,2.40,0.00,0.01,0,0
vda,2.40,0.00,0.01,0,0
vda,54.80,0.00,0.22,0,1
vda,0.00,0.00,0.00,0,0
vda,2.20,0.00,0.01,0,0
vda,48.40,0.00,0.20,0,0
vda,0.00,0.00,0.00,0,0
vda,1.20,0.00,0.00,0,0
vda,52.60,0.00,0.21,0,1
vda,0.20,0.00,0.00,0,0
vda,2.20,0.00,0.01,0,0
vda,64.20,0.00,0.26,0,1
vda,3.20,0.00,0.01,0,0
vda,1.00,0.00,0.00,0,0
vda,53.20,0.00,0.22,0,1
vda,1.60,0.00,0.01,0,0
vda,2.20,0.00,0.01,0,0
vda,46.40,0.00,0.19,0,0
vda,0.00,0.00,0.00,0,0
vda,41.60,0.00,0.17,0,0
vda,0.80,0.00,0.00,0,0
vda,69.40,0.00,0.28,0,1
vda,2.40,0.00,0.01,0,0
vda,1.40,0.00,0.01,0,0
vda,55.60,0.00,0.23,0,1
vda,1.60,0.00,0.01,0,0
vda,0.20,0.00,0.00,0,0
vda,47.80,0.00,0.20,0,0
vda,1.40,0.00,0.01,0,0
vda,0.00,0.00,0.00,0,0
vda,48.60,0.00,0.20,0,0
vda,1.80,0.00,0.01,0,0
vda,49.00,0.25,0.01,1,0
vda,2.60,0.00,0.01,0,0
vda,0.00,0.00,0.00,0,0
vda,0.60,0.00,0.00,0,0
vda,2.60,0.00,0.01,0,0
vda,24.60,0.00,0.10,0,0
vda,14.00,0.00,0.06,0,0
vda,69.20,0.00,0.28,0,1
vda,1.20,0.00,0.00,0,0
vda,2.20,0.00,0.01,0,0
vda,3.00,0.00,0.01,0,0
vda,1.20,0.00,0.00,0,0
vda,17.40,0.00,0.07,0,0
vda,3.60,0.00,0.02,0,0
vda,1.40,0.00,0.01,0,0
vda,7.00,0.00,0.03,0,0
vda,52.40,0.00,0.21,0,1
vda,1.40,0.00,0.01,0,0
vda,2.80,0.00,0.01,0,0
vda,2.60,0.00,0.01,0,0
vda,12.60,0.00,0.05,0,0
vda,1.40,0.00,0.01,0,0
vda,2.60,0.00,0.01,0,0
vda,4.00,0.00,0.02,0,0
vda,7.20,0.00,0.03,0,0
vda,50.80,0.00,0.20,0,1
vda,2.60,0.00,0.01,0,0
vda,19.00,0.00,0.07,0,0
vda,6.00,0.00,0.02,0,0
vda,2.60,0.00,0.02,0,0
vda,0.00,0.00,0.00,0,0
