16226316.0,41756.0,1828.0
15929577.333,80501.333333,2988.0
15336100.0,157992.0,5308.0
15338214.667,159190.66667,5344.0
15342444.0,161588.0,5416.0
15342444.0,161588.0,5416.0
15341130.667,161589.33333,5433.3333333
15338504.0,161592.0,5468.0
15338504.0,161592.0,5468.0
15338504.0,161592.0,5468.0
15338504.0,161592.0,5468.0
15338504.0,161592.0,5468.0
15338504.0,161592.0,5468.0
15338504.0,161592.0,5468.0
15335107.2,161592.0,5530.4
15330012.0,161592.0,5624.0
15330012.0,161592.0,5624.0
15330012.0,161592.0,5624.0
15330012.0,161592.0,5624.0
15330012.0,161592.0,5624.0
15328919.733,161596.26667,5653.8666667
15327964.0,161600.0,5680.0
15323290.933,161620.8,5822.1333333
15323290.933,161620.8,5822.1333333
15323290.933,161620.8,5822.1333333
15322572.0,161624.0,5844.0
15322572.0,161624.0,5844.0
15322572.0,161624.0,5844.0
15322572.0,161624.0,5844.0
15322572.0,161624.0,5844.0
15322572.0,161624.0,5844.0
15322572.0,161624.0,5844.0
15322572.0,161624.0,5844.0
15312297.333,161677.86667,5865.6
15168452.0,162432.0,6168.0
15168452.0,162432.0,6168.0
15168452.0,162432.0,6168.0
15168452.0,162432.0,6168.0
15166041.067,162432.53333,6174.9333333
15132288.0,162440.0,6272.0
15132288.0,162440.0,6272.0
15132098.667,162441.33333,6275.7333333
15129448.0,162460.0,6328.0
15129691.2,162461.06667,6331.7333333
15133096.0,162476.0,6384.0
15133096.0,162476.0,6384.0
15198198.667,162038.93333,6388.2666667
16109636.0,155920.0,6448.0
