16226276.0,41364.0,1300.0
nan,nan,nan
nan,nan,nan
nan,nan,nan
nan,nan,nan
nan,nan,nan
nan,nan,nan
nan,nan,nan
nan,nan,nan
nan,nan,nan
nan,nan,nan
nan,nan,nan
nan,nan,nan
nan,nan,nan
nan,nan,nan
nan,nan,nan
nan,nan,nan
nan,nan,nan
16199296.0,59220.0,3648.0
16199296.0,59220.0,3648.0
16199296.0,59220.0,3648.0
16199296.0,59220.0,3648.0
16199296.0,59220.0,3648.0
16199296.0,59220.0,3648.0
16199296.0,59220.0,3648.0
16196756.8,60530.4,3716.8
16192948.0,62496.0,3820.0
16192948.0,62496.0,3820.0
16112851.2,77658.933333,3876.0
16021312.0,94988.0,3940.0
15999030.4,94989.6,3956.0
15965608.0,94992.0,3980.0
15963909.333,94994.666667,3985.3333333
15963909.333,94994.666667,3985.3333333
15963060.0,94996.0,3988.0
15963060.0,94996.0,3988.0
15963060.0,94996.0,3988.0
15963060.0,94996.0,3988.0
15963060.0,94996.0,3988.0
15956806.667,94997.866667,4006.6666667
15949660.0,95000.0,4028.0
15949660.0,95000.0,4028.0
15949660.0,95000.0,4028.0
15949660.0,95000.0,4028.0
15949660.0,95000.0,4028.0
15949660.0,95000.0,4028.0
15949660.0,95000.0,4028.0
16132005.6,89787.2,4047.2
