vda,77.60,0.31,0.00,1,0
vda,3.60,0.00,0.01,0,0
vda,50.40,0.00,0.21,0,1
vda,6.20,0.00,0.03,0,0
vda,32.40,0.00,0.13,0,0
vda,65.20,0.43,0.01,2,0
vda,223.00,10.09,0.01,50,0
vda,116.00,11.00,1.39,55,6
vda,58.60,4.31,0.10,21,0
vda,0.00,0.00,0.00,0,0
vda,2.20,0.00,0.01,0,0
vda,36.80,0.00,0.16,0,0
vda,0.00,0.00,0.00,0,0
vda,53.00,0.00,0.22,0,1
vda,1.40,0.00,0.01,0,0
vda,4.40,0.00,0.02,0,0
vda,42.40,0.00,0.18,0,0
vda,0.00,0.00,0.00,0,0
vda,0.60,0.00,0.00,0,0
vda,36.00,0.00,0.15,0,0
vda,1.40,0.00,0.01,0,0
vda,7.40,0.00,0.03,0,0
vda,36.00,0.00,0.15,0,0
vda,1.40,0.00,0.01,0,0
vda,0.60,0.00,0.00,0,0
vda,2.20,0.00,0.01,0,0
vda,2.40,0.00,0.01,0,0
vda,1.00,0.00,0.00,0,0
vda,2.60,0.00,0.01,0,0
vda,18.00,0.00,0.07,0,0
vda,1.60,0.00,0.01,0,0
vda,35.40,0.00,0.14,0,0
vda,7.60,0.00,0.03,0,0
vda,1.40,0.00,0.01,0,0
vda,2.60,0.00,0.01,0,0
vda,35.60,0.00,0.15,0,0
vda,4.00,0.00,0.02,0,0
vda,53.20,0.00,0.22,0,1
vda,7.60,0.00,0.03,0,0
vda,0.20,0.00,0.00,0,0
vda,31.00,0.00,0.13,0,0
vda,6.80,0.00,0.03,0,0
vda,0.60,0.00,0.00,0,0
vda,36.00,0.00,0.15,0,0
vda,1.40,0.00,0.01,0,0
vda,10.60,0.00,0.04,0,0
vda,40.80,0.00,0.17,0,0
vda,2.00,0.00,0.01,0,0
vda,0.00,0.00,0.00,0,0
vda,53.60,0.00,0.22,0,1
vda,1.40,0.00,0.01,0,0
vda,0.80,0.00,0.00,0,0
vda,35.80,0.00,0.15,0,0
vda,1.40,0.00,0.01,0,0
vda,1.80,0.00,0.01,0,0
vda,1.20,0.00,0.00,0,0
vda,36.20,0.00,0.15,0,0
vda,2.59,0.00,0.01,0,0
vda,41.20,0.00,0.17,0,0
vda,1.40,0.00,0.01,0,0
vda,0.00,0.00,0.00,0,0
vda,53.00,0.00,0.21,0,1
vda,0.80,0.00,0.00,0,0
vda,1.40,0.00,0.00,0,0
vda,35.60,0.00,0.15,0,0
vda,3.40,0.00,0.01,0,0
vda,2.80,0.00,0.01,0,0
vda,41.40,0.00,0.17,0,0
vda,1.60,0.00,0.01,0,0
vda,0.60,0.00,0.00,0,0
vda,36.00,0.00,0.15,0,0
vda,1.40,0.00,0.01,0,0
vda,1.00,0.00,0.00,0,0
vda,53.00,0.00,0.22,0,1
vda,2.80,0.00,0.01,0,0
vda,9.80,0.00,0.04,0,0
vda,35.20,0.00,0.14,0,0
vda,0.00,0.00,0.00,0,0
vda,1.20,0.00,0.00,0,0
vda,35.80,0.00,0.15,0,0
vda,0.80,0.00,0.00,0,0
vda,1.20,0.00,0.00,0,0
vda,35.80,0.00,0.15,0,0
vda,12.60,0.11,0.01,0,0
vda,20.80,0.07,0.01,0,0
vda,1.00,0.00,0.00,0,0
vda,1.40,0.00,0.01,0,0
vda,0.00,0.00,0.00,0,0
vda,2.40,0.00,0.01,0,0
vda,24.60,0.00,0.10,0,0
vda,57.80,0.00,0.24,0,1
vda,3.20,0.00,0.01,0,0
vda,0.00,0.00,0.00,0,0
vda,4.20,0.00,0.02,0,0
vda,1.60,0.00,0.01,0,0
vda,0.00,0.00,0.00,0,0
vda,1.40,0.00,0.01,0,0
vda,21.00,0.00,0.09,0,0
vda,1.20,0.00,0.00,0,0
vda,40.20,0.00,0.16,0,0
vda,2.60,0.00,0.01,0,0
vda,2.60,0.00,0.01,0,0
vda,2.80,0.00,0.01,0,0
vda,0.20,0.00,0.00,0,0
vda,11.60,0.00,0.05,0,0
vda,2.40,0.00,0.01,0,0
vda,2.80,0.00,0.01,0,0
vda,8.40,0.00,0.03,0,0
vda,33.60,0.00,0.13,0,0
vda,2.20,0.00,0.01,0,0
vda,0.20,0.00,0.00,0,0
vda,2.60,0.00,0.01,0,0
vda,20.20,0.00,0.08,0,0
vda,1.40,0.00,0.01,0,0
vda,0.00,0.00,0.00,0,0
vda,2.20,0.00,0.01,0,0
vda,0.00,0.00,0.00,0,0
vda,30.40,0.00,0.12,0,0
vda,3.20,0.00,0.01,0,0
vda,13.40,0.00,0.06,0,0
vda,0.20,0.00,0.00,0,0
vda,6.40,0.00,0.03,0,0
vda,1.60,0.00,0.01,0,0
vda,0.00,0.00,0.00,0,0
vda,35.80,0.00,0.14,0,0
vda,1.20,0.00,0.00,0,0
vda,3.60,0.00,0.02,0,0
vda,26.40,0.00,0.10,0,0
vda,1.20,0.00,0.00,0,0
