vda,20.60,0.09,0.00,0,0
vda,49.00,0.18,0.01,0,0
vda,6.80,0.02,0.01,0,0
vda,1.20,0.00,0.00,0,0
vda,1.40,0.00,0.00,0,0
vda,8.80,0.00,0.04,0,0
vda,238.00,9.85,0.05,49,0
vda,37.40,0.00,0.15,0,0
vda,54.20,0.43,0.02,2,0
vda,0.00,0.00,0.00,0,0
vda,1.60,0.00,0.01,0,0
vda,44.80,0.02,1.44,0,7
vda,17.20,0.00,0.07,0,0
vda,1.40,0.00,0.01,0,0
vda,1.60,0.00,0.01,0,0
vda,1.20,0.00,0.00,0,0
vda,11.60,0.00,0.05,0,0
vda,37.80,0.00,0.15,0,0
vda,1.20,0.00,0.00,0,0
vda,2.80,0.00,0.01,0,0
vda,2.60,0.00,0.01,0,0
vda,0.00,0.00,0.00,0,0
vda,1.20,0.00,0.00,0,0
vda,3.00,0.00,0.01,0,0
vda,24.80,0.00,0.11,0,0
vda,4.00,0.00,0.02,0,0
vda,35.60,0.00,0.14,0,0
vda,1.00,0.00,0.00,0,0
vda,2.00,0.00,0.01,0,0
vda,2.60,0.00,0.01,0,0
vda,0.40,0.00,0.00,0,0
vda,43.80,0.00,0.19,0,0
vda,2.00,0.00,0.01,0,0
vda,35.00,0.00,0.15,0,0
