vda,3.40,0.01,0.01,0,0
vda,80.60,0.21,0.11,1,0
vda,18.80,0.00,0.07,0,0
vda,1.20,0.00,0.00,0,0
vda,24.40,0.07,0.03,0,0
vda,54.20,0.00,0.22,0,1
vda,187.40,6.30,0.02,31,0
vda,2.40,0.00,0.01,0,0
vda,33.00,0.00,1.41,0,7
vda,54.60,0.31,0.05,1,0
vda,2.80,0.00,0.01,0,0
vda,0.00,0.00,0.00,0,0
vda,7.60,0.00,0.03,0,0
vda,32.80,0.00,0.14,0,0
vda,8.80,0.00,0.03,0,0
vda,0.00,0.00,0.00,0,0
vda,34.60,0.00,0.15,0,0
vda,2.59,0.00,0.01,0,0
vda,52.60,0.00,0.21,0,1
vda,11.80,0.00,0.05,0,0
vda,0.00,0.00,0.00,0,0
vda,35.80,0.00,0.15,0,0
