vda,61.40,0.26,0.00,1,0
vda,3.60,0.00,0.01,0,0
vda,0.00,0.00,0.00,0,0
vda,88.00,0.61,0.01,3,0
vda,1.60,0.00,0.01,0,0
vda,1.80,0.00,0.01,0,0
vda,348.80,12.98,0.31,64,1
vda,99.20,11.70,0.02,58,0
vda,109.60,12.57,0.01,62,0
vda,62.80,7.83,0.00,39,0
vda,3.40,0.00,0.01,0,0
vda,52.00,0.00,1.49,0,7
vda,5.20,0.00,0.02,0,0
vda,2.00,0.00,0.01,0,0
vda,1.60,0.00,0.01,0,0
vda,0.00,0.00,0.00,0,0
vda,2.20,0.00,0.01,0,0
vda,0.20,0.00,0.00,0,0
vda,181.60,2.10,0.10,10,0
vda,63.20,0.00,0.25,0,1
vda,10.80,0.74,0.00,3,0
vda,1.40,0.00,0.01,0,0
vda,58.00,0.00,0.24,0,1
vda,0.20,0.00,0.00,0,0
vda,1.60,0.00,0.01,0,0
vda,2.20,0.00,0.01,0,0
vda,53.80,0.00,0.22,0,1
vda,2.00,0.00,0.01,0,0
vda,2.40,0.00,0.01,0,0
vda,0.60,0.00,0.00,0,0
vda,1.40,0.00,0.00,0,0
vda,2.20,0.00,0.01,0,0
vda,2.60,0.00,0.01,0,0
vda,20.40,0.00,0.08,0,0
vda,51.80,0.00,0.21,0,1
vda,0.60,0.00,0.00,0,0
vda,2.20,0.00,0.01,0,0
vda,1.20,0.00,0.00,0,0
vda,0.40,0.00,0.00,0,0
vda,8.40,0.00,0.03,0,0
vda,13.80,0.00,0.05,0,0
vda,0.60,0.00,0.00,0,0
vda,2.00,0.00,0.01,0,0
vda,54.00,0.00,0.22,0,1
vda,2.00,0.00,0.01,0,0
vda,0.00,0.00,0.00,0,0
vda,2.20,0.00,0.01,0,0
vda,0.20,0.00,0.00,0,0
vda,18.16,0.00,0.07,0,0
vda,10.20,0.00,0.05,0,0
vda,1.00,0.00,0.00,0,0
vda,4.40,0.00,0.02,0,0
vda,34.00,0.00,0.14,0,0
vda,0.00,0.00,0.00,0,0
vda,1.60,0.00,0.01,0,0
vda,19.20,0.00,0.08,0,0
vda,1.60,0.00,0.01,0,0
vda,1.60,0.00,0.01,0,0
vda,9.60,0.00,0.04,0,0
vda,1.20,0.00,0.00,0,0
vda,1.40,0.00,0.01,0,0
vda,53.80,0.00,0.21,0,1
vda,11.60,0.00,0.05,0,0
vda,1.40,0.00,0.01,0,0
vda,3.40,0.00,0.01,0,0
vda,0.00,0.00,0.00,0,0
vda,31.60,0.09,0.03,0,0
vda,13.20,0.12,0.01,0,0
vda,4.00,0.00,0.02,0,0
vda,0.20,0.00,0.00,0,0
vda,93.40,0.00,0.37,0,1
vda,2.00,0.00,0.01,0,0
vda,16.40,0.00,0.07,0,0
vda,0.60,0.00,0.00,0,0
vda,1.80,0.00,0.01,0,0
vda,1.60,0.00,0.01,0,0
vda,2.20,0.00,0.01,0,0
vda,4.00,0.00,0.02,0,0
vda,112.40,1.08,0.12,5,0
vda,74.20,0.18,0.22,0,1
vda,9.00,0.05,0.01,0,0
vda,2.80,0.00,0.01,0,0
vda,2.40,0.00,0.01,0,0
vda,18.80,0.07,0.00,0,0
vda,22.40,0.02,0.10,0,0
vda,25.80,0.00,0.11,0,0
vda,3.80,0.00,0.01,0,0
vda,51.00,0.00,0.21,0,1
vda,3.00,0.00,0.01,0,0
vda,0.00,0.00,0.00,0,0
vda,47.20,0.00,0.19,0,0
vda,2.40,0.00,0.01,0,0
vda,0.60,0.00,0.00,0,0
vda,70.00,0.00,0.28,0,1
vda,4.60,0.01,0.01,0,0
vda,0.00,0.00,0.00,0,0
vda,51.40,0.00,0.21,0,1
vda,10.80,0.02,0.06,0,0
vda,3.20,0.00,0.01,0,0
vda,55.40,0.00,0.23,0,1
vda,3.40,0.00,0.01,0,0
vda,0.60,0.00,0.00,0,0
vda,47.80,0.00,0.20,0,0
vda,2.40,0.00,0.01,0,0
vda,0.60,0.00,0.00,0,0
vda,69.80,0.00,0.28,0,1
vda,3.80,0.00,0.01,0,0
vda,1.60,0.00,0.01,0,0
vda,53.20,0.00,0.22,0,1
vda,2.40,0.00,0.01,0,0
vda,0.60,0.00,0.00,0,0
vda,46.80,0.00,0.19,0,0
vda,2.40,0.00,0.01,0,0
vda,0.00,0.00,0.00,0,0
vda,46.80,0.00,0.19,0,0
vda,4.00,0.00,0.02,0,0
vda,1.00,0.00,0.00,0,0
vda,78.20,0.00,0.32,0,1
vda,2.60,0.00,0.01,0,0
vda,0.00,0.00,0.00,0,0
vda,47.60,0.00,0.19,0,0
vda,2.40,0.00,0.01,0,0
vda,0.00,0.00,0.00,0,0
vda,47.40,0.00,0.19,0,0
vda,3.20,0.00,0.01,0,0
vda,1.60,0.00,0.01,0,0
vda,53.09,0.00,0.22,0,1
vda,2.40,0.00,0.01,0,0
vda,0.00,0.00,0.00,0,0
vda,70.20,0.00,0.28,0,1
vda,2.40,0.00,0.01,0,0
vda,0.00,0.00,0.00,0,0
vda,50.40,0.00,0.21,0,1
vda,0.00,0.00,0.00,0,0
vda,1.00,0.00,0.00,0,0
vda,1.20,0.00,0.00,0,0
vda,2.20,0.00,0.01,0,0
vda,55.80,0.00,0.23,0,1
vda,0.00,0.00,0.00,0,0
vda,2.20,0.00,0.01,0,0
vda,69.40,0.00,0.28,0,1
vda,1.60,0.00,0.01,0,0
vda,3.00,0.00,0.01,0,0
vda,2.00,0.00,0.01,0,0
vda,55.00,0.00,0.23,0,1
vda,2.20,0.00,0.01,0,0
vda,46.60,0.00,0.19,0,0
vda,1.40,0.00,0.01,0,0
vda,2.40,0.00,0.01,0,0
vda,46.00,0.00,0.19,0,0
vda,172.00,2.94,0.01,14,0
vda,21.60,0.00,0.08,0,0
vda,97.40,0.00,0.54,0,2
vda,14.00,0.16,0.01,0,0
vda,12.40,0.01,1.60,0,7
vda,103.60,10.28,10.05,51,50
vda,66.40,4.16,0.03,20,0
vda,7.80,0.00,0.06,0,0
vda,4.80,0.00,0.02,0,0
vda,16.20,0.00,0.08,0,0
vda,51.00,0.00,0.52,0,2
vda,3.20,0.00,0.25,0,1
vda,2.40,0.00,0.01,0,0
vda,2.80,0.00,0.01,0,0
vda,2.80,0.00,0.01,0,0
vda,87.80,0.00,0.38,0,1
vda,3.20,0.00,0.01,0,0
vda,0.00,0.00,0.00,0,0
vda,52.80,0.00,0.24,0,1
vda,1.80,0.00,0.01,0,0
vda,48.00,0.00,0.19,0,0
vda,1.40,0.00,0.01,0,0
vda,1.20,0.00,0.00,0,0
vda,57.80,0.00,0.23,0,1
vda,1.60,0.00,0.01,0,0
vda,0.00,0.00,0.00,0,0
vda,78.80,0.00,0.32,0,1
vda,2.00,0.00,0.01,0,0
vda,2.00,0.00,0.01,0,0
vda,2.80,0.00,0.01,0,0
vda,56.80,0.00,0.27,0,1
vda,1.40,0.00,0.01,0,0
vda,56.80,0.00,0.23,0,1
vda,1.40,0.00,0.00,0,0
vda,2.20,0.00,0.01,0,0
vda,52.80,0.00,0.21,0,1
vda,1.40,0.00,0.01,0,0
vda,2.20,0.00,0.01,0,0
vda,103.40,0.00,0.42,0,2
vda,2.40,0.00,0.01,0,0
vda,0.00,0.00,0.00,0,0
vda,2.00,0.00,0.01,0,0
vda,56.40,0.00,0.23,0,1
vda,2.60,0.00,0.01,0,0
vda,52.60,0.00,0.21,0,1
vda,1.40,0.00,0.01,0,0
vda,1.20,0.00,0.00,0,0
vda,48.00,0.00,0.20,0,0
vda,0.80,0.00,0.00,0,0
vda,70.20,0.00,0.28,0,1
vda,2.80,0.00,0.01,0,0
vda,4.20,0.00,0.02,0,0
vda,57.00,0.00,0.23,0,1
vda,1.40,0.00,0.00,0,0
vda,6.79,0.00,0.06,0,0
vda,3.60,0.00,0.01,0,0
vda,2.40,0.00,0.01,0,0
vda,48.80,0.00,0.20,0,1
vda,2.20,0.00,0.01,0,0
vda,2.00,0.00,0.01,0,0
vda,4.60,0.00,0.02,0,0
vda,79.60,0.00,0.32,0,1
vda,0.20,0.00,0.00,0,0
vda,1.20,0.00,0.00,0,0
vda,2.20,0.00,0.01,0,0
vda,0.60,0.00,0.00,0,0
vda,1.20,0.00,0.00,0,0
vda,2.60,0.00,0.01,0,0
vda,13.80,0.00,0.06,0,0
vda,57.20,0.00,0.23,0,1
vda,2.60,0.00,0.01,0,0
vda,0.00,0.00,0.00,0,0
vda,53.20,0.00,0.21,0,1
vda,1.60,0.00,0.01,0,0
vda,2.00,0.00,0.01,0,0
vda,64.20,0.00,0.26,0,1
vda,1.40,0.00,0.01,0,0
vda,2.00,0.00,0.01,0,0
vda,56.60,0.00,0.23,0,1
vda,2.40,0.00,0.01,0,0
vda,0.00,0.00,0.00,0,0
vda,54.20,0.00,0.22,0,1
vda,1.40,0.00,0.01,0,0
vda,2.20,0.00,0.01,0,0
vda,52.40,0.00,0.21,0,1
vda,1.40,0.00,0.01,0,0
vda,2.20,0.00,0.01,0,0
vda,63.60,0.00,0.26,0,1
vda,4.20,0.00,0.02,0,0
vda,1.60,0.00,0.01,0,0
vda,53.20,0.00,0.22,0,1
vda,2.60,0.00,0.01,0,0
vda,0.00,0.00,0.00,0,0
vda,47.40,0.00,0.19,0,0
vda,1.40,0.00,0.01,0,0
vda,2.00,0.00,0.01,0,0
vda,53.00,0.00,0.21,0,1
vda,4.20,0.00,0.02,0,0
vda,1.60,0.00,0.01,0,0
vda,71.00,0.00,0.29,0,1
vda,1.40,0.00,0.01,0,0
vda,2.20,0.00,0.01,0,0
vda,46.60,0.00,0.19,0,0
vda,2.40,0.00,0.01,0,0
vda,1.20,0.00,0.00,0,0
vda,45.80,0.00,0.19,0,0
vda,1.40,0.00,0.01,0,0
vda,3.40,0.00,0.01,0,0
vda,1.60,0.00,0.01,0,0
vda,0.00,0.00,0.00,0,0
vda,2.20,0.00,0.01,0,0
vda,0.40,0.00,0.00,0,0
vda,53.40,0.00,0.21,0,1
vda,27.00,0.00,0.11,0,0
vda,9.00,0.00,0.06,0,0
vda,48.00,0.00,0.20,0,0
vda,3.20,0.00,0.01,0,0
vda,23.00,0.00,0.09,0,0
vda,3.00,0.00,0.01,0,0
vda,40.80,0.00,0.17,0,0
vda,2.60,0.00,0.01,0,0
vda,2.80,0.00,0.01,0,0
vda,70.40,0.00,0.28,0,1
vda,0.20,0.00,0.00,0,0
vda,1.20,0.00,0.00,0,0
vda,48.00,0.00,0.20,0,0
vda,0.80,0.00,0.00,0,0
vda,3.20,0.00,0.01,0,0
vda,2.00,0.00,0.01,0,0
vda,1.60,0.00,0.00,0,0
vda,2.20,0.00,0.01,0,0
vda,1.60,0.00,0.01,0,0
vda,53.00,0.00,0.21,0,1
vda,9.78,0.00,0.04,0,0
vda,0.00,0.00,0.00,0,0
vda,0.60,0.00,0.00,0,0
vda,1.20,0.00,0.00,0,0
vda,8.60,0.02,0.01,0,0
vda,4.80,0.29,0.00,1,0
vda,68.40,0.02,0.27,0,1
vda,2.20,0.00,0.01,0,0
vda,4.80,0.23,0.00,1,0
vda,2.20,0.00,0.01,0,0
vda,1.80,0.00,0.01,0,0
vda,11.00,0.00,0.05,0,0
vda,0.60,0.00,0.00,0,0
vda,6.00,0.00,0.03,0,0
vda,18.00,0.00,0.07,0,0
vda,51.80,0.00,0.21,0,1
vda,6.00,0.00,0.02,0,0
vda,3.60,0.00,0.02,0,0
vda,2.80,0.00,0.01,0,0
