vda,54.00,0.13,0.09,0,0
vda,121.40,0.62,0.11,3,0
vda,18.80,0.06,0.01,0,0
vda,6.40,0.00,0.03,0,0
vda,23.20,0.00,0.10,0,0
vda,1.80,0.00,0.01,0,0
vda,109.60,2.89,0.14,14,0
vda,100.20,2.41,0.05,12,0
vda,49.20,0.48,0.91,2,4
vda,93.80,9.09,0.52,45,2
vda,87.20,10.70,0.01,53,0
vda,73.20,8.80,0.01,44,0
vda,47.60,0.73,0.19,3,0
vda,11.40,0.00,0.04,0,0
vda,0.60,0.00,0.00,0,0
vda,43.20,0.00,0.18,0,0
vda,6.60,0.00,0.03,0,0
vda,34.80,0.00,0.14,0,0
vda,2.20,0.00,0.01,0,0
vda,7.80,0.00,0.04,0,0
vda,44.80,0.00,0.18,0,0
vda,1.60,0.00,0.01,0,0
vda,7.40,0.00,0.04,0,0
vda,19.60,0.00,0.08,0,0
vda,20.40,0.00,0.08,0,0
vda,1.20,0.00,0.00,0,0
vda,13.40,0.00,0.05,0,0
vda,27.80,0.00,0.11,0,0
vda,3.40,0.00,0.01,0,0
vda,12.80,0.00,0.05,0,0
vda,15.80,0.00,0.07,0,0
vda,15.80,0.00,0.06,0,0
vda,11.00,0.00,0.04,0,0
vda,35.00,0.00,0.14,0,0
vda,1.20,0.00,0.00,0,0
vda,7.80,0.00,0.03,0,0
vda,37.20,0.00,0.15,0,0
vda,19.40,0.00,0.08,0,0
vda,19.60,0.00,0.08,0,0
vda,3.20,0.00,0.02,0,0
vda,21.60,0.00,0.09,0,0
vda,2.40,0.00,0.01,0,0
vda,36.00,0.00,0.15,0,0
vda,1.20,0.00,0.00,0,0
vda,36.80,0.00,0.15,0,0
vda,0.80,0.00,0.00,0,0
vda,13.40,0.00,0.05,0,0
vda,41.40,0.00,0.16,0,0
vda,2.20,0.00,0.01,0,0
vda,19.40,0.00,0.08,0,0
vda,35.40,0.00,0.14,0,0
vda,1.20,0.00,0.00,0,0
vda,8.20,0.00,0.03,0,0
vda,34.80,0.00,0.14,0,0
vda,2.20,0.00,0.01,0,0
vda,8.20,0.00,0.04,0,0
vda,37.00,0.00,0.14,0,0
vda,1.00,0.00,0.00,0,0
vda,8.40,0.00,0.04,0,0
vda,48.20,0.00,0.19,0,0
vda,29.00,0.00,0.12,0,0
vda,1.60,0.00,0.01,0,0
vda,35.40,0.00,0.14,0,0
vda,2.20,0.00,0.01,0,0
vda,8.00,0.00,0.04,0,0
vda,19.00,0.00,0.07,0,0
vda,14.80,0.00,0.06,0,0
vda,1.20,0.00,0.00,0,0
vda,35.40,0.00,0.14,0,0
vda,17.80,0.01,0.07,0,0
vda,1.00,0.00,0.00,0,0
vda,18.00,0.07,0.00,0,0
vda,49.40,0.11,0.16,0,0
vda,44.80,0.00,0.18,0,0
vda,1.40,0.00,0.01,0,0
vda,9.00,0.00,0.04,0,0
vda,30.20,0.00,0.12,0,0
vda,1.00,0.00,0.00,0,0
vda,37.80,0.00,0.15,0,0
vda,15.80,0.00,0.07,0,0
vda,1.40,0.00,0.01,0,0
vda,28.00,0.00,0.11,0,0
vda,9.60,0.00,0.04,0,0
vda,19.00,0.00,0.08,0,0
vda,37.20,0.00,0.15,0,0
vda,8.20,0.00,0.03,0,0
vda,14.20,0.00,0.05,0,0
vda,25.60,0.00,0.10,0,0
vda,16.40,0.00,0.07,0,0
vda,15.80,0.00,0.06,0,0
vda,23.80,0.00,0.10,0,0
vda,1.20,0.00,0.00,0,0
vda,14.40,0.00,0.06,0,0
vda,23.40,0.00,0.10,0,0
vda,13.80,0.00,0.05,0,0
vda,1.20,0.00,0.00,0,0
vda,32.40,0.00,0.13,0,0
vda,25.40,0.00,0.10,0,0
vda,16.80,0.00,0.07,0,0
vda,35.60,0.00,0.14,0,0
vda,1.20,0.00,0.00,0,0
vda,11.40,0.00,0.04,0,0
vda,37.00,0.00,0.15,0,0
vda,1.00,0.00,0.00,0,0
vda,7.20,0.00,0.03,0,0
vda,2.00,0.00,0.01,0,0
vda,36.60,0.00,0.15,0,0
vda,2.60,0.00,0.01,0,0
vda,40.80,0.00,0.16,0,0
