16221460.0,42404.0,2872.0
15539928.267,139214.66667,3352.0
15539928.267,139214.66667,3352.0
14943588.0,223924.0,3772.0
14912080.0,227856.0,3828.0
14912080.0,227856.0,3828.0
14912080.0,227856.0,3828.0
14909228.0,227856.0,3892.0
14909228.0,227856.0,3892.0
14909228.0,227856.0,3892.0
14722108.0,227864.0,3952.0
14722108.0,227864.0,3952.0
14722108.0,227864.0,3952.0
14722108.0,227864.0,3952.0
14720670.133,227866.13333,4024.5333333
14720670.133,227866.13333,4024.5333333
14719412.0,227868.0,4088.0
14719412.0,227868.0,4088.0
14636732.0,227872.0,4144.0
14636732.0,227872.0,4144.0
14636732.0,227872.0,4144.0
14636732.0,227872.0,4144.0
14636732.0,227872.0,4144.0
14636732.0,227872.0,4144.0
14636732.0,227872.0,4144.0
14636732.0,227872.0,4144.0
14572920.0,228744.0,4496.0
14572920.0,228744.0,4496.0
14468931.733,228755.2,4555.7333333
14461504.0,228756.0,4560.0
14461504.0,228756.0,4560.0
14461504.0,228756.0,4560.0
14461504.0,228756.0,4560.0
