16200200.0,62304.0,1356.0
15623465.6,146244.26667,2822.6666667
15413744.0,176768.0,3356.0
15413744.0,176768.0,3356.0
13610973.067,530824.26667,3408.8
12955420.0,659572.0,3428.0
11867190.667,980348.0,3470.6666667
11323076.0,1140736.0,3492.0
11323076.0,1140736.0,3492.0
10128399.2,1388348.8,3525.6
9331948.0,1553424.0,3548.0
8449384.0,1876252.8,3581.6
7861008.0,2091472.0,3604.0
7861008.0,2091472.0,3604.0
6718586.4,2091476.8,3637.6
5956972.0,2091480.0,3660.0
5956972.0,2091480.0,3660.0
6130324.5333,2091484.2667,3685.6
6282008.0,2091488.0,3708.0
6282008.0,2091488.0,3708.0
6282008.0,2091488.0,3708.0
6282008.0,2091488.0,3708.0
6280951.4667,2091491.7333,3767.7333333
6279744.0,2091496.0,3836.0
6279744.0,2091496.0,3836.0
6279744.0,2091496.0,3836.0
6279744.0,2091496.0,3836.0
6279229.8667,2091510.9333,3908.5333333
6278780.0,2091524.0,3972.0
6278780.0,2091524.0,3972.0
6278093.6,2091533.6,4010.4
6277636.0,2091540.0,4036.0
6277636.0,2091540.0,4036.0
6277636.0,2091540.0,4036.0
6277636.0,2091540.0,4036.0
6277636.0,2091540.0,4036.0
6277636.0,2091540.0,4036.0
6277636.0,2091540.0,4036.0
6277636.0,2091540.0,4036.0
6277636.0,2091540.0,4036.0
6277636.0,2091540.0,4036.0
6277636.0,2091540.0,4036.0
6277487.2,2091556.8,4180.0
6277388.0,2091568.0,4276.0
6277388.0,2091568.0,4276.0
6277388.0,2091568.0,4276.0
6277388.0,2091568.0,4276.0
6277388.0,2091568.0,4276.0
6277388.0,2091568.0,4276.0
6277388.0,2091568.0,4276.0
6277388.0,2091568.0,4276.0
6277388.0,2091568.0,4276.0
6277388.0,2091568.0,4276.0
6277388.0,2091568.0,4276.0
6277687.2,2091597.3333,4510.6666667
6277796.0,2091608.0,4596.0
6277796.0,2091608.0,4596.0
6277796.0,2091608.0,4596.0
6277796.0,2091608.0,4596.0
6277796.0,2091608.0,4596.0
6277796.0,2091608.0,4596.0
6277796.0,2091608.0,4596.0
6277796.0,2091608.0,4596.0
6277796.0,2091608.0,4596.0
6277796.0,2091608.0,4596.0
6277796.0,2091608.0,4596.0
6277514.4,2091627.2,4728.2666667
6277268.0,2091644.0,4844.0
6277268.0,2091644.0,4844.0
6277268.0,2091644.0,4844.0
6277268.0,2091644.0,4844.0
6277268.0,2091644.0,4844.0
6277268.0,2091644.0,4844.0
6275986.4,2091648.8,4954.4
6275132.0,2091652.0,5028.0
6276087.7333,2091660.5333,5057.8666667
6276924.0,2091668.0,5084.0
6276924.0,2091668.0,5084.0
6276924.0,2091668.0,5084.0
6276924.0,2091668.0,5084.0
6276924.0,2091668.0,5084.0
6276924.0,2091668.0,5084.0
6276924.0,2091668.0,5084.0
6276924.0,2091668.0,5084.0
6276924.0,2091668.0,5084.0
6276924.0,2091668.0,5084.0
6276924.0,2091668.0,5084.0
6276552.0,2091756.8,5228.0
6276304.0,2091816.0,5324.0
6275156.8,2091808.8,5362.4
6274392.0,2091804.0,5388.0
6275522.6667,2091814.6667,5425.3333333
6276088.0,2091820.0,5444.0
6276088.0,2091820.0,5444.0
6272972.8,2093171.2,5768.0
6270896.0,2094072.0,5984.0
6270896.0,2094072.0,5984.0
6270896.0,2094072.0,5984.0
6270896.0,2094072.0,5984.0
6270896.0,2094072.0,5984.0
6270896.0,2094072.0,5984.0
6270896.0,2094072.0,5984.0
6270896.0,2094072.0,5984.0
6270896.0,2094072.0,5984.0
6270896.0,2094072.0,5984.0
6270896.0,2094072.0,5984.0
6270540.8,2094146.4,6128.0
6270304.0,2094196.0,6224.0
6270304.0,2094196.0,6224.0
6270304.0,2094196.0,6224.0
6270304.0,2094196.0,6224.0
6270304.0,2094196.0,6224.0
6270304.0,2094196.0,6224.0
6270304.0,2094196.0,6224.0
6270304.0,2094196.0,6224.0
6270304.0,2094196.0,6224.0
6270304.0,2094196.0,6224.0
6270304.0,2094196.0,6224.0
6269793.6,2094284.0,6452.8
6269608.0,2094316.0,6536.0
6269608.0,2094316.0,6536.0
6269608.0,2094316.0,6536.0
6269608.0,2094316.0,6536.0
6269608.0,2094316.0,6536.0
6269608.0,2094316.0,6536.0
6269608.0,2094316.0,6536.0
6269608.0,2094316.0,6536.0
6269608.0,2094316.0,6536.0
6269608.0,2094316.0,6536.0
6269608.0,2094316.0,6536.0
6269995.2,2094336.5333,6700.2666667
6270136.0,2094344.0,6760.0
6270136.0,2094344.0,6760.0
6270136.0,2094344.0,6760.0
6270136.0,2094344.0,6760.0
6270136.0,2094344.0,6760.0
6270136.0,2094344.0,6760.0
6270136.0,2094344.0,6760.0
6270136.0,2094344.0,6760.0
6270136.0,2094344.0,6760.0
6270136.0,2094344.0,6760.0
6270136.0,2094344.0,6760.0
6269247.2,2094432.0,7000.5333333
6268924.0,2094464.0,7088.0
6268924.0,2094464.0,7088.0
6268924.0,2094464.0,7088.0
6268924.0,2094464.0,7088.0
6268924.0,2094464.0,7088.0
6268924.0,2094464.0,7088.0
6268924.0,2094464.0,7088.0
6268924.0,2094464.0,7088.0
6268924.0,2094464.0,7088.0
6268924.0,2094464.0,7088.0
6268924.0,2094464.0,7088.0
6269009.3333,2094512.0,7261.3333333
6269052.0,2094536.0,7348.0
6269052.0,2094536.0,7348.0
6269052.0,2094536.0,7348.0
6269052.0,2094536.0,7348.0
6269052.0,2094536.0,7348.0
6269052.0,2094536.0,7348.0
6269052.0,2094536.0,7348.0
6269052.0,2094536.0,7348.0
6269052.0,2094536.0,7348.0
6269052.0,2094536.0,7348.0
6269052.0,2094536.0,7348.0
6268422.6667,2094544.5333,7514.4
6267872.0,2094552.0,7660.0
6267872.0,2094552.0,7660.0
6266537.6,2095488.0,8912.8
6265648.0,2096112.0,9748.0
6265648.0,2096112.0,9748.0
6265648.0,2096112.0,9748.0
6265648.0,2096112.0,9748.0
6265648.0,2096112.0,9748.0
6265648.0,2096112.0,9748.0
6265648.0,2096112.0,9748.0
6265648.0,2096112.0,9748.0
6265648.0,2096112.0,9748.0
6265648.0,2096112.0,9748.0
6265648.0,2096112.0,9748.0
6265315.2,2096158.9333,9893.0666667
6265024.0,2096200.0,10020.0
6265024.0,2096200.0,10020.0
6265024.0,2096200.0,10020.0
6265024.0,2096200.0,10020.0
6265024.0,2096200.0,10020.0
6265024.0,2096200.0,10020.0
6265024.0,2096200.0,10020.0
6265024.0,2096200.0,10020.0
6265024.0,2096200.0,10020.0
6265024.0,2096200.0,10020.0
6265024.0,2096200.0,10020.0
6264808.5333,2096221.3333,10186.4
6264620.0,2096240.0,10332.0
6264620.0,2096240.0,10332.0
6264620.0,2096240.0,10332.0
6264620.0,2096240.0,10332.0
6264620.0,2096240.0,10332.0
6264620.0,2096240.0,10332.0
6264620.0,2096240.0,10332.0
6264620.0,2096240.0,10332.0
6264620.0,2096240.0,10332.0
6264620.0,2096240.0,10332.0
6264620.0,2096240.0,10332.0
6264300.0,2096261.3333,10502.666667
6263289.3333,2096274.6667,10625.333333
6262864.0,2096276.0,10644.0
6262864.0,2096276.0,10644.0
6262864.0,2096276.0,10644.0
6262864.0,2096276.0,10644.0
6262864.0,2096276.0,10644.0
6262864.0,2096276.0,10644.0
6262864.0,2096276.0,10644.0
6262864.0,2096276.0,10644.0
6262864.0,2096276.0,10644.0
6262864.0,2096276.0,10644.0
6262864.0,2096276.0,10644.0
6262864.0,2096276.0,10644.0
6263470.6667,2096303.7333,10845.066667
6263564.0,2096308.0,10876.0
6263564.0,2096308.0,10876.0
6263564.0,2096308.0,10876.0
6261695.4667,2096380.8,10973.066667
6261408.0,2096392.0,10988.0
6263172.5333,2096395.4667,11036.533333
6263444.0,2096396.0,11044.0
6263444.0,2096396.0,11044.0
6263444.0,2096396.0,11044.0
6263444.0,2096396.0,11044.0
6263444.0,2096396.0,11044.0
6263444.0,2096396.0,11044.0
6263444.0,2096396.0,11044.0
6263444.0,2096396.0,11044.0
6263444.0,2096396.0,11044.0
6263444.0,2096396.0,11044.0
6263444.0,2096396.0,11044.0
6263132.0,2096412.0,11292.0
6263132.0,2096412.0,11292.0
6263132.0,2096412.0,11292.0
6263132.0,2096412.0,11292.0
6263132.0,2096412.0,11292.0
6263132.0,2096412.0,11292.0
6263132.0,2096412.0,11292.0
6263132.0,2096412.0,11292.0
6263132.0,2096412.0,11292.0
6263132.0,2096412.0,11292.0
6312927.2,2096430.6667,11530.933333
6316484.0,2096432.0,11548.0
6363260.0,2096440.0,11612.0
6363260.0,2096440.0,11612.0
6363260.0,2096440.0,11612.0
6363260.0,2096440.0,11612.0
6363260.0,2096440.0,11612.0
6363260.0,2096440.0,11612.0
6363260.0,2096440.0,11612.0
6363260.0,2096440.0,11612.0
6363260.0,2096440.0,11612.0
6363260.0,2096440.0,11612.0
6363260.0,2096440.0,11612.0
6363260.0,2096440.0,11612.0
6363916.0,2096528.0,11852.0
6363916.0,2096528.0,11852.0
6363916.0,2096528.0,11852.0
6363916.0,2096528.0,11852.0
6363916.0,2096528.0,11852.0
6363916.0,2096528.0,11852.0
6363916.0,2096528.0,11852.0
6363916.0,2096528.0,11852.0
6363916.0,2096528.0,11852.0
6363916.0,2096528.0,11852.0
6363916.0,2096528.0,11852.0
6363916.0,2096528.0,11852.0
6364031.7333,2096546.6667,12135.733333
6364040.0,2096548.0,12156.0
6364040.0,2096548.0,12156.0
6364040.0,2096548.0,12156.0
6364040.0,2096548.0,12156.0
6364040.0,2096548.0,12156.0
6362640.0,2096564.0,12268.0
6362640.0,2096564.0,12268.0
6362640.0,2096564.0,12268.0
6362640.0,2096564.0,12268.0
6362640.0,2096564.0,12268.0
6362640.0,2096564.0,12268.0
6362640.0,2096564.0,12268.0
6362640.0,2096564.0,12268.0
6362640.0,2096564.0,12268.0
6362640.0,2096564.0,12268.0
6362640.0,2096564.0,12268.0
6362640.0,2096564.0,12268.0
6362931.2,2096616.2667,12521.866667
6362952.0,2096620.0,12540.0
6362952.0,2096620.0,12540.0
6362952.0,2096620.0,12540.0
6362952.0,2096620.0,12540.0
6362952.0,2096620.0,12540.0
6362952.0,2096620.0,12540.0
6362952.0,2096620.0,12540.0
6362952.0,2096620.0,12540.0
6362952.0,2096620.0,12540.0
6362952.0,2096620.0,12540.0
6362482.6667,2096630.6667,12693.6
6362482.6667,2096630.6667,12693.6
6362072.0,2096640.0,12828.0
6362072.0,2096640.0,12828.0
6362072.0,2096640.0,12828.0
6362072.0,2096640.0,12828.0
6362072.0,2096640.0,12828.0
6362072.0,2096640.0,12828.0
6362072.0,2096640.0,12828.0
6362072.0,2096640.0,12828.0
6362072.0,2096640.0,12828.0
6362072.0,2096640.0,12828.0
6362072.0,2096640.0,12828.0
6362646.9333,2096681.0667,13066.933333
6362688.0,2096684.0,13084.0
6362688.0,2096684.0,13084.0
6362688.0,2096684.0,13084.0
6362688.0,2096684.0,13084.0
6362688.0,2096684.0,13084.0
6362688.0,2096684.0,13084.0
6362688.0,2096684.0,13084.0
6362688.0,2096684.0,13084.0
6362688.0,2096684.0,13084.0
6362688.0,2096684.0,13084.0
6362688.0,2096684.0,13084.0
6362044.8,2096696.8,13320.8
6361884.0,2096700.0,13380.0
6361884.0,2096700.0,13380.0
6361884.0,2096700.0,13380.0
6361884.0,2096700.0,13380.0
6361884.0,2096700.0,13380.0
6361884.0,2096700.0,13380.0
6361209.3333,2096799.7333,13509.066667
6360964.0,2096836.0,13556.0
6360964.0,2096836.0,13556.0
6360964.0,2096836.0,13556.0
6360964.0,2096836.0,13556.0
6360964.0,2096836.0,13556.0
6360964.0,2096836.0,13556.0
6360964.0,2096836.0,13556.0
6360964.0,2096836.0,13556.0
6360964.0,2096836.0,13556.0
6360964.0,2096836.0,13556.0
6360964.0,2096836.0,13556.0
6360964.0,2096836.0,13556.0
6361668.0,2096859.4667,13708.533333
6361152.5333,2096876.8,13805.066667
6360872.0,2096880.0,13820.0
6360872.0,2096880.0,13820.0
6360872.0,2096880.0,13820.0
6360872.0,2096880.0,13820.0
6360872.0,2096880.0,13820.0
6360872.0,2096880.0,13820.0
6360872.0,2096880.0,13820.0
6360872.0,2096880.0,13820.0
6360872.0,2096880.0,13820.0
6360872.0,2096880.0,13820.0
6360872.0,2096880.0,13820.0
6360509.6,2096968.8,13964.0
6495750.4,2097030.4,14088.8
6586072.0,2097032.0,14108.0
6586072.0,2097032.0,14108.0
6586072.0,2097032.0,14108.0
6586072.0,2097032.0,14108.0
6586072.0,2097032.0,14108.0
6586072.0,2097032.0,14108.0
6586072.0,2097032.0,14108.0
6586072.0,2097032.0,14108.0
6586072.0,2097032.0,14108.0
6586072.0,2097032.0,14108.0
6586072.0,2097032.0,14108.0
6586287.4667,2097044.8,14240.266667
6587450.9333,2097051.7333,14398.666667
6588304.0,2097048.0,14436.0
6588304.0,2097048.0,14436.0
6588304.0,2097048.0,14436.0
6588304.0,2097048.0,14436.0
6588304.0,2097048.0,14436.0
6588304.0,2097048.0,14436.0
6588304.0,2097048.0,14436.0
6588304.0,2097048.0,14436.0
6588304.0,2097048.0,14436.0
6588304.0,2097048.0,14436.0
6588304.0,2097048.0,14436.0
6587826.1333,2097064.8,14548.0
6587280.0,2097084.0,14676.0
6587280.0,2097084.0,14676.0
6587280.0,2097084.0,14676.0
6587280.0,2097084.0,14676.0
6587280.0,2097084.0,14676.0
6587280.0,2097084.0,14676.0
6587280.0,2097084.0,14676.0
6587280.0,2097084.0,14676.0
6587280.0,2097084.0,14676.0
6587280.0,2097084.0,14676.0
6587280.0,2097084.0,14676.0
6586947.7333,2097095.2,14829.066667
6586568.0,2097108.0,15004.0
6586568.0,2097108.0,15004.0
6586568.0,2097108.0,15004.0
6586568.0,2097108.0,15004.0
6586568.0,2097108.0,15004.0
6586568.0,2097108.0,15004.0
6586568.0,2097108.0,15004.0
6586568.0,2097108.0,15004.0
6586568.0,2097108.0,15004.0
6586568.0,2097108.0,15004.0
6586379.4667,2097136.0,15112.266667
6586164.0,2097168.0,15236.0
6586164.0,2097168.0,15236.0
6586164.0,2097168.0,15236.0
6586164.0,2097168.0,15236.0
6586164.0,2097168.0,15236.0
6586164.0,2097168.0,15236.0
6586164.0,2097168.0,15236.0
6586164.0,2097168.0,15236.0
6586164.0,2097168.0,15236.0
6586164.0,2097168.0,15236.0
6586164.0,2097168.0,15236.0
6586296.0,2097175.2,15389.6
6586384.0,2097180.0,15492.0
6586384.0,2097180.0,15492.0
6586384.0,2097180.0,15492.0
6586384.0,2097180.0,15492.0
6586384.0,2097180.0,15492.0
6586384.0,2097180.0,15492.0
6586384.0,2097180.0,15492.0
6586384.0,2097180.0,15492.0
6586384.0,2097180.0,15492.0
6586384.0,2097180.0,15492.0
6586384.0,2097180.0,15492.0
6585762.6667,2097278.6667,15700.0
6585452.0,2097328.0,15804.0
6585452.0,2097328.0,15804.0
6585452.0,2097328.0,15804.0
6585452.0,2097328.0,15804.0
6585452.0,2097328.0,15804.0
6585452.0,2097328.0,15804.0
6585452.0,2097328.0,15804.0
6585452.0,2097328.0,15804.0
6585452.0,2097328.0,15804.0
6585452.0,2097328.0,15804.0
6585452.0,2097328.0,15804.0
6585183.2,2097345.0667,15927.733333
6584948.0,2097360.0,16036.0
6584948.0,2097360.0,16036.0
6584948.0,2097360.0,16036.0
6584948.0,2097360.0,16036.0
6584948.0,2097360.0,16036.0
6584948.0,2097360.0,16036.0
6584948.0,2097360.0,16036.0
6584948.0,2097360.0,16036.0
6584948.0,2097360.0,16036.0
6584948.0,2097360.0,16036.0
6584948.0,2097360.0,16036.0
6584523.2,2097400.8,16223.2
6584240.0,2097428.0,16348.0
6584240.0,2097428.0,16348.0
6584240.0,2097428.0,16348.0
6584240.0,2097428.0,16348.0
6584240.0,2097428.0,16348.0
6584240.0,2097428.0,16348.0
6584240.0,2097428.0,16348.0
6584240.0,2097428.0,16348.0
6584240.0,2097428.0,16348.0
6584240.0,2097428.0,16348.0
6584240.0,2097428.0,16348.0
6584107.7333,2097432.2667,16480.266667
6583992.0,2097436.0,16596.0
6583992.0,2097436.0,16596.0
6583992.0,2097436.0,16596.0
6644961.6,2097445.6,16653.6
6685608.0,2097452.0,16692.0
6685608.0,2097452.0,16692.0
6818538.1333,2097456.2667,16730.4
6934852.0,2097460.0,16764.0
6934852.0,2097460.0,16764.0
6934852.0,2097460.0,16764.0
6934852.0,2097460.0,16764.0
6934852.0,2097460.0,16764.0
6934852.0,2097460.0,16764.0
6934852.0,2097460.0,16764.0
6934852.0,2097460.0,16764.0
6934852.0,2097460.0,16764.0
6934852.0,2097460.0,16764.0
6934852.0,2097460.0,16764.0
6934628.8,2097469.6,16932.0
6934480.0,2097476.0,17044.0
6934480.0,2097476.0,17044.0
6934480.0,2097476.0,17044.0
6934480.0,2097476.0,17044.0
6934480.0,2097476.0,17044.0
6934480.0,2097476.0,17044.0
6934480.0,2097476.0,17044.0
6934480.0,2097476.0,17044.0
6934480.0,2097476.0,17044.0
6934480.0,2097476.0,17044.0
6934480.0,2097476.0,17044.0
6934780.8,2097604.0,17268.0
6934856.0,2097636.0,17324.0
6934856.0,2097636.0,17324.0
6933582.9333,2097636.0,17370.933333
6933120.0,2097636.0,17388.0
6934194.6667,2097644.0,17425.333333
6934732.0,2097648.0,17444.0
6934732.0,2097648.0,17444.0
6934732.0,2097648.0,17444.0
6934732.0,2097648.0,17444.0
6934732.0,2097648.0,17444.0
6934732.0,2097648.0,17444.0
6934732.0,2097648.0,17444.0
6934732.0,2097648.0,17444.0
6934732.0,2097648.0,17444.0
6934732.0,2097648.0,17444.0
6934732.0,2097648.0,17444.0
6934585.6,2097660.0,17564.0
6934488.0,2097668.0,17644.0
6934488.0,2097668.0,17644.0
6934488.0,2097668.0,17644.0
6934488.0,2097668.0,17644.0
6934488.0,2097668.0,17644.0
6934488.0,2097668.0,17644.0
6934488.0,2097668.0,17644.0
6934488.0,2097668.0,17644.0
6934488.0,2097668.0,17644.0
6934488.0,2097668.0,17644.0
6934488.0,2097668.0,17644.0
6933175.2,2097680.0,17802.4
6932300.0,2097688.0,17908.0
6932300.0,2097688.0,17908.0
6933406.4,2097685.6,17946.4
6934144.0,2097684.0,17972.0
6934144.0,2097684.0,17972.0
6934144.0,2097684.0,17972.0
6934144.0,2097684.0,17972.0
6934144.0,2097684.0,17972.0
6934144.0,2097684.0,17972.0
6934144.0,2097684.0,17972.0
6934144.0,2097684.0,17972.0
6934144.0,2097684.0,17972.0
6934144.0,2097684.0,17972.0
6934144.0,2097684.0,17972.0
6934309.3333,2097708.0,18116.0
6934392.0,2097720.0,18188.0
6934392.0,2097720.0,18188.0
6934392.0,2097720.0,18188.0
6934392.0,2097720.0,18188.0
6934392.0,2097720.0,18188.0
6934392.0,2097720.0,18188.0
6934392.0,2097720.0,18188.0
6934392.0,2097720.0,18188.0
6934392.0,2097720.0,18188.0
6934392.0,2097720.0,18188.0
6934392.0,2097720.0,18188.0
6934154.6667,2097741.3333,18369.333333
6934036.0,2097752.0,18460.0
6934036.0,2097752.0,18460.0
6934036.0,2097752.0,18460.0
6934036.0,2097752.0,18460.0
6934036.0,2097752.0,18460.0
6934036.0,2097752.0,18460.0
6934036.0,2097752.0,18460.0
6934036.0,2097752.0,18460.0
6934036.0,2097752.0,18460.0
6934036.0,2097752.0,18460.0
6934036.0,2097752.0,18460.0
6934180.0,2097770.6667,18625.333333
6934252.0,2097780.0,18708.0
6934252.0,2097780.0,18708.0
6934252.0,2097780.0,18708.0
6934252.0,2097780.0,18708.0
6934252.0,2097780.0,18708.0
6934252.0,2097780.0,18708.0
6934252.0,2097780.0,18708.0
6934252.0,2097780.0,18708.0
6934252.0,2097780.0,18708.0
6934252.0,2097780.0,18708.0
6934252.0,2097780.0,18708.0
6933695.2,2097796.8,18900.0
6933324.0,2097808.0,19028.0
6932773.6,2097816.5333,19053.6
6932292.0,2097824.0,19076.0
6932292.0,2097824.0,19076.0
6932292.0,2097824.0,19076.0
6932292.0,2097824.0,19076.0
6932292.0,2097824.0,19076.0
7005917.6,2097821.8667,19140.0
7070340.0,2097820.0,19196.0
7123375.7333,2097827.4667,19229.6
7183988.0,2097836.0,19268.0
7183988.0,2097836.0,19268.0
7183988.0,2097836.0,19268.0
7183988.0,2097836.0,19268.0
7183988.0,2097836.0,19268.0
7183988.0,2097836.0,19268.0
7183988.0,2097836.0,19268.0
7183988.0,2097836.0,19268.0
7183988.0,2097836.0,19268.0
7183988.0,2097836.0,19268.0
7183988.0,2097836.0,19268.0
7184232.0,2097842.6667,19350.666667
7184720.0,2097856.0,19516.0
7184720.0,2097856.0,19516.0
7184720.0,2097856.0,19516.0
7184720.0,2097856.0,19516.0
7184720.0,2097856.0,19516.0
7184720.0,2097856.0,19516.0
7184720.0,2097856.0,19516.0
7184720.0,2097856.0,19516.0
7184720.0,2097856.0,19516.0
7184720.0,2097856.0,19516.0
7184720.0,2097856.0,19516.0
7184940.8,2097864.0,19644.0
7185272.0,2097876.0,19836.0
7185272.0,2097876.0,19836.0
7185272.0,2097876.0,19836.0
7185272.0,2097876.0,19836.0
7185272.0,2097876.0,19836.0
7185272.0,2097876.0,19836.0
7185272.0,2097876.0,19836.0
7185272.0,2097876.0,19836.0
7185272.0,2097876.0,19836.0
7185272.0,2097876.0,19836.0
7185272.0,2097876.0,19836.0
7185272.0,2097876.0,19836.0
7184652.2667,2097887.2,19951.733333
7183944.0,2097900.0,20084.0
7183944.0,2097900.0,20084.0
7183944.0,2097900.0,20084.0
7183944.0,2097900.0,20084.0
7183944.0,2097900.0,20084.0
7183944.0,2097900.0,20084.0
7183944.0,2097900.0,20084.0
7183944.0,2097900.0,20084.0
7183944.0,2097900.0,20084.0
7183944.0,2097900.0,20084.0
7183944.0,2097900.0,20084.0
7183416.0,2097914.4,20266.4
7183064.0,2097924.0,20388.0
7183064.0,2097924.0,20388.0
7183064.0,2097924.0,20388.0
7183064.0,2097924.0,20388.0
7183064.0,2097924.0,20388.0
7183064.0,2097924.0,20388.0
7183064.0,2097924.0,20388.0
7183064.0,2097924.0,20388.0
7183064.0,2097924.0,20388.0
7183064.0,2097924.0,20388.0
7183064.0,2097924.0,20388.0
7183407.2,2097947.4667,20558.133333
7183532.0,2097956.0,20620.0
7183532.0,2097956.0,20620.0
7183532.0,2097956.0,20620.0
7183532.0,2097956.0,20620.0
7183532.0,2097956.0,20620.0
7183532.0,2097956.0,20620.0
7183532.0,2097956.0,20620.0
7183532.0,2097956.0,20620.0
7183532.0,2097956.0,20620.0
7183532.0,2097956.0,20620.0
7183532.0,2097956.0,20620.0
7181619.4667,2097994.1333,20837.066667
7180924.0,2098008.0,20916.0
7180924.0,2098008.0,20916.0
7181996.0,2098011.2,20960.8
7182264.0,2098012.0,20972.0
7182264.0,2098012.0,20972.0
7182264.0,2098012.0,20972.0
7182264.0,2098012.0,20972.0
7182264.0,2098012.0,20972.0
7182264.0,2098012.0,20972.0
7182264.0,2098012.0,20972.0
7182264.0,2098012.0,20972.0
7182264.0,2098012.0,20972.0
7182264.0,2098012.0,20972.0
7182264.0,2098012.0,20972.0
7182508.0,2098016.0,21212.0
7182508.0,2098016.0,21212.0
7182508.0,2098016.0,21212.0
7182508.0,2098016.0,21212.0
7182508.0,2098016.0,21212.0
7182508.0,2098016.0,21212.0
7182508.0,2098016.0,21212.0
7182508.0,2098016.0,21212.0
7182508.0,2098016.0,21212.0
7182508.0,2098016.0,21212.0
7182508.0,2098016.0,21212.0
7182508.0,2098016.0,21212.0
7182366.1333,2098057.0667,21465.866667
7182356.0,2098060.0,21484.0
7182356.0,2098060.0,21484.0
7182356.0,2098060.0,21484.0
7182356.0,2098060.0,21484.0
7181069.8667,2098070.4,21567.2
7180872.0,2098072.0,21580.0
7180872.0,2098072.0,21580.0
7182652.8,2098083.2,21613.6
7182780.0,2098084.0,21616.0
7182780.0,2098084.0,21616.0
7182780.0,2098084.0,21616.0
7182780.0,2098084.0,21616.0
7454282.4,2098097.8667,21709.6
7496052.0,2098100.0,21724.0
7496052.0,2098100.0,21724.0
7660527.7333,2098100.0,21787.466667
7672276.0,2098100.0,21792.0
7672276.0,2098100.0,21792.0
7672276.0,2098100.0,21792.0
7672276.0,2098100.0,21792.0
7672276.0,2098100.0,21792.0
7672276.0,2098100.0,21792.0
7672276.0,2098100.0,21792.0
7672276.0,2098100.0,21792.0
7672276.0,2098100.0,21792.0
7672276.0,2098100.0,21792.0
7672276.0,2098100.0,21792.0
7672864.0,2098124.0,21992.0
7672864.0,2098124.0,21992.0
7672864.0,2098124.0,21992.0
7672864.0,2098124.0,21992.0
7672864.0,2098124.0,21992.0
7672864.0,2098124.0,21992.0
7672864.0,2098124.0,21992.0
7672864.0,2098124.0,21992.0
7672864.0,2098124.0,21992.0
7672864.0,2098124.0,21992.0
7672864.0,2098124.0,21992.0
7672927.4667,2098148.5333,22019.2
7673340.0,2098308.0,22196.0
7673340.0,2098308.0,22196.0
7673340.0,2098308.0,22196.0
7673340.0,2098308.0,22196.0
7673340.0,2098308.0,22196.0
7673340.0,2098308.0,22196.0
7673340.0,2098308.0,22196.0
7673340.0,2098308.0,22196.0
7673340.0,2098308.0,22196.0
7673340.0,2098308.0,22196.0
7673340.0,2098308.0,22196.0
7673340.0,2098308.0,22196.0
7673524.0,2098328.0,22348.0
7671261.6,2098328.0,22396.533333
7671100.0,2098328.0,22400.0
7671100.0,2098328.0,22400.0
7672724.0,2098339.2,22429.866667
7672840.0,2098340.0,22432.0
7672840.0,2098340.0,22432.0
7672840.0,2098340.0,22432.0
7672840.0,2098340.0,22432.0
7672840.0,2098340.0,22432.0
7672840.0,2098340.0,22432.0
7672840.0,2098340.0,22432.0
7672840.0,2098340.0,22432.0
7672840.0,2098340.0,22432.0
7670562.4,2098343.4667,22581.066667
7670212.0,2098344.0,22604.0
7670212.0,2098344.0,22604.0
7671825.3333,2098346.9333,22636.266667
7672412.0,2098348.0,22648.0
7672412.0,2098348.0,22648.0
7672412.0,2098348.0,22648.0
7672412.0,2098348.0,22648.0
7672412.0,2098348.0,22648.0
7672412.0,2098348.0,22648.0
7672412.0,2098348.0,22648.0
7672412.0,2098348.0,22648.0
7672412.0,2098348.0,22648.0
7672412.0,2098348.0,22648.0
7672412.0,2098348.0,22648.0
7672709.6,2098373.6,22814.4
7672784.0,2098380.0,22856.0
7672784.0,2098380.0,22856.0
7672784.0,2098380.0,22856.0
7672784.0,2098380.0,22856.0
7672784.0,2098380.0,22856.0
7672784.0,2098380.0,22856.0
7672784.0,2098380.0,22856.0
7672784.0,2098380.0,22856.0
7672784.0,2098380.0,22856.0
7672784.0,2098380.0,22856.0
7672784.0,2098380.0,22856.0
7672649.6,2098399.2,23060.8
7672616.0,2098404.0,23112.0
7672616.0,2098404.0,23112.0
7672616.0,2098404.0,23112.0
7672616.0,2098404.0,23112.0
7672616.0,2098404.0,23112.0
7672616.0,2098404.0,23112.0
7672616.0,2098404.0,23112.0
7672616.0,2098404.0,23112.0
7672616.0,2098404.0,23112.0
7672616.0,2098404.0,23112.0
7672616.0,2098404.0,23112.0
7672373.3333,2098421.3333,23247.2
7672336.0,2098424.0,23268.0
7672336.0,2098424.0,23268.0
7672336.0,2098424.0,23268.0
7672336.0,2098424.0,23268.0
7672336.0,2098424.0,23268.0
7672336.0,2098424.0,23268.0
7672336.0,2098424.0,23268.0
7672336.0,2098424.0,23268.0
7672336.0,2098424.0,23268.0
7672336.0,2098424.0,23268.0
7672336.0,2098424.0,23268.0
7672868.0,2098472.0,23512.0
7672868.0,2098472.0,23512.0
7672868.0,2098472.0,23512.0
7672868.0,2098472.0,23512.0
7672868.0,2098472.0,23512.0
7672868.0,2098472.0,23512.0
7672868.0,2098472.0,23512.0
7672868.0,2098472.0,23512.0
7670816.0,2098508.0,23680.0
7670816.0,2098508.0,23680.0
7692952.0,2098509.3333,23683.2
8002856.0,2098528.0,23728.0
8002856.0,2098528.0,23728.0
8002856.0,2098528.0,23728.0
8002856.0,2098528.0,23728.0
8002856.0,2098528.0,23728.0
8002856.0,2098528.0,23728.0
8002856.0,2098528.0,23728.0
8002856.0,2098528.0,23728.0
8002856.0,2098528.0,23728.0
8002856.0,2098528.0,23728.0
8002856.0,2098528.0,23728.0
8001296.0,2098540.0,23920.0
8001296.0,2098540.0,23920.0
8002936.0,2098544.0,23988.0
8002936.0,2098544.0,23988.0
8002936.0,2098544.0,23988.0
8003833.8667,2098547.4667,24033.066667
8003972.0,2098548.0,24040.0
8003972.0,2098548.0,24040.0
8003972.0,2098548.0,24040.0
8003972.0,2098548.0,24040.0
8003972.0,2098548.0,24040.0
8003972.0,2098548.0,24040.0
8003972.0,2098548.0,24040.0
8003972.0,2098548.0,24040.0
8003972.0,2098548.0,24040.0
8003972.0,2098548.0,24040.0
8003972.0,2098548.0,24040.0
8003975.7333,2098574.1333,24196.8
8003976.0,2098576.0,24208.0
8003976.0,2098576.0,24208.0
8003891.2,2098576.8,24213.6
8002704.0,2098588.0,24292.0
8002704.0,2098588.0,24292.0
8002704.0,2098588.0,24292.0
8002704.0,2098588.0,24292.0
8002704.0,2098588.0,24292.0
8002704.0,2098588.0,24292.0
8002704.0,2098588.0,24292.0
8002040.8,2099059.4667,24365.866667
7992756.0,2105660.0,25400.0
7992756.0,2105660.0,25400.0
7992756.0,2105660.0,25400.0
7992756.0,2105660.0,25400.0
7992756.0,2105660.0,25400.0
7992756.0,2105660.0,25400.0
7992756.0,2105660.0,25400.0
7992756.0,2105660.0,25400.0
7992756.0,2105660.0,25400.0
7992756.0,2105660.0,25400.0
7992756.0,2105660.0,25400.0
7992756.0,2105660.0,25400.0
7993452.0,2105700.0,25600.0
7993452.0,2105700.0,25600.0
7993452.0,2105700.0,25600.0
7993452.0,2105700.0,25600.0
7993452.0,2105700.0,25600.0
7993452.0,2105700.0,25600.0
7993452.0,2105700.0,25600.0
7993452.0,2105700.0,25600.0
7993452.0,2105700.0,25600.0
7993452.0,2105700.0,25600.0
7993452.0,2105700.0,25600.0
7993452.0,2105700.0,25600.0
7993198.1333,2105729.8667,25801.6
7993180.0,2105732.0,25816.0
7993180.0,2105732.0,25816.0
7993180.0,2105732.0,25816.0
7993180.0,2105732.0,25816.0
7993180.0,2105732.0,25816.0
7993180.0,2105732.0,25816.0
7993180.0,2105732.0,25816.0
7993180.0,2105732.0,25816.0
7993180.0,2105732.0,25816.0
7993180.0,2105732.0,25816.0
7993180.0,2105732.0,25816.0
7993124.5333,2105745.8667,25975.466667
7993116.0,2105748.0,26000.0
7993116.0,2105748.0,26000.0
7993116.0,2105748.0,26000.0
7993116.0,2105748.0,26000.0
7993116.0,2105748.0,26000.0
7993116.0,2105748.0,26000.0
7993116.0,2105748.0,26000.0
7993116.0,2105748.0,26000.0
7993116.0,2105748.0,26000.0
7993116.0,2105748.0,26000.0
7993116.0,2105748.0,26000.0
7992409.3333,2105769.3333,26144.0
7992056.0,2105780.0,26216.0
7992056.0,2105780.0,26216.0
7992056.0,2105780.0,26216.0
7992056.0,2105780.0,26216.0
7992056.0,2105780.0,26216.0
7992056.0,2105780.0,26216.0
7992056.0,2105780.0,26216.0
7992056.0,2105780.0,26216.0
7992056.0,2105780.0,26216.0
7992056.0,2105780.0,26216.0
7992056.0,2105780.0,26216.0
7992358.4,2105804.0,26319.2
7992560.0,2105820.0,26388.0
7992560.0,2105820.0,26388.0
7992560.0,2105820.0,26388.0
7992560.0,2105820.0,26388.0
7992560.0,2105820.0,26388.0
7991482.6667,2105836.0,26478.666667
7990944.0,2105844.0,26524.0
7990944.0,2105844.0,26524.0
7990944.0,2105844.0,26524.0
7990944.0,2105844.0,26524.0
7990944.0,2105844.0,26524.0
7990944.0,2105844.0,26524.0
7990944.0,2105844.0,26524.0
8284416.0,2105868.0,26614.666667
8431152.0,2105880.0,26660.0
8431152.0,2105880.0,26660.0
8431152.0,2105880.0,26660.0
8431152.0,2105880.0,26660.0
8431152.0,2105880.0,26660.0
8431152.0,2105880.0,26660.0
8431152.0,2105880.0,26660.0
8431152.0,2105880.0,26660.0
8431152.0,2105880.0,26660.0
8431152.0,2105880.0,26660.0
8431152.0,2105880.0,26660.0
8430588.8,2105900.5333,26815.466667
8430384.0,2105908.0,26872.0
8430384.0,2105908.0,26872.0
8430384.0,2105908.0,26872.0
8430384.0,2105908.0,26872.0
8430384.0,2105908.0,26872.0
8430384.0,2105908.0,26872.0
8430384.0,2105908.0,26872.0
8430384.0,2105908.0,26872.0
8430384.0,2105908.0,26872.0
8430384.0,2105908.0,26872.0
8430384.0,2105908.0,26872.0
8430732.8,2106029.6,27041.6
8430820.0,2106060.0,27084.0
8430820.0,2106060.0,27084.0
8430820.0,2106060.0,27084.0
8430820.0,2106060.0,27084.0
8430820.0,2106060.0,27084.0
8430820.0,2106060.0,27084.0
8430820.0,2106060.0,27084.0
8430820.0,2106060.0,27084.0
8430820.0,2106060.0,27084.0
8430820.0,2106060.0,27084.0
8430820.0,2106060.0,27084.0
8430721.3333,2106081.3333,27212.0
8430672.0,2106092.0,27276.0
8430672.0,2106092.0,27276.0
8430672.0,2106092.0,27276.0
8430672.0,2106092.0,27276.0
8430672.0,2106092.0,27276.0
8430672.0,2106092.0,27276.0
8430672.0,2106092.0,27276.0
8430672.0,2106092.0,27276.0
8430672.0,2106092.0,27276.0
8430672.0,2106092.0,27276.0
8430672.0,2106092.0,27276.0
8431120.8,2106116.0,27429.6
8431420.0,2106132.0,27532.0
8431420.0,2106132.0,27532.0
8431420.0,2106132.0,27532.0
8431420.0,2106132.0,27532.0
8431420.0,2106132.0,27532.0
8429764.0,2106150.6667,27598.666667
8428936.0,2106160.0,27632.0
8430218.6667,2106160.0,27664.0
8430860.0,2106160.0,27680.0
8430860.0,2106160.0,27680.0
8430860.0,2106160.0,27680.0
8430860.0,2106160.0,27680.0
8430860.0,2106160.0,27680.0
8430860.0,2106160.0,27680.0
8430860.0,2106160.0,27680.0
8430860.0,2106160.0,27680.0
8430860.0,2106160.0,27680.0
8430860.0,2106160.0,27680.0
8430860.0,2106160.0,27680.0
8430833.6,2106169.6,27790.4
8430816.0,2106176.0,27864.0
8430816.0,2106176.0,27864.0
8430816.0,2106176.0,27864.0
8430816.0,2106176.0,27864.0
8430816.0,2106176.0,27864.0
8430816.0,2106176.0,27864.0
8430816.0,2106176.0,27864.0
8430816.0,2106176.0,27864.0
8430816.0,2106176.0,27864.0
8430816.0,2106176.0,27864.0
8430816.0,2106176.0,27864.0
8430543.2,2106199.4667,28048.8
8430444.0,2106208.0,28116.0
8430444.0,2106208.0,28116.0
8430444.0,2106208.0,28116.0
8430444.0,2106208.0,28116.0
8430444.0,2106208.0,28116.0
8430444.0,2106208.0,28116.0
8430444.0,2106208.0,28116.0
8430444.0,2106208.0,28116.0
8430444.0,2106208.0,28116.0
8430444.0,2106208.0,28116.0
8430444.0,2106208.0,28116.0
8429904.0,2106222.4,28226.4
8429544.0,2106232.0,28300.0
8429544.0,2106232.0,28300.0
8429544.0,2106232.0,28300.0
8429544.0,2106232.0,28300.0
8429544.0,2106232.0,28300.0
8429544.0,2106232.0,28300.0
8429544.0,2106232.0,28300.0
8429544.0,2106232.0,28300.0
8429544.0,2106232.0,28300.0
8429544.0,2106232.0,28300.0
8429544.0,2106232.0,28300.0
8430021.8667,2106237.6,28397.066667
8430568.0,2106244.0,28508.0
8430568.0,2106244.0,28508.0
8430568.0,2106244.0,28508.0
8430568.0,2106244.0,28508.0
8430568.0,2106244.0,28508.0
8430568.0,2106244.0,28508.0
8430568.0,2106244.0,28508.0
8430568.0,2106244.0,28508.0
8430568.0,2106244.0,28508.0
8430568.0,2106244.0,28508.0
8718832.0,2106253.6,28642.4
8911008.0,2106260.0,28732.0
8911008.0,2106260.0,28732.0
8911008.0,2106260.0,28732.0
8911008.0,2106260.0,28732.0
8911008.0,2106260.0,28732.0
8911008.0,2106260.0,28732.0
8911008.0,2106260.0,28732.0
8911008.0,2106260.0,28732.0
8911008.0,2106260.0,28732.0
8911008.0,2106260.0,28732.0
8911008.0,2106260.0,28732.0
8911090.1333,2106304.8,28804.8
8911184.0,2106356.0,28888.0
8911184.0,2106356.0,28888.0
8911184.0,2106356.0,28888.0
8911184.0,2106356.0,28888.0
8911184.0,2106356.0,28888.0
8911184.0,2106356.0,28888.0
8911184.0,2106356.0,28888.0
8911184.0,2106356.0,28888.0
8911184.0,2106356.0,28888.0
8911184.0,2106356.0,28888.0
8911184.0,2106356.0,28888.0
8911019.7333,2106373.0667,29003.2
8910876.0,2106388.0,29104.0
8910876.0,2106388.0,29104.0
8910876.0,2106388.0,29104.0
8910876.0,2106388.0,29104.0
8910876.0,2106388.0,29104.0
8910876.0,2106388.0,29104.0
8910876.0,2106388.0,29104.0
8910876.0,2106388.0,29104.0
8910876.0,2106388.0,29104.0
8910876.0,2106388.0,29104.0
8910876.0,2106388.0,29104.0
8910882.4,2106399.2,29164.8
8910892.0,2106416.0,29256.0
8910892.0,2106416.0,29256.0
8910892.0,2106416.0,29256.0
8910892.0,2106416.0,29256.0
8910892.0,2106416.0,29256.0
8910892.0,2106416.0,29256.0
8910892.0,2106416.0,29256.0
8910892.0,2106416.0,29256.0
8910892.0,2106416.0,29256.0
8910892.0,2106416.0,29256.0
8910892.0,2106416.0,29256.0
8910694.1333,2106430.9333,29375.466667
8910468.0,2106448.0,29512.0
8910468.0,2106448.0,29512.0
8910468.0,2106448.0,29512.0
8910468.0,2106448.0,29512.0
8910468.0,2106448.0,29512.0
8910468.0,2106448.0,29512.0
8910468.0,2106448.0,29512.0
8910468.0,2106448.0,29512.0
8910468.0,2106448.0,29512.0
8910468.0,2106448.0,29512.0
8910468.0,2106448.0,29512.0
8910852.0,2106452.0,29580.0
8911620.0,2106460.0,29716.0
8911620.0,2106460.0,29716.0
8911620.0,2106460.0,29716.0
8911620.0,2106460.0,29716.0
8911620.0,2106460.0,29716.0
8911620.0,2106460.0,29716.0
8911620.0,2106460.0,29716.0
8911620.0,2106460.0,29716.0
8911620.0,2106460.0,29716.0
8911620.0,2106460.0,29716.0
8911620.0,2106460.0,29716.0
8911082.4,2106473.0667,29833.6
8910468.0,2106488.0,29968.0
8910468.0,2106488.0,29968.0
8910468.0,2106488.0,29968.0
8910468.0,2106488.0,29968.0
8910468.0,2106488.0,29968.0
8910468.0,2106488.0,29968.0
8910468.0,2106488.0,29968.0
8910468.0,2106488.0,29968.0
8910468.0,2106488.0,29968.0
8910468.0,2106488.0,29968.0
8910468.0,2106488.0,29968.0
8910281.3333,2106499.2,30048.266667
8910068.0,2106512.0,30140.0
8910068.0,2106512.0,30140.0
8910068.0,2106512.0,30140.0
8910068.0,2106512.0,30140.0
8910068.0,2106512.0,30140.0
8910068.0,2106512.0,30140.0
8910068.0,2106512.0,30140.0
8910068.0,2106512.0,30140.0
8910068.0,2106512.0,30140.0
8910068.0,2106512.0,30140.0
8910068.0,2106512.0,30140.0
8909995.2,2106525.0667,30248.266667
8909912.0,2106540.0,30372.0
8909912.0,2106540.0,30372.0
8909912.0,2106540.0,30372.0
8909912.0,2106540.0,30372.0
8909912.0,2106540.0,30372.0
8909912.0,2106540.0,30372.0
8909912.0,2106540.0,30372.0
8909912.0,2106540.0,30372.0
8909912.0,2106540.0,30372.0
8909912.0,2106540.0,30372.0
8909912.0,2106540.0,30372.0
8909724.8,2106556.8,30518.4
8909600.0,2106568.0,30616.0
8909600.0,2106568.0,30616.0
8909600.0,2106568.0,30616.0
8909600.0,2106568.0,30616.0
8909600.0,2106568.0,30616.0
8909600.0,2106568.0,30616.0
9032268.8,2106582.4,30702.4
9114048.0,2106592.0,30760.0
12121389.6,2102656.0,30786.4
