vda,0.80,0.01,0.00,0,0
vda,20.80,0.07,0.01,0,0
vda,36.40,0.14,0.00,0,0
vda,76.60,0.47,0.01,2,0
vda,10.60,0.10,0.01,0,0
vda,10.80,0.00,0.05,0,0
vda,216.40,10.69,0.02,53,0
vda,109.80,12.03,0.06,60,0
vda,125.20,13.08,0.08,65,0
vda,77.20,8.95,0.02,44,0
vda,5.80,0.02,0.00,0,0
vda,14.00,0.05,0.01,0,0
vda,9.00,0.00,1.31,0,6
vda,3.60,0.00,0.01,0,0
vda,19.00,0.00,0.08,0,0
vda,0.60,0.00,0.00,0,0
vda,0.20,0.00,0.00,0,0
vda,20.80,0.00,0.08,0,0
vda,17.00,0.00,0.07,0,0
vda,0.40,0.00,0.00,0,0
vda,10.00,0.00,0.04,0,0
vda,2.40,0.00,0.01,0,0
vda,0.60,0.00,0.00,0,0
vda,20.00,0.00,0.08,0,0
vda,9.40,0.00,0.04,0,0
vda,0.40,0.00,0.00,0,0
vda,1.40,0.00,0.01,0,0
vda,36.80,0.00,0.15,0,0
vda,0.40,0.00,0.00,0,0
vda,1.60,0.00,0.01,0,0
vda,13.00,0.00,0.05,0,0
vda,3.80,0.00,0.02,0,0
vda,2.00,0.00,0.01,0,0
vda,43.00,0.00,0.18,0,0
vda,0.20,0.00,0.00,0,0
vda,1.20,0.00,0.00,0,0
vda,2.20,0.00,0.01,0,0
vda,0.00,0.00,0.00,0,0
vda,1.40,0.00,0.00,0,0
vda,2.80,0.00,0.01,0,0
vda,3.00,0.00,0.02,0,0
vda,18.80,0.00,0.07,0,0
vda,34.20,0.00,0.14,0,0
vda,1.20,0.00,0.00,0,0
vda,2.20,0.00,0.01,0,0
vda,1.60,0.00,0.01,0,0
vda,41.60,0.00,0.18,0,0
vda,1.60,0.00,0.01,0,0
vda,53.60,0.00,0.21,0,1
vda,0.00,0.00,0.00,0,0
vda,2.40,0.00,0.01,0,0
vda,44.20,0.00,0.18,0,0
vda,0.00,0.00,0.00,0,0
vda,1.40,0.00,0.01,0,0
vda,36.40,0.00,0.15,0,0
vda,1.40,0.00,0.00,0,0
vda,2.00,0.00,0.01,0,0
vda,36.60,0.00,0.15,0,0
vda,0.00,0.00,0.00,0,0
vda,1.20,0.00,0.00,0,0
vda,47.80,0.00,0.19,0,0
vda,15.80,0.00,0.06,0,0
vda,0.00,0.00,0.00,0,0
vda,37.20,0.00,0.16,0,0
vda,1.00,0.00,0.00,0,0
vda,1.40,0.00,0.00,0,0
vda,36.40,0.00,0.15,0,0
vda,0.20,0.00,0.00,0,0
vda,13.40,0.00,0.06,0,0
vda,31.00,0.00,0.12,0,0
vda,2.40,0.00,0.01,0,0
vda,2.20,0.00,0.01,0,0
vda,1.80,0.00,0.01,0,0
vda,0.00,0.00,0.00,0,0
vda,1.20,0.00,0.00,0,0
vda,2.60,0.00,0.01,0,0
vda,9.20,0.00,0.04,0,0
vda,52.20,0.00,0.21,0,1
vda,2.20,0.00,0.01,0,0
vda,2.60,0.00,0.01,0,0
vda,44.20,0.00,0.18,0,0
vda,2.20,0.00,0.01,0,0
vda,0.20,0.00,0.00,0,0
vda,53.60,0.00,0.22,0,1
vda,2.40,0.00,0.01,0,0
vda,0.00,0.00,0.00,0,0
vda,36.20,0.00,0.15,0,0
vda,4.00,0.00,0.02,0,0
vda,1.60,0.00,0.01,0,0
vda,20.80,0.00,0.09,0,0
vda,31.80,0.00,0.13,0,0
vda,2.00,0.00,0.01,0,0
vda,0.00,0.00,0.00,0,0
vda,2.20,0.00,0.01,0,0
vda,40.40,0.00,0.17,0,0
vda,1.60,0.00,0.01,0,0
vda,45.60,0.00,0.19,0,0
vda,1.60,0.00,0.01,0,0
vda,20.00,0.00,0.08,0,0
vda,31.60,0.00,0.13,0,0
vda,1.40,0.00,0.01,0,0
vda,12.40,0.00,0.05,0,0
vda,31.60,0.00,0.13,0,0
vda,1.40,0.00,0.01,0,0
vda,34.80,0.00,0.14,0,0
vda,9.40,0.02,0.01,0,0
vda,9.80,0.11,0.00,0,0
vda,50.00,0.05,0.16,0,0
vda,3.00,0.00,0.01,0,0
vda,1.00,0.00,0.00,0,0
vda,58.60,0.00,0.24,0,1
vda,2.40,0.00,0.01,0,0
vda,0.00,0.00,0.00,0,0
vda,36.00,0.00,0.15,0,0
vda,4.20,0.00,0.02,0,0
vda,0.00,0.00,0.00,0,0
vda,43.71,0.00,0.18,0,0
vda,3.40,0.00,0.01,0,0
vda,41.40,0.00,0.17,0,0
vda,1.40,0.00,0.01,0,0
vda,2.20,0.00,0.01,0,0
vda,47.60,0.00,0.19,0,0
vda,0.80,0.00,0.00,0,0
vda,3.40,0.00,0.01,0,0
vda,44.00,0.00,0.18,0,0
vda,1.60,0.00,0.01,0,0
vda,1.60,0.00,0.01,0,0
vda,34.60,0.00,0.14,0,0
vda,1.40,0.00,0.01,0,0
vda,31.20,0.00,0.13,0,0
vda,0.80,0.00,0.00,0,0
vda,1.20,0.00,0.00,0,0
vda,54.20,0.00,0.22,0,1
vda,2.80,0.00,0.01,0,0
vda,2.40,0.00,0.01,0,0
vda,41.00,0.00,0.17,0,0
vda,2.80,0.00,0.01,0,0
vda,1.20,0.00,0.00,0,0
vda,37.40,0.00,0.15,0,0
vda,3.20,0.00,0.01,0,0
vda,1.20,0.00,0.00,0,0
vda,38.40,0.00,0.15,0,0
vda,2.60,0.00,0.01,0,0
vda,59.40,0.00,0.24,0,1
vda,4.20,0.00,0.02,0,0
vda,0.00,0.00,0.00,0,0
vda,35.80,0.00,0.14,0,0
