7958884.0,67924.0,3476.0
7621671.2,141455.2,3583.2
6272820.0,435580.0,4012.0
5742919.2,566225.33333,4026.9333333
4285692.0,925500.0,4068.0
4285692.0,925500.0,4068.0
3751365.3333,1107020.0,4086.6666667
2682712.0,1470060.0,4124.0
2682712.0,1470060.0,4124.0
2367694.4,1520909.6,4146.4
1895168.0,1597184.0,4180.0
1895168.0,1597184.0,4180.0
1894553.6,1597184.0,4199.2
1893632.0,1597184.0,4228.0
1894267.7333,1597184.0,4253.6
1894824.0,1597184.0,4276.0
1894824.0,1597184.0,4276.0
1894824.0,1597184.0,4276.0
1894824.0,1597184.0,4276.0
1894824.0,1597184.0,4276.0
1894824.0,1597184.0,4276.0
1894824.0,1597184.0,4276.0
1894464.0,1597329.6,4349.6
1893924.0,1597548.0,4460.0
1893924.0,1597548.0,4460.0
1893924.0,1597548.0,4460.0
1893924.0,1597548.0,4460.0
1893924.0,1597548.0,4460.0
1893924.0,1597548.0,4460.0
1893924.0,1597548.0,4460.0
1893924.0,1597548.0,4460.0
1893924.0,1597548.0,4460.0
1893924.0,1597548.0,4460.0
1893924.0,1597548.0,4460.0
1893774.6667,1597590.6667,4596.5333333
1893644.0,1597628.0,4716.0
1893644.0,1597628.0,4716.0
1893644.0,1597628.0,4716.0
1893644.0,1597628.0,4716.0
1893644.0,1597628.0,4716.0
1893644.0,1597628.0,4716.0
1893644.0,1597628.0,4716.0
1893644.0,1597628.0,4716.0
1893644.0,1597628.0,4716.0
1893644.0,1597628.0,4716.0
1893644.0,1597628.0,4716.0
1893783.2,1597649.6,4900.8
1893876.0,1597664.0,5024.0
1893876.0,1597664.0,5024.0
1893876.0,1597664.0,5024.0
1893876.0,1597664.0,5024.0
1893876.0,1597664.0,5024.0
1893876.0,1597664.0,5024.0
1893876.0,1597664.0,5024.0
1892837.0667,1597689.6,5113.6
1891928.0,1597712.0,5192.0
1891928.0,1597712.0,5192.0
1892902.9333,1597712.0,5226.1333333
1893756.0,1597712.0,5256.0
1893756.0,1597712.0,5256.0
1893756.0,1597712.0,5256.0
1893756.0,1597712.0,5256.0
1893756.0,1597712.0,5256.0
1893756.0,1597712.0,5256.0
1893756.0,1597712.0,5256.0
1893756.0,1597712.0,5256.0
1893756.0,1597712.0,5256.0
1893756.0,1597712.0,5256.0
1893756.0,1597712.0,5256.0
1893244.0,1597793.0667,5384.0
1891912.8,1597864.0,5529.6
1891324.0,1597864.0,5552.0
1891324.0,1597864.0,5552.0
1892207.2,1597866.4,5585.6
1892796.0,1597868.0,5608.0
1892796.0,1597868.0,5608.0
1892796.0,1597868.0,5608.0
1892796.0,1597868.0,5608.0
1892115.4667,1597944.8,5672.0
1891520.0,1598012.0,5728.0
1891520.0,1598012.0,5728.0
1891520.0,1598012.0,5728.0
1891520.0,1598012.0,5728.0
1891520.0,1598012.0,5728.0
1891520.0,1598012.0,5728.0
1891520.0,1598012.0,5728.0
1891520.0,1598012.0,5728.0
1891520.0,1598012.0,5728.0
1891520.0,1598012.0,5728.0
1891520.0,1598012.0,5728.0
1891726.4,1598026.4,5872.0
1891864.0,1598036.0,5968.0
1891864.0,1598036.0,5968.0
1891864.0,1598036.0,5968.0
1891864.0,1598036.0,5968.0
1891864.0,1598036.0,5968.0
1891864.0,1598036.0,5968.0
1891864.0,1598036.0,5968.0
1891864.0,1598036.0,5968.0
1891864.0,1598036.0,5968.0
1891864.0,1598036.0,5968.0
1891864.0,1598036.0,5968.0
1891778.1333,1598112.5333,6102.4
1891680.0,1598200.0,6256.0
1891680.0,1598200.0,6256.0
1891680.0,1598200.0,6256.0
1891680.0,1598200.0,6256.0
1891680.0,1598200.0,6256.0
1891680.0,1598200.0,6256.0
1891680.0,1598200.0,6256.0
1891680.0,1598200.0,6256.0
1891680.0,1598200.0,6256.0
1891680.0,1598200.0,6256.0
1891680.0,1598200.0,6256.0
1891380.8,1598235.2,6352.0
1890932.0,1598288.0,6496.0
1890932.0,1598288.0,6496.0
1890932.0,1598288.0,6496.0
1890932.0,1598288.0,6496.0
1890932.0,1598288.0,6496.0
1890932.0,1598288.0,6496.0
1890932.0,1598288.0,6496.0
1890932.0,1598288.0,6496.0
1890932.0,1598288.0,6496.0
1890932.0,1598288.0,6496.0
1890932.0,1598288.0,6496.0
1890799.4667,1598293.6,6637.8666667
1890648.0,1598300.0,6800.0
1890648.0,1598300.0,6800.0
1890648.0,1598300.0,6800.0
1890648.0,1598300.0,6800.0
1890648.0,1598300.0,6800.0
1890648.0,1598300.0,6800.0
1890648.0,1598300.0,6800.0
1889959.2,1598307.2,6905.6
1889500.0,1598312.0,6976.0
1889500.0,1598312.0,6976.0
1889500.0,1598312.0,6976.0
1889500.0,1598312.0,6976.0
1889500.0,1598312.0,6976.0
1889500.0,1598312.0,6976.0
1889500.0,1598312.0,6976.0
1889500.0,1598312.0,6976.0
1889500.0,1598312.0,6976.0
1889500.0,1598312.0,6976.0
1889500.0,1598312.0,6976.0
1889666.4,1598320.5333,7086.9333333
1889812.0,1598328.0,7184.0
1889812.0,1598328.0,7184.0
1889812.0,1598328.0,7184.0
1889812.0,1598328.0,7184.0
1889812.0,1598328.0,7184.0
1889812.0,1598328.0,7184.0
1889812.0,1598328.0,7184.0
1889812.0,1598328.0,7184.0
1889812.0,1598328.0,7184.0
1889145.6,1598443.7333,7284.8
1888384.0,1598576.0,7400.0
1888384.0,1598576.0,7400.0
1888384.0,1598576.0,7400.0
1888384.0,1598576.0,7400.0
1888384.0,1598576.0,7400.0
1888384.0,1598576.0,7400.0
1888384.0,1598576.0,7400.0
1888384.0,1598576.0,7400.0
1888384.0,1598576.0,7400.0
1888384.0,1598576.0,7400.0
1888384.0,1598576.0,7400.0
1888806.4,1598578.1333,7461.8666667
1889968.0,1598584.0,7632.0
1889968.0,1598584.0,7632.0
1889968.0,1598584.0,7632.0
1889968.0,1598584.0,7632.0
1889968.0,1598584.0,7632.0
1889968.0,1598584.0,7632.0
1889968.0,1598584.0,7632.0
1889968.0,1598584.0,7632.0
1889968.0,1598584.0,7632.0
1889968.0,1598584.0,7632.0
1889968.0,1598584.0,7632.0
1889555.2,1598595.7333,7704.5333333
1888420.0,1598628.0,7904.0
1888420.0,1598628.0,7904.0
1888420.0,1598628.0,7904.0
1888420.0,1598628.0,7904.0
1888420.0,1598628.0,7904.0
1888420.0,1598628.0,7904.0
1888420.0,1598628.0,7904.0
1888420.0,1598628.0,7904.0
1888420.0,1598628.0,7904.0
1888420.0,1598628.0,7904.0
1888420.0,1598628.0,7904.0
1888572.0,1598658.4,8009.6
1888800.0,1598704.0,8168.0
1888800.0,1598704.0,8168.0
1888800.0,1598704.0,8168.0
1888800.0,1598704.0,8168.0
1888800.0,1598704.0,8168.0
1888800.0,1598704.0,8168.0
1888800.0,1598704.0,8168.0
1888800.0,1598704.0,8168.0
1888800.0,1598704.0,8168.0
1888800.0,1598704.0,8168.0
1888800.0,1598704.0,8168.0
1888626.6667,1598730.6667,8272.0
1888280.0,1598784.0,8480.0
1888280.0,1598784.0,8480.0
1888280.0,1598784.0,8480.0
1888280.0,1598784.0,8480.0
1888280.0,1598784.0,8480.0
1888280.0,1598784.0,8480.0
1888280.0,1598784.0,8480.0
1888046.6667,1598795.2,8562.1333333
1887780.0,1598808.0,8656.0
1887780.0,1598808.0,8656.0
1887780.0,1598808.0,8656.0
1887780.0,1598808.0,8656.0
1887780.0,1598808.0,8656.0
1887780.0,1598808.0,8656.0
1887780.0,1598808.0,8656.0
1887780.0,1598808.0,8656.0
1887780.0,1598808.0,8656.0
1886466.4,1599761.6,8952.0
1884496.0,1601192.0,9396.0
1884496.0,1601192.0,9396.0
1884496.0,1601192.0,9396.0
1884496.0,1601192.0,9396.0
1884496.0,1601192.0,9396.0
1884496.0,1601192.0,9396.0
1884496.0,1601192.0,9396.0
1884496.0,1601192.0,9396.0
1884496.0,1601192.0,9396.0
1884496.0,1601192.0,9396.0
1884496.0,1601192.0,9396.0
1884496.0,1601192.0,9396.0
1884570.4,1601196.8,9540.0
1884620.0,1601200.0,9636.0
1884620.0,1601200.0,9636.0
1884620.0,1601200.0,9636.0
1884620.0,1601200.0,9636.0
1884620.0,1601200.0,9636.0
1884620.0,1601200.0,9636.0
1884620.0,1601200.0,9636.0
1884620.0,1601200.0,9636.0
1883167.2,1601209.6,9834.4
1882804.0,1601212.0,9884.0
1882804.0,1601212.0,9884.0
1882804.0,1601212.0,9884.0
1882804.0,1601212.0,9884.0
1882804.0,1601212.0,9884.0
1882804.0,1601212.0,9884.0
1882804.0,1601212.0,9884.0
1882804.0,1601212.0,9884.0
1882804.0,1601212.0,9884.0
1882804.0,1601212.0,9884.0
1882804.0,1601212.0,9884.0
1882392.2667,1601293.0667,10003.466667
1882032.0,1601364.0,10108.0
1882032.0,1601364.0,10108.0
1882032.0,1601364.0,10108.0
1882032.0,1601364.0,10108.0
1882032.0,1601364.0,10108.0
1882032.0,1601364.0,10108.0
1882032.0,1601364.0,10108.0
1882032.0,1601364.0,10108.0
1882032.0,1601364.0,10108.0
1882032.0,1601364.0,10108.0
1882032.0,1601364.0,10108.0
1882024.8,1601380.8,10266.4
1882020.0,1601392.0,10372.0
1882020.0,1601392.0,10372.0
1882020.0,1601392.0,10372.0
1882020.0,1601392.0,10372.0
1882020.0,1601392.0,10372.0
1882020.0,1601392.0,10372.0
1882020.0,1601392.0,10372.0
1882020.0,1601392.0,10372.0
1882020.0,1601392.0,10372.0
1882020.0,1601392.0,10372.0
1882020.0,1601392.0,10372.0
1881717.6,1601533.6,10482.4
1881516.0,1601628.0,10556.0
1881516.0,1601628.0,10556.0
1881516.0,1601628.0,10556.0
1881516.0,1601628.0,10556.0
1881516.0,1601628.0,10556.0
1881516.0,1601628.0,10556.0
1881516.0,1601628.0,10556.0
1881516.0,1601628.0,10556.0
1881516.0,1601628.0,10556.0
1881516.0,1601628.0,10556.0
1881516.0,1601628.0,10556.0
1881165.6,1601676.0,10724.0
1880932.0,1601708.0,10836.0
1880932.0,1601708.0,10836.0
1880932.0,1601708.0,10836.0
1880932.0,1601708.0,10836.0
1880932.0,1601708.0,10836.0
1880932.0,1601708.0,10836.0
1880932.0,1601708.0,10836.0
1880932.0,1601708.0,10836.0
1880932.0,1601708.0,10836.0
1880932.0,1601708.0,10836.0
1880932.0,1601708.0,10836.0
1880887.2,1601722.9333,10940.533333
1880836.0,1601740.0,11060.0
1880836.0,1601740.0,11060.0
1880836.0,1601740.0,11060.0
1880836.0,1601740.0,11060.0
1880836.0,1601740.0,11060.0
1880186.4,1601746.4,11120.8
1879212.0,1601756.0,11212.0
1879212.0,1601756.0,11212.0
1880029.6,1601759.7333,11238.133333
1880964.0,1601764.0,11268.0
1880964.0,1601764.0,11268.0
1880964.0,1601764.0,11268.0
1880964.0,1601764.0,11268.0
1880964.0,1601764.0,11268.0
1880964.0,1601764.0,11268.0
1880964.0,1601764.0,11268.0
1880964.0,1601764.0,11268.0
1880964.0,1601764.0,11268.0
1880964.0,1601764.0,11268.0
1880964.0,1601764.0,11268.0
1880738.6667,1601802.6667,11337.333333
1880288.0,1601880.0,11476.0
1880288.0,1601880.0,11476.0
1880288.0,1601880.0,11476.0
1879641.6,1601884.8,11517.6
1878672.0,1601892.0,11580.0
1878672.0,1601892.0,11580.0
1879169.6,1601896.8,11599.2
1879916.0,1601904.0,11628.0
1879916.0,1601904.0,11628.0
1879916.0,1601904.0,11628.0
1879916.0,1601904.0,11628.0
1879916.0,1601904.0,11628.0
1879916.0,1601904.0,11628.0
1879916.0,1601904.0,11628.0
1879916.0,1601904.0,11628.0
1879916.0,1601904.0,11628.0
1879916.0,1601904.0,11628.0
1879916.0,1601904.0,11628.0
1879989.6,1601910.4,11714.4
1880100.0,1601920.0,11844.0
1880100.0,1601920.0,11844.0
1880100.0,1601920.0,11844.0
1880100.0,1601920.0,11844.0
1880100.0,1601920.0,11844.0
1880100.0,1601920.0,11844.0
1880100.0,1601920.0,11844.0
1880100.0,1601920.0,11844.0
1880100.0,1601920.0,11844.0
1880100.0,1601920.0,11844.0
1880100.0,1601920.0,11844.0
1879895.2,1601955.2,11959.2
1879588.0,1602008.0,12132.0
1879588.0,1602008.0,12132.0
1925461.6,1602008.0,12157.6
1994272.0,1602008.0,12196.0
1994686.4,1602008.0,12221.6
1995308.0,1602008.0,12260.0
1995308.0,1602008.0,12260.0
1995308.0,1602008.0,12260.0
1995308.0,1602008.0,12260.0
1995308.0,1602008.0,12260.0
1995308.0,1602008.0,12260.0
1995308.0,1602008.0,12260.0
1995308.0,1602008.0,12260.0
1995308.0,1602008.0,12260.0
1995308.0,1602008.0,12260.0
1995308.0,1602008.0,12260.0
1995358.1333,1602015.4667,12332.533333
1995496.0,1602036.0,12532.0
1995496.0,1602036.0,12532.0
1995496.0,1602036.0,12532.0
1995496.0,1602036.0,12532.0
1995496.0,1602036.0,12532.0
1995496.0,1602036.0,12532.0
1995496.0,1602036.0,12532.0
1995496.0,1602036.0,12532.0
1995496.0,1602036.0,12532.0
1995496.0,1602036.0,12532.0
1995496.0,1602036.0,12532.0
1995254.4,1602066.4,12584.8
1994288.0,1602188.0,12796.0
1994288.0,1602188.0,12796.0
1994288.0,1602188.0,12796.0
1994288.0,1602188.0,12796.0
1994288.0,1602188.0,12796.0
1994288.0,1602188.0,12796.0
1994288.0,1602188.0,12796.0
1994288.0,1602188.0,12796.0
1994288.0,1602188.0,12796.0
1994288.0,1602188.0,12796.0
1994288.0,1602188.0,12796.0
1994370.1333,1602191.2,12866.4
1994596.0,1602200.0,13060.0
1994596.0,1602200.0,13060.0
1994596.0,1602200.0,13060.0
1994596.0,1602200.0,13060.0
1994596.0,1602200.0,13060.0
1994596.0,1602200.0,13060.0
1994596.0,1602200.0,13060.0
1994596.0,1602200.0,13060.0
1994596.0,1602200.0,13060.0
1994596.0,1602200.0,13060.0
1994596.0,1602200.0,13060.0
1994540.0,1602202.6667,13099.466667
1994176.0,1602220.0,13356.0
1994176.0,1602220.0,13356.0
1994176.0,1602220.0,13356.0
1994176.0,1602220.0,13356.0
1994130.6667,1602224.5333,13364.533333
1993496.0,1602288.0,13484.0
1993496.0,1602288.0,13484.0
1993496.0,1602288.0,13484.0
1993496.0,1602288.0,13484.0
1993496.0,1602288.0,13484.0
1993496.0,1602288.0,13484.0
1993496.0,1602288.0,13484.0
1993496.0,1602288.0,13484.0
1993496.0,1602288.0,13484.0
1993496.0,1602288.0,13484.0
1993496.0,1602288.0,13484.0
1993608.0,1602291.2,13513.866667
1994336.0,1602312.0,13708.0
1994336.0,1602312.0,13708.0
1994336.0,1602312.0,13708.0
1994336.0,1602312.0,13708.0
1994336.0,1602312.0,13708.0
1994336.0,1602312.0,13708.0
1994336.0,1602312.0,13708.0
1994336.0,1602312.0,13708.0
1994336.0,1602312.0,13708.0
1994336.0,1602312.0,13708.0
1994336.0,1602312.0,13708.0
1994323.4667,1602313.6,13724.533333
1994148.0,1602336.0,13956.0
1994148.0,1602336.0,13956.0
1994148.0,1602336.0,13956.0
1994148.0,1602336.0,13956.0
1994148.0,1602336.0,13956.0
1994148.0,1602336.0,13956.0
1994148.0,1602336.0,13956.0
1994148.0,1602336.0,13956.0
1994148.0,1602336.0,13956.0
1994148.0,1602336.0,13956.0
1994148.0,1602336.0,13956.0
1994111.2,1602339.2,13986.933333
1993872.0,1602360.0,14188.0
1993872.0,1602360.0,14188.0
1993872.0,1602360.0,14188.0
1993872.0,1602360.0,14188.0
1993872.0,1602360.0,14188.0
1993872.0,1602360.0,14188.0
1993872.0,1602360.0,14188.0
1993872.0,1602360.0,14188.0
1993872.0,1602360.0,14188.0
1993872.0,1602360.0,14188.0
1993872.0,1602360.0,14188.0
1993734.9333,1602364.8,14232.266667
1992844.0,1602396.0,14520.0
1992844.0,1602396.0,14520.0
1992844.0,1602396.0,14520.0
1992844.0,1602396.0,14520.0
1992844.0,1602396.0,14520.0
1992844.0,1602396.0,14520.0
1992844.0,1602396.0,14520.0
1992844.0,1602396.0,14520.0
1992844.0,1602396.0,14520.0
1992844.0,1602396.0,14520.0
2018546.9333,1602397.6,14536.533333
2378388.0,1602420.0,14768.0
2378388.0,1602420.0,14768.0
2378388.0,1602420.0,14768.0
2378388.0,1602420.0,14768.0
2378388.0,1602420.0,14768.0
2378388.0,1602420.0,14768.0
2378388.0,1602420.0,14768.0
2378388.0,1602420.0,14768.0
2378388.0,1602420.0,14768.0
2378388.0,1602420.0,14768.0
2378388.0,1602420.0,14768.0
2378458.4,1602428.5333,14896.0
2378458.4,1602428.5333,14896.0
2378520.0,1602436.0,15008.0
2378520.0,1602436.0,15008.0
2378520.0,1602436.0,15008.0
2378520.0,1602436.0,15008.0
2378520.0,1602436.0,15008.0
2378520.0,1602436.0,15008.0
2378520.0,1602436.0,15008.0
2378520.0,1602436.0,15008.0
2378520.0,1602436.0,15008.0
2378520.0,1602436.0,15008.0
2378648.0,1602440.2667,15089.066667
2379000.0,1602452.0,15312.0
2379000.0,1602452.0,15312.0
2379000.0,1602452.0,15312.0
2379000.0,1602452.0,15312.0
2379000.0,1602452.0,15312.0
2379000.0,1602452.0,15312.0
2379000.0,1602452.0,15312.0
2379000.0,1602452.0,15312.0
2379000.0,1602452.0,15312.0
2379000.0,1602452.0,15312.0
2379000.0,1602452.0,15312.0
2378866.6667,1602454.1333,15378.133333
2378500.0,1602460.0,15560.0
2378500.0,1602460.0,15560.0
2378500.0,1602460.0,15560.0
2378500.0,1602460.0,15560.0
2378500.0,1602460.0,15560.0
2378500.0,1602460.0,15560.0
2378500.0,1602460.0,15560.0
2378500.0,1602460.0,15560.0
2378500.0,1602460.0,15560.0
2378500.0,1602460.0,15560.0
2378500.0,1602460.0,15560.0
2378302.6667,1602469.6,15645.333333
2377760.0,1602496.0,15880.0
2377760.0,1602496.0,15880.0
2377760.0,1602496.0,15880.0
2377760.0,1602496.0,15880.0
2377760.0,1602496.0,15880.0
2377760.0,1602496.0,15880.0
2377760.0,1602496.0,15880.0
2377760.0,1602496.0,15880.0
2377760.0,1602496.0,15880.0
2377760.0,1602496.0,15880.0
2377609.6,1602502.4,15946.133333
2377196.0,1602520.0,16128.0
2377196.0,1602520.0,16128.0
2377196.0,1602520.0,16128.0
2377196.0,1602520.0,16128.0
2377196.0,1602520.0,16128.0
2377196.0,1602520.0,16128.0
2377196.0,1602520.0,16128.0
2377196.0,1602520.0,16128.0
2377196.0,1602520.0,16128.0
2377196.0,1602520.0,16128.0
2377196.0,1602520.0,16128.0
2377487.2,1602531.2,16240.0
2377820.0,1602544.0,16368.0
2377820.0,1602544.0,16368.0
2377820.0,1602544.0,16368.0
2377820.0,1602544.0,16368.0
2377820.0,1602544.0,16368.0
2377820.0,1602544.0,16368.0
2377820.0,1602544.0,16368.0
2377820.0,1602544.0,16368.0
2377820.0,1602544.0,16368.0
2377820.0,1602544.0,16368.0
2377820.0,1602544.0,16368.0
2377314.1333,1602547.7333,16509.866667
2376736.0,1602552.0,16672.0
2376736.0,1602552.0,16672.0
2376736.0,1602552.0,16672.0
2376736.0,1602552.0,16672.0
2376736.0,1602552.0,16672.0
2376736.0,1602552.0,16672.0
2376736.0,1602552.0,16672.0
2376736.0,1602552.0,16672.0
2376736.0,1602552.0,16672.0
2376736.0,1602552.0,16672.0
2376736.0,1602552.0,16672.0
2376849.8667,1602566.9333,16787.733333
2376485.3333,1602584.0,16949.866667
2375920.0,1602584.0,16984.0
2375920.0,1602584.0,16984.0
2375920.0,1602584.0,16984.0
2375920.0,1602584.0,16984.0
2375920.0,1602584.0,16984.0
2375920.0,1602584.0,16984.0
2375920.0,1602584.0,16984.0
2375920.0,1602584.0,16984.0
2375920.0,1602584.0,16984.0
2375920.0,1602584.0,16984.0
2375920.0,1602584.0,16984.0
2376140.8,1602596.0,17118.4
2376288.0,1602604.0,17208.0
2376288.0,1602604.0,17208.0
2376288.0,1602604.0,17208.0
2376288.0,1602604.0,17208.0
2376288.0,1602604.0,17208.0
2376288.0,1602604.0,17208.0
2508757.8667,1602613.3333,17293.866667
2660152.0,1602624.0,17392.0
2660152.0,1602624.0,17392.0
2713830.4,1602630.4,17414.4
2794348.0,1602640.0,17448.0
2794348.0,1602640.0,17448.0
2794348.0,1602640.0,17448.0
2794348.0,1602640.0,17448.0
2794348.0,1602640.0,17448.0
2794348.0,1602640.0,17448.0
2794348.0,1602640.0,17448.0
2794348.0,1602640.0,17448.0
2794348.0,1602640.0,17448.0
2794348.0,1602640.0,17448.0
2794348.0,1602640.0,17448.0
2794072.8,1602645.3333,17516.266667
2793316.0,1602660.0,17704.0
2793316.0,1602660.0,17704.0
2793316.0,1602660.0,17704.0
2793316.0,1602660.0,17704.0
2793316.0,1602660.0,17704.0
2793316.0,1602660.0,17704.0
2793316.0,1602660.0,17704.0
2793316.0,1602660.0,17704.0
2793316.0,1602660.0,17704.0
2793316.0,1602660.0,17704.0
2793316.0,1602660.0,17704.0
2793600.8,1602703.7333,17785.066667
2794384.0,1602824.0,18008.0
2793960.5333,1602821.8667,18022.933333
2792796.0,1602816.0,18064.0
2792796.0,1602816.0,18064.0
2793128.8,1602816.0,18078.933333
2794044.0,1602816.0,18120.0
2794044.0,1602816.0,18120.0
2794044.0,1602816.0,18120.0
2794044.0,1602816.0,18120.0
2794044.0,1602816.0,18120.0
2794044.0,1602816.0,18120.0
2794044.0,1602816.0,18120.0
2794044.0,1602816.0,18120.0
2794044.0,1602816.0,18120.0
2794044.0,1602816.0,18120.0
2794044.0,1602816.0,18120.0
2794089.8667,1602820.8,18153.066667
2794388.0,1602852.0,18368.0
2794388.0,1602852.0,18368.0
2794388.0,1602852.0,18368.0
2794388.0,1602852.0,18368.0
2794388.0,1602852.0,18368.0
2794388.0,1602852.0,18368.0
2794388.0,1602852.0,18368.0
2794388.0,1602852.0,18368.0
2794388.0,1602852.0,18368.0
2794388.0,1602852.0,18368.0
2794388.0,1602852.0,18368.0
2794301.6,1602855.7333,18409.6
2793740.0,1602880.0,18680.0
2793740.0,1602880.0,18680.0
2793740.0,1602880.0,18680.0
2793740.0,1602880.0,18680.0
2793740.0,1602880.0,18680.0
2793740.0,1602880.0,18680.0
2793740.0,1602880.0,18680.0
2793740.0,1602880.0,18680.0
2793740.0,1602880.0,18680.0
2793487.2,1602881.6,18713.066667
2791844.0,1602892.0,18928.0
2791844.0,1602892.0,18928.0
2791926.9333,1602892.0,18932.266667
2793088.0,1602892.0,18992.0
2793088.0,1602892.0,18992.0
2793088.0,1602892.0,18992.0
2793088.0,1602892.0,18992.0
2793088.0,1602892.0,18992.0
2793088.0,1602892.0,18992.0
2793088.0,1602892.0,18992.0
2793088.0,1602892.0,18992.0
2793088.0,1602892.0,18992.0
2793088.0,1602892.0,18992.0
2793088.0,1602892.0,18992.0
2793037.8667,1602896.2667,19026.133333
2792712.0,1602924.0,19248.0
2792712.0,1602924.0,19248.0
2792712.0,1602924.0,19248.0
2792712.0,1602924.0,19248.0
2792712.0,1602924.0,19248.0
2792712.0,1602924.0,19248.0
2792712.0,1602924.0,19248.0
2792712.0,1602924.0,19248.0
2792712.0,1602924.0,19248.0
2792712.0,1602924.0,19248.0
2792712.0,1602924.0,19248.0
2792447.4667,1602928.2667,19422.933333
2792447.4667,1602928.2667,19422.933333
2792216.0,1602932.0,19576.0
2792216.0,1602932.0,19576.0
2792216.0,1602932.0,19576.0
2792216.0,1602932.0,19576.0
2792216.0,1602932.0,19576.0
2792216.0,1602932.0,19576.0
2792216.0,1602932.0,19576.0
2792216.0,1602932.0,19576.0
2792216.0,1602932.0,19576.0
2792216.0,1602932.0,19576.0
2792216.0,1602932.0,19576.0
2792420.0,1602944.0,19816.0
2792420.0,1602944.0,19816.0
2792420.0,1602944.0,19816.0
2792272.2667,1602945.0667,19832.0
2791312.0,1602952.0,19936.0
2791312.0,1602952.0,19936.0
2791312.0,1602952.0,19936.0
2791312.0,1602952.0,19936.0
2791312.0,1602952.0,19936.0
2791312.0,1602952.0,19936.0
2791312.0,1602952.0,19936.0
2826999.4667,1602953.0667,19960.533333
3058968.0,1602960.0,20120.0
3058968.0,1602960.0,20120.0
3058968.0,1602960.0,20120.0
3058968.0,1602960.0,20120.0
3058968.0,1602960.0,20120.0
3058968.0,1602960.0,20120.0
3058968.0,1602960.0,20120.0
3058968.0,1602960.0,20120.0
3058968.0,1602960.0,20120.0
3058968.0,1602960.0,20120.0
3058968.0,1602960.0,20120.0
3059051.2,1602964.8,20149.866667
3059592.0,1602996.0,20344.0
3059592.0,1602996.0,20344.0
3059592.0,1602996.0,20344.0
3059592.0,1602996.0,20344.0
3059592.0,1602996.0,20344.0
3059592.0,1602996.0,20344.0
3059592.0,1602996.0,20344.0
3059592.0,1602996.0,20344.0
3059592.0,1602996.0,20344.0
3059592.0,1602996.0,20344.0
3059592.0,1602996.0,20344.0
3058290.1333,1603938.4,20552.0
3049828.0,1610064.0,21904.0
3049828.0,1610064.0,21904.0
3049828.0,1610064.0,21904.0
3049828.0,1610064.0,21904.0
3049828.0,1610064.0,21904.0
3049828.0,1610064.0,21904.0
3049828.0,1610064.0,21904.0
3049828.0,1610064.0,21904.0
3049828.0,1610064.0,21904.0
3049828.0,1610064.0,21904.0
3049828.0,1610064.0,21904.0
3049780.5333,1610064.5333,21920.0
3049116.0,1610072.0,22144.0
3049116.0,1610072.0,22144.0
3049116.0,1610072.0,22144.0
3049116.0,1610072.0,22144.0
3049116.0,1610072.0,22144.0
3049116.0,1610072.0,22144.0
3049116.0,1610072.0,22144.0
3049116.0,1610072.0,22144.0
3049116.0,1610072.0,22144.0
3049116.0,1610072.0,22144.0
3049116.0,1610072.0,22144.0
3049177.8667,1610075.2,22178.666667
3049580.0,1610096.0,22404.0
3049580.0,1610096.0,22404.0
3049580.0,1610096.0,22404.0
3049580.0,1610096.0,22404.0
3049580.0,1610096.0,22404.0
3049580.0,1610096.0,22404.0
3049580.0,1610096.0,22404.0
3049580.0,1610096.0,22404.0
3049580.0,1610096.0,22404.0
3049580.0,1610096.0,22404.0
3049580.0,1610096.0,22404.0
3049406.1333,1610096.0,22456.266667
3048928.0,1610096.0,22600.0
3048928.0,1610096.0,22600.0
3048928.0,1610096.0,22600.0
3048928.0,1610096.0,22600.0
3048928.0,1610096.0,22600.0
3048928.0,1610096.0,22600.0
3048738.4,1610104.0,22625.6
3047980.0,1610136.0,22728.0
3047980.0,1610136.0,22728.0
3048185.6,1610135.2,22737.6
3049008.0,1610132.0,22776.0
3049008.0,1610132.0,22776.0
3049008.0,1610132.0,22776.0
3049008.0,1610132.0,22776.0
3049008.0,1610132.0,22776.0
3049008.0,1610132.0,22776.0
3049008.0,1610132.0,22776.0
3049008.0,1610132.0,22776.0
3049008.0,1610132.0,22776.0
3049008.0,1610132.0,22776.0
3048993.6,1610133.3333,22789.333333
3048792.0,1610152.0,22976.0
3048792.0,1610152.0,22976.0
3048792.0,1610152.0,22976.0
3048792.0,1610152.0,22976.0
3047956.0,1610156.0,23064.0
3047956.0,1610156.0,23064.0
3047956.0,1610156.0,23064.0
3047956.0,1610156.0,23064.0
3047956.0,1610156.0,23064.0
3047956.0,1610156.0,23064.0
3049100.0,1610156.0,23152.0
3049100.0,1610156.0,23152.0
3049100.0,1610156.0,23152.0
3049100.0,1610156.0,23152.0
3049100.0,1610156.0,23152.0
3049100.0,1610156.0,23152.0
3049100.0,1610156.0,23152.0
3049100.0,1610156.0,23152.0
3049100.0,1610156.0,23152.0
3049100.0,1610156.0,23152.0
3049100.0,1610156.0,23152.0
3048504.8,1610209.3333,23256.533333
3048504.8,1610209.3333,23256.533333
3047984.0,1610256.0,23348.0
3047984.0,1610256.0,23348.0
3047984.0,1610256.0,23348.0
3047984.0,1610256.0,23348.0
3047984.0,1610256.0,23348.0
3047984.0,1610256.0,23348.0
3047984.0,1610256.0,23348.0
3047984.0,1610256.0,23348.0
3047984.0,1610256.0,23348.0
3047984.0,1610256.0,23348.0
3058993.0667,1610265.6,23362.666667
3213120.0,1610400.0,23568.0
3218084.2667,1610400.2667,23571.2
3287584.0,1610404.0,23616.0
3287584.0,1610404.0,23616.0
3287584.0,1610404.0,23616.0
3286404.0,1610408.0,23676.0
3286404.0,1610408.0,23676.0
3286404.0,1610408.0,23676.0
3286404.0,1610408.0,23676.0
3286404.0,1610408.0,23676.0
3286404.0,1610408.0,23676.0
3286404.0,1610408.0,23676.0
3286404.0,1610408.0,23676.0
3286404.0,1610408.0,23676.0
3286404.0,1610408.0,23676.0
3286404.0,1610408.0,23676.0
3286653.6,1610414.4,23774.133333
3286653.6,1610414.4,23774.133333
3286872.0,1610420.0,23860.0
3286872.0,1610420.0,23860.0
3286872.0,1610420.0,23860.0
3286872.0,1610420.0,23860.0
3286872.0,1610420.0,23860.0
3286872.0,1610420.0,23860.0
3286872.0,1610420.0,23860.0
3286872.0,1610420.0,23860.0
3286872.0,1610420.0,23860.0
3286872.0,1610420.0,23860.0
3286308.8,1610509.6,23988.0
3286308.8,1610509.6,23988.0
3285816.0,1610588.0,24100.0
3285816.0,1610588.0,24100.0
3285816.0,1610588.0,24100.0
3285816.0,1610588.0,24100.0
3285816.0,1610588.0,24100.0
3285816.0,1610588.0,24100.0
3285816.0,1610588.0,24100.0
3285816.0,1610588.0,24100.0
3285816.0,1610588.0,24100.0
3285816.0,1610588.0,24100.0
3285861.8667,1610591.7333,24125.6
3286160.0,1610616.0,24292.0
3286160.0,1610616.0,24292.0
3286160.0,1610616.0,24292.0
3286160.0,1610616.0,24292.0
3286160.0,1610616.0,24292.0
3286160.0,1610616.0,24292.0
3286160.0,1610616.0,24292.0
3286160.0,1610616.0,24292.0
3286160.0,1610616.0,24292.0
3286160.0,1610616.0,24292.0
3286160.0,1610616.0,24292.0
3286160.0,1610616.0,24292.0
3285880.0,1610624.0,24548.0
3285880.0,1610624.0,24548.0
3285880.0,1610624.0,24548.0
3285880.0,1610624.0,24548.0
3285880.0,1610624.0,24548.0
3285880.0,1610624.0,24548.0
3285880.0,1610624.0,24548.0
3285880.0,1610624.0,24548.0
3285880.0,1610624.0,24548.0
3285880.0,1610624.0,24548.0
3285880.0,1610624.0,24548.0
3285880.0,1610624.0,24548.0
3285394.6667,1610648.2667,24693.6
3285320.0,1610652.0,24716.0
3285320.0,1610652.0,24716.0
3285320.0,1610652.0,24716.0
3285320.0,1610652.0,24716.0
3285320.0,1610652.0,24716.0
3285320.0,1610652.0,24716.0
3285320.0,1610652.0,24716.0
3285320.0,1610652.0,24716.0
3285320.0,1610652.0,24716.0
3285320.0,1610652.0,24716.0
3285320.0,1610652.0,24716.0
3285131.2,1610677.6,24911.2
3285084.0,1610684.0,24960.0
3285084.0,1610684.0,24960.0
3285084.0,1610684.0,24960.0
3285084.0,1610684.0,24960.0
3285084.0,1610684.0,24960.0
3285084.0,1610684.0,24960.0
3285084.0,1610684.0,24960.0
3285084.0,1610684.0,24960.0
3285084.0,1610684.0,24960.0
3285084.0,1610684.0,24960.0
3285084.0,1610684.0,24960.0
3284788.0,1610676.0,25152.0
3284788.0,1610676.0,25152.0
3284788.0,1610676.0,25152.0
3284788.0,1610676.0,25152.0
3284788.0,1610676.0,25152.0
3284788.0,1610676.0,25152.0
3284788.0,1610676.0,25152.0
3284788.0,1610676.0,25152.0
3284788.0,1610676.0,25152.0
3284788.0,1610676.0,25152.0
3284788.0,1610676.0,25152.0
3284788.0,1610676.0,25152.0
3284858.9333,1610709.6,25368.533333
3284864.0,1610712.0,25384.0
3284864.0,1610712.0,25384.0
3284864.0,1610712.0,25384.0
3284864.0,1610712.0,25384.0
3284864.0,1610712.0,25384.0
3284864.0,1610712.0,25384.0
3284864.0,1610712.0,25384.0
3284864.0,1610712.0,25384.0
3284864.0,1610712.0,25384.0
3284864.0,1610712.0,25384.0
3284864.0,1610712.0,25384.0
3284889.6,1610721.6,25518.4
3284896.0,1610724.0,25552.0
3284896.0,1610724.0,25552.0
3284896.0,1610724.0,25552.0
3430246.4,1610724.0,25619.2
3466584.0,1610724.0,25636.0
3466584.0,1610724.0,25636.0
3466584.0,1610724.0,25636.0
3466584.0,1610724.0,25636.0
3466584.0,1610724.0,25636.0
3466584.0,1610724.0,25636.0
3466584.0,1610724.0,25636.0
3466584.0,1610724.0,25636.0
3466584.0,1610724.0,25636.0
3466584.0,1610724.0,25636.0
3466584.0,1610724.0,25636.0
3466691.4667,1610869.6,25767.733333
3466708.0,1610892.0,25788.0
3466708.0,1610892.0,25788.0
3466708.0,1610892.0,25788.0
3464985.0667,1610898.9333,25878.133333
3464720.0,1610900.0,25892.0
3464720.0,1610900.0,25892.0
3466086.4,1610922.4,25933.066667
3466184.0,1610924.0,25936.0
3466184.0,1610924.0,25936.0
3466184.0,1610924.0,25936.0
3466184.0,1610924.0,25936.0
3466184.0,1610924.0,25936.0
3466184.0,1610924.0,25936.0
3466184.0,1610924.0,25936.0
3466184.0,1610924.0,25936.0
3466184.0,1610924.0,25936.0
3466184.0,1610924.0,25936.0
3466175.7333,1610926.4,25945.6
3466060.0,1610960.0,26080.0
3466060.0,1610960.0,26080.0
3466060.0,1610960.0,26080.0
3466060.0,1610960.0,26080.0
3466060.0,1610960.0,26080.0
3466060.0,1610960.0,26080.0
3466060.0,1610960.0,26080.0
3466060.0,1610960.0,26080.0
3466060.0,1610960.0,26080.0
3466060.0,1610960.0,26080.0
3466060.0,1610960.0,26080.0
3466060.0,1610960.0,26080.0
3466308.0,1611108.0,26284.0
3466308.0,1611108.0,26284.0
3466308.0,1611108.0,26284.0
3466308.0,1611108.0,26284.0
3466308.0,1611108.0,26284.0
3466308.0,1611108.0,26284.0
3466308.0,1611108.0,26284.0
3466308.0,1611108.0,26284.0
3466308.0,1611108.0,26284.0
3466308.0,1611108.0,26284.0
3466308.0,1611108.0,26284.0
3466239.7333,1611109.6,26294.666667
3465284.0,1611132.0,26444.0
3465284.0,1611132.0,26444.0
3465284.0,1611132.0,26444.0
3465284.0,1611132.0,26444.0
3465284.0,1611132.0,26444.0
3465284.0,1611132.0,26444.0
3465284.0,1611132.0,26444.0
3465284.0,1611132.0,26444.0
3465284.0,1611132.0,26444.0
3465284.0,1611132.0,26444.0
3465284.0,1611132.0,26444.0
3465284.0,1611132.0,26444.0
3465922.4,1611150.6667,26630.666667
3465968.0,1611152.0,26644.0
3464575.4667,1611152.0,26662.666667
3464476.0,1611152.0,26664.0
3464476.0,1611152.0,26664.0
3465607.2,1611152.0,26705.066667
3465688.0,1611152.0,26708.0
3465688.0,1611152.0,26708.0
3465688.0,1611152.0,26708.0
3465688.0,1611152.0,26708.0
3465688.0,1611152.0,26708.0
3465688.0,1611152.0,26708.0
3465688.0,1611152.0,26708.0
3465688.0,1611152.0,26708.0
3465688.0,1611152.0,26708.0
3465688.0,1611152.0,26708.0
3464277.0667,1611314.9333,27248.8
3464060.0,1611340.0,27332.0
3464060.0,1611340.0,27332.0
3464060.0,1611340.0,27332.0
3464060.0,1611340.0,27332.0
3464060.0,1611340.0,27332.0
3464060.0,1611340.0,27332.0
3464060.0,1611340.0,27332.0
3464060.0,1611340.0,27332.0
3464060.0,1611340.0,27332.0
3464060.0,1611340.0,27332.0
3464060.0,1611340.0,27332.0
3464291.4667,1611377.3333,27507.466667
3464308.0,1611380.0,27520.0
3464308.0,1611380.0,27520.0
3464308.0,1611380.0,27520.0
3464308.0,1611380.0,27520.0
3464308.0,1611380.0,27520.0
3464308.0,1611380.0,27520.0
3464308.0,1611380.0,27520.0
3464308.0,1611380.0,27520.0
3464308.0,1611380.0,27520.0
3464308.0,1611380.0,27520.0
3464308.0,1611380.0,27520.0
3464044.0,1611372.0,27784.0
3464044.0,1611372.0,27784.0
3464044.0,1611372.0,27784.0
3464044.0,1611372.0,27784.0
3464044.0,1611372.0,27784.0
3464044.0,1611372.0,27784.0
3464044.0,1611372.0,27784.0
3464044.0,1611372.0,27784.0
3555241.8667,1611398.1333,27914.666667
3561756.0,1611400.0,27924.0
3561756.0,1611400.0,27924.0
3561756.0,1611400.0,27924.0
3561756.0,1611400.0,27924.0
3561756.0,1611400.0,27924.0
3561756.0,1611400.0,27924.0
3561688.2667,1611400.5333,27933.333333
3560740.0,1611408.0,28064.0
3560740.0,1611408.0,28064.0
3560740.0,1611408.0,28064.0
3560740.0,1611408.0,28064.0
3560740.0,1611408.0,28064.0
3560740.0,1611408.0,28064.0
3560740.0,1611408.0,28064.0
3560740.0,1611408.0,28064.0
3560740.0,1611408.0,28064.0
3560740.0,1611408.0,28064.0
3560740.0,1611408.0,28064.0
3560744.8,1611412.2667,28088.0
3560776.0,1611440.0,28244.0
3560776.0,1611440.0,28244.0
3560776.0,1611440.0,28244.0
3560776.0,1611440.0,28244.0
3560776.0,1611440.0,28244.0
3560776.0,1611440.0,28244.0
3560776.0,1611440.0,28244.0
3560776.0,1611440.0,28244.0
3560776.0,1611440.0,28244.0
3560776.0,1611440.0,28244.0
3560776.0,1611440.0,28244.0
3560817.0667,1611445.3333,28270.666667
3561084.0,1611480.0,28444.0
3561084.0,1611480.0,28444.0
3561084.0,1611480.0,28444.0
3561084.0,1611480.0,28444.0
3561084.0,1611480.0,28444.0
3561084.0,1611480.0,28444.0
3561084.0,1611480.0,28444.0
3561084.0,1611480.0,28444.0
3561084.0,1611480.0,28444.0
3561084.0,1611480.0,28444.0
3561084.0,1611480.0,28444.0
3561080.2667,1611484.2667,28466.933333
3561056.0,1611512.0,28616.0
3561056.0,1611512.0,28616.0
3561056.0,1611512.0,28616.0
3561056.0,1611512.0,28616.0
3561056.0,1611512.0,28616.0
3561056.0,1611512.0,28616.0
3561056.0,1611512.0,28616.0
3561056.0,1611512.0,28616.0
3561056.0,1611512.0,28616.0
3561056.0,1611512.0,28616.0
3561056.0,1611512.0,28616.0
3560968.8,1611513.6,28665.6
3560620.0,1611520.0,28864.0
3560620.0,1611520.0,28864.0
3560620.0,1611520.0,28864.0
3560620.0,1611520.0,28864.0
3560620.0,1611520.0,28864.0
3560620.0,1611520.0,28864.0
3560620.0,1611520.0,28864.0
3560620.0,1611520.0,28864.0
3560620.0,1611520.0,28864.0
3560620.0,1611520.0,28864.0
3560620.0,1611520.0,28864.0
3560545.3333,1611524.2667,28887.466667
3560060.0,1611552.0,29040.0
3560060.0,1611552.0,29040.0
3560060.0,1611552.0,29040.0
3560060.0,1611552.0,29040.0
3560060.0,1611552.0,29040.0
3560060.0,1611552.0,29040.0
3559788.0,1611553.0667,29048.266667
3555980.0,1611568.0,29164.0
3557776.2667,1611563.7333,29191.733333
3557776.2667,1611563.7333,29191.733333
3559348.0,1611560.0,29216.0
3559348.0,1611560.0,29216.0
3559348.0,1611560.0,29216.0
3559348.0,1611560.0,29216.0
3559348.0,1611560.0,29216.0
3559348.0,1611560.0,29216.0
3559348.0,1611560.0,29216.0
3559348.0,1611560.0,29216.0
3559348.0,1611560.0,29216.0
3559348.0,1611560.0,29216.0
3559348.0,1611560.0,29216.0
3559489.8667,1611593.6,29380.266667
3559500.0,1611596.0,29392.0
3559500.0,1611596.0,29392.0
3559500.0,1611596.0,29392.0
3559500.0,1611596.0,29392.0
3559500.0,1611596.0,29392.0
3559500.0,1611596.0,29392.0
3559500.0,1611596.0,29392.0
3559500.0,1611596.0,29392.0
3559500.0,1611596.0,29392.0
3559500.0,1611596.0,29392.0
3559500.0,1611596.0,29392.0
3559599.2,1611637.6,29596.8
3559624.0,1611648.0,29648.0
3559624.0,1611648.0,29648.0
3559624.0,1611648.0,29648.0
3559624.0,1611648.0,29648.0
3559624.0,1611648.0,29648.0
3559624.0,1611648.0,29648.0
3559624.0,1611648.0,29648.0
3559624.0,1611648.0,29648.0
3559624.0,1611648.0,29648.0
3559624.0,1611648.0,29648.0
3559624.0,1611648.0,29648.0
3559848.0,1611664.0,29769.6
3557962.1333,1611673.8667,29826.4
3557256.0,1611676.0,29836.0
3557256.0,1611676.0,29836.0
5448224.0,1607308.0,29852.0
