vda,102.60,0.58,0.01,2,0
vda,30.20,0.18,0.00,0,0
vda,10.00,0.03,0.01,0,0
vda,33.80,0.00,0.14,0,0
vda,11.80,0.00,0.05,0,0
vda,1.80,0.00,0.01,0,0
vda,90.40,3.16,0.00,15,0
vda,91.80,2.81,0.01,14,0
vda,87.60,10.35,0.02,51,0
vda,95.20,7.62,0.12,38,0
vda,106.60,10.67,1.34,53,6
vda,75.80,8.65,0.00,43,0
vda,106.40,13.05,0.01,65,0
vda,73.00,9.00,0.00,45,0
vda,86.80,10.78,0.00,53,0
vda,75.00,2.76,0.22,13,1
vda,12.40,0.00,0.05,0,0
vda,1.80,0.00,0.01,0,0
vda,1.00,0.00,0.00,0,0
vda,27.80,0.00,0.12,0,0
vda,12.20,0.00,0.05,0,0
vda,26.00,0.00,0.11,0,0
vda,5.00,0.00,0.02,0,0
vda,1.80,0.00,0.01,0,0
vda,40.20,0.00,0.16,0,0
vda,13.00,0.00,0.05,0,0
vda,0.60,0.00,0.00,0,0
vda,35.60,0.00,0.14,0,0
vda,2.80,0.00,0.01,0,0
vda,2.60,0.00,0.01,0,0
vda,39.00,0.00,0.16,0,0
vda,5.40,0.00,0.02,0,0
vda,37.60,0.00,0.15,0,0
vda,1.20,0.00,0.00,0,0
vda,0.00,0.00,0.00,0,0
vda,1.20,0.00,0.00,0,0
vda,2.00,0.00,0.01,0,0
vda,2.60,0.00,0.01,0,0
vda,2.60,0.00,0.01,0,0
vda,3.00,0.00,0.02,0,0
vda,18.80,0.00,0.07,0,0
vda,43.20,0.00,0.17,0,0
vda,0.60,0.00,0.00,0,0
vda,0.00,0.00,0.00,0,0
vda,1.40,0.00,0.01,0,0
vda,2.20,0.00,0.01,0,0
vda,1.40,0.00,0.01,0,0
vda,20.60,0.00,0.08,0,0
vda,2.00,0.00,0.01,0,0
vda,36.20,0.00,0.15,0,0
vda,19.80,0.00,0.08,0,0
vda,2.00,0.00,0.01,0,0
vda,32.20,0.00,0.13,0,0
vda,3.60,0.00,0.01,0,0
vda,2.00,0.00,0.01,0,0
vda,9.40,0.00,0.04,0,0
vda,30.00,0.00,0.12,0,0
vda,1.00,0.00,0.00,0,0
vda,26.00,0.00,0.11,0,0
vda,24.80,0.00,0.10,0,0
vda,2.00,0.00,0.01,0,0
vda,39.60,0.00,0.16,0,0
vda,4.80,0.00,0.02,0,0
vda,2.00,0.00,0.01,0,0
vda,33.00,0.00,0.13,0,0
vda,1.40,0.00,0.00,0,0
vda,2.00,0.00,0.01,0,0
vda,1.40,0.00,0.01,0,0
vda,2.40,0.00,0.01,0,0
vda,1.00,0.00,0.00,0,0
vda,0.60,0.00,0.00,0,0
vda,53.40,0.00,0.21,0,1
vda,2.00,0.00,0.01,0,0
vda,7.60,0.00,0.03,0,0
vda,2.00,0.00,0.01,0,0
vda,33.40,0.00,0.13,0,0
vda,2.60,0.00,0.01,0,0
vda,3.80,0.00,0.01,0,0
vda,1.00,0.00,0.00,0,0
vda,0.20,0.00,0.00,0,0
vda,2.00,0.00,0.01,0,0
vda,1.40,0.00,0.01,0,0
vda,19.60,0.00,0.08,0,0
vda,35.00,0.00,0.14,0,0
vda,9.20,0.00,0.04,0,0
vda,1.00,0.00,0.00,0,0
vda,1.00,0.00,0.00,0,0
vda,2.40,0.00,0.01,0,0
vda,2.40,0.00,0.01,0,0
vda,3.79,0.00,0.01,0,0
vda,11.60,0.00,0.05,0,0
vda,1.00,0.00,0.00,0,0
vda,22.60,0.00,0.09,0,0
vda,2.40,0.00,0.01,0,0
vda,8.20,0.00,0.04,0,0
vda,0.80,0.00,0.00,0,0
vda,3.80,0.00,0.02,0,0
vda,19.20,0.00,0.07,0,0
vda,2.20,0.00,0.01,0,0
vda,1.60,0.00,0.01,0,0
vda,0.00,0.00,0.00,0,0
vda,34.60,0.00,0.14,0,0
vda,2.00,0.00,0.01,0,0
vda,8.40,0.00,0.04,0,0
vda,1.00,0.00,0.00,0,0
vda,14.00,0.00,0.06,0,0
vda,3.00,0.00,0.01,0,0
vda,10.80,0.00,0.05,0,0
vda,0.00,0.00,0.00,0,0
vda,0.60,0.00,0.00,0,0
vda,36.40,0.00,0.15,0,0
vda,2.40,0.00,0.01,0,0
vda,18.20,0.00,0.07,0,0
vda,1.20,0.00,0.00,0,0
vda,2.00,0.00,0.01,0,0
vda,0.60,0.00,0.00,0,0
vda,3.20,0.00,0.01,0,0
vda,26.40,0.00,0.10,0,0
vda,16.20,0.13,0.00,0,0
vda,13.40,0.05,0.01,0,0
vda,25.00,0.00,0.10,0,0
vda,1.00,0.00,0.00,0,0
vda,11.40,0.00,0.05,0,0
vda,2.00,0.00,0.01,0,0
vda,2.80,0.00,0.02,0,0
vda,5.60,0.00,0.02,0,0
vda,43.80,0.00,0.17,0,0
vda,2.80,0.00,0.01,0,0
vda,13.80,0.00,0.05,0,0
vda,0.40,0.00,0.00,0,0
vda,1.40,0.00,0.01,0,0
vda,3.00,0.00,0.01,0,0
vda,4.80,0.00,0.02,0,0
vda,8.00,0.00,0.03,0,0
vda,31.60,0.00,0.12,0,0
vda,19.40,0.00,0.08,0,0
vda,3.40,0.00,0.01,0,0
vda,0.00,0.00,0.00,0,0
vda,3.60,0.00,0.02,0,0
vda,1.00,0.00,0.00,0,0
vda,3.20,0.00,0.01,0,0
vda,1.80,0.00,0.01,0,0
vda,1.40,0.00,0.01,0,0
vda,45.80,0.00,0.18,0,0
vda,2.00,0.00,0.01,0,0
vda,2.40,0.00,0.01,0,0
vda,1.40,0.00,0.01,0,0
vda,6.60,0.00,0.03,0,0
vda,1.40,0.00,0.01,0,0
vda,1.80,0.00,0.01,0,0
vda,44.60,0.00,0.18,0,0
vda,0.00,0.00,0.00,0,0
vda,2.60,0.00,0.01,0,0
vda,9.00,0.00,0.04,0,0
vda,1.40,0.00,0.01,0,0
vda,3.80,0.00,0.01,0,0
vda,3.00,0.00,0.01,0,0
vda,1.40,0.00,0.01,0,0
vda,18.40,0.00,0.07,0,0
vda,34.00,0.00,0.14,0,0
vda,1.40,0.00,0.01,0,0
vda,8.40,0.00,0.04,0,0
vda,2.00,0.00,0.01,0,0
vda,0.00,0.00,0.00,0,0
vda,2.40,0.00,0.01,0,0
vda,21.80,0.00,0.09,0,0
vda,2.20,0.00,0.01,0,0
vda,1.20,0.00,0.00,0,0
vda,32.40,0.00,0.13,0,0
vda,1.00,0.00,0.00,0,0
vda,8.00,0.00,0.03,0,0
vda,2.20,0.00,0.01,0,0
vda,12.60,0.00,0.05,0,0
vda,2.40,0.00,0.01,0,0
vda,7.40,0.00,0.03,0,0
vda,1.20,0.00,0.00,0,0
vda,8.60,0.00,0.04,0,0
vda,22.00,0.00,0.09,0,0
vda,0.40,0.00,0.00,0,0
vda,22.60,0.00,0.09,0,0
vda,2.00,0.00,0.01,0,0
vda,1.00,0.00,0.00,0,0
vda,26.80,0.00,0.11,0,0
vda,24.00,0.00,0.10,0,0
vda,1.40,0.00,0.01,0,0
vda,1.60,0.00,0.01,0,0
vda,2.20,0.00,0.01,0,0
vda,0.00,0.00,0.00,0,0
vda,1.40,0.00,0.01,0,0
vda,19.00,0.00,0.07,0,0
vda,26.80,0.00,0.11,0,0
vda,9.40,0.00,0.04,0,0
vda,1.80,0.00,0.01,0,0
vda,3.00,0.00,0.01,0,0
vda,2.60,0.00,0.01,0,0
vda,1.20,0.00,0.00,0,0
vda,0.00,0.00,0.00,0,0
vda,28.00,0.00,0.11,0,0
vda,13.60,0.00,0.05,0,0
vda,8.00,0.00,0.03,0,0
vda,7.60,0.00,0.03,0,0
vda,1.60,0.00,0.01,0,0
vda,1.40,0.00,0.01,0,0
vda,1.60,0.00,0.01,0,0
vda,3.80,0.00,0.02,0,0
vda,18.76,0.00,0.07,0,0
vda,26.00,0.00,0.10,0,0
vda,2.00,0.00,0.01,0,0
vda,8.00,0.00,0.03,0,0
vda,10.40,0.00,0.04,0,0
vda,1.40,0.00,0.01,0,0
vda,1.60,0.00,0.01,0,0
vda,3.20,0.00,0.01,0,0
vda,19.60,0.00,0.08,0,0
vda,1.00,0.00,0.00,0,0
vda,25.40,0.00,0.10,0,0
vda,1.80,0.00,0.01,0,0
vda,8.00,0.00,0.03,0,0
vda,11.00,0.00,0.04,0,0
vda,2.80,0.00,0.01,0,0
vda,12.80,0.00,0.05,0,0
vda,0.00,0.00,0.00,0,0
vda,2.00,0.00,0.01,0,0
vda,1.00,0.00,0.00,0,0
vda,18.00,0.00,0.07,0,0
vda,9.40,0.00,0.04,0,0
vda,2.20,0.00,0.01,0,0
vda,6.40,0.00,0.03,0,0
vda,19.00,0.00,0.07,0,0
vda,2.40,0.00,0.01,0,0
vda,2.00,0.00,0.01,0,0
vda,27.80,0.00,0.11,0,0
vda,0.40,0.00,0.00,0,0
vda,3.00,0.00,0.02,0,0
vda,17.20,0.00,0.07,0,0
vda,12.40,0.00,0.05,0,0
vda,1.40,0.00,0.01,0,0
vda,1.20,0.00,0.00,0,0
vda,2.80,0.00,0.01,0,0
vda,2.60,0.00,0.01,0,0
vda,35.20,0.00,0.14,0,0
vda,2.40,0.00,0.01,0,0
vda,1.40,0.00,0.01,0,0
vda,15.20,0.00,0.06,0,0
vda,35.00,0.00,0.14,0,0
vda,1.00,0.00,0.00,0,0
vda,0.20,0.00,0.00,0,0
vda,4.00,0.00,0.02,0,0
vda,3.20,0.00,0.01,0,0
vda,0.60,0.00,0.00,0,0
vda,28.00,0.00,0.11,0,0
vda,25.60,0.00,0.10,0,0
vda,0.00,0.00,0.00,0,0
vda,10.40,0.00,0.04,0,0
vda,1.00,0.00,0.00,0,0
vda,2.40,0.00,0.01,0,0
vda,2.20,0.00,0.01,0,0
vda,1.00,0.00,0.00,0,0
vda,15.40,0.00,0.06,0,0
vda,18.00,0.00,0.07,0,0
vda,0.40,0.00,0.00,0,0
vda,2.00,0.00,0.01,0,0
vda,11.20,0.00,0.05,0,0
vda,1.00,0.00,0.00,0,0
vda,0.00,0.00,0.00,0,0
vda,9.20,0.00,0.04,0,0
vda,18.40,0.00,0.07,0,0
vda,4.60,0.00,0.02,0,0
vda,26.80,0.00,0.11,0,0
vda,1.40,0.00,0.01,0,0
vda,1.00,0.00,0.00,0,0
vda,7.60,0.00,0.03,0,0
vda,0.00,0.00,0.00,0,0
vda,18.60,0.00,0.07,0,0
vda,9.20,0.00,0.04,0,0
vda,1.00,0.00,0.00,0,0
vda,2.60,0.00,0.01,0,0
vda,25.40,0.00,0.10,0,0
vda,2.80,0.00,0.01,0,0
vda,2.00,0.00,0.01,0,0
vda,10.20,0.00,0.04,0,0
vda,12.60,0.00,0.05,0,0
vda,1.00,0.00,0.00,0,0
vda,3.00,0.00,0.01,0,0
vda,7.20,0.00,0.03,0,0
vda,1.80,0.00,0.01,0,0
vda,27.60,0.00,0.11,0,0
vda,1.00,0.00,0.00,0,0
vda,21.40,0.00,0.08,0,0
vda,9.60,0.00,0.04,0,0
vda,1.60,0.00,0.01,0,0
vda,1.00,0.00,0.00,0,0
vda,2.20,0.00,0.01,0,0
vda,1.00,0.00,0.00,0,0
vda,0.00,0.00,0.00,0,0
vda,26.00,0.00,0.10,0,0
vda,12.40,0.00,0.05,0,0
vda,2.20,0.00,0.01,0,0
vda,10.60,0.00,0.04,0,0
vda,2.40,0.00,0.01,0,0
vda,0.00,0.00,0.00,0,0
vda,2.40,0.00,0.01,0,0
vda,1.20,0.00,0.00,0,0
vda,19.80,0.00,0.08,0,0
vda,26.80,0.00,0.11,0,0
vda,1.00,0.00,0.00,0,0
vda,8.00,0.00,0.03,0,0
vda,7.40,0.00,0.03,0,0
vda,5.20,0.00,0.02,0,0
vda,2.80,0.00,0.01,0,0
vda,2.40,0.00,0.01,0,0
vda,21.00,0.00,0.09,0,0
vda,1.00,0.00,0.00,0,0
vda,25.40,0.00,0.10,0,0
vda,2.00,0.00,0.01,0,0
vda,8.00,0.00,0.03,0,0
vda,11.00,0.00,0.04,0,0
