7970648.0,62016.0,1760.0
7508954.1333,143888.0,3858.1333333
7475976.0,149736.0,4008.0
7474837.3333,149758.4,4067.7333333
7474756.0,149760.0,4072.0
7474756.0,149760.0,4072.0
7473388.0,149824.0,4136.0
7473388.0,149824.0,4136.0
7471046.1333,149825.06667,4140.0
7438260.0,149840.0,4196.0
7438260.0,149840.0,4196.0
7422967.2,149840.0,4203.4666667
7323564.0,149840.0,4252.0
7294765.6,149840.8,4263.2
7179572.0,149844.0,4308.0
7179572.0,149844.0,4308.0
7179572.0,149844.0,4308.0
7179572.0,149844.0,4308.0
7179572.0,149844.0,4308.0
7179572.0,149844.0,4308.0
7179572.0,149844.0,4308.0
7179572.0,149844.0,4308.0
7179572.0,149844.0,4308.0
7179572.0,149844.0,4308.0
7179572.0,149844.0,4308.0
7179572.0,149844.0,4308.0
7179064.2667,150590.66667,4685.0666667
7177814.6667,150655.2,4782.9333333
7177728.0,150656.0,4788.0
7177728.0,150656.0,4788.0
7174946.6667,150663.46667,4840.2666667
7174748.0,150664.0,4844.0
7174748.0,150664.0,4844.0
7837851.4667,144548.8,4896.2666667
