16028377.333,233505.06667,5537.8666667
16220952.0,43904.0,3184.0
14440844.0,320932.0,3836.0
14440844.0,320932.0,3836.0
14440844.0,320932.0,3836.0
13841776.0,453296.0,3900.0
13841776.0,453296.0,3900.0
13841776.0,453296.0,3900.0
13840099.733,453307.2,3937.3333333
13839980.0,453308.0,3940.0
13838673.333,453315.46667,3984.8
13838580.0,453316.0,3988.0
13838580.0,453316.0,3988.0
13838580.0,453316.0,3988.0
13838580.0,453316.0,3988.0
13838580.0,453316.0,3988.0
13838580.0,453316.0,3988.0
13838580.0,453316.0,3988.0
13838580.0,453316.0,3988.0
13838580.0,453316.0,3988.0
13838580.0,453316.0,3988.0
13836988.0,453336.0,4220.0
13836988.0,453336.0,4220.0
13836988.0,453336.0,4220.0
13389904.0,453344.0,4296.0
13389904.0,453344.0,4296.0
13385964.0,453356.0,4344.0
13385964.0,453356.0,4344.0
13385964.0,453356.0,4344.0
13385964.0,453356.0,4344.0
13385964.0,453356.0,4344.0
13385964.0,453356.0,4344.0
13385964.0,453356.0,4344.0
13385964.0,453356.0,4344.0
13385964.0,453356.0,4344.0
13385964.0,453356.0,4344.0
13385964.0,453356.0,4344.0
13384444.0,454228.0,4740.0
13384444.0,454228.0,4740.0
13384444.0,454228.0,4740.0
13384444.0,454228.0,4740.0
13384444.0,454228.0,4740.0
13384444.0,454228.0,4740.0
13384444.0,454228.0,4740.0
13384444.0,454228.0,4740.0
13384444.0,454228.0,4740.0
13384444.0,454228.0,4740.0
13384444.0,454228.0,4740.0
13384444.0,454228.0,4740.0
13383984.0,454336.0,5004.0
13383984.0,454336.0,5004.0
13383984.0,454336.0,5004.0
13383984.0,454336.0,5004.0
13383984.0,454336.0,5004.0
13383984.0,454336.0,5004.0
13383984.0,454336.0,5004.0
13383984.0,454336.0,5004.0
13383984.0,454336.0,5004.0
13383984.0,454336.0,5004.0
13383984.0,454336.0,5004.0
13383984.0,454336.0,5004.0
13383068.8,454342.4,5228.0
13382840.0,454344.0,5284.0
13382840.0,454344.0,5284.0
13382840.0,454344.0,5284.0
13382840.0,454344.0,5284.0
13382840.0,454344.0,5284.0
13382840.0,454344.0,5284.0
13382840.0,454344.0,5284.0
13382840.0,454344.0,5284.0
13382840.0,454344.0,5284.0
13382840.0,454344.0,5284.0
13382840.0,454344.0,5284.0
13382790.133,454355.73333,5436.5333333
13382772.0,454360.0,5492.0
13382772.0,454360.0,5492.0
13382772.0,454360.0,5492.0
13382772.0,454360.0,5492.0
13382772.0,454360.0,5492.0
13382772.0,454360.0,5492.0
13382772.0,454360.0,5492.0
13382772.0,454360.0,5492.0
13382772.0,454360.0,5492.0
13382772.0,454360.0,5492.0
13382772.0,454360.0,5492.0
13382972.0,454524.0,5796.0
13382972.0,454524.0,5796.0
13382972.0,454524.0,5796.0
13382972.0,454524.0,5796.0
13382972.0,454524.0,5796.0
13382972.0,454524.0,5796.0
13382972.0,454524.0,5796.0
13382972.0,454524.0,5796.0
13382972.0,454524.0,5796.0
13382972.0,454524.0,5796.0
13382972.0,454524.0,5796.0
13382972.0,454524.0,5796.0
13382804.0,454532.0,6020.0
13375576.0,454532.0,6060.0
13375576.0,454532.0,6060.0
13375576.0,454532.0,6060.0
13376664.0,454532.0,6116.0
13376664.0,454532.0,6116.0
13376664.0,454532.0,6116.0
13376664.0,454532.0,6116.0
13376664.0,454532.0,6116.0
13376664.0,454532.0,6116.0
13376664.0,454532.0,6116.0
13376664.0,454532.0,6116.0
13376664.0,454532.0,6116.0
13376664.0,454532.0,6116.0
13376664.0,454532.0,6116.0
13376664.0,454532.0,6116.0
13375883.2,454548.0,6292.0
13373601.6,454561.6,6374.4
13373080.0,454564.0,6384.0
13373080.0,454564.0,6384.0
13374493.867,454569.86667,6419.2
13375008.0,454572.0,6432.0
13375008.0,454572.0,6432.0
13372102.4,456354.4,6761.6
13371376.0,456800.0,6844.0
13371376.0,456800.0,6844.0
13371376.0,456800.0,6844.0
13371376.0,456800.0,6844.0
13371376.0,456800.0,6844.0
13371376.0,456800.0,6844.0
13371376.0,456800.0,6844.0
13371376.0,456800.0,6844.0
13371376.0,456800.0,6844.0
13371376.0,456800.0,6844.0
13371320.267,456817.6,7002.4
13371300.0,456824.0,7060.0
13370015.2,456826.93333,7095.2
13369548.0,456828.0,7108.0
13369548.0,456828.0,7108.0
13370774.133,456830.93333,7149.0666667
13371220.0,456832.0,7164.0
13371220.0,456832.0,7164.0
13371220.0,456832.0,7164.0
13371220.0,456832.0,7164.0
13371220.0,456832.0,7164.0
13371220.0,456832.0,7164.0
13371220.0,456832.0,7164.0
13371220.0,456832.0,7164.0
13371220.0,456832.0,7164.0
13369812.533,456849.33333,7385.8666667
13369596.0,456852.0,7420.0
13369596.0,456852.0,7420.0
13371145.6,456862.4,7475.4666667
13371384.0,456864.0,7484.0
13371384.0,456864.0,7484.0
13371384.0,456864.0,7484.0
13371384.0,456864.0,7484.0
13371384.0,456864.0,7484.0
13371384.0,456864.0,7484.0
13371384.0,456864.0,7484.0
13366485.6,456957.6,7643.4666667
13365732.0,456972.0,7668.0
13365732.0,456972.0,7668.0
13365732.0,456972.0,7668.0
13365732.0,456972.0,7668.0
13365732.0,456972.0,7668.0
13365732.0,456972.0,7668.0
13365732.0,456972.0,7668.0
13365732.0,456972.0,7668.0
13365732.0,456972.0,7668.0
13365732.0,456972.0,7668.0
13365732.0,456972.0,7668.0
13364924.267,457072.53333,7889.8666667
13364800.0,457088.0,7924.0
13364800.0,457088.0,7924.0
13364800.0,457088.0,7924.0
13364800.0,457088.0,7924.0
13364800.0,457088.0,7924.0
13364800.0,457088.0,7924.0
13364800.0,457088.0,7924.0
13364800.0,457088.0,7924.0
13364800.0,457088.0,7924.0
13364800.0,457088.0,7924.0
13364800.0,457088.0,7924.0
13363748.0,457120.0,8252.0
13363748.0,457120.0,8252.0
13363748.0,457120.0,8252.0
13363748.0,457120.0,8252.0
13363748.0,457120.0,8252.0
13363748.0,457120.0,8252.0
13363748.0,457120.0,8252.0
13363748.0,457120.0,8252.0
13363748.0,457120.0,8252.0
13363748.0,457120.0,8252.0
13363748.0,457120.0,8252.0
13363748.0,457120.0,8252.0
13363828.0,457152.0,8516.0
15808268.0,450588.0,8588.0
