16212540.0,47504.0,3100.0
16212540.0,47504.0,3100.0
15636252.0,146740.0,3276.0
14483676.0,345212.0,3628.0
14483676.0,345212.0,3628.0
13987502.667,466326.66667,3649.3333333
12995156.0,708556.0,3692.0
12564905.333,814986.66667,3710.6666667
11704404.0,1027848.0,3748.0
11704404.0,1027848.0,3748.0
11244174.667,1086320.0,3769.3333333
10323716.0,1203264.0,3812.0
10323716.0,1203264.0,3812.0
10322670.667,1203269.3333,3833.3333333
10320580.0,1203280.0,3876.0
10319942.133,1203493.3333,3930.4
10318188.0,1204080.0,4080.0
10318188.0,1204080.0,4080.0
10318188.0,1204080.0,4080.0
10318188.0,1204080.0,4080.0
10318188.0,1204080.0,4080.0
10318188.0,1204080.0,4080.0
10318188.0,1204080.0,4080.0
10317740.0,1204081.3333,4133.3333333
10316844.0,1204084.0,4240.0
10316844.0,1204084.0,4240.0
10316844.0,1204084.0,4240.0
10316844.0,1204084.0,4240.0
10316844.0,1204084.0,4240.0
10316844.0,1204084.0,4240.0
10316844.0,1204084.0,4240.0
10316844.0,1204084.0,4240.0
10316844.0,1204084.0,4240.0
10316844.0,1204084.0,4240.0
10316844.0,1204084.0,4240.0
10316661.6,1204088.2667,4295.4666667
10316160.0,1204100.0,4448.0
10316160.0,1204100.0,4448.0
10316160.0,1204100.0,4448.0
10316160.0,1204100.0,4448.0
10316160.0,1204100.0,4448.0
10316160.0,1204100.0,4448.0
10316160.0,1204100.0,4448.0
10316160.0,1204100.0,4448.0
10316160.0,1204100.0,4448.0
10316160.0,1204100.0,4448.0
10316160.0,1204100.0,4448.0
10316293.333,1204114.6667,4538.6666667
10316560.0,1204144.0,4720.0
10316560.0,1204144.0,4720.0
10316560.0,1204144.0,4720.0
10316560.0,1204144.0,4720.0
10316560.0,1204144.0,4720.0
10316560.0,1204144.0,4720.0
10316560.0,1204144.0,4720.0
10316560.0,1204144.0,4720.0
10316560.0,1204144.0,4720.0
10316560.0,1204144.0,4720.0
10315493.333,1204606.9333,4824.5333333
10312560.0,1205880.0,5112.0
10312560.0,1205880.0,5112.0
10312890.667,1205881.0667,5128.0
10313800.0,1205884.0,5172.0
10313800.0,1205884.0,5172.0
10313800.0,1205884.0,5172.0
10313800.0,1205884.0,5172.0
10313800.0,1205884.0,5172.0
10313800.0,1205884.0,5172.0
10313800.0,1205884.0,5172.0
10313800.0,1205884.0,5172.0
10313800.0,1205884.0,5172.0
10313800.0,1205884.0,5172.0
10313800.0,1205884.0,5172.0
10313809.333,1205934.6667,5257.3333333
10312804.0,1206044.0,5449.3333333
10310756.0,1206060.0,5492.0
10310756.0,1206060.0,5492.0
10311733.6,1206063.2,5514.4
10313200.0,1206068.0,5548.0
10313200.0,1206068.0,5548.0
10313200.0,1206068.0,5548.0
10313200.0,1206068.0,5548.0
10313200.0,1206068.0,5548.0
10313200.0,1206068.0,5548.0
10313200.0,1206068.0,5548.0
10313200.0,1206068.0,5548.0
10313200.0,1206068.0,5548.0
10313200.0,1206068.0,5548.0
10313200.0,1206068.0,5548.0
10313125.333,1206072.2667,5609.8666667
10312920.0,1206084.0,5780.0
10312920.0,1206084.0,5780.0
10312920.0,1206084.0,5780.0
10312920.0,1206084.0,5780.0
10312920.0,1206084.0,5780.0
10312920.0,1206084.0,5780.0
10312920.0,1206084.0,5780.0
10312920.0,1206084.0,5780.0
10308673.6,1206089.6,5826.4
10291688.0,1206112.0,6012.0
10291688.0,1206112.0,6012.0
10291470.4,1206112.8,6024.8
10290600.0,1206116.0,6076.0
10290600.0,1206116.0,6076.0
10290600.0,1206116.0,6076.0
10290600.0,1206116.0,6076.0
10290430.933,1206117.0667,6090.9333333
10289332.0,1206124.0,6188.0
10289332.0,1206124.0,6188.0
10289332.0,1206124.0,6188.0
10289332.0,1206124.0,6188.0
10289332.0,1206124.0,6188.0
10289332.0,1206124.0,6188.0
10289332.0,1206124.0,6188.0
10289332.0,1206124.0,6188.0
10289332.0,1206124.0,6188.0
10289332.0,1206124.0,6188.0
10290340.0,1206148.0,6412.0
10290340.0,1206148.0,6412.0
10290340.0,1206148.0,6412.0
10290340.0,1206148.0,6412.0
10290340.0,1206148.0,6412.0
10290340.0,1206148.0,6412.0
10290340.0,1206148.0,6412.0
10290340.0,1206148.0,6412.0
10290340.0,1206148.0,6412.0
10290340.0,1206148.0,6412.0
10290340.0,1206148.0,6412.0
10290340.0,1206148.0,6412.0
10290250.933,1206158.4,6426.1333333
10289004.0,1206304.0,6624.0
10289004.0,1206304.0,6624.0
10289004.0,1206304.0,6624.0
10289004.0,1206304.0,6624.0
10289004.0,1206304.0,6624.0
10289004.0,1206304.0,6624.0
10289004.0,1206304.0,6624.0
10289004.0,1206304.0,6624.0
10289004.0,1206304.0,6624.0
10289004.0,1206304.0,6624.0
10289004.0,1206304.0,6624.0
10289009.867,1206309.8667,6662.4
10289048.0,1206348.0,6912.0
10289048.0,1206348.0,6912.0
10289048.0,1206348.0,6912.0
10289048.0,1206348.0,6912.0
10289048.0,1206348.0,6912.0
10289048.0,1206348.0,6912.0
10289048.0,1206348.0,6912.0
10289048.0,1206348.0,6912.0
10289048.0,1206348.0,6912.0
10289048.0,1206348.0,6912.0
10289048.0,1206348.0,6912.0
10288566.133,1206368.8,7092.2666667
10288492.0,1206372.0,7120.0
10285950.933,1206375.4667,7175.4666667
10285560.0,1206376.0,7184.0
10285560.0,1206376.0,7184.0
10285560.0,1206376.0,7184.0
10285560.0,1206376.0,7184.0
10285560.0,1206376.0,7184.0
10285560.0,1206376.0,7184.0
10285560.0,1206376.0,7184.0
10285560.0,1206376.0,7184.0
10285560.0,1206376.0,7184.0
10285560.0,1206376.0,7184.0
10283464.0,1206400.0,7424.0
10283464.0,1206400.0,7424.0
10283464.0,1206400.0,7424.0
10283464.0,1206400.0,7424.0
10283464.0,1206400.0,7424.0
10283464.0,1206400.0,7424.0
10283464.0,1206400.0,7424.0
10283464.0,1206400.0,7424.0
10283464.0,1206400.0,7424.0
10283464.0,1206400.0,7424.0
10283464.0,1206400.0,7424.0
10284542.133,1206417.3333,7632.0
10284708.0,1206420.0,7664.0
10284708.0,1206420.0,7664.0
10284708.0,1206420.0,7664.0
10284708.0,1206420.0,7664.0
10284708.0,1206420.0,7664.0
10284708.0,1206420.0,7664.0
10284708.0,1206420.0,7664.0
10284708.0,1206420.0,7664.0
10284708.0,1206420.0,7664.0
10284708.0,1206420.0,7664.0
10284708.0,1206420.0,7664.0
10284731.467,1206428.8,7875.2
10284740.0,1206432.0,7952.0
10284740.0,1206432.0,7952.0
10284740.0,1206432.0,7952.0
10284740.0,1206432.0,7952.0
10284740.0,1206432.0,7952.0
10284740.0,1206432.0,7952.0
10284740.0,1206432.0,7952.0
10284740.0,1206432.0,7952.0
10284740.0,1206432.0,7952.0
10284740.0,1206432.0,7952.0
10284740.0,1206432.0,7952.0
10284462.667,1206466.6667,8117.3333333
10284324.0,1206484.0,8200.0
10284324.0,1206484.0,8200.0
10284324.0,1206484.0,8200.0
10284324.0,1206484.0,8200.0
10284324.0,1206484.0,8200.0
10284324.0,1206484.0,8200.0
10284324.0,1206484.0,8200.0
10284324.0,1206484.0,8200.0
10284324.0,1206484.0,8200.0
10284324.0,1206484.0,8200.0
10284324.0,1206484.0,8200.0
10284125.6,1206492.5333,8366.4
10283952.0,1206500.0,8512.0
10283952.0,1206500.0,8512.0
10283952.0,1206500.0,8512.0
10283952.0,1206500.0,8512.0
10283952.0,1206500.0,8512.0
10283952.0,1206500.0,8512.0
10283952.0,1206500.0,8512.0
10283952.0,1206500.0,8512.0
10283952.0,1206500.0,8512.0
10283952.0,1206500.0,8512.0
10283952.0,1206500.0,8512.0
10283463.467,1206504.2667,8644.2666667
10283036.0,1206508.0,8760.0
10283036.0,1206508.0,8760.0
10283036.0,1206508.0,8760.0
10283036.0,1206508.0,8760.0
10283036.0,1206508.0,8760.0
10283036.0,1206508.0,8760.0
10283036.0,1206508.0,8760.0
10283036.0,1206508.0,8760.0
10283036.0,1206508.0,8760.0
10283036.0,1206508.0,8760.0
10283036.0,1206508.0,8760.0
10283644.0,1206529.3333,8957.3333333
10283948.0,1206540.0,9056.0
10283948.0,1206540.0,9056.0
10283948.0,1206540.0,9056.0
10283948.0,1206540.0,9056.0
10283948.0,1206540.0,9056.0
10283948.0,1206540.0,9056.0
10283948.0,1206540.0,9056.0
10283948.0,1206540.0,9056.0
10283948.0,1206540.0,9056.0
10283948.0,1206540.0,9056.0
10283948.0,1206540.0,9056.0
10283816.0,1206560.5333,9243.7333333
10283768.0,1206568.0,9312.0
10283768.0,1206568.0,9312.0
10283768.0,1206568.0,9312.0
10283768.0,1206568.0,9312.0
10283768.0,1206568.0,9312.0
10283768.0,1206568.0,9312.0
10283768.0,1206568.0,9312.0
10283768.0,1206568.0,9312.0
10283768.0,1206568.0,9312.0
10283768.0,1206568.0,9312.0
10283768.0,1206568.0,9312.0
10282859.733,1206581.8667,9610.1333333
10282720.0,1206584.0,9656.0
10282720.0,1206584.0,9656.0
10282720.0,1206584.0,9656.0
10282720.0,1206584.0,9656.0
10282720.0,1206584.0,9656.0
10282720.0,1206584.0,9656.0
10282720.0,1206584.0,9656.0
10282720.0,1206584.0,9656.0
10282720.0,1206584.0,9656.0
10282720.0,1206584.0,9656.0
10262897.6,1206611.7333,9850.1333333
10259848.0,1206616.0,9880.0
10259848.0,1206616.0,9880.0
10258381.6,1206619.4667,9949.3333333
10258156.0,1206620.0,9960.0
10258156.0,1206620.0,9960.0
10256655.2,1206616.2667,10019.733333
10256548.0,1206616.0,10024.0
10256548.0,1206616.0,10024.0
10256548.0,1206616.0,10024.0
10256548.0,1206616.0,10024.0
10256548.0,1206616.0,10024.0
10256548.0,1206616.0,10024.0
10256548.0,1206616.0,10024.0
10256548.0,1206616.0,10024.0
10256548.0,1206616.0,10024.0
10256548.0,1206616.0,10024.0
10256548.0,1206616.0,10024.0
10255849.867,1206642.1333,10240.533333
10255800.0,1206644.0,10256.0
10255800.0,1206644.0,10256.0
10255800.0,1206644.0,10256.0
10255800.0,1206644.0,10256.0
10255800.0,1206644.0,10256.0
10255800.0,1206644.0,10256.0
10255800.0,1206644.0,10256.0
10254662.933,1206663.2,10392.533333
10254662.933,1206663.2,10392.533333
10253668.0,1206680.0,10512.0
10253668.0,1206680.0,10512.0
10255332.0,1206692.0,10576.0
10255332.0,1206692.0,10576.0
10256377.333,1206703.2,10628.266667
10256452.0,1206704.0,10632.0
10256452.0,1206704.0,10632.0
10256452.0,1206704.0,10632.0
10256452.0,1206704.0,10632.0
10256452.0,1206704.0,10632.0
10256452.0,1206704.0,10632.0
10256452.0,1206704.0,10632.0
10256452.0,1206704.0,10632.0
10256452.0,1206704.0,10632.0
10256452.0,1206704.0,10632.0
10256452.0,1206704.0,10632.0
10255914.4,1206715.2,10878.4
10255876.0,1206716.0,10896.0
10255876.0,1206716.0,10896.0
10255876.0,1206716.0,10896.0
10255876.0,1206716.0,10896.0
10255876.0,1206716.0,10896.0
10255876.0,1206716.0,10896.0
10255876.0,1206716.0,10896.0
10255876.0,1206716.0,10896.0
10255876.0,1206716.0,10896.0
10253762.933,1206846.6667,11127.466667
10253612.0,1206856.0,11144.0
10255206.133,1206859.7333,11181.333333
10255320.0,1206860.0,11184.0
10255320.0,1206860.0,11184.0
10255320.0,1206860.0,11184.0
10255320.0,1206860.0,11184.0
10255320.0,1206860.0,11184.0
10255320.0,1206860.0,11184.0
10255320.0,1206860.0,11184.0
10255320.0,1206860.0,11184.0
10255320.0,1206860.0,11184.0
10255320.0,1206860.0,11184.0
10255320.0,1206860.0,11184.0
10254424.0,1206893.6,11385.6
10254360.0,1206896.0,11400.0
10254360.0,1206896.0,11400.0
10254360.0,1206896.0,11400.0
10254360.0,1206896.0,11400.0
10254360.0,1206896.0,11400.0
10254360.0,1206896.0,11400.0
10254360.0,1206896.0,11400.0
10254360.0,1206896.0,11400.0
10254360.0,1206896.0,11400.0
10254360.0,1206896.0,11400.0
10254360.0,1206896.0,11400.0
10255431.467,1206925.8667,11668.8
10255508.0,1206928.0,11688.0
10255508.0,1206928.0,11688.0
10255508.0,1206928.0,11688.0
10255508.0,1206928.0,11688.0
10255508.0,1206928.0,11688.0
10250093.067,1206945.3333,11792.0
10249260.0,1206948.0,11808.0
10249260.0,1206948.0,11808.0
10249260.0,1206948.0,11808.0
10249260.0,1206948.0,11808.0
10248308.0,1206955.4667,11927.466667
10248240.0,1206956.0,11936.0
10248240.0,1206956.0,11936.0
10248240.0,1206956.0,11936.0
10248240.0,1206956.0,11936.0
10248240.0,1206956.0,11936.0
10248240.0,1206956.0,11936.0
10248240.0,1206956.0,11936.0
10248240.0,1206956.0,11936.0
10248240.0,1206956.0,11936.0
10248240.0,1206956.0,11936.0
10248240.0,1206956.0,11936.0
10247670.4,1206972.0,12134.4
10247528.0,1206976.0,12184.0
10247528.0,1206976.0,12184.0
10247528.0,1206976.0,12184.0
10247528.0,1206976.0,12184.0
10247528.0,1206976.0,12184.0
10247528.0,1206976.0,12184.0
10247528.0,1206976.0,12184.0
10247528.0,1206976.0,12184.0
10246221.067,1206993.3333,12398.933333
10246020.0,1206996.0,12432.0
10246020.0,1206996.0,12432.0
10246020.0,1206996.0,12432.0
10246020.0,1206996.0,12432.0
10246020.0,1206996.0,12432.0
10246020.0,1206996.0,12432.0
10246020.0,1206996.0,12432.0
10246020.0,1206996.0,12432.0
10246020.0,1206996.0,12432.0
10246020.0,1206996.0,12432.0
10246020.0,1206996.0,12432.0
10247280.0,1207008.0,12716.0
10247280.0,1207008.0,12716.0
10247280.0,1207008.0,12716.0
10247280.0,1207008.0,12716.0
10247280.0,1207008.0,12716.0
10247280.0,1207008.0,12716.0
10247280.0,1207008.0,12716.0
10247280.0,1207008.0,12716.0
10247280.0,1207008.0,12716.0
10247280.0,1207008.0,12716.0
10247280.0,1207008.0,12716.0
10247280.0,1207008.0,12716.0
10247225.6,1207011.2,12757.066667
10246872.0,1207032.0,13024.0
10246872.0,1207032.0,13024.0
10246872.0,1207032.0,13024.0
10246872.0,1207032.0,13024.0
10246872.0,1207032.0,13024.0
10246872.0,1207032.0,13024.0
10246872.0,1207032.0,13024.0
10246872.0,1207032.0,13024.0
10246872.0,1207032.0,13024.0
10246872.0,1207032.0,13024.0
10246872.0,1207032.0,13024.0
10246800.8,1207040.0,13076.8
10246516.0,1207072.0,13288.0
10246516.0,1207072.0,13288.0
10246516.0,1207072.0,13288.0
10246516.0,1207072.0,13288.0
10246516.0,1207072.0,13288.0
10246516.0,1207072.0,13288.0
10246516.0,1207072.0,13288.0
10246516.0,1207072.0,13288.0
10246516.0,1207072.0,13288.0
10246516.0,1207072.0,13288.0
10246516.0,1207072.0,13288.0
10246446.667,1207081.6,13362.666667
10246256.0,1207108.0,13568.0
10246256.0,1207108.0,13568.0
10246256.0,1207108.0,13568.0
10246256.0,1207108.0,13568.0
10246256.0,1207108.0,13568.0
10246256.0,1207108.0,13568.0
10246256.0,1207108.0,13568.0
10246256.0,1207108.0,13568.0
10246256.0,1207108.0,13568.0
10246256.0,1207108.0,13568.0
10246256.0,1207108.0,13568.0
10245899.733,1207116.5333,13713.066667
10244837.067,1207126.1333,13874.133333
10244180.0,1207128.0,13904.0
10244180.0,1207128.0,13904.0
10244997.067,1207136.5333,13929.6
10245712.0,1207144.0,13952.0
10245712.0,1207144.0,13952.0
10245712.0,1207144.0,13952.0
10245712.0,1207144.0,13952.0
10245712.0,1207144.0,13952.0
10245712.0,1207144.0,13952.0
10245712.0,1207144.0,13952.0
10245712.0,1207144.0,13952.0
10245712.0,1207144.0,13952.0
10245712.0,1207144.0,13952.0
10245712.0,1207144.0,13952.0
10245545.867,1207155.2,14067.733333
10245356.0,1207168.0,14200.0
10245356.0,1207168.0,14200.0
10245356.0,1207168.0,14200.0
10245356.0,1207168.0,14200.0
10245356.0,1207168.0,14200.0
10245356.0,1207168.0,14200.0
10245356.0,1207168.0,14200.0
10245356.0,1207168.0,14200.0
10245356.0,1207168.0,14200.0
10245356.0,1207168.0,14200.0
10245356.0,1207168.0,14200.0
10245321.333,1207173.3333,14285.333333
10245252.0,1207184.0,14456.0
10245252.0,1207184.0,14456.0
10245252.0,1207184.0,14456.0
10245252.0,1207184.0,14456.0
10245252.0,1207184.0,14456.0
10245252.0,1207184.0,14456.0
10245252.0,1207184.0,14456.0
10245252.0,1207184.0,14456.0
10245252.0,1207184.0,14456.0
10245252.0,1207184.0,14456.0
10245252.0,1207184.0,14456.0
10245082.4,1207186.1333,14515.733333
10244616.0,1207192.0,14680.0
10244616.0,1207192.0,14680.0
10244616.0,1207192.0,14680.0
10244616.0,1207192.0,14680.0
10244616.0,1207192.0,14680.0
10244616.0,1207192.0,14680.0
10244616.0,1207192.0,14680.0
10244616.0,1207192.0,14680.0
10244293.333,1207194.1333,14712.0
10242196.0,1207208.0,14920.0
10242196.0,1207208.0,14920.0
10242452.0,1207210.6667,14927.466667
10244116.0,1207228.0,14976.0
10244116.0,1207228.0,14976.0
10244116.0,1207228.0,14976.0
10244116.0,1207228.0,14976.0
10244116.0,1207228.0,14976.0
10244116.0,1207228.0,14976.0
10244116.0,1207228.0,14976.0
10244116.0,1207228.0,14976.0
10244116.0,1207228.0,14976.0
10243950.133,1207379.4667,15013.866667
10242872.0,1208364.0,15260.0
10242872.0,1208364.0,15260.0
10241619.733,1208370.4,15287.733333
10241619.733,1208370.4,15287.733333
10240524.0,1208376.0,15312.0
10242624.0,1208372.0,15368.0
10242624.0,1208372.0,15368.0
10242624.0,1208372.0,15368.0
10242624.0,1208372.0,15368.0
10242624.0,1208372.0,15368.0
10242624.0,1208372.0,15368.0
10242624.0,1208372.0,15368.0
10242624.0,1208372.0,15368.0
10242624.0,1208372.0,15368.0
10242624.0,1208372.0,15368.0
10242624.0,1208372.0,15368.0
10231948.0,1208404.0,15592.0
10231948.0,1208404.0,15592.0
10231948.0,1208404.0,15592.0
10231948.0,1208404.0,15592.0
10231948.0,1208404.0,15592.0
10231948.0,1208404.0,15592.0
10231948.0,1208404.0,15592.0
10231948.0,1208404.0,15592.0
10231948.0,1208404.0,15592.0
10231948.0,1208404.0,15592.0
10231948.0,1208404.0,15592.0
10229096.0,1208432.0,15824.0
10229096.0,1208432.0,15824.0
10229096.0,1208432.0,15824.0
10230484.0,1208440.0,15872.0
10230484.0,1208440.0,15872.0
10230484.0,1208440.0,15872.0
10230484.0,1208440.0,15872.0
10230484.0,1208440.0,15872.0
10230484.0,1208440.0,15872.0
10230484.0,1208440.0,15872.0
10230484.0,1208440.0,15872.0
10230484.0,1208440.0,15872.0
10230484.0,1208440.0,15872.0
10230484.0,1208440.0,15872.0
10230484.0,1208440.0,15872.0
10229848.0,1208612.0,16120.0
10229848.0,1208612.0,16120.0
10229848.0,1208612.0,16120.0
10229848.0,1208612.0,16120.0
10229848.0,1208612.0,16120.0
10229848.0,1208612.0,16120.0
10229848.0,1208612.0,16120.0
10229848.0,1208612.0,16120.0
10229848.0,1208612.0,16120.0
10229848.0,1208612.0,16120.0
10229848.0,1208612.0,16120.0
10229428.533,1208639.7333,16397.333333
10229364.0,1208644.0,16440.0
10229364.0,1208644.0,16440.0
10228206.133,1208661.3333,16495.466667
10228028.0,1208664.0,16504.0
10228028.0,1208664.0,16504.0
10229698.4,1208664.0,16561.6
10230116.0,1208664.0,16576.0
10230116.0,1208664.0,16576.0
10230116.0,1208664.0,16576.0
10230116.0,1208664.0,16576.0
10230116.0,1208664.0,16576.0
10230116.0,1208664.0,16576.0
10230116.0,1208664.0,16576.0
10230116.0,1208664.0,16576.0
10230116.0,1208664.0,16576.0
10230116.0,1208664.0,16576.0
10230116.0,1208664.0,16576.0
10229376.8,1208809.6,16770.133333
10229324.0,1208820.0,16784.0
10229324.0,1208820.0,16784.0
10229324.0,1208820.0,16784.0
10229324.0,1208820.0,16784.0
10229324.0,1208820.0,16784.0
10229324.0,1208820.0,16784.0
10228084.0,1208832.0,16928.0
10228084.0,1208832.0,16928.0
10228084.0,1208832.0,16928.0
10228084.0,1208832.0,16928.0
10228084.0,1208832.0,16928.0
10228084.0,1208832.0,16928.0
10228084.0,1208832.0,16928.0
10228084.0,1208832.0,16928.0
10228084.0,1208832.0,16928.0
10228084.0,1208832.0,16928.0
10227305.333,1208848.0,17104.0
10226916.0,1208856.0,17192.0
10226916.0,1208856.0,17192.0
10226916.0,1208856.0,17192.0
10226916.0,1208856.0,17192.0
10226916.0,1208856.0,17192.0
10226916.0,1208856.0,17192.0
10226916.0,1208856.0,17192.0
10226916.0,1208856.0,17192.0
10226916.0,1208856.0,17192.0
10226916.0,1208856.0,17192.0
10226916.0,1208856.0,17192.0
10227580.0,1208866.6667,17352.0
10227912.0,1208872.0,17432.0
10227912.0,1208872.0,17432.0
10227912.0,1208872.0,17432.0
10227912.0,1208872.0,17432.0
10227912.0,1208872.0,17432.0
10227912.0,1208872.0,17432.0
10227912.0,1208872.0,17432.0
10227912.0,1208872.0,17432.0
10227912.0,1208872.0,17432.0
10227912.0,1208872.0,17432.0
10227912.0,1208872.0,17432.0
10227560.0,1208889.6,17678.4
10227432.0,1208896.0,17768.0
10227432.0,1208896.0,17768.0
10227432.0,1208896.0,17768.0
10227432.0,1208896.0,17768.0
10227432.0,1208896.0,17768.0
10227432.0,1208896.0,17768.0
10227432.0,1208896.0,17768.0
10226315.2,1208902.4,17908.8
10226036.0,1208904.0,17944.0
10226036.0,1208904.0,17944.0
10227415.2,1208904.0,17988.8
10227760.0,1208904.0,18000.0
10227760.0,1208904.0,18000.0
10227760.0,1208904.0,18000.0
10227760.0,1208904.0,18000.0
10227760.0,1208904.0,18000.0
10227760.0,1208904.0,18000.0
10227760.0,1208904.0,18000.0
10227760.0,1208904.0,18000.0
10227760.0,1208904.0,18000.0
10227760.0,1208904.0,18000.0
10227760.0,1208904.0,18000.0
10227610.933,1208931.7333,18173.333333
10227588.0,1208936.0,18200.0
10227588.0,1208936.0,18200.0
10227588.0,1208936.0,18200.0
10227588.0,1208936.0,18200.0
10227588.0,1208936.0,18200.0
10227588.0,1208936.0,18200.0
10227588.0,1208936.0,18200.0
10227588.0,1208936.0,18200.0
10227588.0,1208936.0,18200.0
10227588.0,1208936.0,18200.0
10227588.0,1208936.0,18200.0
10227738.4,1208952.0,18436.8
10227776.0,1208956.0,18496.0
10227776.0,1208956.0,18496.0
10227776.0,1208956.0,18496.0
10227776.0,1208956.0,18496.0
10227776.0,1208956.0,18496.0
10227776.0,1208956.0,18496.0
10227776.0,1208956.0,18496.0
10227776.0,1208956.0,18496.0
10227776.0,1208956.0,18496.0
10227776.0,1208956.0,18496.0
10227776.0,1208956.0,18496.0
10227425.067,1208978.4,18742.4
10227400.0,1208980.0,18760.0
10227400.0,1208980.0,18760.0
10227400.0,1208980.0,18760.0
10227400.0,1208980.0,18760.0
10227400.0,1208980.0,18760.0
10227400.0,1208980.0,18760.0
10227400.0,1208980.0,18760.0
10227400.0,1208980.0,18760.0
10227400.0,1208980.0,18760.0
10227400.0,1208980.0,18760.0
10227400.0,1208980.0,18760.0
10227108.0,1209020.0,19096.0
10227108.0,1209020.0,19096.0
10227108.0,1209020.0,19096.0
10227108.0,1209020.0,19096.0
10227108.0,1209020.0,19096.0
10227108.0,1209020.0,19096.0
10227108.0,1209020.0,19096.0
10227108.0,1209020.0,19096.0
10227108.0,1209020.0,19096.0
10227108.0,1209020.0,19096.0
10227108.0,1209020.0,19096.0
10203168.0,1209028.0,19336.0
10203168.0,1209028.0,19336.0
10203168.0,1209028.0,19336.0
10203168.0,1209028.0,19336.0
10203168.0,1209028.0,19336.0
10203168.0,1209028.0,19336.0
10203168.0,1209028.0,19336.0
10203168.0,1209028.0,19336.0
10203168.0,1209028.0,19336.0
10203168.0,1209028.0,19336.0
10203168.0,1209028.0,19336.0
10203168.0,1209028.0,19336.0
10202764.0,1209060.0,19592.0
10202764.0,1209060.0,19592.0
10202764.0,1209060.0,19592.0
10202764.0,1209060.0,19592.0
10202764.0,1209060.0,19592.0
10202764.0,1209060.0,19592.0
10202764.0,1209060.0,19592.0
10202764.0,1209060.0,19592.0
10202764.0,1209060.0,19592.0
10202764.0,1209060.0,19592.0
10202764.0,1209060.0,19592.0
10202749.067,1209062.1333,19633.6
10202652.0,1209076.0,19904.0
10202652.0,1209076.0,19904.0
10202652.0,1209076.0,19904.0
10202652.0,1209076.0,19904.0
10202652.0,1209076.0,19904.0
10202652.0,1209076.0,19904.0
10202652.0,1209076.0,19904.0
10202652.0,1209076.0,19904.0
10202652.0,1209076.0,19904.0
10202040.0,1209080.8,19958.4
10199592.0,1209100.0,20176.0
10199592.0,1209100.0,20176.0
10200020.8,1209100.8,20188.8
10201736.0,1209104.0,20240.0
10201736.0,1209104.0,20240.0
10201736.0,1209104.0,20240.0
10201736.0,1209104.0,20240.0
10201736.0,1209104.0,20240.0
10201736.0,1209104.0,20240.0
10201736.0,1209104.0,20240.0
10201736.0,1209104.0,20240.0
10201736.0,1209104.0,20240.0
10201736.0,1209104.0,20240.0
10201736.0,1209104.0,20240.0
10201645.333,1209108.2667,20304.0
10201396.0,1209120.0,20480.0
10201396.0,1209120.0,20480.0
10201396.0,1209120.0,20480.0
10201396.0,1209120.0,20480.0
10201396.0,1209120.0,20480.0
10201396.0,1209120.0,20480.0
10201396.0,1209120.0,20480.0
10201396.0,1209120.0,20480.0
10201396.0,1209120.0,20480.0
10201396.0,1209120.0,20480.0
10201396.0,1209120.0,20480.0
10201136.8,1209126.4,20601.6
10200748.0,1209136.0,20784.0
10200748.0,1209136.0,20784.0
10200748.0,1209136.0,20784.0
10200748.0,1209136.0,20784.0
10200748.0,1209136.0,20784.0
10200748.0,1209136.0,20784.0
10200748.0,1209136.0,20784.0
10200748.0,1209136.0,20784.0
10200748.0,1209136.0,20784.0
10200748.0,1209136.0,20784.0
10200748.0,1209136.0,20784.0
10200748.0,1209136.0,20784.0
10200624.267,1209142.4,20882.133333
10200516.0,1209148.0,20968.0
10200516.0,1209148.0,20968.0
10200516.0,1209148.0,20968.0
10200746.4,1209154.4,21036.266667
10200948.0,1209160.0,21096.0
10200948.0,1209160.0,21096.0
10200948.0,1209160.0,21096.0
10200948.0,1209160.0,21096.0
10200948.0,1209160.0,21096.0
10200948.0,1209160.0,21096.0
10199847.2,1209164.8,21166.4
10198196.0,1209172.0,21272.0
10198196.0,1209172.0,21272.0
10198906.667,1209176.0,21285.333333
10200328.0,1209184.0,21312.0
10200328.0,1209184.0,21312.0
10200328.0,1209184.0,21312.0
10200328.0,1209184.0,21312.0
10200334.4,1209190.4,21358.4
10200344.0,1209200.0,21428.0
10200344.0,1209200.0,21428.0
10200344.0,1209200.0,21428.0
10200344.0,1209200.0,21428.0
10200344.0,1209200.0,21428.0
10200344.0,1209200.0,21428.0
10200344.0,1209200.0,21428.0
10200344.0,1209200.0,21428.0
10200344.0,1209200.0,21428.0
10200344.0,1209200.0,21428.0
10200344.0,1209200.0,21428.0
10200344.0,1209200.0,21428.0
10200358.933,1209200.0,21547.466667
10200376.0,1209200.0,21684.0
10200376.0,1209200.0,21684.0
10200376.0,1209200.0,21684.0
10200376.0,1209200.0,21684.0
10200376.0,1209200.0,21684.0
10200376.0,1209200.0,21684.0
10200376.0,1209200.0,21684.0
10200376.0,1209200.0,21684.0
10200376.0,1209200.0,21684.0
10200376.0,1209200.0,21684.0
10200115.2,1209209.6,21784.8
10199724.0,1209224.0,21936.0
10199724.0,1209224.0,21936.0
10199724.0,1209224.0,21936.0
10199724.0,1209224.0,21936.0
10199724.0,1209224.0,21936.0
10199724.0,1209224.0,21936.0
10199724.0,1209224.0,21936.0
10199724.0,1209224.0,21936.0
10199724.0,1209224.0,21936.0
10199724.0,1209224.0,21936.0
10199724.0,1209224.0,21936.0
10199640.8,1209235.7333,21989.333333
10199412.0,1209268.0,22136.0
10199412.0,1209268.0,22136.0
10199412.0,1209268.0,22136.0
10199412.0,1209268.0,22136.0
10199412.0,1209268.0,22136.0
10199412.0,1209268.0,22136.0
10199412.0,1209268.0,22136.0
10199412.0,1209268.0,22136.0
10199412.0,1209268.0,22136.0
10199412.0,1209268.0,22136.0
10199412.0,1209268.0,22136.0
10199473.333,1209270.6667,22210.666667
10199596.0,1209276.0,22360.0
10199596.0,1209276.0,22360.0
10199596.0,1209276.0,22360.0
10199596.0,1209276.0,22360.0
10199596.0,1209276.0,22360.0
10199596.0,1209276.0,22360.0
10199596.0,1209276.0,22360.0
10199596.0,1209276.0,22360.0
10199596.0,1209276.0,22360.0
10199596.0,1209276.0,22360.0
10199596.0,1209276.0,22360.0
10199510.667,1209326.6667,22417.333333
10199340.0,1209428.0,22532.0
10199340.0,1209428.0,22532.0
10199340.0,1209428.0,22532.0
10199340.0,1209428.0,22532.0
10199340.0,1209428.0,22532.0
10199340.0,1209428.0,22532.0
10199340.0,1209428.0,22532.0
10199340.0,1209428.0,22532.0
10199340.0,1209428.0,22532.0
10199340.0,1209428.0,22532.0
10199340.0,1209428.0,22532.0
11488979.467,1207689.3333,22592.8
