vda,20.60,0.09,0.00,0,0
vda,37.40,0.14,0.01,0,0
vda,44.80,0.02,0.16,0,0
vda,1.60,0.00,0.01,0,0
vda,1.40,0.00,0.00,0,0
vda,7.40,0.02,0.01,0,0
vda,228.00,9.84,0.00,49,0
vda,108.40,1.34,1.00,6,5
vda,14.20,0.10,0.48,0,2
vda,1.60,0.00,0.01,0,0
vda,9.20,0.00,0.04,0,0
vda,2.40,0.00,0.01,0,0
vda,49.40,0.00,0.21,0,1
vda,1.40,0.00,0.01,0,0
vda,1.80,0.00,0.01,0,0
vda,35.00,0.00,0.15,0,0
vda,1.40,0.00,0.01,0,0
vda,4.40,0.00,0.02,0,0
vda,1.60,0.00,0.01,0,0
vda,0.00,0.00,0.00,0,0
vda,1.60,0.00,0.01,0,0
vda,1.80,0.00,0.01,0,0
vda,19.80,0.00,0.08,0,0
vda,34.80,0.00,0.14,0,0
vda,8.20,0.00,0.03,0,0
vda,1.40,0.00,0.01,0,0
vda,1.80,0.00,0.01,0,0
vda,1.60,0.00,0.01,0,0
vda,2.60,0.00,0.01,0,0
vda,3.60,0.00,0.02,0,0
vda,18.40,0.00,0.07,0,0
vda,2.20,0.00,0.01,0,0
vda,33.20,0.00,0.13,0,0
vda,1.60,0.00,0.01,0,0
vda,8.60,0.00,0.03,0,0
vda,1.80,0.00,0.01,0,0
vda,2.80,0.00,0.02,0,0
vda,12.20,0.00,0.05,0,0
vda,3.60,0.00,0.01,0,0
vda,2.20,0.00,0.01,0,0
vda,0.00,0.00,0.00,0,0
vda,38.40,0.00,0.15,0,0
vda,1.20,0.00,0.00,0,0
vda,0.20,0.00,0.00,0,0
vda,12.20,0.00,0.06,0,0
vda,18.20,0.00,0.07,0,0
vda,0.60,0.00,0.00,0,0
vda,31.00,0.00,0.13,0,0
vda,3.60,0.00,0.01,0,0
