16219064.0,43024.0,1720.0
16209572.0,45800.266667,1861.8666667
16076684.0,84668.0,3848.0
16076684.0,84668.0,3848.0
15742325.6,136194.4,3860.0
14404892.0,342300.0,3908.0
14234378.4,386601.86667,3914.9333333
13126040.0,674564.0,3960.0
13126040.0,674564.0,3960.0
13010990.933,700001.86667,3965.0666667
11400304.0,1056132.0,4036.0
11400304.0,1056132.0,4036.0
11295417.867,1065766.1333,4039.7333333
9827012.0,1200644.0,4092.0
9827012.0,1200644.0,4092.0
10298352.0,1200644.0,4148.0
10298352.0,1200644.0,4148.0
10297526.4,1200652.5333,4177.8666667
10297526.4,1200652.5333,4177.8666667
10296804.0,1200660.0,4204.0
10296804.0,1200660.0,4204.0
10296804.0,1200660.0,4204.0
10296804.0,1200660.0,4204.0
10296804.0,1200660.0,4204.0
10296804.0,1200660.0,4204.0
10296804.0,1200660.0,4204.0
10296804.0,1200660.0,4204.0
10296804.0,1200660.0,4204.0
10296804.0,1200660.0,4204.0
10295895.2,1200668.5333,4340.5333333
10295895.2,1200668.5333,4340.5333333
10295100.0,1200676.0,4460.0
10295100.0,1200676.0,4460.0
10295100.0,1200676.0,4460.0
10295100.0,1200676.0,4460.0
10295100.0,1200676.0,4460.0
10295100.0,1200676.0,4460.0
10295100.0,1200676.0,4460.0
10295100.0,1200676.0,4460.0
10295100.0,1200676.0,4460.0
10295100.0,1200676.0,4460.0
10294920.267,1200809.3333,4523.4666667
10293752.0,1201676.0,4936.0
10293752.0,1201676.0,4936.0
10293752.0,1201676.0,4936.0
10293752.0,1201676.0,4936.0
10293752.0,1201676.0,4936.0
10293752.0,1201676.0,4936.0
10293752.0,1201676.0,4936.0
10290897.6,1203690.9333,5379.7333333
10283048.0,1209232.0,6600.0
10283048.0,1209232.0,6600.0
10283048.0,1209232.0,6600.0
10283048.0,1209232.0,6600.0
10283048.0,1209232.0,6600.0
10283048.0,1209232.0,6600.0
10283048.0,1209232.0,6600.0
10283048.0,1209232.0,6600.0
10283048.0,1209232.0,6600.0
10283048.0,1209232.0,6600.0
10283048.0,1209232.0,6600.0
10283496.0,1209238.4,6662.9333333
10284728.0,1209256.0,6836.0
10284728.0,1209256.0,6836.0
10284728.0,1209256.0,6836.0
10284728.0,1209256.0,6836.0
10284728.0,1209256.0,6836.0
10284728.0,1209256.0,6836.0
10284728.0,1209256.0,6836.0
10284728.0,1209256.0,6836.0
10284728.0,1209256.0,6836.0
10284728.0,1209256.0,6836.0
10284728.0,1209256.0,6836.0
10284661.333,1209285.3333,6937.3333333
10284528.0,1209344.0,7140.0
10284528.0,1209344.0,7140.0
10283970.667,1209389.3333,7158.6666667
10282856.0,1209480.0,7196.0
10282856.0,1209480.0,7196.0
10281780.0,1209997.3333,7276.0
10279628.0,1211032.0,7436.0
10279628.0,1211032.0,7436.0
10279628.0,1211032.0,7436.0
10279628.0,1211032.0,7436.0
10279628.0,1211032.0,7436.0
10279628.0,1211032.0,7436.0
10279628.0,1211032.0,7436.0
10279628.0,1211032.0,7436.0
10279628.0,1211032.0,7436.0
10279628.0,1211032.0,7436.0
10279414.667,1211087.4667,7502.1333333
10278828.0,1211240.0,7684.0
10278828.0,1211240.0,7684.0
10278828.0,1211240.0,7684.0
10278828.0,1211240.0,7684.0
10278828.0,1211240.0,7684.0
10278828.0,1211240.0,7684.0
10278828.0,1211240.0,7684.0
10278828.0,1211240.0,7684.0
10278828.0,1211240.0,7684.0
10278828.0,1211240.0,7684.0
10278828.0,1211240.0,7684.0
10278821.067,1211243.7333,7719.2
10278776.0,1211268.0,7948.0
10278776.0,1211268.0,7948.0
10278776.0,1211268.0,7948.0
10278776.0,1211268.0,7948.0
10278776.0,1211268.0,7948.0
10278776.0,1211268.0,7948.0
10278776.0,1211268.0,7948.0
10278776.0,1211268.0,7948.0
10278776.0,1211268.0,7948.0
10278776.0,1211268.0,7948.0
10278776.0,1211268.0,7948.0
10278755.2,1211272.0,7992.8
10278672.0,1211288.0,8172.0
10278672.0,1211288.0,8172.0
10278672.0,1211288.0,8172.0
10278672.0,1211288.0,8172.0
10278672.0,1211288.0,8172.0
10278672.0,1211288.0,8172.0
10278672.0,1211288.0,8172.0
10278672.0,1211288.0,8172.0
10278672.0,1211288.0,8172.0
10278672.0,1211288.0,8172.0
10278672.0,1211288.0,8172.0
10278578.4,1211295.2,8229.6
10278204.0,1211324.0,8460.0
10278204.0,1211324.0,8460.0
10277287.733,1211325.0667,8472.8
10274768.0,1211328.0,8508.0
10274768.0,1211328.0,8508.0
10275151.2,1211328.0,8520.8
10276684.0,1211328.0,8572.0
10276684.0,1211328.0,8572.0
10276684.0,1211328.0,8572.0
10276684.0,1211328.0,8572.0
10276684.0,1211328.0,8572.0
10276684.0,1211328.0,8572.0
10276684.0,1211328.0,8572.0
10276684.0,1211328.0,8572.0
10276684.0,1211328.0,8572.0
10276684.0,1211328.0,8572.0
10276684.0,1211328.0,8572.0
10276717.6,1211355.2,8613.6
10276852.0,1211464.0,8780.0
10276852.0,1211464.0,8780.0
10276852.0,1211464.0,8780.0
10276852.0,1211464.0,8780.0
10276852.0,1211464.0,8780.0
10276852.0,1211464.0,8780.0
10276852.0,1211464.0,8780.0
10276852.0,1211464.0,8780.0
10276852.0,1211464.0,8780.0
10276852.0,1211464.0,8780.0
10276852.0,1211464.0,8780.0
10276897.867,1211472.5333,8863.2
10277024.0,1211496.0,9092.0
10277024.0,1211496.0,9092.0
10276610.667,1211498.6667,9110.6666667
10275784.0,1211504.0,9148.0
10275784.0,1211504.0,9148.0
10275784.0,1211504.0,9148.0
10275784.0,1211504.0,9148.0
10275784.0,1211504.0,9148.0
10275784.0,1211504.0,9148.0
10275784.0,1211504.0,9148.0
10275784.0,1211504.0,9148.0
10275784.0,1211504.0,9148.0
10275784.0,1211504.0,9148.0
10275784.0,1211504.0,9148.0
10275406.933,1211522.6667,9256.2666667
10274976.0,1211544.0,9380.0
10274976.0,1211544.0,9380.0
10274976.0,1211544.0,9380.0
10274976.0,1211544.0,9380.0
10274976.0,1211544.0,9380.0
10274976.0,1211544.0,9380.0
10274976.0,1211544.0,9380.0
10274976.0,1211544.0,9380.0
10274976.0,1211544.0,9380.0
10274976.0,1211544.0,9380.0
10274976.0,1211544.0,9380.0
10275355.733,1211550.4,9529.3333333
10275688.0,1211556.0,9660.0
10275688.0,1211556.0,9660.0
10275688.0,1211556.0,9660.0
10275688.0,1211556.0,9660.0
10275688.0,1211556.0,9660.0
10275688.0,1211556.0,9660.0
10275688.0,1211556.0,9660.0
10273772.8,1211569.0667,9745.8666667
10271584.0,1211584.0,9844.0
10273077.333,1211582.1333,9877.6
10274784.0,1211580.0,9916.0
10274784.0,1211580.0,9916.0
10274784.0,1211580.0,9916.0
10274784.0,1211580.0,9916.0
10274784.0,1211580.0,9916.0
10274784.0,1211580.0,9916.0
10274784.0,1211580.0,9916.0
10274784.0,1211580.0,9916.0
10269143.467,1211577.8667,10018.4
10264208.0,1211576.0,10108.0
10264208.0,1211576.0,10108.0
10264208.0,1211576.0,10108.0
10264208.0,1211576.0,10108.0
10264208.0,1211576.0,10108.0
10264208.0,1211576.0,10108.0
10264208.0,1211576.0,10108.0
10264208.0,1211576.0,10108.0
10264208.0,1211576.0,10108.0
10264208.0,1211576.0,10108.0
10264208.0,1211576.0,10108.0
10264239.2,1211616.8,10285.6
10263068.0,1211644.0,10441.333333
10262472.0,1211644.0,10460.0
10262472.0,1211644.0,10460.0
10263507.467,1211649.8667,10512.8
10263884.0,1211652.0,10532.0
10263884.0,1211652.0,10532.0
10263884.0,1211652.0,10532.0
10263884.0,1211652.0,10532.0
10263884.0,1211652.0,10532.0
10263884.0,1211652.0,10532.0
10263884.0,1211652.0,10532.0
10263884.0,1211652.0,10532.0
10263884.0,1211652.0,10532.0
10263884.0,1211652.0,10532.0
10263884.0,1211652.0,10532.0
10263562.933,1211666.9333,10778.4
10263540.0,1211668.0,10796.0
10263540.0,1211668.0,10796.0
10263540.0,1211668.0,10796.0
10263540.0,1211668.0,10796.0
10263540.0,1211668.0,10796.0
10263540.0,1211668.0,10796.0
10263540.0,1211668.0,10796.0
10263540.0,1211668.0,10796.0
10263540.0,1211668.0,10796.0
10263540.0,1211668.0,10796.0
10263540.0,1211668.0,10796.0
10264136.0,1211716.0,11108.0
10264136.0,1211716.0,11108.0
10264136.0,1211716.0,11108.0
10264136.0,1211716.0,11108.0
10264136.0,1211716.0,11108.0
10264136.0,1211716.0,11108.0
10264136.0,1211716.0,11108.0
10264136.0,1211716.0,11108.0
10264136.0,1211716.0,11108.0
10264136.0,1211716.0,11108.0
10264136.0,1211716.0,11108.0
10264075.733,1211717.6,11125.066667
10263232.0,1211740.0,11364.0
10263232.0,1211740.0,11364.0
10263232.0,1211740.0,11364.0
10263232.0,1211740.0,11364.0
10263232.0,1211740.0,11364.0
10263232.0,1211740.0,11364.0
10263186.4,1211740.5333,11376.8
10262548.0,1211748.0,11556.0
10262548.0,1211748.0,11556.0
10262548.0,1211748.0,11556.0
10262548.0,1211748.0,11556.0
10262548.0,1211748.0,11556.0
10262548.0,1211748.0,11556.0
10262548.0,1211748.0,11556.0
10262548.0,1211748.0,11556.0
10262548.0,1211748.0,11556.0
10262548.0,1211748.0,11556.0
10262548.0,1211748.0,11556.0
10262585.333,1211748.0,11585.866667
10261071.2,1211748.0,11791.2
10254044.0,1211748.0,11836.0
10254044.0,1211748.0,11836.0
10253938.667,1211748.5333,11839.733333
10252464.0,1211756.0,11892.0
10252195.733,1211756.5333,11898.4
10250452.0,1211760.0,11940.0
10250452.0,1211760.0,11940.0
10250713.6,1211758.4,11952.8
10251760.0,1211752.0,12004.0
10251760.0,1211752.0,12004.0
10251760.0,1211752.0,12004.0
10251760.0,1211752.0,12004.0
10251760.0,1211752.0,12004.0
10251760.0,1211752.0,12004.0
10251760.0,1211752.0,12004.0
10251760.0,1211752.0,12004.0
10251760.0,1211752.0,12004.0
10251760.0,1211752.0,12004.0
10251760.0,1211752.0,12004.0
10251778.667,1211766.9333,12037.066667
10251791.733,1211864.5333,12255.733333
10250276.0,1211872.0,12308.0
10250276.0,1211872.0,12308.0
10250276.0,1211872.0,12308.0
10252196.0,1211872.0,12380.0
10252196.0,1211872.0,12380.0
10252196.0,1211872.0,12380.0
10252196.0,1211872.0,12380.0
10252196.0,1211872.0,12380.0
10252196.0,1211872.0,12380.0
10252196.0,1211872.0,12380.0
10252196.0,1211872.0,12380.0
10252196.0,1211872.0,12380.0
10252196.0,1211872.0,12380.0
10252196.0,1211872.0,12380.0
10252196.0,1211872.0,12380.0
10252296.8,1211886.9333,12626.4
10252304.0,1211888.0,12644.0
10252304.0,1211888.0,12644.0
10252304.0,1211888.0,12644.0
10252304.0,1211888.0,12644.0
10252304.0,1211888.0,12644.0
10252304.0,1211888.0,12644.0
10252304.0,1211888.0,12644.0
10252304.0,1211888.0,12644.0
10252304.0,1211888.0,12644.0
10252304.0,1211888.0,12644.0
10252304.0,1211888.0,12644.0
10251280.0,1211912.0,12972.0
10251280.0,1211912.0,12972.0
10251280.0,1211912.0,12972.0
10251280.0,1211912.0,12972.0
10251280.0,1211912.0,12972.0
10251280.0,1211912.0,12972.0
10251280.0,1211912.0,12972.0
10251280.0,1211912.0,12972.0
10250092.8,1211923.2,13136.266667
10250008.0,1211924.0,13148.0
10250008.0,1211924.0,13148.0
10250008.0,1211924.0,13148.0
10250008.0,1211924.0,13148.0
10250008.0,1211924.0,13148.0
10250008.0,1211924.0,13148.0
10250008.0,1211924.0,13148.0
10250008.0,1211924.0,13148.0
10250008.0,1211924.0,13148.0
10250008.0,1211924.0,13148.0
10250008.0,1211924.0,13148.0
10250526.933,1211938.9333,13342.133333
10250564.0,1211940.0,13356.0
10250564.0,1211940.0,13356.0
10250564.0,1211940.0,13356.0
10250564.0,1211940.0,13356.0
10250564.0,1211940.0,13356.0
10250564.0,1211940.0,13356.0
10242697.867,1211958.6667,13505.333333
10242136.0,1211960.0,13516.0
10241120.533,1211963.7333,13575.733333
10241048.0,1211964.0,13580.0
10241048.0,1211964.0,13580.0
10241048.0,1211964.0,13580.0
10241048.0,1211964.0,13580.0
10241048.0,1211964.0,13580.0
10241048.0,1211964.0,13580.0
10241048.0,1211964.0,13580.0
10241048.0,1211964.0,13580.0
10241048.0,1211964.0,13580.0
10241048.0,1211964.0,13580.0
10241048.0,1211964.0,13580.0
10240568.0,1211986.4,13778.4
10240448.0,1211992.0,13828.0
10240448.0,1211992.0,13828.0
10240448.0,1211992.0,13828.0
10241091.2,1211995.2,13917.6
10241252.0,1211996.0,13940.0
10241252.0,1211996.0,13940.0
10240016.8,1212008.8,14004.0
10239708.0,1212012.0,14020.0
10239708.0,1212012.0,14020.0
10239708.0,1212012.0,14020.0
10239708.0,1212012.0,14020.0
10239708.0,1212012.0,14020.0
10239708.0,1212012.0,14020.0
10239708.0,1212012.0,14020.0
10239708.0,1212012.0,14020.0
10239708.0,1212012.0,14020.0
10239708.0,1212012.0,14020.0
10239848.8,1212034.4,14205.6
10239884.0,1212040.0,14252.0
10239884.0,1212040.0,14252.0
10239884.0,1212040.0,14252.0
10239884.0,1212040.0,14252.0
14080770.4,1206795.2,14354.4
15040992.0,1205484.0,14380.0
