7635456.0,342273.6,5944.0
7776036.0,129528.0,4012.0
7075122.6667,249380.0,4032.0
5673296.0,489084.0,4072.0
5673296.0,489084.0,4072.0
5672836.0,489105.33333,4093.3333333
5671916.0,489148.0,4136.0
5671916.0,489148.0,4136.0
5671916.0,489148.0,4136.0
5671916.0,489148.0,4136.0
5671916.0,489148.0,4136.0
5671916.0,489148.0,4136.0
5671916.0,489148.0,4136.0
5671060.0,489184.8,4206.4
5669776.0,489240.0,4312.0
5669776.0,489240.0,4312.0
5670324.0,489242.66667,4333.3333333
5671420.0,489248.0,4376.0
5671420.0,489248.0,4376.0
5671420.0,489248.0,4376.0
5671420.0,489248.0,4376.0
5671420.0,489248.0,4376.0
5671420.0,489248.0,4376.0
5671420.0,489248.0,4376.0
5671420.0,489248.0,4376.0
5671420.0,489248.0,4376.0
5670988.8,489424.0,4452.0
5669264.0,490128.0,4756.0
5669264.0,490128.0,4756.0
5667838.9333,490664.53333,4869.0666667
5663920.0,492140.0,5180.0
5663920.0,492140.0,5180.0
5663920.0,492140.0,5180.0
5663920.0,492140.0,5180.0
5663920.0,492140.0,5180.0
5663920.0,492140.0,5180.0
5663920.0,492140.0,5180.0
5662686.9333,492143.2,5222.6666667
5659296.0,492152.0,5340.0
5658852.0,492152.0,5361.3333333
5657964.0,492152.0,5404.0
5657964.0,492152.0,5404.0
5657459.4667,492187.2,5421.0666667
5656072.0,492284.0,5468.0
5656072.0,492284.0,5468.0
5656072.0,492284.0,5468.0
5656072.0,492284.0,5468.0
5656072.0,492284.0,5468.0
5656072.0,492284.0,5468.0
5656072.0,492284.0,5468.0
5656072.0,492284.0,5468.0
5656072.0,492284.0,5468.0
5656072.0,492284.0,5468.0
5656072.0,492284.0,5468.0
5655990.6667,492293.33333,5545.3333333
5655828.0,492312.0,5700.0
5655828.0,492312.0,5700.0
5655828.0,492312.0,5700.0
5655828.0,492312.0,5700.0
5655828.0,492312.0,5700.0
5655828.0,492312.0,5700.0
5655828.0,492312.0,5700.0
5655828.0,492312.0,5700.0
5655828.0,492312.0,5700.0
5655828.0,492312.0,5700.0
5655828.0,492312.0,5700.0
5655522.6667,492316.0,5806.6666667
5654912.0,492324.0,6020.0
5654912.0,492324.0,6020.0
5654912.0,492324.0,6020.0
5654912.0,492324.0,6020.0
5654912.0,492324.0,6020.0
5654912.0,492324.0,6020.0
5654912.0,492324.0,6020.0
5642601.3333,492391.2,6117.0666667
5628532.0,492468.0,6228.0
5628532.0,492468.0,6228.0
5628532.0,492468.0,6228.0
5628532.0,492468.0,6228.0
5628532.0,492468.0,6228.0
5628532.0,492468.0,6228.0
5628532.0,492468.0,6228.0
5628096.8,492480.8,6295.2
5627444.0,492500.0,6396.0
5627444.0,492500.0,6396.0
5627444.0,492500.0,6396.0
5627444.0,492500.0,6396.0
5627444.0,492500.0,6396.0
5627444.0,492500.0,6396.0
5627444.0,492500.0,6396.0
5620868.0,492501.06667,6442.9333333
5602784.0,492504.0,6572.0
5602784.0,492504.0,6572.0
5602784.0,492504.0,6572.0
5602784.0,492504.0,6572.0
5602784.0,492504.0,6572.0
5602784.0,492504.0,6572.0
5602784.0,492504.0,6572.0
5602784.0,492504.0,6572.0
5602784.0,492504.0,6572.0
5602784.0,492504.0,6572.0
5602784.0,492504.0,6572.0
5602556.8,492506.13333,6605.0666667
5600347.2,492794.4,7184.8
5597416.0,493892.0,8644.0
5597416.0,493892.0,8644.0
5597416.0,493892.0,8644.0
5597416.0,493892.0,8644.0
5597416.0,493892.0,8644.0
5597416.0,493892.0,8644.0
5597416.0,493892.0,8644.0
5597012.8,493911.2,8677.6
5595400.0,493988.0,8812.0
5595400.0,493988.0,8812.0
5595400.0,493988.0,8812.0
5595400.0,493988.0,8812.0
5595400.0,493988.0,8812.0
5595400.0,493988.0,8812.0
5595400.0,493988.0,8812.0
5595400.0,493988.0,8812.0
5595400.0,493988.0,8812.0
5595400.0,493988.0,8812.0
5595400.0,493988.0,8812.0
5595405.6,493992.0,8860.0
5595428.0,494008.0,9052.0
5593466.9333,494008.53333,9059.4666667
5580720.0,494012.0,9108.0
5580720.0,494012.0,9108.0
5580720.0,494012.0,9108.0
5580720.0,494012.0,9108.0
5580720.0,494012.0,9108.0
5580720.0,494012.0,9108.0
5580720.0,494012.0,9108.0
5580547.2,494014.13333,9157.0666667
5580072.0,494020.0,9292.0
5580072.0,494020.0,9292.0
5580072.0,494020.0,9292.0
5580072.0,494020.0,9292.0
5580072.0,494020.0,9292.0
5580072.0,494020.0,9292.0
5580072.0,494020.0,9292.0
5579080.0,494026.66667,9356.0
5577096.0,494040.0,9484.0
5577096.0,494040.0,9484.0
5577096.0,494040.0,9484.0
5577096.0,494040.0,9484.0
5577096.0,494040.0,9484.0
5577096.0,494040.0,9484.0
5577096.0,494040.0,9484.0
5577096.0,494040.0,9484.0
5577096.0,494040.0,9484.0
5577096.0,494040.0,9484.0
5577096.0,494040.0,9484.0
5576691.2,494051.2,9581.6
5576084.0,494068.0,9728.0
5576084.0,494068.0,9728.0
5576084.0,494068.0,9728.0
5576084.0,494068.0,9728.0
5576084.0,494068.0,9728.0
5576084.0,494068.0,9728.0
5576084.0,494068.0,9728.0
5576084.0,494068.0,9728.0
5576084.0,494068.0,9728.0
5576084.0,494068.0,9728.0
5576084.0,494068.0,9728.0
5576293.0667,494117.06667,9881.6
5576476.0,494160.0,10016.0
5576476.0,494160.0,10016.0
5576476.0,494160.0,10016.0
5576476.0,494160.0,10016.0
5576476.0,494160.0,10016.0
5576476.0,494160.0,10016.0
5576476.0,494160.0,10016.0
5576476.0,494160.0,10016.0
5576476.0,494160.0,10016.0
5576476.0,494160.0,10016.0
