vda,23.00,0.09,0.01,0,0
vda,35.20,0.14,0.00,0,0
vda,7.80,0.02,0.01,0,0
vda,1.20,0.00,0.00,0,0
vda,0.00,0.00,0.00,0,0
vda,3.80,0.00,0.02,0,0
vda,298.80,10.19,0.10,50,0
vda,133.20,12.09,0.11,60,0
vda,110.20,12.37,0.00,61,0
vda,9.80,1.06,0.00,5,0
vda,33.00,0.09,0.04,0,0
vda,1.60,0.00,0.01,0,0
vda,6.40,0.00,0.04,0,0
vda,25.00,0.00,1.37,0,6
vda,5.00,0.00,0.02,0,0
vda,2.00,0.00,0.01,0,0
vda,4.40,0.00,0.02,0,0
vda,45.40,0.00,0.18,0,0
vda,1.60,0.00,0.01,0,0
vda,0.20,0.00,0.00,0,0
vda,38.60,0.45,0.03,2,0
vda,18.80,0.00,0.08,0,0
vda,0.80,0.00,0.00,0,0
vda,26.20,0.00,0.15,0,0
vda,1.20,0.00,0.00,0,0
vda,0.20,0.00,0.00,0,0
vda,36.60,0.00,0.15,0,0
vda,3.40,0.00,0.01,0,0
vda,3.60,0.00,0.02,0,0
vda,13.40,0.00,0.05,0,0
vda,0.00,0.00,0.00,0,0
vda,1.00,0.00,0.01,0,0
vda,2.40,0.00,0.01,0,0
vda,8.60,0.00,0.04,0,0
vda,0.40,0.00,0.00,0,0
vda,37.60,0.00,0.16,0,0
vda,18.00,0.00,0.07,0,0
vda,1.60,0.00,0.01,0,0
vda,3.40,0.00,0.01,0,0
vda,3.00,0.00,0.01,0,0
vda,2.80,0.00,0.01,0,0
vda,0.20,0.00,0.00,0,0
vda,5.40,0.00,0.03,0,0
vda,11.58,0.00,0.05,0,0
vda,30.40,0.00,0.12,0,0
vda,2.40,0.00,0.01,0,0
vda,0.80,0.00,0.00,0,0
vda,3.60,0.00,0.01,0,0
