7798618.4,103136.0,2196.0
7189028.0,212160.0,3924.0
7189028.0,212160.0,3924.0
7152690.4,217456.8,3937.6
7007340.0,238644.0,3992.0
7007340.0,238644.0,3992.0
7007340.0,238644.0,3992.0
7007340.0,238644.0,3992.0
7007340.0,238644.0,3992.0
7007340.0,238644.0,3992.0
6956874.4,238661.6,4032.0
6755012.0,238732.0,4192.0
6755012.0,238732.0,4192.0
6754681.3333,238732.0,4200.5333333
6752532.0,238732.0,4256.0
6752532.0,238732.0,4256.0
6752532.0,238732.0,4256.0
6752532.0,238732.0,4256.0
6752532.0,238732.0,4256.0
6752532.0,238732.0,4256.0
6752532.0,238732.0,4256.0
6751729.8667,238738.4,4302.9333333
6749524.0,238756.0,4432.0
6749524.0,238756.0,4432.0
6749524.0,238756.0,4432.0
6749524.0,238756.0,4432.0
6749524.0,238756.0,4432.0
6749524.0,238756.0,4432.0
6749524.0,238756.0,4432.0
6749524.0,238756.0,4432.0
6749524.0,238756.0,4432.0
6749524.0,238756.0,4432.0
6749524.0,238756.0,4432.0
6749023.2,239082.4,4590.4
6748272.0,239572.0,4828.0
6748272.0,239572.0,4828.0
6748272.0,239572.0,4828.0
6748272.0,239572.0,4828.0
6748272.0,239572.0,4828.0
6748272.0,239572.0,4828.0
6748272.0,239572.0,4828.0
6748272.0,239572.0,4828.0
6748272.0,239572.0,4828.0
6748272.0,239572.0,4828.0
6748272.0,239572.0,4828.0
6747998.9333,239632.8,4911.2
6747248.0,239800.0,5140.0
6747248.0,239800.0,5140.0
6746029.6,239800.0,5149.6
6741156.0,239800.0,5188.0
6741156.0,239800.0,5188.0
6741156.0,239800.0,5188.0
6741156.0,239800.0,5188.0
6740800.8,239800.0,5220.0
6739824.0,239800.0,5308.0
6739824.0,239800.0,5308.0
6740228.2667,239803.2,5325.0666667
6741340.0,239812.0,5372.0
6741340.0,239812.0,5372.0
6740924.8,239811.2,5384.8
6739264.0,239808.0,5436.0
6739264.0,239808.0,5436.0
6739264.0,239808.0,5436.0
6739264.0,239808.0,5436.0
6739264.0,239808.0,5436.0
6739264.0,239808.0,5436.0
6739264.0,239808.0,5436.0
6734101.3333,239848.53333,5485.0666667
6719904.0,239960.0,5620.0
6719904.0,239960.0,5620.0
6719904.0,239960.0,5620.0
6719904.0,239960.0,5620.0
6719904.0,239960.0,5620.0
6719904.0,239960.0,5620.0
6719904.0,239960.0,5620.0
6719904.0,239960.0,5620.0
6719904.0,239960.0,5620.0
6719904.0,239960.0,5620.0
6719904.0,239960.0,5620.0
6719805.8667,239966.4,5682.9333333
6719536.0,239984.0,5856.0
6719536.0,239984.0,5856.0
6719536.0,239984.0,5856.0
6719536.0,239984.0,5856.0
6719536.0,239984.0,5856.0
6718043.7333,240012.8,5900.8
6713940.0,240092.0,6024.0
6713940.0,240092.0,6024.0
6713940.0,240092.0,6024.0
6713940.0,240092.0,6024.0
6713940.0,240092.0,6024.0
6713940.0,240092.0,6024.0
6713940.0,240092.0,6024.0
6928908.0,238795.2,6059.2
7788780.0,233608.0,6200.0
7788780.0,233608.0,6200.0
