vda,39.80,0.15,0.01,0,0
vda,30.60,0.06,0.07,0,0
vda,101.20,0.51,0.13,2,0
vda,1.60,0.00,0.01,0,0
vda,2.00,0.00,0.01,0,0
vda,26.00,0.00,0.11,0,0
vda,143.00,3.81,0.04,19,0
vda,87.20,3.42,0.01,17,0
vda,117.00,11.70,0.10,58,0
vda,108.80,8.85,1.42,44,7
vda,71.40,8.53,0.01,42,0
vda,112.40,13.78,0.01,68,0
vda,117.20,14.47,0.01,72,0
vda,87.40,5.43,0.18,27,0
vda,73.80,8.91,0.01,44,0
vda,15.20,0.00,0.07,0,0
vda,25.00,0.00,0.10,0,0
vda,14.60,0.00,0.06,0,0
vda,1.20,0.00,0.00,0,0
vda,42.80,0.00,0.17,0,0
vda,9.60,0.00,0.04,0,0
vda,1.00,0.00,0.00,0,0
vda,40.20,0.00,0.16,0,0
vda,2.40,0.00,0.01,0,0
vda,0.60,0.00,0.00,0,0
vda,27.80,0.00,0.11,0,0
vda,10.00,0.00,0.04,0,0
vda,0.00,0.00,0.00,0,0
vda,34.20,0.00,0.14,0,0
vda,4.80,0.00,0.02,0,0
vda,16.40,0.00,0.07,0,0
vda,30.80,0.00,0.12,0,0
vda,25.20,0.00,0.10,0,0
vda,1.00,0.00,0.00,0,0
vda,33.80,0.00,0.13,0,0
vda,2.20,0.00,0.01,0,0
vda,1.40,0.00,0.01,0,0
vda,40.20,0.00,0.16,0,0
vda,6.20,0.00,0.03,0,0
vda,1.00,0.00,0.00,0,0
vda,29.00,0.00,0.11,0,0
vda,7.80,0.00,0.03,0,0
vda,1.00,0.00,0.00,0,0
vda,32.00,0.00,0.13,0,0
vda,21.60,0.00,0.09,0,0
vda,0.00,0.00,0.00,0,0
vda,14.80,0.00,0.06,0,0
vda,30.40,0.00,0.12,0,0
vda,1.40,0.00,0.01,0,0
vda,13.80,0.00,0.06,0,0
vda,36.60,0.00,0.15,0,0
vda,0.80,0.00,0.00,0,0
vda,27.20,0.00,0.11,0,0
vda,4.80,0.00,0.02,0,0
vda,7.60,0.03,0.00,0,0
vda,58.80,0.15,0.15,0,0
vda,30.40,0.00,0.13,0,0
vda,3.20,0.00,0.01,0,0
vda,2.20,0.00,0.01,0,0
vda,36.00,0.00,0.15,0,0
vda,20.40,0.00,0.08,0,0
vda,2.20,0.00,0.01,0,0
vda,36.00,0.00,0.15,0,0
vda,0.80,0.00,0.00,0,0
vda,30.80,0.00,0.13,0,0
vda,1.20,0.00,0.00,0,0
vda,13.00,0.00,0.05,0,0
vda,37.00,0.00,0.15,0,0
vda,2.60,0.00,0.01,0,0
vda,26.75,0.00,0.11,0,0
vda,2.20,0.00,0.01,0,0
vda,34.80,0.00,0.14,0,0
vda,1.20,0.00,0.00,0,0
vda,2.20,0.00,0.01,0,0
vda,35.00,0.00,0.14,0,0
vda,1.20,0.00,0.00,0,0
vda,34.40,0.00,0.14,0,0
vda,4.40,0.00,0.02,0,0
vda,2.40,0.00,0.01,0,0
vda,36.80,0.00,0.15,0,0
vda,23.80,0.00,0.10,0,0
vda,1.00,0.00,0.00,0,0
vda,36.60,0.00,0.15,0,0
vda,0.80,0.00,0.00,0,0
vda,1.00,0.00,0.00,0,0
vda,27.80,0.00,0.11,0,0
vda,4.80,0.00,0.02,0,0
vda,0.80,0.00,0.00,0,0
vda,45.80,0.00,0.19,0,0
vda,1.40,0.00,0.01,0,0
vda,19.60,0.00,0.08,0,0
vda,2.20,0.00,0.01,0,0
vda,33.60,0.00,0.13,0,0
vda,19.80,0.00,0.08,0,0
vda,2.20,0.00,0.01,0,0
vda,35.20,0.00,0.15,0,0
vda,2.40,0.00,0.01,0,0
vda,42.60,0.00,0.17,0,0
vda,5.60,0.00,0.02,0,0
vda,1.00,0.00,0.00,0,0
vda,5.80,0.00,0.02,0,0
vda,28.00,0.00,0.11,0,0
vda,4.20,0.00,0.02,0,0
vda,40.80,0.00,0.16,0,0
vda,12.80,0.00,0.05,0,0
vda,1.00,0.00,0.00,0,0
vda,32.40,0.00,0.13,0,0
vda,1.40,0.00,0.01,0,0
vda,0.00,0.00,0.00,0,0
vda,40.60,0.00,0.17,0,0
vda,4.80,0.00,0.02,0,0
vda,0.60,0.00,0.00,0,0
vda,36.60,0.00,0.15,0,0
vda,1.20,0.00,0.00,0,0
vda,0.60,0.00,0.00,0,0
vda,38.60,0.00,0.15,0,0
vda,11.60,0.00,0.05,0,0
vda,28.20,0.00,0.12,0,0
vda,2.20,0.00,0.01,0,0
vda,34.80,0.00,0.14,0,0
vda,0.80,0.00,0.00,0,0
vda,29.60,0.00,0.12,0,0
vda,2.20,0.00,0.01,0,0
vda,0.60,0.00,0.00,0,0
vda,35.60,0.00,0.14,0,0
vda,3.80,0.00,0.01,0,0
vda,1.40,0.00,0.01,0,0
vda,0.40,0.00,0.00,0,0
vda,2.00,0.00,0.01,0,0
vda,0.60,0.00,0.00,0,0
vda,2.40,0.00,0.01,0,0
vda,27.20,0.00,0.11,0,0
vda,0.60,0.00,0.00,0,0
vda,35.40,0.00,0.14,0,0
vda,1.00,0.00,0.00,0,0
vda,0.60,0.00,0.00,0,0
vda,41.80,0.00,0.17,0,0
vda,5.00,0.00,0.02,0,0
vda,0.80,0.00,0.00,0,0
vda,2.00,0.00,0.01,0,0
vda,1.00,0.00,0.00,0,0
vda,0.00,0.00,0.00,0,0
vda,2.40,0.00,0.01,0,0
vda,20.00,0.00,0.08,0,0
vda,35.40,0.00,0.14,0,0
vda,2.20,0.00,0.01,0,0
vda,2.40,0.00,0.01,0,0
vda,28.60,0.00,0.11,0,0
vda,16.20,0.00,0.07,0,0
vda,1.00,0.00,0.00,0,0
vda,0.20,0.00,0.00,0,0
vda,2.20,0.00,0.01,0,0
vda,1.00,0.00,0.00,0,0
vda,18.20,0.00,0.07,0,0
vda,24.00,0.00,0.10,0,0
vda,1.80,0.00,0.01,0,0
vda,2.40,0.00,0.01,0,0
vda,22.40,0.00,0.09,0,0
vda,1.00,0.00,0.00,0,0
vda,0.60,0.00,0.00,0,0
vda,1.20,0.00,0.00,0,0
vda,13.40,0.00,0.05,0,0
vda,2.60,0.00,0.01,0,0
vda,22.00,0.00,0.09,0,0
vda,2.00,0.00,0.01,0,0
vda,1.00,0.00,0.00,0,0
vda,16.40,0.00,0.06,0,0
vda,1.40,0.00,0.01,0,0
vda,17.20,0.00,0.07,0,0
vda,2.40,0.00,0.01,0,0
vda,2.00,0.00,0.01,0,0
vda,1.00,0.00,0.00,0,0
vda,22.40,0.00,0.09,0,0
vda,2.20,0.00,0.01,0,0
vda,0.60,0.00,0.00,0,0
vda,17.60,0.00,0.07,0,0
vda,27.20,0.00,0.11,0,0
vda,2.20,0.00,0.01,0,0
vda,1.60,0.00,0.01,0,0
vda,2.00,0.00,0.01,0,0
vda,0.00,0.00,0.00,0,0
vda,42.40,0.00,0.17,0,0
vda,2.60,0.00,0.01,0,0
vda,13.60,0.00,0.06,0,0
vda,9.00,0.00,0.04,0,0
vda,2.00,0.00,0.01,0,0
vda,0.60,0.00,0.00,0,0
vda,1.40,0.00,0.00,0,0
vda,3.40,0.00,0.01,0,0
vda,1.80,0.00,0.01,0,0
vda,24.80,0.00,0.10,0,0
vda,18.20,0.00,0.07,0,0
vda,0.00,0.00,0.00,0,0
vda,13.20,0.00,0.05,0,0
vda,9.40,0.00,0.04,0,0
vda,1.20,0.00,0.00,0,0
vda,4.00,0.00,0.02,0,0
vda,2.40,0.00,0.01,0,0
vda,11.40,0.00,0.04,0,0
vda,22.80,0.00,0.09,0,0
vda,2.00,0.00,0.01,0,0
vda,1.40,0.00,0.01,0,0
vda,19.80,0.00,0.08,0,0
vda,2.20,0.00,0.01,0,0
vda,1.60,0.00,0.01,0,0
vda,18.60,0.00,0.07,0,0
vda,3.40,0.00,0.01,0,0
vda,1.80,0.00,0.01,0,0
vda,16.60,0.00,0.06,0,0
vda,0.00,0.00,0.00,0,0
vda,1.00,0.00,0.00,0,0
vda,13.20,0.00,0.05,0,0
vda,9.20,0.00,0.04,0,0
vda,18.60,0.00,0.07,0,0
vda,3.20,0.00,0.01,0,0
vda,1.00,0.00,0.00,0,0
vda,1.00,0.00,0.00,0,0
vda,21.80,0.00,0.09,0,0
vda,3.60,0.00,0.02,0,0
vda,1.40,0.00,0.01,0,0
vda,28.80,0.00,0.12,0,0
vda,0.60,0.00,0.00,0,0
vda,0.00,0.00,0.00,0,0
vda,1.00,0.00,0.00,0,0
vda,4.00,0.00,0.02,0,0
vda,2.00,0.00,0.01,0,0
vda,33.20,0.00,0.13,0,0
vda,1.00,0.00,0.00,0,0
vda,17.20,0.00,0.07,0,0
vda,13.00,0.00,0.05,0,0
vda,2.00,0.00,0.01,0,0
vda,1.40,0.00,0.01,0,0
vda,1.20,0.00,0.00,0,0
vda,2.40,0.00,0.01,0,0
vda,4.40,0.00,0.02,0,0
vda,41.60,0.00,0.16,0,0
vda,0.60,0.00,0.00,0,0
vda,1.60,0.00,0.01,0,0
vda,11.80,0.00,0.05,0,0
vda,2.20,0.00,0.01,0,0
vda,8.20,0.00,0.03,0,0
vda,0.80,0.00,0.00,0,0
vda,3.00,0.00,0.02,0,0
vda,13.80,0.00,0.05,0,0
vda,16.60,0.00,0.07,0,0
vda,1.20,0.00,0.00,0,0
vda,1.20,0.00,0.00,0,0
vda,11.80,0.00,0.05,0,0
vda,2.00,0.00,0.01,0,0
vda,9.40,0.00,0.04,0,0
vda,19.20,0.00,0.07,0,0
vda,1.40,0.00,0.01,0,0
vda,2.60,0.00,0.01,0,0
vda,24.00,0.00,0.09,0,0
vda,1.00,0.00,0.00,0,0
vda,1.00,0.00,0.00,0,0
vda,11.00,0.00,0.04,0,0
vda,0.40,0.00,0.00,0,0
vda,20.00,0.00,0.08,0,0
vda,2.20,0.00,0.01,0,0
vda,1.40,0.00,0.01,0,0
vda,2.80,0.00,0.01,0,0
vda,23.80,0.00,0.09,0,0
vda,2.80,0.00,0.01,0,0
vda,1.00,0.00,0.00,0,0
vda,31.00,0.00,0.12,0,0
vda,0.00,0.00,0.00,0,0
vda,8.60,0.00,0.04,0,0
vda,2.00,0.00,0.01,0,0
vda,1.40,0.00,0.01,0,0
vda,2.20,0.00,0.01,0,0
vda,25.20,0.00,0.10,0,0
vda,18.20,0.00,0.07,0,0
vda,1.00,0.00,0.00,0,0
vda,14.00,0.00,0.06,0,0
vda,0.40,0.00,0.00,0,0
vda,1.20,0.00,0.00,0,0
vda,10.20,0.00,0.04,0,0
vda,1.00,0.00,0.00,0,0
vda,1.00,0.00,0.00,0,0
vda,25.20,0.00,0.10,0,0
vda,4.40,0.00,0.02,0,0
vda,1.60,0.00,0.00,0,0
vda,13.80,0.00,0.05,0,0
vda,1.20,0.00,0.01,0,0
vda,1.00,0.00,0.00,0,0
vda,1.00,0.00,0.00,0,0
vda,26.60,0.00,0.11,0,0
vda,1.60,0.00,0.01,0,0
vda,22.60,0.00,0.09,0,0
vda,3.60,0.00,0.01,0,0
vda,2.60,0.00,0.01,0,0
vda,8.00,0.00,0.03,0,0
vda,2.20,0.00,0.01,0,0
vda,9.38,0.00,0.04,0,0
vda,25.60,0.00,0.10,0,0
vda,7.80,0.00,0.04,0,0
vda,1.00,0.00,0.00,0,0
vda,30.20,0.00,0.12,0,0
vda,2.40,0.00,0.01,0,0
vda,1.20,0.00,0.00,0,0
vda,19.60,0.00,0.08,0,0
vda,13.20,0.00,0.05,0,0
vda,1.00,0.00,0.00,0,0
vda,0.00,0.00,0.00,0,0
vda,4.00,0.00,0.02,0,0
vda,1.20,0.00,0.00,0,0
vda,29.20,0.00,0.12,0,0
vda,2.00,0.00,0.01,0,0
vda,3.20,0.00,0.01,0,0
vda,29.00,0.00,0.11,0,0
vda,2.80,0.00,0.01,0,0
vda,2.80,0.00,0.02,0,0
vda,0.20,0.00,0.00,0,0
vda,2.00,0.00,0.01,0,0
vda,8.40,0.00,0.03,0,0
vda,17.00,0.00,0.07,0,0
vda,11.80,0.00,0.05,0,0
vda,1.40,0.00,0.00,0,0
vda,11.80,0.00,0.05,0,0
vda,5.20,0.00,0.02,0,0
vda,1.00,0.00,0.00,0,0
vda,0.00,0.00,0.00,0,0
vda,2.60,0.00,0.01,0,0
vda,1.20,0.00,0.00,0,0
vda,38.60,0.00,0.15,0,0
vda,9.20,0.00,0.04,0,0
vda,2.00,0.00,0.01,0,0
vda,8.80,0.00,0.04,0,0
vda,2.20,0.00,0.01,0,0
vda,1.40,0.00,0.01,0,0
vda,2.00,0.00,0.01,0,0
vda,19.40,0.00,0.08,0,0
vda,1.00,0.00,0.00,0,0
vda,24.20,0.00,0.10,0,0
vda,1.60,0.00,0.01,0,0
vda,7.20,0.00,0.03,0,0
vda,12.80,0.00,0.05,0,0
vda,2.00,0.00,0.01,0,0
vda,12.20,0.00,0.05,0,0
vda,2.80,0.00,0.01,0,0
vda,3.00,0.00,0.01,0,0
vda,1.20,0.00,0.00,0,0
vda,21.40,0.00,0.08,0,0
vda,2.40,0.00,0.01,0,0
vda,1.40,0.00,0.01,0,0
vda,12.60,0.00,0.05,0,0
vda,26.60,0.00,0.11,0,0
vda,2.20,0.00,0.01,0,0
vda,3.00,0.00,0.01,0,0
vda,2.20,0.00,0.01,0,0
vda,1.20,0.00,0.00,0,0
vda,0.00,0.00,0.00,0,0
vda,15.80,0.00,0.06,0,0
vda,12.60,0.00,0.05,0,0
vda,9.60,0.00,0.04,0,0
vda,14.80,0.00,0.06,0,0
vda,0.20,0.00,0.00,0,0
vda,3.20,0.00,0.01,0,0
vda,2.40,0.00,0.01,0,0
vda,0.40,0.00,0.00,0,0
vda,1.00,0.00,0.00,0,0
vda,47.80,0.00,0.19,0,0
vda,2.20,0.00,0.01,0,0
vda,0.80,0.00,0.00,0,0
vda,9.80,0.00,0.04,0,0
vda,1.40,0.00,0.01,0,0
vda,0.80,0.00,0.00,0,0
vda,1.40,0.00,0.00,0,0
vda,21.00,0.00,0.08,0,0
vda,1.40,0.00,0.01,0,0
vda,23.00,0.00,0.09,0,0
vda,2.80,0.00,0.01,0,0
vda,0.80,0.00,0.00,0,0
vda,12.80,0.00,0.05,0,0
vda,2.00,0.00,0.01,0,0
vda,19.00,0.00,0.08,0,0
vda,1.40,0.00,0.01,0,0
vda,3.60,0.00,0.01,0,0
vda,0.20,0.00,0.00,0,0
vda,17.40,0.00,0.07,0,0
vda,0.00,0.00,0.00,0,0
vda,18.00,0.00,0.07,0,0
vda,1.00,0.00,0.00,0,0
vda,14.20,0.00,0.06,0,0
vda,2.20,0.00,0.01,0,0
vda,1.00,0.00,0.00,0,0
vda,30.60,0.00,0.12,0,0
vda,0.60,0.00,0.00,0,0
vda,12.20,0.00,0.05,0,0
vda,2.40,0.00,0.01,0,0
vda,2.60,0.00,0.01,0,0
vda,3.40,0.00,0.02,0,0
vda,12.97,0.00,0.05,0,0
vda,0.00,0.00,0.00,0,0
vda,1.00,0.00,0.00,0,0
vda,40.80,0.00,0.16,0,0
vda,8.00,0.00,0.03,0,0
vda,1.40,0.00,0.00,0,0
vda,3.60,0.00,0.02,0,0
vda,1.00,0.00,0.00,0,0
vda,1.40,0.00,0.01,0,0
vda,11.00,0.00,0.04,0,0
vda,17.00,0.00,0.07,0,0
vda,1.00,0.00,0.00,0,0
vda,23.40,0.00,0.09,0,0
vda,0.40,0.00,0.00,0,0
vda,10.00,0.00,0.04,0,0
vda,2.40,0.00,0.01,0,0
vda,3.40,0.00,0.01,0,0
vda,14.00,0.00,0.06,0,0
vda,12.20,0.00,0.05,0,0
vda,0.00,0.00,0.00,0,0
vda,15.40,0.00,0.06,0,0
vda,3.60,0.00,0.02,0,0
vda,13.00,0.00,0.06,0,0
vda,2.00,0.00,0.01,0,0
vda,1.00,0.00,0.00,0,0
vda,27.00,0.00,0.10,0,0
vda,18.20,0.00,0.07,0,0
vda,0.60,0.00,0.00,0,0
vda,2.80,0.00,0.01,0,0
vda,31.80,0.00,0.12,0,0
vda,1.00,0.00,0.00,0,0
vda,0.60,0.00,0.00,0,0
vda,9.20,0.00,0.04,0,0
vda,12.60,0.00,0.05,0,0
vda,4.60,0.00,0.01,0,0
vda,15.20,0.00,0.06,0,0
vda,0.00,0.00,0.00,0,0
vda,0.60,0.00,0.00,0,0
vda,23.80,0.00,0.09,0,0
vda,1.40,0.00,0.01,0,0
vda,17.80,0.00,0.07,0,0
vda,9.60,0.00,0.04,0,0
vda,3.40,0.00,0.02,0,0
vda,0.60,0.00,0.00,0,0
vda,10.00,0.00,0.04,0,0
vda,3.20,0.00,0.01,0,0
vda,1.80,0.00,0.01,0,0
vda,23.60,0.00,0.09,0,0
vda,18.60,0.00,0.07,0,0
vda,0.00,0.00,0.00,0,0
vda,3.40,0.00,0.02,0,0
vda,8.80,0.00,0.04,0,0
vda,1.00,0.00,0.00,0,0
vda,15.80,0.00,0.06,0,0
vda,0.00,0.00,0.00,0,0
vda,12.60,0.00,0.05,0,0
vda,16.00,0.00,0.06,0,0
vda,2.80,0.00,0.01,0,0
vda,0.80,0.00,0.00,0,0
vda,2.00,0.00,0.01,0,0
vda,8.20,0.00,0.03,0,0
vda,0.60,0.00,0.00,0,0
vda,14.20,0.00,0.06,0,0
vda,18.60,0.00,0.07,0,0
vda,4.20,0.00,0.02,0,0
vda,21.60,0.00,0.09,0,0
vda,1.40,0.00,0.01,0,0
vda,0.60,0.00,0.00,0,0
vda,2.00,0.00,0.01,0,0
vda,1.80,0.00,0.01,0,0
vda,18.60,0.00,0.07,0,0
vda,23.20,0.00,0.10,0,0
vda,1.00,0.00,0.00,0,0
vda,0.00,0.00,0.00,0,0
vda,24.80,0.00,0.10,0,0
vda,1.80,0.00,0.01,0,0
vda,1.40,0.00,0.01,0,0
vda,1.80,0.00,0.01,0,0
vda,13.60,0.00,0.06,0,0
vda,0.00,0.00,0.00,0,0
vda,17.20,0.00,0.07,0,0
vda,1.60,0.00,0.01,0,0
vda,1.20,0.00,0.00,0,0
vda,23.60,0.00,0.09,0,0
vda,2.20,0.00,0.01,0,0
vda,27.60,0.00,0.11,0,0
vda,1.80,0.00,0.01,0,0
vda,1.60,0.00,0.01,0,0
vda,0.00,0.00,0.00,0,0
vda,14.00,0.00,0.05,0,0
vda,1.20,0.00,0.00,0,0
vda,0.60,0.00,0.00,0,0
vda,18.00,0.00,0.07,0,0
vda,13.60,0.00,0.05,0,0
vda,1.20,0.00,0.00,0,0
vda,2.00,0.00,0.01,0,0
vda,1.00,0.00,0.00,0,0
vda,0.40,0.00,0.00,0,0
vda,14.60,0.00,0.06,0,0
vda,10.38,0.00,0.04,0,0
vda,18.00,0.00,0.07,0,0
vda,24.80,0.00,0.10,0,0
vda,1.40,0.00,0.01,0,0
vda,0.00,0.00,0.00,0,0
vda,2.20,0.00,0.01,0,0
vda,1.40,0.00,0.01,0,0
vda,2.20,0.00,0.01,0,0
vda,38.60,0.00,0.15,0,0
vda,0.00,0.00,0.00,0,0
vda,1.20,0.00,0.00,0,0
vda,24.80,0.00,0.10,0,0
vda,2.20,0.00,0.01,0,0
vda,0.00,0.00,0.00,0,0
vda,3.60,0.00,0.02,0,0
vda,11.40,0.00,0.04,0,0
vda,1.20,0.00,0.00,0,0
vda,10.00,0.00,0.04,0,0
vda,8.60,0.00,0.04,0,0
vda,1.00,0.00,0.00,0,0
vda,23.80,0.00,0.09,0,0
vda,0.00,0.00,0.00,0,0
vda,5.20,0.00,0.02,0,0
vda,17.20,0.00,0.07,0,0
vda,1.40,0.00,0.01,0,0
vda,1.20,0.00,0.00,0,0
vda,15.00,0.00,0.06,0,0
vda,0.00,0.00,0.00,0,0
vda,1.20,0.00,0.00,0,0
vda,25.00,0.00,0.10,0,0
vda,11.80,0.00,0.05,0,0
vda,1.20,0.00,0.00,0,0
vda,2.00,0.00,0.01,0,0
vda,2.60,0.00,0.01,0,0
vda,1.00,0.00,0.00,0,0
vda,14.00,0.00,0.05,0,0
vda,2.00,0.00,0.01,0,0
vda,1.20,0.00,0.00,0,0
vda,40.80,0.00,0.16,0,0
vda,7.20,0.00,0.03,0,0
vda,1.20,0.00,0.00,0,0
vda,2.00,0.00,0.01,0,0
vda,3.00,0.00,0.01,0,0
vda,3.40,0.00,0.02,0,0
vda,17.00,0.00,0.07,0,0
vda,22.80,0.00,0.09,0,0
vda,1.00,0.00,0.00,0,0
vda,31.40,0.00,0.12,0,0
vda,11.60,0.00,0.05,0,0
vda,2.00,0.00,0.01,0,0
vda,3.60,0.00,0.01,0,0
vda,1.80,0.00,0.01,0,0
vda,1.20,0.00,0.00,0,0
vda,29.80,0.00,0.12,0,0
vda,38.20,0.48,0.02,2,0
vda,3.20,0.00,0.01,0,0
vda,22.60,0.00,0.09,0,0
vda,25.80,0.00,0.15,0,0
vda,1.20,0.00,0.00,0,0
vda,2.00,0.00,0.01,0,0
vda,17.40,0.00,0.07,0,0
vda,17.00,0.00,0.07,0,0
vda,1.40,0.00,0.01,0,0
vda,0.00,0.00,0.00,0,0
vda,16.80,0.00,0.07,0,0
vda,1.80,0.00,0.01,0,0
vda,1.60,0.00,0.01,0,0
vda,8.40,0.00,0.03,0,0
vda,19.00,0.00,0.07,0,0
vda,1.00,0.00,0.00,0,0
vda,13.00,0.00,0.05,0,0
vda,4.20,0.00,0.02,0,0
vda,0.40,0.00,0.00,0,0
vda,23.20,0.00,0.09,0,0
vda,1.80,0.00,0.01,0,0
vda,1.40,0.00,0.00,0,0
vda,12.20,0.00,0.05,0,0
vda,9.00,0.00,0.04,0,0
vda,3.00,0.00,0.01,0,0
vda,13.20,0.00,0.05,0,0
vda,1.80,0.00,0.01,0,0
vda,2.40,0.00,0.01,0,0
vda,25.00,0.00,0.10,0,0
vda,17.00,0.00,0.07,0,0
vda,1.00,0.00,0.00,0,0
vda,2.80,0.00,0.01,0,0
vda,2.00,0.00,0.01,0,0
vda,8.20,0.00,0.03,0,0
vda,9.20,0.00,0.04,0,0
vda,2.00,0.00,0.01,0,0
vda,3.60,0.00,0.01,0,0
vda,41.60,0.00,0.16,0,0
vda,1.60,0.00,0.01,0,0
vda,1.00,0.00,0.00,0,0
vda,1.00,0.00,0.00,0,0
vda,2.00,0.00,0.01,0,0
vda,7.40,0.00,0.03,0,0
vda,13.40,0.00,0.05,0,0
vda,13.40,0.00,0.05,0,0
vda,1.20,0.00,0.01,0,0
vda,16.40,0.00,0.06,0,0
vda,2.40,0.00,0.01,0,0
vda,0.00,0.00,0.00,0,0
vda,1.60,0.00,0.01,0,0
vda,2.20,0.00,0.01,0,0
vda,17.60,0.00,0.07,0,0
vda,21.20,0.00,0.08,0,0
vda,1.80,0.00,0.01,0,0
vda,1.00,0.00,0.00,0,0
vda,23.00,0.00,0.09,0,0
vda,2.40,0.00,0.01,0,0
vda,3.00,0.00,0.01,0,0
vda,1.40,0.00,0.01,0,0
vda,15.00,0.00,0.06,0,0
vda,9.40,0.00,0.04,0,0
vda,12.40,0.00,0.05,0,0
vda,2.20,0.00,0.01,0,0
vda,0.20,0.00,0.00,0,0
vda,22.60,0.00,0.09,0,0
vda,2.00,0.00,0.01,0,0
vda,37.00,0.00,0.15,0,0
vda,2.60,0.00,0.01,0,0
vda,36.20,0.00,0.14,0,0
vda,0.00,0.00,0.00,0,0
vda,1.00,0.00,0.00,0,0
vda,2.00,0.00,0.01,0,0
vda,0.00,0.00,0.00,0,0
vda,1.00,0.00,0.00,0,0
vda,2.40,0.00,0.01,0,0
vda,18.80,0.00,0.08,0,0
vda,20.00,0.00,0.08,0,0
vda,17.60,0.00,0.07,0,0
vda,1.40,0.00,0.01,0,0
vda,39.00,0.00,0.15,0,0
vda,5.40,0.00,0.02,0,0
vda,1.00,0.00,0.00,0,0
vda,12.80,0.00,0.05,0,0
vda,24.60,0.00,0.10,0,0
vda,0.00,0.00,0.00,0,0
vda,28.80,0.00,0.11,0,0
vda,26.60,0.00,0.10,0,0
vda,1.80,0.00,0.01,0,0
vda,24.40,0.00,0.10,0,0
vda,14.20,0.00,0.06,0,0
vda,8.00,0.00,0.03,0,0
vda,1.00,0.00,0.00,0,0
vda,27.80,0.00,0.11,0,0
vda,10.00,0.00,0.04,0,0
vda,0.00,0.00,0.00,0,0
vda,36.40,0.00,0.15,0,0
vda,1.20,0.00,0.00,0,0
vda,21.80,0.00,0.08,0,0
vda,1.40,0.00,0.01,0,0
vda,0.00,0.00,0.00,0,0
vda,1.00,0.00,0.00,0,0
vda,1.80,0.00,0.01,0,0
vda,1.00,0.00,0.00,0,0
vda,1.40,0.00,0.01,0,0
vda,44.40,0.00,0.18,0,0
vda,12.20,0.00,0.05,0,0
vda,1.00,0.00,0.00,0,0
vda,2.00,0.00,0.01,0,0
vda,3.20,0.00,0.01,0,0
vda,2.00,0.00,0.01,0,0
vda,2.80,0.00,0.01,0,0
vda,3.20,0.00,0.01,0,0
vda,24.80,0.00,0.10,0,0
vda,45.20,0.00,0.18,0,0
vda,11.80,0.00,0.05,0,0
vda,1.60,0.00,0.01,0,0
vda,2.40,0.00,0.01,0,0
vda,1.60,0.00,0.01,0,0
vda,6.00,0.00,0.03,0,0
vda,1.40,0.00,0.01,0,0
vda,11.20,0.00,0.04,0,0
vda,23.40,0.00,0.09,0,0
vda,2.00,0.00,0.01,0,0
vda,1.00,0.00,0.00,0,0
vda,9.20,0.00,0.04,0,0
vda,1.80,0.00,0.01,0,0
vda,2.20,0.00,0.01,0,0
vda,19.60,0.00,0.08,0,0
vda,33.60,0.00,0.13,0,0
vda,3.00,0.00,0.01,0,0
vda,2.40,0.00,0.01,0,0
vda,0.00,0.00,0.00,0,0
vda,2.80,0.00,0.01,0,0
vda,9.00,0.00,0.04,0,0
vda,2.20,0.00,0.01,0,0
vda,17.00,0.00,0.07,0,0
vda,34.60,0.00,0.14,0,0
vda,1.80,0.00,0.01,0,0
vda,2.40,0.00,0.01,0,0
vda,3.20,0.00,0.01,0,0
vda,1.40,0.00,0.01,0,0
vda,1.00,0.00,0.00,0,0
vda,13.20,0.00,0.05,0,0
vda,22.00,0.00,0.09,0,0
vda,8.60,0.00,0.03,0,0
vda,1.40,0.00,0.01,0,0
vda,2.40,0.00,0.01,0,0
vda,4.40,0.00,0.02,0,0
vda,1.40,0.00,0.01,0,0
vda,19.00,0.00,0.07,0,0
vda,0.80,0.00,0.00,0,0
vda,36.20,0.00,0.14,0,0
vda,0.00,0.00,0.00,0,0
vda,8.40,0.00,0.03,0,0
vda,1.80,0.00,0.01,0,0
vda,1.80,0.00,0.01,0,0
vda,1.00,0.00,0.00,0,0
vda,19.60,0.00,0.08,0,0
vda,2.60,0.00,0.01,0,0
vda,0.00,0.00,0.00,0,0
vda,34.80,0.00,0.14,0,0
vda,3.40,0.00,0.02,0,0
vda,0.00,0.00,0.00,0,0
vda,8.80,0.00,0.04,0,0
vda,13.40,0.00,0.05,0,0
vda,1.00,0.00,0.00,0,0
vda,2.20,0.00,0.01,0,0
vda,2.60,0.00,0.01,0,0
vda,0.00,0.00,0.00,0,0
vda,25.20,0.00,0.10,0,0
vda,2.20,0.00,0.01,0,0
vda,0.00,0.00,0.00,0,0
vda,25.20,0.00,0.10,0,0
vda,2.00,0.00,0.01,0,0
vda,3.40,0.00,0.01,0,0
vda,2.80,0.00,0.01,0,0
vda,37.40,0.00,0.15,0,0
vda,3.40,0.00,0.02,0,0
vda,1.20,0.00,0.00,0,0
vda,13.20,0.00,0.05,0,0
vda,7.80,0.00,0.03,0,0
vda,1.20,0.00,0.00,0,0
vda,2.60,0.00,0.01,0,0
vda,1.40,0.00,0.01,0,0
