vda,99.20,0.63,0.01,3,0
vda,37.60,0.14,0.01,0,0
vda,2.20,0.00,0.01,0,0
vda,5.80,0.02,0.00,0,0
vda,12.80,0.05,0.00,0,0
vda,4.20,0.00,0.02,0,0
vda,227.60,9.69,0.10,48,0
vda,135.80,12.20,0.15,61,0
vda,85.00,10.35,0.01,51,0
vda,117.80,14.57,0.00,72,0
vda,90.00,10.85,0.01,54,0
vda,99.40,12.22,0.01,61,0
vda,52.20,6.08,1.29,30,6
vda,38.40,2.79,0.07,13,0
vda,3.60,0.00,0.01,0,0
vda,1.20,0.00,0.00,0,0
vda,41.20,0.00,0.16,0,0
vda,2.20,0.00,0.01,0,0
vda,1.40,0.00,0.01,0,0
vda,0.80,0.00,0.00,0,0
vda,23.00,0.00,0.10,0,0
vda,1.80,0.00,0.01,0,0
vda,0.00,0.00,0.00,0,0
vda,2.40,0.00,0.01,0,0
vda,1.40,0.00,0.01,0,0
vda,24.40,0.00,0.10,0,0
vda,7.40,0.00,0.03,0,0
vda,3.20,0.00,0.02,0,0
vda,19.00,0.00,0.08,0,0
vda,0.00,0.00,0.00,0,0
vda,3.00,0.00,0.01,0,0
vda,2.80,0.00,0.01,0,0
vda,0.00,0.00,0.00,0,0
vda,1.20,0.00,0.00,0,0
vda,34.80,0.00,0.14,0,0
vda,14.60,0.00,0.06,0,0
vda,8.40,0.00,0.04,0,0
vda,0.80,0.00,0.00,0,0
vda,2.20,0.00,0.01,0,0
vda,1.20,0.00,0.00,0,0
vda,0.60,0.00,0.00,0,0
vda,3.80,0.00,0.01,0,0
vda,3.40,0.00,0.02,0,0
vda,27.20,0.00,0.11,0,0
vda,25.60,0.00,0.10,0,0
vda,1.20,0.00,0.00,0,0
vda,0.60,0.00,0.00,0,0
vda,9.40,0.00,0.04,0,0
vda,1.40,0.00,0.01,0,0
vda,3.20,0.00,0.01,0,0
vda,2.20,0.00,0.01,0,0
vda,17.60,0.00,0.07,0,0
vda,1.60,0.00,0.00,0,0
vda,36.20,0.00,0.14,0,0
vda,1.20,0.00,0.00,0,0
vda,0.60,0.00,0.00,0,0
vda,9.38,0.00,0.04,0,0
vda,1.60,0.00,0.01,0,0
vda,3.20,0.00,0.02,0,0
vda,22.00,0.00,0.09,0,0
vda,0.20,0.00,0.00,0,0
vda,1.60,0.00,0.01,0,0
vda,25.40,0.00,0.10,0,0
vda,1.20,0.00,0.00,0,0
vda,0.00,0.00,0.00,0,0
vda,2.20,0.00,0.01,0,0
vda,19.00,0.00,0.08,0,0
vda,1.60,0.00,0.01,0,0
vda,4.60,0.00,0.02,0,0
vda,1.80,0.00,0.01,0,0
vda,0.40,0.00,0.00,0,0
vda,36.40,0.00,0.15,0,0
vda,1.20,0.00,0.00,0,0
vda,13.20,0.00,0.06,0,0
vda,2.40,0.00,0.01,0,0
vda,8.20,0.00,0.03,0,0
vda,1.20,0.00,0.00,0,0
vda,2.20,0.00,0.01,0,0
vda,2.60,0.00,0.01,0,0
vda,3.20,0.00,0.01,0,0
vda,51.40,0.00,0.21,0,1
vda,1.20,0.00,0.00,0,0
vda,0.00,0.00,0.00,0,0
vda,2.40,0.00,0.01,0,0
vda,0.80,0.00,0.00,0,0
vda,9.00,0.00,0.04,0,0
vda,2.60,0.00,0.01,0,0
vda,18.00,0.00,0.08,0,0
vda,1.20,0.00,0.00,0,0
vda,37.20,0.00,0.15,0,0
vda,2.60,0.00,0.01,0,0
vda,0.40,0.00,0.00,0,0
vda,2.40,0.00,0.01,0,0
vda,0.00,0.00,0.00,0,0
vda,2.60,0.00,0.02,0,0
vda,20.20,0.00,0.08,0,0
vda,0.60,0.00,0.00,0,0
vda,1.80,0.00,0.01,0,0
vda,26.60,0.00,0.11,0,0
vda,5.80,0.02,0.00,0,0
vda,29.00,0.16,0.03,0,0
vda,3.40,0.00,0.02,0,0
vda,1.20,0.00,0.00,0,0
vda,23.80,0.00,0.09,0,0
vda,2.40,0.00,0.01,0,0
vda,12.60,0.00,0.05,0,0
vda,1.80,0.00,0.01,0,0
vda,47.60,0.00,0.19,0,0
