7967756.0,63756.0,3268.0
7967756.0,63756.0,3268.0
7931883.2,69508.533333,3312.0
7429664.0,150044.0,3928.0
7429664.0,150044.0,3928.0
7429664.0,150044.0,3928.0
7429664.0,150044.0,3928.0
7429528.2667,150044.8,3936.0
7427628.0,150056.0,4048.0
7427628.0,150056.0,4048.0
7427628.0,150056.0,4048.0
7427628.0,150056.0,4048.0
7425872.8,150060.0,4073.6
7418852.0,150076.0,4176.0
7418852.0,150076.0,4176.0
7398832.0,151351.2,4527.2
7318752.0,156452.0,5932.0
7318752.0,156452.0,5932.0
7318948.2667,156579.2,5936.5333333
7321696.0,158360.0,6000.0
7321696.0,158360.0,6000.0
7321696.0,158360.0,6000.0
7321696.0,158360.0,6000.0
7321696.0,158360.0,6000.0
7321696.0,158360.0,6000.0
7321696.0,158360.0,6000.0
7321696.0,158360.0,6000.0
7321696.0,158360.0,6000.0
7321696.0,158360.0,6000.0
7321696.0,158360.0,6000.0
7321482.6667,158384.53333,6084.2666667
7319836.2667,158544.53333,6640.5333333
7318148.0,158548.0,6696.0
7318148.0,158548.0,6696.0
7317893.6,158548.53333,6704.5333333
7316240.0,158552.0,6760.0
7316096.5333,158552.0,6766.1333333
7314088.0,158552.0,6852.0
7314088.0,158552.0,6852.0
7314556.8,158555.73333,6859.4666667
7317604.0,158580.0,6908.0
7317604.0,158580.0,6908.0
7317604.0,158580.0,6908.0
7317604.0,158580.0,6908.0
7317604.0,158580.0,6908.0
7317604.0,158580.0,6908.0
7317604.0,158580.0,6908.0
7311722.4,158583.2,6934.1333333
7273492.0,158604.0,7104.0
7273492.0,158604.0,7104.0
7273492.0,158604.0,7104.0
7273492.0,158604.0,7104.0
7353762.4,157730.93333,7122.1333333
7875520.0,152056.0,7240.0
7875520.0,152056.0,7240.0
