vda,71.40,0.47,0.00,2,0
vda,18.00,0.13,0.01,0,0
vda,42.40,0.16,0.01,0,0
vda,2.20,0.00,0.01,0,0
vda,0.00,0.00,0.00,0,0
vda,12.40,0.00,0.05,0,0
vda,277.40,13.14,0.06,65,0
vda,136.40,11.54,0.02,57,0
vda,85.80,1.20,0.21,6,1
vda,1.40,0.00,0.00,0,0
vda,2.00,0.00,0.01,0,0
vda,65.40,0.00,1.54,0,7
vda,2.80,0.00,0.01,0,0
vda,0.00,0.00,0.00,0,0
vda,1.20,0.00,0.00,0,0
vda,2.20,0.00,0.01,0,0
vda,0.60,0.00,0.00,0,0
vda,1.80,0.00,0.01,0,0
vda,14.00,0.00,0.06,0,0
vda,4.80,0.00,0.02,0,0
vda,52.40,0.00,0.21,0,1
vda,1.20,0.00,0.00,0,0
vda,0.20,0.00,0.00,0,0
vda,60.60,0.00,0.25,0,1
vda,1.40,0.00,0.01,0,0
vda,0.00,0.00,0.00,0,0
vda,41.60,0.00,0.17,0,0
vda,1.40,0.00,0.01,0,0
vda,3.40,0.00,0.01,0,0
vda,55.20,0.00,0.23,0,1
vda,1.80,0.00,0.01,0,0
vda,10.60,0.05,0.00,0,0
vda,71.80,0.00,0.29,0,1
vda,1.40,0.00,0.01,0,0
vda,0.80,0.00,0.00,0,0
vda,47.20,0.00,0.20,0,0
vda,0.80,0.00,0.00,0,0
vda,1.20,0.00,0.00,0,0
vda,4.00,0.00,0.02,0,0
vda,1.60,0.00,0.01,0,0
vda,0.00,0.00,0.00,0,0
vda,11.80,0.00,0.05,0,0
vda,13.40,0.00,0.06,0,0
vda,1.40,0.00,0.00,0,0
vda,52.20,0.00,0.21,0,1
vda,1.20,0.00,0.00,0,0
vda,0.00,0.00,0.00,0,0
vda,5.00,0.00,0.02,0,0
vda,1.80,0.00,0.01,0,0
vda,18.60,0.00,0.08,0,0
vda,1.20,0.00,0.00,0,0
vda,2.00,0.00,0.01,0,0
vda,1.40,0.00,0.00,0,0
vda,42.40,0.00,0.17,0,0
vda,0.80,0.00,0.00,0,0
vda,1.20,0.00,0.00,0,0
vda,20.40,0.00,0.09,0,0
vda,3.00,0.00,0.01,0,0
vda,1.60,0.00,0.01,0,0
vda,0.40,0.00,0.00,0,0
vda,2.20,0.00,0.01,0,0
vda,1.20,0.00,0.00,0,0
vda,52.40,0.00,0.21,0,1
vda,20.40,0.00,0.09,0,0
vda,1.40,0.00,0.01,0,0
vda,2.80,0.00,0.01,0,0
vda,2.60,0.00,0.01,0,0
vda,1.60,0.00,0.01,0,0
vda,2.20,0.00,0.01,0,0
vda,0.00,0.00,0.00,0,0
vda,2.80,0.00,0.01,0,0
vda,69.60,0.00,0.27,0,1
vda,9.20,0.00,0.04,0,0
vda,1.20,0.00,0.00,0,0
vda,2.20,0.00,0.01,0,0
vda,0.00,0.00,0.00,0,0
vda,2.40,0.00,0.01,0,0
vda,4.60,0.00,0.02,0,0
vda,13.00,0.00,0.05,0,0
vda,0.00,0.00,0.00,0,0
vda,51.40,0.00,0.20,0,1
vda,2.00,0.00,0.01,0,0
vda,8.20,0.00,0.03,0,0
vda,2.80,0.00,0.01,0,0
vda,1.60,0.00,0.01,0,0
vda,0.60,0.00,0.00,0,0
vda,19.80,0.00,0.08,0,0
vda,2.40,0.00,0.01,0,0
vda,1.20,0.00,0.00,0,0
vda,35.40,0.00,0.14,0,0
vda,1.40,0.00,0.01,0,0
vda,7.80,0.00,0.03,0,0
vda,5.00,0.00,0.03,0,0
vda,17.40,0.00,0.07,0,0
vda,1.20,0.00,0.00,0,0
vda,3.00,0.00,0.01,0,0
vda,2.20,0.00,0.01,0,0
vda,1.60,0.00,0.01,0,0
vda,52.80,0.00,0.21,0,1
vda,0.00,0.00,0.00,0,0
vda,14.00,0.00,0.06,0,0
vda,9.60,0.00,0.04,0,0
vda,0.00,0.00,0.00,0,0
vda,1.40,0.00,0.01,0,0
vda,2.20,0.00,0.01,0,0
vda,2.20,0.00,0.01,0,0
vda,51.40,0.00,0.20,0,1
vda,11.40,0.00,0.05,0,0
vda,18.80,0.00,0.07,0,0
vda,0.00,0.00,0.00,0,0
vda,2.20,0.00,0.01,0,0
vda,0.60,0.00,0.00,0,0
vda,1.80,0.00,0.01,0,0
vda,2.60,0.00,0.01,0,0
vda,2.40,0.00,0.01,0,0
vda,66.80,0.24,0.10,1,0
vda,70.80,0.00,0.28,0,1
vda,0.00,0.00,0.00,0,0
vda,1.40,0.00,0.00,0,0
vda,3.20,0.00,0.01,0,0
vda,0.00,0.00,0.00,0,0
vda,13.80,0.00,0.06,0,0
vda,5.00,0.00,0.03,0,0
vda,12.80,0.00,0.05,0,0
vda,35.33,0.00,0.14,0,0
vda,2.80,0.00,0.01,0,0
vda,1.60,0.00,0.01,0,0
vda,76.60,0.00,0.30,0,1
vda,2.60,0.00,0.01,0,0
vda,0.80,0.00,0.00,0,0
vda,47.20,0.00,0.19,0,0
vda,2.40,0.00,0.01,0,0
vda,2.00,0.00,0.01,0,0
vda,52.40,0.00,0.21,0,1
vda,3.00,0.00,0.01,0,0
vda,7.60,0.00,0.03,0,0
vda,1.40,0.00,0.01,0,0
vda,47.80,0.00,0.20,0,0
vda,0.00,0.00,0.00,0,0
vda,1.40,0.00,0.01,0,0
vda,70.80,0.00,0.29,0,1
vda,1.40,0.00,0.01,0,0
vda,1.80,0.00,0.01,0,0
vda,56.20,0.00,0.23,0,1
vda,0.00,0.00,0.00,0,0
vda,2.40,0.00,0.01,0,0
vda,48.80,0.00,0.20,0,0
vda,0.00,0.00,0.00,0,0
vda,1.60,0.00,0.01,0,0
vda,47.80,0.00,0.20,0,0
vda,0.80,0.00,0.00,0,0
vda,2.40,0.00,0.01,0,0
vda,80.00,0.00,0.32,0,1
vda,0.00,0.00,0.00,0,0
vda,1.40,0.00,0.01,0,0
vda,48.00,0.00,0.19,0,0
vda,0.00,0.00,0.00,0,0
vda,1.80,0.00,0.01,0,0
vda,2.20,0.00,0.01,0,0
vda,47.00,0.00,0.19,0,0
vda,1.20,0.00,0.00,0,0
vda,4.00,0.00,0.02,0,0
vda,1.60,0.00,0.01,0,0
vda,32.40,0.00,0.14,0,0
vda,30.40,0.00,0.12,0,0
vda,1.40,0.00,0.01,0,0
vda,0.20,0.00,0.00,0,0
vda,2.20,0.00,0.01,0,0
vda,1.20,0.00,0.00,0,0
vda,3.20,0.00,0.01,0,0
vda,49.20,0.00,0.20,0,0
vda,93.80,1.88,0.03,9,0
vda,135.80,0.51,0.04,2,0
vda,147.20,0.52,0.07,2,0
vda,44.60,0.00,0.18,0,0
vda,6.40,0.60,0.00,2,0
vda,2.40,0.00,0.01,0,0
vda,71.20,0.00,0.29,0,1
vda,3.00,0.00,0.01,0,0
vda,2.80,0.00,0.01,0,0
vda,1.60,0.00,0.01,0,0
vda,25.80,0.00,0.11,0,0
vda,28.80,0.00,0.11,0,0
vda,2.00,0.00,0.01,0,0
vda,1.20,0.00,0.00,0,0
vda,2.20,0.00,0.01,0,0
vda,0.00,0.00,0.00,0,0
vda,1.80,0.00,0.01,0,0
vda,31.00,0.00,0.13,0,0
vda,0.00,0.00,0.00,0,0
vda,57.40,0.00,0.23,0,1
vda,2.60,0.00,0.01,0,0
vda,0.00,0.00,0.00,0,0
vda,3.80,0.00,0.01,0,0
vda,1.20,0.00,0.00,0,0
vda,50.40,0.00,0.21,0,1
vda,1.00,0.00,0.00,0,0
vda,3.80,0.00,0.01,0,0
vda,0.00,0.00,0.00,0,0
vda,1.80,0.00,0.01,0,0
