vda,22.40,0.08,0.01,0,0
vda,25.40,0.09,0.01,0,0
vda,12.80,0.05,0.00,0,0
vda,11.40,0.04,0.01,0,0
vda,4.80,0.01,0.01,0,0
vda,1.60,0.00,0.01,0,0
vda,97.60,2.03,0.04,10,0
vda,71.20,1.13,0.12,5,0
vda,53.80,0.46,0.10,2,0
vda,52.00,0.85,0.01,4,0
vda,32.80,1.50,0.01,7,0
vda,80.40,7.56,0.01,37,0
vda,63.20,7.51,0.01,37,0
vda,3.60,0.00,0.02,0,0
vda,7.20,0.00,0.03,0,0
vda,8.80,0.00,0.04,0,0
vda,46.40,0.00,0.19,0,0
vda,5.60,0.00,1.29,0,6
vda,0.00,0.00,0.00,0,0
vda,5.20,0.00,0.03,0,0
vda,1.60,0.00,0.01,0,0
vda,27.00,0.00,0.11,0,0
vda,25.80,0.00,0.11,0,0
vda,7.60,0.00,0.03,0,0
vda,13.20,0.00,0.05,0,0
vda,24.60,0.00,0.10,0,0
vda,8.20,0.00,0.03,0,0
vda,22.00,0.00,0.09,0,0
vda,38.80,0.00,0.16,0,0
vda,10.60,0.00,0.04,0,0
vda,14.40,0.00,0.06,0,0
vda,2.00,0.00,0.01,0,0
vda,30.20,0.00,0.13,0,0
vda,13.80,0.00,0.05,0,0
vda,30.80,0.00,0.13,0,0
vda,1.20,0.00,0.00,0,0
vda,13.40,0.00,0.05,0,0
vda,38.40,0.00,0.16,0,0
vda,1.40,0.00,0.00,0,0
vda,1.80,0.00,0.01,0,0
vda,0.20,0.00,0.00,0,0
vda,1.20,0.00,0.00,0,0
vda,1.00,0.00,0.00,0,0
vda,7.60,0.00,0.04,0,0
vda,1.80,0.00,0.01,0,0
vda,18.00,0.00,0.07,0,0
vda,35.40,0.00,0.14,0,0
vda,8.40,0.00,0.04,0,0
vda,2.20,0.00,0.01,0,0
vda,42.00,0.00,0.18,0,0
vda,13.20,0.11,0.01,0,0
vda,20.40,0.07,0.01,0,0
vda,11.00,0.00,0.05,0,0
vda,27.00,0.00,0.11,0,0
vda,41.20,0.00,0.17,0,0
vda,2.00,0.00,0.01,0,0
vda,1.00,0.00,0.00,0,0
vda,0.00,0.00,0.00,0,0
vda,2.00,0.00,0.01,0,0
vda,3.20,0.00,0.01,0,0
vda,3.20,0.00,0.02,0,0
vda,35.40,0.00,0.14,0,0
vda,0.00,0.00,0.00,0,0
vda,1.00,0.00,0.00,0,0
vda,28.00,0.00,0.12,0,0
vda,33.80,0.00,0.14,0,0
vda,0.60,0.00,0.00,0,0
vda,2.00,0.00,0.01,0,0
vda,27.80,0.00,0.11,0,0
vda,16.60,0.00,0.07,0,0
vda,2.00,0.00,0.01,0,0
vda,0.00,0.00,0.00,0,0
vda,0.60,0.00,0.00,0,0
vda,27.00,0.00,0.11,0,0
vda,11.00,0.00,0.05,0,0
vda,3.80,0.00,0.01,0,0
vda,22.80,0.00,0.09,0,0
vda,2.80,0.00,0.01,0,0
vda,35.20,0.00,0.14,0,0
vda,1.80,0.00,0.01,0,0
vda,1.00,0.00,0.00,0,0
vda,26.00,0.00,0.11,0,0
vda,17.00,0.00,0.07,0,0
