7391072.8,631484.53333,8035.7333333
7942740.0,85236.0,2728.0
6932660.5333,307369.33333,3282.4
5778284.0,561236.0,3916.0
5778284.0,561236.0,3916.0
4976949.6,778495.2,3940.0
3774948.0,1104384.0,3976.0
3774948.0,1104384.0,3976.0
3402105.6,1104387.7333,4005.8666667
2976000.0,1104392.0,4040.0
2976000.0,1104392.0,4040.0
2976000.0,1104392.0,4040.0
2976000.0,1104392.0,4040.0
2976000.0,1104392.0,4040.0
2976000.0,1104392.0,4040.0
2976000.0,1104392.0,4040.0
2976000.0,1104392.0,4040.0
2976000.0,1104392.0,4040.0
2976000.0,1104392.0,4040.0
2975561.3333,1104400.0,4114.6666667
2974684.0,1104416.0,4264.0
2974684.0,1104416.0,4264.0
2974684.0,1104416.0,4264.0
2974684.0,1104416.0,4264.0
2974684.0,1104416.0,4264.0
2974684.0,1104416.0,4264.0
2974684.0,1104416.0,4264.0
2974684.0,1104416.0,4264.0
2974684.0,1104416.0,4264.0
2974684.0,1104416.0,4264.0
2974684.0,1104416.0,4264.0
2974756.0,1104449.3333,4365.3333333
2974900.0,1104516.0,4568.0
2974900.0,1104516.0,4568.0
2974900.0,1104516.0,4568.0
2974900.0,1104516.0,4568.0
2974900.0,1104516.0,4568.0
2974900.0,1104516.0,4568.0
2974900.0,1104516.0,4568.0
2974900.0,1104516.0,4568.0
2974900.0,1104516.0,4568.0
2974900.0,1104516.0,4568.0
2974900.0,1104516.0,4568.0
2974745.0667,1104569.0667,4595.4666667
2972576.0,1105312.0,4980.0
2972576.0,1105312.0,4980.0
2972576.0,1105312.0,4980.0
2972576.0,1105312.0,4980.0
2972576.0,1105312.0,4980.0
2972576.0,1105312.0,4980.0
2972576.0,1105312.0,4980.0
2972576.0,1105312.0,4980.0
2972576.0,1105312.0,4980.0
2972576.0,1105312.0,4980.0
2972576.0,1105312.0,4980.0
2972325.3333,1105342.9333,5054.6666667
2971636.0,1105428.0,5260.0
2971636.0,1105428.0,5260.0
2971636.0,1105428.0,5260.0
2971636.0,1105428.0,5260.0
2971636.0,1105428.0,5260.0
2971636.0,1105428.0,5260.0
2971636.0,1105428.0,5260.0
2971636.0,1105428.0,5260.0
2971636.0,1105428.0,5260.0
2971636.0,1105428.0,5260.0
2971636.0,1105428.0,5260.0
2971842.9333,1105435.4667,5315.4666667
2972412.0,1105456.0,5468.0
2972412.0,1105456.0,5468.0
2972412.0,1105456.0,5468.0
2972412.0,1105456.0,5468.0
2972412.0,1105456.0,5468.0
2972412.0,1105456.0,5468.0
2972412.0,1105456.0,5468.0
2972412.0,1105456.0,5468.0
2972412.0,1105456.0,5468.0
2972412.0,1105456.0,5468.0
2972412.0,1105456.0,5468.0
2972412.0,1105456.0,5468.0
2972228.0,1105512.0,5592.8
2971952.0,1105596.0,5780.0
2971952.0,1105596.0,5780.0
2971952.0,1105596.0,5780.0
2971952.0,1105596.0,5780.0
2971952.0,1105596.0,5780.0
2971952.0,1105596.0,5780.0
2971952.0,1105596.0,5780.0
2971952.0,1105596.0,5780.0
2971952.0,1105596.0,5780.0
2971952.0,1105596.0,5780.0
2971934.9333,1105600.2667,5839.7333333
2971888.0,1105612.0,6004.0
2971888.0,1105612.0,6004.0
2971888.0,1105612.0,6004.0
2971398.4,1105617.6,6024.0
2969440.0,1105640.0,6104.0
2969440.0,1105640.0,6104.0
2969440.0,1105640.0,6104.0
2969440.0,1105640.0,6104.0
2969440.0,1105640.0,6104.0
2969440.0,1105640.0,6104.0
2969440.0,1105640.0,6104.0
2969440.0,1105640.0,6104.0
2969440.0,1105640.0,6104.0
2969440.0,1105640.0,6104.0
2969215.2,1105643.2,6147.2
2968316.0,1105656.0,6320.0
2968316.0,1105656.0,6320.0
2983212.0,1105653.8667,6337.0666667
3024176.0,1105648.0,6384.0
3024176.0,1105648.0,6384.0
3024176.0,1105648.0,6384.0
3024176.0,1105648.0,6384.0
3024176.0,1105648.0,6384.0
3024176.0,1105648.0,6384.0
3024176.0,1105648.0,6384.0
3024176.0,1105648.0,6384.0
3024176.0,1105648.0,6384.0
3024176.0,1105648.0,6384.0
3024176.0,1105648.0,6384.0
3024091.7333,1105657.6,6437.3333333
3023860.0,1105684.0,6584.0
3023860.0,1105684.0,6584.0
3023860.0,1105684.0,6584.0
3023860.0,1105684.0,6584.0
3023860.0,1105684.0,6584.0
3023860.0,1105684.0,6584.0
3023860.0,1105684.0,6584.0
3023860.0,1105684.0,6584.0
3023860.0,1105684.0,6584.0
3023860.0,1105684.0,6584.0
3023860.0,1105684.0,6584.0
3023874.4,1105686.1333,6623.4666667
3023968.0,1105700.0,6880.0
3023968.0,1105700.0,6880.0
3023968.0,1105700.0,6880.0
3023968.0,1105700.0,6880.0
3023968.0,1105700.0,6880.0
3023968.0,1105700.0,6880.0
3023968.0,1105700.0,6880.0
3023841.8667,1105710.4,6889.6
3022076.0,1105856.0,7024.0
3049645.6,1105856.5333,7032.5333333
3228848.0,1105860.0,7088.0
3228848.0,1105860.0,7088.0
3228848.0,1105860.0,7088.0
3228848.0,1105860.0,7088.0
3228848.0,1105860.0,7088.0
3228848.0,1105860.0,7088.0
3228848.0,1105860.0,7088.0
3228848.0,1105860.0,7088.0
3228848.0,1105860.0,7088.0
3228848.0,1105860.0,7088.0
3228848.0,1105860.0,7088.0
3228844.8,1105861.6,7128.0
3228832.0,1105868.0,7288.0
3228832.0,1105868.0,7288.0
3228832.0,1105868.0,7288.0
3228832.0,1105868.0,7288.0
3228832.0,1105868.0,7288.0
3228832.0,1105868.0,7288.0
3228832.0,1105868.0,7288.0
3228832.0,1105868.0,7288.0
3228832.0,1105868.0,7288.0
3228832.0,1105868.0,7288.0
3228832.0,1105868.0,7288.0
3228716.8,1105889.3333,7458.6666667
3228716.8,1105889.3333,7458.6666667
3228616.0,1105908.0,7608.0
3228616.0,1105908.0,7608.0
3228616.0,1105908.0,7608.0
3228616.0,1105908.0,7608.0
3228616.0,1105908.0,7608.0
3228616.0,1105908.0,7608.0
3228616.0,1105908.0,7608.0
3228616.0,1105908.0,7608.0
3228616.0,1105908.0,7608.0
3228616.0,1105908.0,7608.0
3422308.8,1105926.6667,7817.0666667
3436144.0,1105928.0,7832.0
3436144.0,1105928.0,7832.0
3436144.0,1105928.0,7832.0
3436144.0,1105928.0,7832.0
3436144.0,1105928.0,7832.0
3436144.0,1105928.0,7832.0
3436144.0,1105928.0,7832.0
3435324.0,1105996.0,8008.0
3435324.0,1105996.0,8008.0
3435412.8,1105997.0667,8012.2666667
3436656.0,1106012.0,8072.0
3436656.0,1106012.0,8072.0
3436656.0,1106012.0,8072.0
3436656.0,1106012.0,8072.0
3436656.0,1106012.0,8072.0
3436656.0,1106012.0,8072.0
3436656.0,1106012.0,8072.0
3436144.8,1106409.6,8180.8
3434100.0,1108000.0,8616.0
3434100.0,1108000.0,8616.0
3434100.0,1108000.0,8616.0
3434100.0,1108000.0,8616.0
3434100.0,1108000.0,8616.0
3434100.0,1108000.0,8616.0
3434100.0,1108000.0,8616.0
3434100.0,1108000.0,8616.0
3434100.0,1108000.0,8616.0
3434100.0,1108000.0,8616.0
3434100.0,1108000.0,8616.0
3434090.6667,1108002.1333,8631.7333333
3433960.0,1108032.0,8852.0
3433960.0,1108032.0,8852.0
3433960.0,1108032.0,8852.0
3500921.0667,1108034.1333,8920.2666667
3500921.0667,1108034.1333,8920.2666667
3559512.0,1108036.0,8980.0
3558188.0,1108036.0,9036.0
3558188.0,1108036.0,9036.0
3558188.0,1108036.0,9036.0
3558188.0,1108036.0,9036.0
3558188.0,1108036.0,9036.0
3558188.0,1108036.0,9036.0
3558188.0,1108036.0,9036.0
3558188.0,1108036.0,9036.0
3558188.0,1108036.0,9036.0
3558188.0,1108036.0,9036.0
3558188.0,1108036.0,9036.0
3558188.0,1108036.0,9036.0
3560144.2667,1108043.4667,9260.0
3560284.0,1108044.0,9276.0
3559328.2667,1108051.4667,9335.7333333
3559260.0,1108052.0,9340.0
3559260.0,1108052.0,9340.0
3559260.0,1108052.0,9340.0
3559260.0,1108052.0,9340.0
3559260.0,1108052.0,9340.0
3559260.0,1108052.0,9340.0
3559260.0,1108052.0,9340.0
3559260.0,1108052.0,9340.0
3559260.0,1108052.0,9340.0
3559260.0,1108052.0,9340.0
3559260.0,1108052.0,9340.0
3559148.0,1108080.0,9588.0
3559148.0,1108080.0,9588.0
3559148.0,1108080.0,9588.0
3559148.0,1108080.0,9588.0
3559148.0,1108080.0,9588.0
3559148.0,1108080.0,9588.0
3798473.3333,1108094.9333,9744.8
3815568.0,1108096.0,9756.0
3815568.0,1108096.0,9756.0
3816564.8,1108159.4667,9815.7333333
3816636.0,1108164.0,9820.0
3816636.0,1108164.0,9820.0
3816636.0,1108164.0,9820.0
3816636.0,1108164.0,9820.0
3816636.0,1108164.0,9820.0
3816636.0,1108164.0,9820.0
3816636.0,1108164.0,9820.0
3816636.0,1108164.0,9820.0
3816636.0,1108164.0,9820.0
3816636.0,1108164.0,9820.0
3816657.8667,1108165.8667,9836.5333333
3816964.0,1108192.0,10068.0
3816964.0,1108192.0,10068.0
3816964.0,1108192.0,10068.0
3816964.0,1108192.0,10068.0
3816964.0,1108192.0,10068.0
3816964.0,1108192.0,10068.0
3816964.0,1108192.0,10068.0
3816964.0,1108192.0,10068.0
3816964.0,1108192.0,10068.0
3816964.0,1108192.0,10068.0
3816964.0,1108192.0,10068.0
3816905.0667,1108193.8667,10088.266667
3816080.0,1108220.0,10372.0
3816080.0,1108220.0,10372.0
3816080.0,1108220.0,10372.0
3816080.0,1108220.0,10372.0
3816080.0,1108220.0,10372.0
3816080.0,1108220.0,10372.0
3816080.0,1108220.0,10372.0
3845151.4667,1108229.6,10396.533333
4034116.0,1108292.0,10556.0
4034116.0,1108292.0,10556.0
4034924.5333,1108304.8,10585.866667
4034924.5333,1108304.8,10585.866667
4035632.0,1108316.0,10612.0
4035632.0,1108316.0,10612.0
4035632.0,1108316.0,10612.0
4035632.0,1108316.0,10612.0
4035632.0,1108316.0,10612.0
4035632.0,1108316.0,10612.0
4035632.0,1108316.0,10612.0
4035632.0,1108316.0,10612.0
4035632.0,1108316.0,10612.0
4035632.0,1108316.0,10612.0
4035525.3333,1108320.2667,10740.0
4035525.3333,1108320.2667,10740.0
4035432.0,1108324.0,10852.0
4035432.0,1108324.0,10852.0
4035432.0,1108324.0,10852.0
4035432.0,1108324.0,10852.0
4035432.0,1108324.0,10852.0
4035432.0,1108324.0,10852.0
4035432.0,1108324.0,10852.0
4035299.4667,1108324.5333,10867.466667
4033444.0,1108332.0,11084.0
4033444.0,1108332.0,11084.0
4033444.0,1108332.0,11084.0
4035152.0,1108344.0,11140.0
4035152.0,1108344.0,11140.0
4035152.0,1108344.0,11140.0
4035152.0,1108344.0,11140.0
4035152.0,1108344.0,11140.0
4095762.6667,1108422.4,11237.066667
4100092.0,1108428.0,11244.0
4100092.0,1108428.0,11244.0
4273668.0,1108432.0,11300.0
4273668.0,1108432.0,11300.0
4273668.0,1108432.0,11300.0
4273668.0,1108432.0,11300.0
4273668.0,1108432.0,11300.0
4273668.0,1108432.0,11300.0
4273668.0,1108432.0,11300.0
4273668.0,1108432.0,11300.0
4273668.0,1108432.0,11300.0
4273668.0,1108432.0,11300.0
4273668.0,1108432.0,11300.0
4273668.0,1108432.0,11300.0
4273526.1333,1108450.6667,11538.933333
4273516.0,1108452.0,11556.0
4273516.0,1108452.0,11556.0
4273516.0,1108452.0,11556.0
4273516.0,1108452.0,11556.0
4273516.0,1108452.0,11556.0
4273516.0,1108452.0,11556.0
4273516.0,1108452.0,11556.0
4273516.0,1108452.0,11556.0
4273516.0,1108452.0,11556.0
4273516.0,1108452.0,11556.0
4273516.0,1108452.0,11556.0
4273193.6,1108521.3333,11826.4
4273144.0,1108532.0,11868.0
4273144.0,1108532.0,11868.0
4273144.0,1108532.0,11868.0
4273144.0,1108532.0,11868.0
4273144.0,1108532.0,11868.0
4273144.0,1108532.0,11868.0
4353348.8,1108538.4,12002.4
4373400.0,1108540.0,12036.0
4373400.0,1108540.0,12036.0
