vda,64.00,0.24,0.01,1,0
vda,0.00,0.00,0.00,0,0
vda,1.20,0.00,0.00,0,0
vda,90.60,0.74,0.01,3,0
vda,8.60,0.02,0.01,0,0
vda,22.36,0.22,0.01,1,0
vda,269.40,9.25,0.26,46,1
vda,110.40,11.22,0.08,56,0
vda,91.60,11.45,0.00,57,0
vda,114.20,14.05,0.01,70,0
vda,70.80,8.54,0.01,42,0
vda,1.20,0.00,0.00,0,0
vda,10.80,0.00,1.32,0,6
vda,4.20,0.00,0.02,0,0
vda,11.80,0.00,0.05,0,0
vda,25.60,0.00,0.10,0,0
vda,2.20,0.00,0.01,0,0
vda,1.40,0.00,0.01,0,0
vda,0.40,0.00,0.00,0,0
vda,4.60,0.00,0.02,0,0
vda,2.40,0.00,0.01,0,0
vda,8.20,0.00,0.03,0,0
vda,17.80,0.00,0.07,0,0
vda,1.40,0.00,0.01,0,0
vda,6.00,0.00,0.02,0,0
vda,33.40,0.00,0.14,0,0
vda,0.00,0.00,0.00,0,0
vda,2.60,0.00,0.01,0,0
vda,2.20,0.00,0.01,0,0
vda,1.20,0.00,0.00,0,0
vda,17.20,0.00,0.07,0,0
vda,9.80,0.00,0.04,0,0
vda,0.80,0.00,0.00,0,0
vda,3.00,0.00,0.01,0,0
vda,36.60,0.00,0.15,0,0
vda,1.20,0.00,0.00,0,0
vda,3.00,0.00,0.01,0,0
vda,12.60,0.00,0.05,0,0
vda,0.00,0.00,0.00,0,0
vda,1.40,0.00,0.00,0,0
vda,10.80,0.00,0.04,0,0
vda,0.20,0.00,0.00,0,0
vda,1.20,0.00,0.00,0,0
vda,38.80,0.00,0.15,0,0
vda,1.80,0.00,0.01,0,0
vda,16.00,0.00,0.06,0,0
vda,2.20,0.00,0.01,0,0
vda,1.40,0.00,0.01,0,0
vda,1.40,0.00,0.01,0,0
vda,10.00,0.00,0.04,0,0
vda,0.80,0.00,0.00,0,0
vda,2.40,0.00,0.01,0,0
vda,52.80,0.00,0.21,0,1
vda,1.20,0.00,0.00,0,0
vda,2.60,0.00,0.01,0,0
vda,3.00,0.00,0.01,0,0
vda,0.00,0.00,0.00,0,0
vda,1.20,0.00,0.00,0,0
vda,10.60,0.00,0.04,0,0
vda,1.80,0.00,0.01,0,0
vda,10.60,0.00,0.04,0,0
vda,27.20,0.00,0.11,0,0
vda,2.80,0.00,0.01,0,0
vda,1.40,0.00,0.00,0,0
vda,2.20,0.00,0.01,0,0
vda,0.00,0.00,0.00,0,0
vda,9.60,0.00,0.04,0,0
vda,21.00,0.00,0.08,0,0
vda,3.60,0.00,0.02,0,0
vda,1.40,0.00,0.01,0,0
vda,35.80,0.00,0.14,0,0
vda,0.60,0.00,0.00,0,0
vda,3.00,0.00,0.01,0,0
vda,3.80,0.00,0.01,0,0
vda,0.60,0.00,0.00,0,0
