6414224.0,1598708.0,15732.0
7368366.9333,265930.4,4681.3333333
7436520.0,170732.0,3892.0
5611254.1333,598269.06667,3944.0
5330444.0,664044.0,3952.0
5330444.0,664044.0,3952.0
3659589.6,1142463.2,3996.8
3241876.0,1262068.0,4008.0
3241876.0,1262068.0,4008.0
2216744.5333,1549666.1333,4056.5333333
2059032.0,1593912.0,4064.0
2057844.8,1593915.7333,4123.7333333
2057760.0,1593916.0,4128.0
2057760.0,1593916.0,4128.0
2057760.0,1593916.0,4128.0
2057760.0,1593916.0,4128.0
2057760.0,1593916.0,4128.0
2057760.0,1593916.0,4128.0
2057760.0,1593916.0,4128.0
2057760.0,1593916.0,4128.0
2057760.0,1593916.0,4128.0
2057760.0,1593916.0,4128.0
2057760.0,1593916.0,4128.0
2056605.6,1593922.9333,4356.8
2056428.0,1593924.0,4392.0
2056428.0,1593924.0,4392.0
2056428.0,1593924.0,4392.0
2056428.0,1593924.0,4392.0
2056428.0,1593924.0,4392.0
2056428.0,1593924.0,4392.0
2056428.0,1593924.0,4392.0
2056428.0,1593924.0,4392.0
2056428.0,1593924.0,4392.0
2056428.0,1593924.0,4392.0
2056428.0,1593924.0,4392.0
2056077.8667,1594253.3333,4648.5333333
2056024.0,1594304.0,4688.0
2056024.0,1594304.0,4688.0
2056024.0,1594304.0,4688.0
2056024.0,1594304.0,4688.0
2056024.0,1594304.0,4688.0
2056024.0,1594304.0,4688.0
2056024.0,1594304.0,4688.0
2056024.0,1594304.0,4688.0
2056024.0,1594304.0,4688.0
2056024.0,1594304.0,4688.0
2056024.0,1594304.0,4688.0
2055627.2,1594374.4,4873.6
2055528.0,1594392.0,4920.0
2055528.0,1594392.0,4920.0
2055528.0,1594392.0,4920.0
2055528.0,1594392.0,4920.0
2055528.0,1594392.0,4920.0
2055528.0,1594392.0,4920.0
2055528.0,1594392.0,4920.0
2055528.0,1594392.0,4920.0
2055528.0,1594392.0,4920.0
2055528.0,1594392.0,4920.0
2055528.0,1594392.0,4920.0
2055018.1333,1594400.5333,5060.8
2054572.0,1594408.0,5184.0
2054572.0,1594408.0,5184.0
2054572.0,1594408.0,5184.0
2054572.0,1594408.0,5184.0
2054572.0,1594408.0,5184.0
2054572.0,1594408.0,5184.0
2054572.0,1594408.0,5184.0
2053192.0,1594508.8,5294.4
2052272.0,1594576.0,5368.0
2052272.0,1594576.0,5368.0
2052272.0,1594576.0,5368.0
2052272.0,1594576.0,5368.0
2052272.0,1594576.0,5368.0
2052272.0,1594576.0,5368.0
2052272.0,1594576.0,5368.0
2052272.0,1594576.0,5368.0
2052272.0,1594576.0,5368.0
2052272.0,1594576.0,5368.0
2052272.0,1594576.0,5368.0
2052149.3333,1594597.3333,5522.6666667
2052088.0,1594608.0,5600.0
2052088.0,1594608.0,5600.0
2052088.0,1594608.0,5600.0
2052088.0,1594608.0,5600.0
2052088.0,1594608.0,5600.0
2052088.0,1594608.0,5600.0
2052088.0,1594608.0,5600.0
2052088.0,1594608.0,5600.0
2052088.0,1594608.0,5600.0
2052088.0,1594608.0,5600.0
2052088.0,1594608.0,5600.0
2051736.0,1594627.2,5862.4
2051648.0,1594632.0,5928.0
2051648.0,1594632.0,5928.0
2051648.0,1594632.0,5928.0
2051648.0,1594632.0,5928.0
2051648.0,1594632.0,5928.0
2051648.0,1594632.0,5928.0
2051648.0,1594632.0,5928.0
2051648.0,1594632.0,5928.0
2051648.0,1594632.0,5928.0
2051648.0,1594632.0,5928.0
2051648.0,1594632.0,5928.0
2050692.2667,1594644.8,6049.6
2049856.0,1594656.0,6156.0
2049856.0,1594656.0,6156.0
2049856.0,1594656.0,6156.0
2049856.0,1594656.0,6156.0
2049856.0,1594656.0,6156.0
2049856.0,1594656.0,6156.0
2049856.0,1594656.0,6156.0
2049856.0,1594656.0,6156.0
2048248.0,1596208.8,6612.0
2047176.0,1597244.0,6916.0
2047176.0,1597244.0,6916.0
2047176.0,1597244.0,6916.0
2047176.0,1597244.0,6916.0
2047176.0,1597244.0,6916.0
2047176.0,1597244.0,6916.0
2047176.0,1597244.0,6916.0
2047176.0,1597244.0,6916.0
2047176.0,1597244.0,6916.0
2047176.0,1597244.0,6916.0
2047176.0,1597244.0,6916.0
2046925.3333,1597248.0,6998.6666667
2046424.0,1597256.0,7164.0
2046424.0,1597256.0,7164.0
2046424.0,1597256.0,7164.0
2046424.0,1597256.0,7164.0
2046424.0,1597256.0,7164.0
2046424.0,1597256.0,7164.0
2046424.0,1597256.0,7164.0
2046424.0,1597256.0,7164.0
2046424.0,1597256.0,7164.0
2046424.0,1597256.0,7164.0
2046424.0,1597256.0,7164.0
2046332.0,1597265.3333,7268.0
2046148.0,1597284.0,7476.0
2046148.0,1597284.0,7476.0
2045734.6667,1597284.0,7494.6666667
2044908.0,1597284.0,7532.0
2044908.0,1597284.0,7532.0
2045492.0,1597287.2,7554.4
2046368.0,1597292.0,7588.0
2046368.0,1597292.0,7588.0
2046368.0,1597292.0,7588.0
2046368.0,1597292.0,7588.0
2046368.0,1597292.0,7588.0
2046368.0,1597292.0,7588.0
2046368.0,1597292.0,7588.0
2046368.0,1597292.0,7588.0
2046368.0,1597292.0,7588.0
2046368.0,1597292.0,7588.0
2046305.6,1597296.0,7636.8
2046056.0,1597312.0,7832.0
2046056.0,1597312.0,7832.0
2046056.0,1597312.0,7832.0
2046056.0,1597312.0,7832.0
2046056.0,1597312.0,7832.0
2046056.0,1597312.0,7832.0
2046056.0,1597312.0,7832.0
2046056.0,1597312.0,7832.0
2046056.0,1597312.0,7832.0
2046056.0,1597312.0,7832.0
2046056.0,1597312.0,7832.0
2046056.0,1597312.0,7832.0
2097851.2,1597321.6,7953.6
2175544.0,1597336.0,8136.0
2175544.0,1597336.0,8136.0
2175544.0,1597336.0,8136.0
2175544.0,1597336.0,8136.0
2175544.0,1597336.0,8136.0
2175544.0,1597336.0,8136.0
2175544.0,1597336.0,8136.0
2175544.0,1597336.0,8136.0
2175544.0,1597336.0,8136.0
2175308.8,1597340.8,8241.6
2174956.0,1597348.0,8400.0
2174956.0,1597348.0,8400.0
2174956.0,1597348.0,8400.0
2174956.0,1597348.0,8400.0
2174956.0,1597348.0,8400.0
2174956.0,1597348.0,8400.0
2174956.0,1597348.0,8400.0
2174956.0,1597348.0,8400.0
2174956.0,1597348.0,8400.0
2174956.0,1597348.0,8400.0
2174956.0,1597348.0,8400.0
2174674.4,1597367.2,8532.2666667
2174428.0,1597384.0,8648.0
2174428.0,1597384.0,8648.0
2174428.0,1597384.0,8648.0
2174428.0,1597384.0,8648.0
2174428.0,1597384.0,8648.0
2174428.0,1597384.0,8648.0
2174428.0,1597384.0,8648.0
2174428.0,1597384.0,8648.0
2174428.0,1597384.0,8648.0
2174428.0,1597384.0,8648.0
2174428.0,1597384.0,8648.0
2174316.0,1597398.4,8763.2
2174148.0,1597420.0,8936.0
2174148.0,1597420.0,8936.0
2174148.0,1597420.0,8936.0
2174148.0,1597420.0,8936.0
2174148.0,1597420.0,8936.0
2174148.0,1597420.0,8936.0
2174148.0,1597420.0,8936.0
2174148.0,1597420.0,8936.0
2174148.0,1597420.0,8936.0
2174148.0,1597420.0,8936.0
2174148.0,1597420.0,8936.0
2173966.6667,1597442.4,8997.8666667
2202844.0,1597504.0,9189.3333333
2261596.0,1597504.0,9232.0
2261596.0,1597504.0,9232.0
2307426.4,1597504.0,9243.2
2490748.0,1597504.0,9288.0
2490748.0,1597504.0,9288.0
2490748.0,1597504.0,9288.0
2490748.0,1597504.0,9288.0
2490748.0,1597504.0,9288.0
2490748.0,1597504.0,9288.0
2490748.0,1597504.0,9288.0
2490748.0,1597504.0,9288.0
2490748.0,1597504.0,9288.0
2490748.0,1597504.0,9288.0
2490748.0,1597504.0,9288.0
2490767.2,1597510.4,9336.0
2490844.0,1597536.0,9528.0
2490844.0,1597536.0,9528.0
2490844.0,1597536.0,9528.0
2490844.0,1597536.0,9528.0
2490844.0,1597536.0,9528.0
2490844.0,1597536.0,9528.0
2490844.0,1597536.0,9528.0
2490844.0,1597536.0,9528.0
2490844.0,1597536.0,9528.0
2490844.0,1597536.0,9528.0
2490844.0,1597536.0,9528.0
2490772.8,1597541.6,9590.4
2490488.0,1597564.0,9840.0
2490488.0,1597564.0,9840.0
2490488.0,1597564.0,9840.0
2490488.0,1597564.0,9840.0
2490488.0,1597564.0,9840.0
2490488.0,1597564.0,9840.0
2490488.0,1597564.0,9840.0
2490488.0,1597564.0,9840.0
2490488.0,1597564.0,9840.0
2490488.0,1597564.0,9840.0
2490488.0,1597564.0,9840.0
2490387.7333,1597568.2667,9899.7333333
2490112.0,1597580.0,10064.0
2490112.0,1597580.0,10064.0
2490112.0,1597580.0,10064.0
2490112.0,1597580.0,10064.0
2490112.0,1597580.0,10064.0
2490112.0,1597580.0,10064.0
2490112.0,1597580.0,10064.0
2490112.0,1597580.0,10064.0
2490112.0,1597580.0,10064.0
2490112.0,1597580.0,10064.0
2490112.0,1597580.0,10064.0
2519244.8,1597588.0,10192.0
2562944.0,1597600.0,10384.0
2562944.0,1597600.0,10384.0
2650479.4667,1597603.7333,10413.866667
2750520.0,1597608.0,10448.0
2750520.0,1597608.0,10448.0
2750520.0,1597608.0,10448.0
2750520.0,1597608.0,10448.0
2750520.0,1597608.0,10448.0
2750520.0,1597608.0,10448.0
2750520.0,1597608.0,10448.0
2750520.0,1597608.0,10448.0
2750520.0,1597608.0,10448.0
2750520.0,1597608.0,10448.0
2750520.0,1597608.0,10448.0
2750357.6,1597615.4667,10545.066667
2750172.0,1597624.0,10656.0
2750172.0,1597624.0,10656.0
2750172.0,1597624.0,10656.0
2750172.0,1597624.0,10656.0
2750172.0,1597624.0,10656.0
2750172.0,1597624.0,10656.0
2750172.0,1597624.0,10656.0
2750172.0,1597624.0,10656.0
2750172.0,1597624.0,10656.0
2750172.0,1597624.0,10656.0
2750172.0,1597624.0,10656.0
2749966.6667,1597685.3333,10869.333333
2749864.0,1597716.0,10976.0
2749864.0,1597716.0,10976.0
2749864.0,1597716.0,10976.0
2749864.0,1597716.0,10976.0
2749864.0,1597716.0,10976.0
2749864.0,1597716.0,10976.0
2749864.0,1597716.0,10976.0
2748584.0,1597724.0,11093.333333
2747944.0,1597728.0,11152.0
2747944.0,1597728.0,11152.0
2747944.0,1597728.0,11152.0
2747944.0,1597728.0,11152.0
2747944.0,1597728.0,11152.0
2747944.0,1597728.0,11152.0
2747944.0,1597728.0,11152.0
2747944.0,1597728.0,11152.0
2747944.0,1597728.0,11152.0
2747944.0,1597728.0,11152.0
2747944.0,1597728.0,11152.0
2748510.1333,1597789.6,11339.733333
2748716.0,1597812.0,11408.0
2748716.0,1597812.0,11408.0
2748716.0,1597812.0,11408.0
2748716.0,1597812.0,11408.0
2748716.0,1597812.0,11408.0
2748716.0,1597812.0,11408.0
3000959.2,1597821.6,11561.6
3064020.0,1597824.0,11600.0
3064020.0,1597824.0,11600.0
3064020.0,1597824.0,11600.0
3064020.0,1597824.0,11600.0
3064020.0,1597824.0,11600.0
3064020.0,1597824.0,11600.0
3064020.0,1597824.0,11600.0
3064020.0,1597824.0,11600.0
3064020.0,1597824.0,11600.0
3064020.0,1597824.0,11600.0
3064020.0,1597824.0,11600.0
3063791.2,1597844.5333,11787.733333
3063708.0,1597852.0,11856.0
3063708.0,1597852.0,11856.0
3063708.0,1597852.0,11856.0
3063708.0,1597852.0,11856.0
3063708.0,1597852.0,11856.0
3063708.0,1597852.0,11856.0
3063708.0,1597852.0,11856.0
3063708.0,1597852.0,11856.0
3063708.0,1597852.0,11856.0
3063708.0,1597852.0,11856.0
3063708.0,1597852.0,11856.0
3063311.2,1597976.8,12092.8
3063212.0,1598008.0,12152.0
3063212.0,1598008.0,12152.0
3061946.6667,1598008.0,12193.6
3061752.0,1598008.0,12200.0
3061752.0,1598008.0,12200.0
3063381.3333,1598008.0,12262.4
3063632.0,1598008.0,12272.0
3063632.0,1598008.0,12272.0
3063632.0,1598008.0,12272.0
3063632.0,1598008.0,12272.0
3063632.0,1598008.0,12272.0
3063632.0,1598008.0,12272.0
3063632.0,1598008.0,12272.0
3063632.0,1598008.0,12272.0
3063632.0,1598008.0,12272.0
3063632.0,1598008.0,12272.0
3063632.0,1598008.0,12272.0
3062488.0,1598205.6,12493.866667
3062312.0,1598236.0,12528.0
3062312.0,1598236.0,12528.0
3062312.0,1598236.0,12528.0
3062312.0,1598236.0,12528.0
3062312.0,1598236.0,12528.0
3121255.7333,1598239.4667,12666.666667
3130324.0,1598240.0,12688.0
3130324.0,1598240.0,12688.0
3329002.1333,1598240.0,12750.4
3359568.0,1598240.0,12760.0
3359568.0,1598240.0,12760.0
3359568.0,1598240.0,12760.0
3359568.0,1598240.0,12760.0
3359568.0,1598240.0,12760.0
3359568.0,1598240.0,12760.0
3359568.0,1598240.0,12760.0
3359568.0,1598240.0,12760.0
3359568.0,1598240.0,12760.0
3359568.0,1598240.0,12760.0
3359568.0,1598240.0,12760.0
3358656.0,1598240.0,13016.0
3358656.0,1598240.0,13016.0
3358656.0,1598240.0,13016.0
3358656.0,1598240.0,13016.0
3357621.8667,1598258.6667,13120.533333
3357548.0,1598260.0,13128.0
3357548.0,1598260.0,13128.0
3357548.0,1598260.0,13128.0
3357548.0,1598260.0,13128.0
3357548.0,1598260.0,13128.0
3357548.0,1598260.0,13128.0
3357548.0,1598260.0,13128.0
3357548.0,1598260.0,13128.0
3357548.0,1598260.0,13128.0
3357548.0,1598260.0,13128.0
3357548.0,1598260.0,13128.0
3358354.4,1598282.4,13359.466667
3358412.0,1598284.0,13376.0
3358412.0,1598284.0,13376.0
3358412.0,1598284.0,13376.0
3358412.0,1598284.0,13376.0
3358412.0,1598284.0,13376.0
3358412.0,1598284.0,13376.0
3358412.0,1598284.0,13376.0
3358412.0,1598284.0,13376.0
3358412.0,1598284.0,13376.0
3358412.0,1598284.0,13376.0
3358412.0,1598284.0,13376.0
3358024.8,1598360.2667,13604.8
3357884.0,1598388.0,13688.0
3357884.0,1598388.0,13688.0
3357884.0,1598388.0,13688.0
3357884.0,1598388.0,13688.0
3357884.0,1598388.0,13688.0
3357884.0,1598388.0,13688.0
3357884.0,1598388.0,13688.0
3357884.0,1598388.0,13688.0
3357884.0,1598388.0,13688.0
3503292.0,1598404.0,13864.0
3575996.0,1598412.0,13952.0
3575996.0,1598412.0,13952.0
3575996.0,1598412.0,13952.0
3575996.0,1598412.0,13952.0
3575996.0,1598412.0,13952.0
3575996.0,1598412.0,13952.0
3575996.0,1598412.0,13952.0
3575996.0,1598412.0,13952.0
3575996.0,1598412.0,13952.0
3575996.0,1598412.0,13952.0
3575996.0,1598412.0,13952.0
3575710.4,1598428.8,14081.6
3575520.0,1598440.0,14168.0
3575520.0,1598440.0,14168.0
3575520.0,1598440.0,14168.0
3575520.0,1598440.0,14168.0
3575520.0,1598440.0,14168.0
3575520.0,1598440.0,14168.0
3575520.0,1598440.0,14168.0
3575520.0,1598440.0,14168.0
3575520.0,1598440.0,14168.0
3575520.0,1598440.0,14168.0
3575520.0,1598440.0,14168.0
3575776.8,1598456.8,14345.6
3575948.0,1598468.0,14464.0
3575948.0,1598468.0,14464.0
3575948.0,1598468.0,14464.0
3575948.0,1598468.0,14464.0
3575948.0,1598468.0,14464.0
3575948.0,1598468.0,14464.0
3575948.0,1598468.0,14464.0
3575948.0,1598468.0,14464.0
3575948.0,1598468.0,14464.0
3575948.0,1598468.0,14464.0
3575948.0,1598468.0,14464.0
3575669.6,1598475.2,14603.2
3575484.0,1598480.0,14696.0
3575484.0,1598480.0,14696.0
3575484.0,1598480.0,14696.0
3575484.0,1598480.0,14696.0
3575484.0,1598480.0,14696.0
3575484.0,1598480.0,14696.0
3575484.0,1598480.0,14696.0
3575484.0,1598480.0,14696.0
3575484.0,1598480.0,14696.0
3575484.0,1598480.0,14696.0
3575484.0,1598480.0,14696.0
3575404.0,1598504.0,14914.666667
3575364.0,1598516.0,15024.0
3575364.0,1598516.0,15024.0
3713629.6,1598516.0,15065.066667
3763908.0,1598516.0,15080.0
3763908.0,1598516.0,15080.0
3763908.0,1598516.0,15080.0
3763908.0,1598516.0,15080.0
3763908.0,1598516.0,15080.0
3763908.0,1598516.0,15080.0
3763908.0,1598516.0,15080.0
3763908.0,1598516.0,15080.0
3763908.0,1598516.0,15080.0
3763908.0,1598516.0,15080.0
3763908.0,1598516.0,15080.0
3763236.0,1598532.0,15284.8
3763068.0,1598536.0,15336.0
3763068.0,1598536.0,15336.0
3763068.0,1598536.0,15336.0
3763068.0,1598536.0,15336.0
3763068.0,1598536.0,15336.0
3763068.0,1598536.0,15336.0
3763068.0,1598536.0,15336.0
3763068.0,1598536.0,15336.0
3763068.0,1598536.0,15336.0
3763068.0,1598536.0,15336.0
3763068.0,1598536.0,15336.0
3762982.1333,1598558.4,15612.266667
3762976.0,1598560.0,15632.0
3762976.0,1598560.0,15632.0
3762976.0,1598560.0,15632.0
3762976.0,1598560.0,15632.0
3762976.0,1598560.0,15632.0
3762976.0,1598560.0,15632.0
3762976.0,1598560.0,15632.0
3762976.0,1598560.0,15632.0
3762976.0,1598560.0,15632.0
3762976.0,1598560.0,15632.0
3762976.0,1598560.0,15632.0
3762632.0,1598596.0,15872.0
3762632.0,1598596.0,15872.0
3762632.0,1598596.0,15872.0
3762632.0,1598596.0,15872.0
3762632.0,1598596.0,15872.0
3762632.0,1598596.0,15872.0
3762632.0,1598596.0,15872.0
3762632.0,1598596.0,15872.0
3762632.0,1598596.0,15872.0
3762632.0,1598596.0,15872.0
3762632.0,1598596.0,15872.0
3762632.0,1598596.0,15872.0
3762514.1333,1598598.1333,15912.533333
3761748.0,1598612.0,16176.0
4116182.6667,1597752.2667,16185.6
6420008.0,1592164.0,16248.0
6420008.0,1592164.0,16248.0
