vda,26.40,0.11,0.00,0,0
vda,37.60,0.14,0.01,0,0
vda,1.60,0.00,0.01,0,0
vda,7.20,0.02,0.00,0,0
vda,11.60,0.05,0.00,0,0
vda,3.80,0.00,0.02,0,0
vda,261.00,9.76,0.10,48,0
vda,115.20,6.22,0.15,31,0
vda,23.00,0.18,0.01,0,0
vda,1.00,0.00,0.00,0,0
vda,2.20,0.00,0.01,0,0
vda,0.00,0.00,0.00,0,0
vda,8.20,0.00,1.30,0,6
vda,22.20,0.00,0.09,0,0
vda,1.20,0.00,0.00,0,0
vda,34.40,0.00,0.14,0,0
vda,1.60,0.00,0.01,0,0
vda,1.20,0.00,0.00,0,0
vda,4.00,0.00,0.02,0,0
vda,1.60,0.00,0.01,0,0
vda,19.40,0.00,0.08,0,0
vda,1.40,0.00,0.01,0,0
vda,1.60,0.00,0.01,0,0
vda,1.20,0.00,0.00,0,0
vda,30.00,0.00,0.13,0,0
vda,2.00,0.00,0.01,0,0
vda,2.20,0.00,0.01,0,0
vda,1.40,0.00,0.01,0,0
vda,19.00,0.00,0.07,0,0
vda,2.59,0.00,0.01,0,0
vda,2.00,0.00,0.01,0,0
vda,2.40,0.00,0.01,0,0
vda,0.00,0.00,0.00,0,0
vda,20.00,0.00,0.08,0,0
vda,17.80,0.00,0.07,0,0
vda,0.40,0.00,0.00,0,0
vda,20.60,0.00,0.08,0,0
vda,2.20,0.00,0.01,0,0
vda,1.40,0.00,0.01,0,0
vda,3.20,0.00,0.01,0,0
vda,2.80,0.00,0.01,0,0
vda,1.80,0.00,0.01,0,0
vda,1.40,0.00,0.01,0,0
vda,35.00,0.00,0.14,0,0
vda,19.00,0.00,0.07,0,0
vda,8.20,0.00,0.03,0,0
vda,3.60,0.00,0.01,0,0
vda,0.00,0.00,0.00,0,0
vda,4.60,0.00,0.02,0,0
vda,42.80,0.00,0.18,0,0
vda,1.60,0.00,0.01,0,0
vda,2.20,0.00,0.01,0,0
vda,50.40,0.00,0.21,0,1
vda,3.80,0.00,0.01,0,0
vda,1.20,0.00,0.00,0,0
vda,41.80,0.00,0.17,0,0
vda,1.40,0.00,0.01,0,0
vda,3.80,0.00,0.01,0,0
vda,1.60,0.00,0.01,0,0
vda,0.00,0.00,0.00,0,0
vda,1.20,0.00,0.00,0,0
vda,2.00,0.00,0.01,0,0
vda,14.60,0.00,0.06,0,0
vda,1.60,0.00,0.01,0,0
vda,41.60,0.00,0.17,0,0
vda,1.20,0.00,0.00,0,0
vda,1.20,0.00,0.00,0,0
vda,2.00,0.00,0.01,0,0
vda,1.40,0.00,0.01,0,0
vda,21.60,0.00,0.09,0,0
vda,2.60,0.00,0.01,0,0
vda,0.00,0.00,0.00,0,0
vda,1.20,0.00,0.00,0,0
vda,23.60,0.00,0.10,0,0
vda,1.40,0.00,0.01,0,0
vda,8.60,0.00,0.04,0,0
vda,20.60,0.00,0.08,0,0
vda,1.40,0.00,0.01,0,0
vda,3.60,0.00,0.01,0,0
vda,2.20,0.00,0.01,0,0
vda,0.00,0.00,0.00,0,0
vda,1.20,0.00,0.00,0,0
vda,35.00,0.00,0.14,0,0
vda,2.00,0.00,0.01,0,0
vda,12.80,0.00,0.05,0,0
vda,9.60,0.00,0.04,0,0
vda,0.80,0.00,0.00,0,0
vda,12.80,0.05,0.00,0,0
vda,19.80,0.14,0.01,0,0
vda,1.40,0.00,0.01,0,0
vda,3.40,0.00,0.02,0,0
vda,70.60,0.00,0.28,0,1
vda,0.00,0.00,0.00,0,0
vda,1.20,0.00,0.00,0,0
vda,14.40,0.00,0.06,0,0
vda,0.60,0.00,0.00,0,0
vda,2.00,0.00,0.01,0,0
vda,5.60,0.00,0.02,0,0
vda,1.60,0.00,0.01,0,0
vda,11.80,0.00,0.05,0,0
vda,34.60,0.00,0.14,0,0
vda,1.20,0.00,0.00,0,0
vda,1.20,0.00,0.00,0,0
vda,2.00,0.00,0.01,0,0
vda,10.20,0.00,0.05,0,0
vda,1.40,0.00,0.01,0,0
vda,19.60,0.00,0.08,0,0
vda,2.40,0.00,0.01,0,0
vda,10.00,0.00,0.04,0,0
vda,23.40,0.00,0.10,0,0
vda,0.00,0.00,0.00,0,0
vda,15.20,0.00,0.06,0,0
vda,2.40,0.00,0.01,0,0
vda,30.20,0.00,0.12,0,0
vda,1.40,0.00,0.01,0,0
vda,2.20,0.00,0.01,0,0
vda,50.80,0.00,0.20,0,1
vda,2.20,0.00,0.01,0,0
vda,1.20,0.00,0.00,0,0
vda,43.40,0.00,0.18,0,0
vda,1.80,0.00,0.01,0,0
vda,2.20,0.00,0.01,0,0
vda,30.20,0.00,0.13,0,0
vda,1.60,0.00,0.01,0,0
vda,54.80,0.00,0.22,0,1
vda,2.59,0.00,0.01,0,0
vda,2.00,0.00,0.01,0,0
vda,42.60,0.00,0.17,0,0
vda,1.20,0.00,0.00,0,0
vda,2.20,0.00,0.01,0,0
