3614418.4,122177.06667,4428.5333333
3599820.0,112016.0,4100.0
3599820.0,112016.0,4100.0
3208052.0,180496.53333,4155.4666667
3147780.0,191032.0,4164.0
3147780.0,191032.0,4164.0
3147780.0,191032.0,4164.0
3147780.0,191032.0,4164.0
3146140.2667,191125.6,4274.9333333
3145888.0,191140.0,4292.0
3145888.0,191140.0,4292.0
3044571.2,191143.46667,4347.4666667
3028984.0,191144.0,4356.0
3028984.0,191144.0,4356.0
3028984.0,191144.0,4356.0
3028984.0,191144.0,4356.0
3028984.0,191144.0,4356.0
3028984.0,191144.0,4356.0
3028984.0,191144.0,4356.0
3028984.0,191144.0,4356.0
3028984.0,191144.0,4356.0
3027556.8,191886.4,4861.6
3027200.0,192072.0,4988.0
3027200.0,192072.0,4988.0
3027200.0,192072.0,4988.0
3027200.0,192072.0,4988.0
3027200.0,192072.0,4988.0
3027200.0,192072.0,4988.0
3027200.0,192072.0,4988.0
3027200.0,192072.0,4988.0
3027200.0,192072.0,4988.0
3027200.0,192072.0,4988.0
3027200.0,192072.0,4988.0
3027347.2,192094.4,5167.2
3027384.0,192100.0,5212.0
3027384.0,192100.0,5212.0
3027384.0,192100.0,5212.0
3027384.0,192100.0,5212.0
3027384.0,192100.0,5212.0
3027384.0,192100.0,5212.0
3026098.6667,192156.0,5326.6666667
3025456.0,192184.0,5384.0
3025456.0,192184.0,5384.0
3025456.0,192184.0,5384.0
3025456.0,192184.0,5384.0
3025456.0,192184.0,5384.0
3025456.0,192184.0,5384.0
3025456.0,192184.0,5384.0
3025456.0,192184.0,5384.0
3025456.0,192184.0,5384.0
3025456.0,192184.0,5384.0
3025456.0,192184.0,5384.0
3025420.0,192227.2,5532.8
3025396.0,192256.0,5632.0
3025396.0,192256.0,5632.0
3025396.0,192256.0,5632.0
3012875.2,192260.8,5699.2
3004528.0,192264.0,5744.0
3004528.0,192264.0,5744.0
3004528.0,192264.0,5744.0
3004528.0,192264.0,5744.0
3004528.0,192264.0,5744.0
3004528.0,192264.0,5744.0
3004528.0,192264.0,5744.0
3004528.0,192264.0,5744.0
3004528.0,192264.0,5744.0
3004528.0,192264.0,5744.0
3004528.0,192264.0,5744.0
3003923.2,192283.2,5888.0
3003520.0,192296.0,5984.0
3003520.0,192296.0,5984.0
3003520.0,192296.0,5984.0
3002368.0,192298.4,6060.8
3001600.0,192300.0,6112.0
2997870.4,192386.4,6145.6
2995384.0,192444.0,6168.0
2995384.0,192444.0,6168.0
2995384.0,192444.0,6168.0
2995384.0,192444.0,6168.0
2995384.0,192444.0,6168.0
2995384.0,192444.0,6168.0
2995384.0,192444.0,6168.0
2995384.0,192444.0,6168.0
2982392.2667,192493.86667,6297.0666667
2977668.0,192512.0,6344.0
2976482.9333,192523.73333,6396.8
2976052.0,192528.0,6416.0
2976052.0,192528.0,6416.0
2976052.0,192528.0,6416.0
2976052.0,192528.0,6416.0
2976052.0,192528.0,6416.0
2976052.0,192528.0,6416.0
2976052.0,192528.0,6416.0
