vda,108.60,0.60,0.01,3,0
vda,28.00,0.17,0.01,0,0
vda,1.00,0.00,0.00,0,0
vda,1.40,0.00,0.01,0,0
vda,2.20,0.00,0.01,0,0
vda,1.40,0.00,0.01,0,0
vda,240.80,10.51,0.13,52,0
vda,117.80,12.70,0.07,63,0
vda,100.40,12.43,0.00,62,0
vda,84.80,9.15,0.00,45,0
vda,10.80,0.02,0.02,0,0
vda,1.00,0.00,0.00,0,0
vda,8.80,0.00,1.31,0,6
vda,4.00,0.00,0.02,0,0
vda,16.00,0.00,0.06,0,0
vda,27.60,0.00,0.11,0,0
vda,18.40,0.00,0.07,0,0
vda,0.00,0.00,0.00,0,0
vda,1.40,0.00,0.01,0,0
vda,6.60,0.00,0.03,0,0
vda,2.00,0.00,0.01,0,0
vda,2.00,0.00,0.01,0,0
vda,16.80,0.00,0.07,0,0
vda,1.40,0.00,0.00,0,0
vda,33.60,0.00,0.13,0,0
vda,10.60,0.00,0.04,0,0
vda,1.80,0.00,0.01,0,0
vda,2.59,0.00,0.01,0,0
vda,2.00,0.00,0.01,0,0
vda,1.20,0.00,0.00,0,0
vda,13.00,0.00,0.05,0,0
vda,0.40,0.00,0.00,0,0
vda,5.60,0.02,0.01,0,0
vda,33.00,0.16,0.04,0,0
vda,48.80,0.00,0.19,0,0
vda,1.60,0.00,0.01,0,0
vda,3.00,0.00,0.01,0,0
vda,1.80,0.00,0.01,0,0
vda,22.60,0.00,0.09,0,0
vda,10.80,0.00,0.05,0,0
vda,4.00,0.00,0.02,0,0
vda,1.60,0.00,0.01,0,0
vda,2.20,0.00,0.01,0,0
vda,35.00,0.00,0.15,0,0
vda,1.40,0.00,0.01,0,0
vda,1.00,0.00,0.00,0,0
vda,3.80,0.00,0.01,0,0
vda,53.60,0.00,0.22,0,1
vda,7.40,0.00,0.03,0,0
vda,2.20,0.00,0.01,0,0
vda,2.20,0.00,0.01,0,0
vda,35.00,0.00,0.15,0,0
vda,2.40,0.00,0.01,0,0
vda,1.20,0.00,0.00,0,0
vda,6.00,0.00,0.02,0,0
vda,1.40,0.00,0.01,0,0
vda,1.60,0.00,0.01,0,0
vda,0.00,0.00,0.00,0,0
vda,56.60,0.00,0.23,0,1
vda,1.60,0.00,0.01,0,0
vda,0.40,0.00,0.00,0,0
vda,9.20,0.00,0.04,0,0
