vda,22.00,0.10,0.00,0,0
vda,66.80,0.25,0.01,1,0
vda,2.20,0.00,0.01,0,0
vda,80.00,0.56,0.01,2,0
vda,2.40,0.00,0.01,0,0
vda,10.40,0.13,0.01,0,0
vda,338.40,12.96,1.59,64,7
vda,92.80,11.03,0.02,55,0
vda,96.60,11.77,0.01,58,0
vda,251.00,11.35,0.05,56,0
vda,3.80,0.00,0.01,0,0
vda,6.40,0.34,0.01,1,0
vda,0.80,0.00,0.00,0,0
vda,4.80,0.00,0.02,0,0
vda,72.80,0.00,0.30,0,1
vda,0.00,0.00,0.00,0,0
vda,2.40,0.00,0.01,0,0
vda,3.00,0.00,0.01,0,0
vda,0.60,0.00,0.00,0,0
vda,54.00,0.00,0.23,0,1
vda,2.60,0.00,0.01,0,0
vda,0.60,0.00,0.00,0,0
vda,4.80,0.00,0.02,0,0
vda,1.60,0.00,0.01,0,0
vda,0.00,0.00,0.00,0,0
vda,1.60,0.00,0.01,0,0
vda,71.40,0.00,0.29,0,1
vda,0.60,0.00,0.00,0,0
vda,8.40,0.00,0.03,0,0
vda,2.20,0.00,0.01,0,0
vda,45.60,0.00,0.19,0,0
vda,5.20,0.00,0.02,0,0
vda,1.00,0.00,0.00,0,0
vda,52.60,0.00,0.22,0,1
vda,1.40,0.00,0.01,0,0
vda,2.20,0.00,0.01,0,0
vda,1.40,0.00,0.01,0,0
vda,23.80,0.09,0.00,0,0
vda,13.00,0.11,0.01,0,0
vda,1.80,0.00,0.01,0,0
vda,1.80,0.00,0.01,0,0
vda,99.60,0.00,0.40,0,2
vda,1.60,0.00,0.01,0,0
vda,0.00,0.00,0.00,0,0
vda,2.20,0.00,0.01,0,0
vda,18.00,0.00,0.11,0,0
vda,51.30,0.00,0.21,0,1
vda,3.00,0.00,0.01,0,0
vda,0.60,0.00,0.00,0,0
