7968424.0,64156.0,1968.0
7229579.2,207589.6,3516.8
7044868.0,243448.0,3904.0
7044868.0,243448.0,3904.0
5846839.2,528628.8,3964.8
5547332.0,599924.0,3980.0
5547332.0,599924.0,3980.0
5281759.7333,599982.66667,4021.0666667
5185188.0,600004.0,4036.0
5185188.0,600004.0,4036.0
5185188.0,600004.0,4036.0
5185188.0,600004.0,4036.0
5185188.0,600004.0,4036.0
5185188.0,600004.0,4036.0
5185188.0,600004.0,4036.0
5185188.0,600004.0,4036.0
5185188.0,600004.0,4036.0
5185188.0,600004.0,4036.0
5185188.0,600004.0,4036.0
5184303.2,600754.4,4398.1333333
5182818.6667,600825.33333,4472.5333333
5182600.0,600828.0,4480.0
5182600.0,600828.0,4480.0
5176768.0,600820.0,4544.0
5176768.0,600820.0,4544.0
5176768.0,600820.0,4544.0
5176768.0,600820.0,4544.0
5176768.0,600820.0,4544.0
5176768.0,600820.0,4544.0
5176768.0,600820.0,4544.0
5176768.0,600820.0,4544.0
5176768.0,600820.0,4544.0
5176768.0,600820.0,4544.0
5176768.0,600820.0,4544.0
5176780.2667,600821.6,4578.1333333
5176537.8667,600832.53333,4809.6
5174444.0,600836.0,4872.0
5174444.0,600836.0,4872.0
5174056.8,600840.26667,4886.9333333
5172992.0,600852.0,4928.0
5172992.0,600852.0,4928.0
5172992.0,600852.0,4928.0
5172992.0,600852.0,4928.0
5172992.0,600852.0,4928.0
5172992.0,600852.0,4928.0
5172992.0,600852.0,4928.0
5172992.0,600852.0,4928.0
5172992.0,600852.0,4928.0
5172992.0,600852.0,4928.0
5172992.0,600852.0,4928.0
5172992.0,600852.0,4928.0
5172692.0,600884.0,5180.0
5172692.0,600884.0,5180.0
5172692.0,600884.0,5180.0
5172692.0,600884.0,5180.0
5172692.0,600884.0,5180.0
5172692.0,600884.0,5180.0
5172692.0,600884.0,5180.0
5172692.0,600884.0,5180.0
5172692.0,600884.0,5180.0
5172692.0,600884.0,5180.0
5172692.0,600884.0,5180.0
5172692.0,600884.0,5180.0
5171742.1333,600922.13333,5457.3333333
5171596.0,600928.0,5500.0
5171596.0,600928.0,5500.0
5171596.0,600928.0,5500.0
5171596.0,600928.0,5500.0
5166784.2667,600928.0,5604.0
5166044.0,600928.0,5620.0
5166044.0,600928.0,5620.0
5166044.0,600928.0,5620.0
5166044.0,600928.0,5620.0
5165052.5333,600986.93333,5717.0666667
5164900.0,600996.0,5732.0
5164900.0,600996.0,5732.0
5164900.0,600996.0,5732.0
5164900.0,600996.0,5732.0
5164900.0,600996.0,5732.0
5164900.0,600996.0,5732.0
5164900.0,600996.0,5732.0
5164900.0,600996.0,5732.0
5164900.0,600996.0,5732.0
5164900.0,600996.0,5732.0
5164900.0,600996.0,5732.0
5164703.4667,601160.26667,5913.8666667
5164632.0,601220.0,5980.0
5164632.0,601220.0,5980.0
5164632.0,601220.0,5980.0
5164632.0,601220.0,5980.0
5164632.0,601220.0,5980.0
5164632.0,601220.0,5980.0
5164632.0,601220.0,5980.0
5164632.0,601220.0,5980.0
5164632.0,601220.0,5980.0
5164632.0,601220.0,5980.0
5164632.0,601220.0,5980.0
5164706.6667,601244.0,6172.0
5164744.0,601256.0,6268.0
5164744.0,601256.0,6268.0
5161064.0,601258.66667,6310.6666667
5159224.0,601260.0,6332.0
5158253.3333,601262.66667,6385.3333333
5157768.0,601264.0,6412.0
5157768.0,601264.0,6412.0
5157768.0,601264.0,6412.0
5157768.0,601264.0,6412.0
5157768.0,601264.0,6412.0
5157768.0,601264.0,6412.0
5157768.0,601264.0,6412.0
5157768.0,601264.0,6412.0
5157768.0,601264.0,6412.0
5157768.0,601264.0,6412.0
5157768.0,601264.0,6412.0
5157344.0,601280.0,6556.0
5157132.0,601288.0,6628.0
5157132.0,601288.0,6628.0
5157132.0,601288.0,6628.0
5157132.0,601288.0,6628.0
5157132.0,601288.0,6628.0
5157132.0,601288.0,6628.0
5157132.0,601288.0,6628.0
5157132.0,601288.0,6628.0
5157132.0,601288.0,6628.0
5157132.0,601288.0,6628.0
5157132.0,601288.0,6628.0
5157588.0,601285.6,6820.0
5157892.0,601284.0,6948.0
5157892.0,601284.0,6948.0
5157892.0,601284.0,6948.0
5157892.0,601284.0,6948.0
5157892.0,601284.0,6948.0
5155954.4,601293.33333,7004.0
5153740.0,601304.0,7068.0
5153740.0,601304.0,7068.0
5153740.0,601304.0,7068.0
5153740.0,601304.0,7068.0
5153740.0,601304.0,7068.0
5153740.0,601304.0,7068.0
5153740.0,601304.0,7068.0
5153740.0,601304.0,7068.0
5153740.0,601304.0,7068.0
5153740.0,601304.0,7068.0
5153740.0,601304.0,7068.0
5153134.1333,601389.33333,7200.2666667
5152604.0,601464.0,7316.0
5152604.0,601464.0,7316.0
5152604.0,601464.0,7316.0
5152604.0,601464.0,7316.0
5152604.0,601464.0,7316.0
5152604.0,601464.0,7316.0
5152604.0,601464.0,7316.0
5152604.0,601464.0,7316.0
5152604.0,601464.0,7316.0
5152604.0,601464.0,7316.0
5152604.0,601464.0,7316.0
5152252.0,601474.66667,7529.3333333
5152076.0,601480.0,7636.0
5152076.0,601480.0,7636.0
5152076.0,601480.0,7636.0
5152076.0,601480.0,7636.0
5150882.4,601499.2,7732.0
5150584.0,601504.0,7756.0
5150584.0,601504.0,7756.0
