vda,26.20,0.11,0.00,0,0
vda,108.00,0.63,0.01,3,0
vda,16.80,0.11,0.01,0,0
vda,55.40,0.00,0.23,0,1
vda,1.40,0.00,0.01,0,0
vda,2.20,0.00,0.01,0,0
vda,244.60,10.08,0.00,50,0
vda,52.80,0.00,1.49,0,7
vda,3.60,0.00,0.01,0,0
vda,6.40,0.02,0.00,0,0
vda,20.20,0.07,0.01,0,0
vda,10.80,0.00,0.04,0,0
vda,0.00,0.00,0.00,0,0
vda,1.40,0.00,0.01,0,0
vda,73.60,0.00,0.30,0,1
vda,0.60,0.00,0.00,0,0
vda,1.20,0.00,0.00,0,0
vda,2.20,0.00,0.01,0,0
vda,1.40,0.00,0.01,0,0
vda,0.80,0.00,0.01,0,0
vda,3.40,0.00,0.01,0,0
vda,19.60,0.00,0.08,0,0
vda,2.80,0.00,0.01,0,0
vda,52.40,0.00,0.21,0,1
vda,1.20,0.00,0.00,0,0
vda,0.40,0.00,0.00,0,0
vda,2.40,0.00,0.01,0,0
vda,7.60,0.00,0.03,0,0
vda,1.80,0.00,0.01,0,0
vda,15.00,0.00,0.07,0,0
vda,3.80,0.00,0.01,0,0
vda,1.40,0.00,0.01,0,0
vda,34.60,0.00,0.14,0,0
vda,1.60,0.00,0.01,0,0
vda,0.20,0.00,0.00,0,0
vda,2.40,0.00,0.01,0,0
vda,7.60,0.00,0.03,0,0
vda,19.80,0.00,0.08,0,0
vda,3.80,0.00,0.01,0,0
vda,1.60,0.00,0.01,0,0
vda,69.20,0.00,0.29,0,1
vda,2.60,0.00,0.01,0,0
vda,0.00,0.00,0.00,0,0
vda,1.20,0.00,0.00,0,0
vda,5.00,0.00,0.02,0,0
vda,0.20,0.00,0.00,0,0
vda,1.40,0.00,0.00,0,0
vda,69.00,0.00,0.28,0,1
vda,3.60,0.00,0.02,0,0
vda,2.59,0.00,0.01,0,0
vda,2.60,0.00,0.01,0,0
vda,0.60,0.00,0.00,0,0
vda,1.80,0.00,0.01,0,0
