16181054.4,84997.6,3778.4
16223296.0,42860.0,3052.0
15906254.933,101008.26667,3538.4
15628844.0,151888.0,3964.0
15628844.0,151888.0,3964.0
15445166.667,153354.66667,4001.3333333
15353328.0,154088.0,4020.0
15353328.0,154088.0,4020.0
15350515.2,154097.6,4048.8
15348640.0,154104.0,4068.0
15349386.4,154106.4,4106.4
15349884.0,154108.0,4132.0
15349884.0,154108.0,4132.0
15349884.0,154108.0,4132.0
15349884.0,154108.0,4132.0
15349884.0,154108.0,4132.0
15342868.0,154108.0,4212.0
15339360.0,154108.0,4252.0
15339360.0,154108.0,4252.0
15337757.333,154118.66667,4294.6666667
15336956.0,154124.0,4316.0
15336956.0,154124.0,4316.0
15336956.0,154124.0,4316.0
15336956.0,154124.0,4316.0
15337742.667,154124.0,4380.0
15338136.0,154124.0,4412.0
15338136.0,154124.0,4412.0
15338136.0,154124.0,4412.0
15338136.0,154124.0,4412.0
15250797.333,154134.66667,4492.0
15207128.0,154140.0,4532.0
15207128.0,154140.0,4532.0
15182223.2,154140.0,4575.2
15165620.0,154140.0,4604.0
15164994.933,154553.86667,4714.9333333
15164448.0,154916.0,4812.0
15164448.0,154916.0,4812.0
15164448.0,154916.0,4812.0
15164448.0,154916.0,4812.0
15164448.0,154916.0,4812.0
