7962120.0,65956.0,3252.0
7962120.0,65956.0,3252.0
7385132.8,187170.4,3588.0
6519652.0,368992.0,4092.0
5940341.6,461867.2,4116.0
5071376.0,601180.0,4152.0
5071376.0,601180.0,4152.0
5071376.0,601180.0,4152.0
5071376.0,601180.0,4152.0
5070716.0,601185.33333,4192.0
5069396.0,601196.0,4272.0
5069396.0,601196.0,4272.0
5069396.0,601196.0,4272.0
5069396.0,601196.0,4272.0
5069396.0,601196.0,4272.0
5069396.0,601196.0,4272.0
5069396.0,601196.0,4272.0
5069396.0,601196.0,4272.0
5069396.0,601196.0,4272.0
5069396.0,601196.0,4272.0
5069396.0,601196.0,4272.0
5069570.4,601197.6,4371.2
5069832.0,601200.0,4520.0
5069832.0,601200.0,4520.0
5069832.0,601200.0,4520.0
5069832.0,601200.0,4520.0
5069832.0,601200.0,4520.0
5069832.0,601200.0,4520.0
5069832.0,601200.0,4520.0
5069832.0,601200.0,4520.0
5069832.0,601200.0,4520.0
5069832.0,601200.0,4520.0
5069832.0,601200.0,4520.0
5069832.0,601200.0,4520.0
5069440.0,601211.2,4641.6
5068852.0,601228.0,4824.0
5068852.0,601228.0,4824.0
5068852.0,601228.0,4824.0
5068852.0,601228.0,4824.0
5068852.0,601228.0,4824.0
5068852.0,601228.0,4824.0
5068852.0,601228.0,4824.0
5068852.0,601228.0,4824.0
5068852.0,601228.0,4824.0
5068852.0,601228.0,4824.0
5068852.0,601228.0,4824.0
5068610.6667,601240.0,4904.0
5068128.0,601264.0,5064.0
5068128.0,601264.0,5064.0
5068128.0,601264.0,5064.0
5068128.0,601264.0,5064.0
5068128.0,601264.0,5064.0
5068128.0,601264.0,5064.0
5068128.0,601264.0,5064.0
5068128.0,601264.0,5064.0
5068128.0,601264.0,5064.0
5068128.0,601264.0,5064.0
5068118.4,601269.6,5121.6
5068080.0,601292.0,5352.0
5068080.0,601292.0,5352.0
5068080.0,601292.0,5352.0
5068080.0,601292.0,5352.0
5068080.0,601292.0,5352.0
5068080.0,601292.0,5352.0
5068080.0,601292.0,5352.0
5068080.0,601292.0,5352.0
5068080.0,601292.0,5352.0
5068080.0,601292.0,5352.0
5068080.0,601292.0,5352.0
5068037.3333,601329.33333,5420.2666667
5067920.0,601432.0,5608.0
5067920.0,601432.0,5608.0
5067920.0,601432.0,5608.0
5067920.0,601432.0,5608.0
5067920.0,601432.0,5608.0
5067920.0,601432.0,5608.0
5067920.0,601432.0,5608.0
5067920.0,601432.0,5608.0
5067920.0,601432.0,5608.0
5067920.0,601432.0,5608.0
5067920.0,601432.0,5608.0
5067731.2,601436.8,5674.4
5066976.0,601456.0,5940.0
5066976.0,601456.0,5940.0
5066232.5333,601744.0,5997.6
5061400.0,603616.0,6372.0
5061400.0,603616.0,6372.0
5061400.0,603616.0,6372.0
5061400.0,603616.0,6372.0
5061400.0,603616.0,6372.0
5061400.0,603616.0,6372.0
5061400.0,603616.0,6372.0
5061400.0,603616.0,6372.0
5061400.0,603616.0,6372.0
5061400.0,603616.0,6372.0
5061400.0,603616.0,6372.0
5060832.5333,603623.46667,6439.2
5059272.0,603644.0,6624.0
5059272.0,603644.0,6624.0
5059272.0,603644.0,6624.0
5059272.0,603644.0,6624.0
5059272.0,603644.0,6624.0
5059272.0,603644.0,6624.0
5059272.0,603644.0,6624.0
5059272.0,603644.0,6624.0
5059272.0,603644.0,6624.0
5059272.0,603644.0,6624.0
5059272.0,603644.0,6624.0
5059319.2,603646.4,6688.0
5059508.0,603656.0,6944.0
5059508.0,603656.0,6944.0
5059508.0,603656.0,6944.0
5059508.0,603656.0,6944.0
5058334.1333,603657.06667,6957.8666667
5050704.0,603664.0,7048.0
5050704.0,603664.0,7048.0
5050704.0,603664.0,7048.0
5050704.0,603664.0,7048.0
5050704.0,603664.0,7048.0
5050704.0,603664.0,7048.0
5050704.0,603664.0,7048.0
5050704.0,603664.0,7048.0
5050704.0,603664.0,7048.0
5050704.0,603664.0,7048.0
5050704.0,603664.0,7048.0
5050693.3333,603669.33333,7081.0666667
5050624.0,603704.0,7296.0
5050624.0,603704.0,7296.0
5050624.0,603704.0,7296.0
5050624.0,603704.0,7296.0
5050624.0,603704.0,7296.0
5050624.0,603704.0,7296.0
5050624.0,603704.0,7296.0
5050624.0,603704.0,7296.0
5050624.0,603704.0,7296.0
5050624.0,603704.0,7296.0
5050624.0,603704.0,7296.0
5050524.8,603714.66667,7331.2
5049880.0,603784.0,7560.0
5049880.0,603784.0,7560.0
5049880.0,603784.0,7560.0
5049880.0,603784.0,7560.0
5049880.0,603784.0,7560.0
5049880.0,603784.0,7560.0
5049880.0,603784.0,7560.0
5049880.0,603784.0,7560.0
5049880.0,603784.0,7560.0
5049880.0,603784.0,7560.0
5049880.0,603784.0,7560.0
5049763.2,603785.6,7603.2
5049296.0,603792.0,7776.0
5049296.0,603792.0,7776.0
5049296.0,603792.0,7776.0
5049296.0,603792.0,7776.0
5049296.0,603792.0,7776.0
5049296.0,603792.0,7776.0
5049296.0,603792.0,7776.0
5049296.0,603792.0,7776.0
5049296.0,603792.0,7776.0
5049296.0,603792.0,7776.0
5049296.0,603792.0,7776.0
5049296.0,603792.0,7776.0
5048893.3333,603805.33333,7877.3333333
5048088.0,603832.0,8080.0
5048389.8667,603829.86667,8097.0666667
5049220.0,603824.0,8144.0
5049220.0,603824.0,8144.0
5046978.6667,603830.66667,8165.3333333
5042496.0,603844.0,8208.0
5042496.0,603844.0,8208.0
5041740.0,603846.66667,8232.0
5040228.0,603852.0,8280.0
5040228.0,603852.0,8280.0
5040228.0,603852.0,8280.0
5040228.0,603852.0,8280.0
5040228.0,603852.0,8280.0
5040228.0,603852.0,8280.0
5040228.0,603852.0,8280.0
5040228.0,603852.0,8280.0
5040228.0,603852.0,8280.0
5040228.0,603852.0,8280.0
5040228.0,603852.0,8280.0
5039261.6,603866.93333,8416.5333333
5038416.0,603880.0,8536.0
5038416.0,603880.0,8536.0
5038416.0,603880.0,8536.0
5038416.0,603880.0,8536.0
5038416.0,603880.0,8536.0
5038416.0,603880.0,8536.0
5038416.0,603880.0,8536.0
5038416.0,603880.0,8536.0
5038416.0,603880.0,8536.0
5038416.0,603880.0,8536.0
5038416.0,603880.0,8536.0
5038454.4,603887.2,8732.8
5038480.0,603892.0,8864.0
5038480.0,603892.0,8864.0
5038480.0,603892.0,8864.0
5038480.0,603892.0,8864.0
5038480.0,603892.0,8864.0
5038480.0,603892.0,8864.0
5038480.0,603892.0,8864.0
5038480.0,603892.0,8864.0
5038480.0,603892.0,8864.0
5038480.0,603892.0,8864.0
5038480.0,603892.0,8864.0
5038096.0,603916.0,9034.6666667
5037904.0,603928.0,9120.0
5037904.0,603928.0,9120.0
5037904.0,603928.0,9120.0
5037904.0,603928.0,9120.0
5037904.0,603928.0,9120.0
5037904.0,603928.0,9120.0
5037904.0,603928.0,9120.0
5037904.0,603928.0,9120.0
5037904.0,603928.0,9120.0
5037904.0,603928.0,9120.0
5037904.0,603928.0,9120.0
5038029.3333,603936.0,9333.3333333
5038092.0,603940.0,9440.0
5038092.0,603940.0,9440.0
5036510.6667,603940.0,9477.3333333
5035720.0,603940.0,9496.0
5035720.0,603940.0,9496.0
5035720.0,603940.0,9496.0
5035720.0,603940.0,9496.0
5035720.0,603940.0,9496.0
5035720.0,603940.0,9496.0
5035720.0,603940.0,9496.0
5035720.0,603940.0,9496.0
5035720.0,603940.0,9496.0
5035720.0,603940.0,9496.0
5035014.4,603947.2,9649.6
5034544.0,603952.0,9752.0
5034544.0,603952.0,9752.0
5034544.0,603952.0,9752.0
5034544.0,603952.0,9752.0
5034544.0,603952.0,9752.0
5034544.0,603952.0,9752.0
5034544.0,603952.0,9752.0
5034544.0,603952.0,9752.0
5034544.0,603952.0,9752.0
5034544.0,603952.0,9752.0
5034544.0,603952.0,9752.0
5034544.0,603952.0,9752.0
5034457.6,603966.4,9939.2
5034400.0,603976.0,10064.0
5034400.0,603976.0,10064.0
5034400.0,603976.0,10064.0
5034400.0,603976.0,10064.0
5034400.0,603976.0,10064.0
5034400.0,603976.0,10064.0
5034400.0,603976.0,10064.0
5034400.0,603976.0,10064.0
5034400.0,603976.0,10064.0
5034400.0,603976.0,10064.0
5034400.0,603976.0,10064.0
5034072.0,603984.0,10234.666667
5033908.0,603988.0,10320.0
5033908.0,603988.0,10320.0
5033908.0,603988.0,10320.0
5033908.0,603988.0,10320.0
5033908.0,603988.0,10320.0
5033908.0,603988.0,10320.0
5033908.0,603988.0,10320.0
5033908.0,603988.0,10320.0
5033908.0,603988.0,10320.0
5033908.0,603988.0,10320.0
5033908.0,603988.0,10320.0
5033600.0,604034.93333,10525.333333
5033488.0,604052.0,10600.0
5033488.0,604052.0,10600.0
5033488.0,604052.0,10600.0
5033488.0,604052.0,10600.0
6785846.6667,599282.4,10682.133333
7423068.0,597548.0,10712.0
