16181732.0,70848.0,3424.0
16181732.0,70848.0,3424.0
16181732.0,70848.0,3424.0
14056676.0,460044.0,3644.0
14056676.0,460044.0,3644.0
14056676.0,460044.0,3644.0
12505660.0,895596.0,5216.0
12505660.0,895596.0,5216.0
11157500.0,1326496.0,5280.0
11157500.0,1326496.0,5280.0
11157500.0,1326496.0,5280.0
9796916.0,1728756.0,5344.0
9796916.0,1728756.0,5344.0
9625316.0,1753310.6667,5347.2
7222916.0,2097076.0,5392.0
7222916.0,2097076.0,5392.0
7222794.1333,2097075.7333,5396.2666667
7221088.0,2097072.0,5456.0
7220990.6667,2097074.1333,5460.8
7219628.0,2097104.0,5528.0
7219628.0,2097104.0,5528.0
7219525.8667,2097104.0,5531.7333333
7218096.0,2097104.0,5584.0
7218096.0,2097104.0,5584.0
7218096.0,2097104.0,5584.0
7218096.0,2097104.0,5584.0
7218096.0,2097104.0,5584.0
7218096.0,2097104.0,5584.0
7218096.0,2097104.0,5584.0
7218096.0,2097104.0,5584.0
7218096.0,2097104.0,5584.0
7218096.0,2097104.0,5584.0
7218096.0,2097104.0,5584.0
7218608.0,2097191.4667,5820.8
7218608.0,2097191.4667,5820.8
7220236.0,2097276.0,6100.0
7220236.0,2097276.0,6100.0
7220236.0,2097276.0,6100.0
7220236.0,2097276.0,6100.0
7220236.0,2097276.0,6100.0
7219293.0667,2097286.6667,6164.0
7219293.0667,2097286.6667,6164.0
7218468.0,2097296.0,6220.0
7218468.0,2097296.0,6220.0
7218468.0,2097296.0,6220.0
7218468.0,2097296.0,6220.0
7218468.0,2097296.0,6220.0
7218468.0,2097296.0,6220.0
7218049.8667,2097300.2667,6246.1333333
7215332.0,2097328.0,6416.0
7215576.8,2097329.0667,6424.5333333
7217168.0,2097336.0,6480.0
7217168.0,2097336.0,6480.0
7217168.0,2097336.0,6480.0
7217168.0,2097336.0,6480.0
7217168.0,2097336.0,6480.0
7217257.0667,2097339.7333,6488.0
7218504.0,2097392.0,6600.0
7218504.0,2097392.0,6600.0
7215672.0,2097408.0,6664.0
7215672.0,2097408.0,6664.0
7215672.0,2097408.0,6664.0
7215672.0,2097408.0,6664.0
7215672.0,2097408.0,6664.0
7215672.0,2097408.0,6664.0
7215672.0,2097408.0,6664.0
7215672.0,2097408.0,6664.0
7344233.0667,2097553.6,6843.2
7353416.0,2097564.0,6856.0
7353416.0,2097564.0,6856.0
7412942.4,2097567.2,6907.2
7427824.0,2097568.0,6920.0
7427824.0,2097568.0,6920.0
7427824.0,2097568.0,6920.0
7427824.0,2097568.0,6920.0
7427824.0,2097568.0,6920.0
7427824.0,2097568.0,6920.0
7427824.0,2097568.0,6920.0
7427824.0,2097568.0,6920.0
7427824.0,2097568.0,6920.0
7427824.0,2097568.0,6920.0
7427824.0,2097568.0,6920.0
7427749.3333,2097594.1333,7151.4666667
7427744.0,2097596.0,7168.0
7427744.0,2097596.0,7168.0
7427744.0,2097596.0,7168.0
7426856.0,2098880.0,7496.0
7426856.0,2098880.0,7496.0
7427220.0,2098882.1333,7501.8666667
7432316.0,2098912.0,7584.0
7432316.0,2098912.0,7584.0
7432316.0,2098912.0,7584.0
7432316.0,2098912.0,7584.0
7432316.0,2098912.0,7584.0
7432316.0,2098912.0,7584.0
7432316.0,2098912.0,7584.0
7431833.8667,2098984.5333,7677.8666667
7431833.8667,2098984.5333,7677.8666667
7431412.0,2099048.0,7760.0
7431412.0,2099048.0,7760.0
7431412.0,2099048.0,7760.0
7431412.0,2099048.0,7760.0
7431412.0,2099048.0,7760.0
7431412.0,2099048.0,7760.0
7431412.0,2099048.0,7760.0
7431412.0,2099048.0,7760.0
7431412.0,2099048.0,7760.0
7431412.0,2099048.0,7760.0
7431936.8,2099060.8,7958.4
7432068.0,2099064.0,8008.0
7432068.0,2099064.0,8008.0
7432068.0,2099064.0,8008.0
7432068.0,2099064.0,8008.0
7432068.0,2099064.0,8008.0
7432068.0,2099064.0,8008.0
7432068.0,2099064.0,8008.0
7432068.0,2099064.0,8008.0
7432068.0,2099064.0,8008.0
7591440.0,2099092.0,8264.0
7591440.0,2099092.0,8264.0
7589520.0,2099104.0,8328.0
7589520.0,2099104.0,8328.0
7589520.0,2099104.0,8328.0
7589520.0,2099104.0,8328.0
7589520.0,2099104.0,8328.0
7589520.0,2099104.0,8328.0
7589520.0,2099104.0,8328.0
7589520.0,2099104.0,8328.0
7589520.0,2099104.0,8328.0
7589520.0,2099104.0,8328.0
7589520.0,2099104.0,8328.0
7589520.0,2099104.0,8328.0
7588899.4667,2099124.8,8556.8
7588804.0,2099128.0,8592.0
7588804.0,2099128.0,8592.0
7588804.0,2099128.0,8592.0
7588804.0,2099128.0,8592.0
7588804.0,2099128.0,8592.0
7588804.0,2099128.0,8592.0
7588804.0,2099128.0,8592.0
7588804.0,2099128.0,8592.0
7588804.0,2099128.0,8592.0
7588804.0,2099128.0,8592.0
7588804.0,2099128.0,8592.0
7588804.0,2099128.0,8592.0
7589452.0,2099196.0,8904.0
7589452.0,2099196.0,8904.0
7589452.0,2099196.0,8904.0
7589452.0,2099196.0,8904.0
7589452.0,2099196.0,8904.0
7589452.0,2099196.0,8904.0
7589452.0,2099196.0,8904.0
7589452.0,2099196.0,8904.0
7589452.0,2099196.0,8904.0
7589452.0,2099196.0,8904.0
7589452.0,2099196.0,8904.0
7589376.5333,2099198.9333,8922.6666667
7588065.6,2099241.6,9191.4666667
7586412.0,2099252.0,9240.0
7586412.0,2099252.0,9240.0
7586636.5333,2099253.0667,9247.4666667
7588096.0,2099260.0,9296.0
7588096.0,2099260.0,9296.0
7588096.0,2099260.0,9296.0
7588096.0,2099260.0,9296.0
7613753.6,2099257.8667,9364.2666667
7613753.6,2099257.8667,9364.2666667
7636204.0,2099256.0,9424.0
7636204.0,2099256.0,9424.0
7732960.0,2099268.0,9488.0
7732960.0,2099268.0,9488.0
7732960.0,2099268.0,9488.0
7732960.0,2099268.0,9488.0
7732960.0,2099268.0,9488.0
7732960.0,2099268.0,9488.0
7732960.0,2099268.0,9488.0
7732960.0,2099268.0,9488.0
7732960.0,2099268.0,9488.0
7732960.0,2099268.0,9488.0
7732960.0,2099268.0,9488.0
7733064.5333,2099300.0,9620.2666667
7733064.5333,2099300.0,9620.2666667
7733156.0,2099328.0,9736.0
7733156.0,2099328.0,9736.0
7733156.0,2099328.0,9736.0
7733156.0,2099328.0,9736.0
7733156.0,2099328.0,9736.0
7731092.0,2099340.0,9920.0
7731092.0,2099340.0,9920.0
7731205.0667,2099339.7333,9924.2666667
7732788.0,2099336.0,9984.0
7732788.0,2099336.0,9984.0
7732788.0,2099336.0,9984.0
7732788.0,2099336.0,9984.0
7732788.0,2099336.0,9984.0
7732788.0,2099336.0,9984.0
7732788.0,2099336.0,9984.0
7732788.0,2099336.0,9984.0
7732788.0,2099336.0,9984.0
7732788.0,2099336.0,9984.0
7732788.0,2099336.0,9984.0
7732740.2667,2099337.0667,9999.4666667
7732072.0,2099352.0,10216.0
7732072.0,2099352.0,10216.0
7732072.0,2099352.0,10216.0
7732072.0,2099352.0,10216.0
7732072.0,2099352.0,10216.0
7732072.0,2099352.0,10216.0
7732072.0,2099352.0,10216.0
7732072.0,2099352.0,10216.0
7732072.0,2099352.0,10216.0
7732072.0,2099352.0,10216.0
7732072.0,2099352.0,10216.0
7732078.4,2099353.8667,10237.333333
7732168.0,2099380.0,10536.0
7732168.0,2099380.0,10536.0
7740485.8667,2099380.2667,10539.733333
7856936.0,2099384.0,10592.0
7856936.0,2099384.0,10592.0
7864041.6,2099385.6,10603.2
7892464.0,2099392.0,10648.0
7892464.0,2099392.0,10648.0
7892464.0,2099392.0,10648.0
7892464.0,2099392.0,10648.0
7892464.0,2099392.0,10648.0
7892464.0,2099392.0,10648.0
7892464.0,2099392.0,10648.0
7892464.0,2099392.0,10648.0
7892464.0,2099392.0,10648.0
7892464.0,2099392.0,10648.0
7892308.8,2099396.8,10678.933333
7891300.0,2099428.0,10880.0
7891300.0,2099428.0,10880.0
7891300.0,2099428.0,10880.0
7891300.0,2099428.0,10880.0
7891300.0,2099428.0,10880.0
7891300.0,2099428.0,10880.0
7889351.2,2099892.8,11091.2
7881556.0,2101752.0,11936.0
7881556.0,2101752.0,11936.0
7881336.8,2101752.5333,11979.733333
7879912.0,2101756.0,12264.0
7879912.0,2101756.0,12264.0
7881463.2,2101768.0,12278.4
7887668.0,2101816.0,12336.0
7887668.0,2101816.0,12336.0
7887668.0,2101816.0,12336.0
7887668.0,2101816.0,12336.0
7887668.0,2101816.0,12336.0
7887668.0,2101816.0,12336.0
7887668.0,2101816.0,12336.0
7887668.0,2101816.0,12336.0
7887668.0,2101816.0,12336.0
7887668.0,2101816.0,12336.0
7887668.0,2101816.0,12336.0
7887643.4667,2101820.2667,12402.133333
7887576.0,2101832.0,12584.0
7887576.0,2101832.0,12584.0
7887576.0,2101832.0,12584.0
7887576.0,2101832.0,12584.0
7887576.0,2101832.0,12584.0
7887576.0,2101832.0,12584.0
7887576.0,2101832.0,12584.0
7887576.0,2101832.0,12584.0
7887576.0,2101832.0,12584.0
7887576.0,2101832.0,12584.0
7887576.0,2101832.0,12584.0
7921340.0,2101840.0,12693.333333
7988868.0,2101856.0,12912.0
7988868.0,2101856.0,12912.0
7988868.0,2101856.0,12912.0
7988868.0,2101856.0,12912.0
7988868.0,2101856.0,12912.0
7988868.0,2101856.0,12912.0
7988868.0,2101856.0,12912.0
7988868.0,2101856.0,12912.0
7988868.0,2101856.0,12912.0
7988868.0,2101856.0,12912.0
7988868.0,2101856.0,12912.0
7988708.0,2101859.2,12961.6
7988068.0,2101872.0,13160.0
7988068.0,2101872.0,13160.0
7988068.0,2101872.0,13160.0
7988068.0,2101872.0,13160.0
7988068.0,2101872.0,13160.0
7988068.0,2101872.0,13160.0
7988068.0,2101872.0,13160.0
7988068.0,2101872.0,13160.0
7988068.0,2101872.0,13160.0
7988068.0,2101872.0,13160.0
7988068.0,2101872.0,13160.0
7987550.4,2101879.2,13212.8
7985480.0,2101908.0,13424.0
7985829.6,2101908.8,13435.2
7987228.0,2101912.0,13480.0
7987228.0,2101912.0,13480.0
7987228.0,2101912.0,13480.0
7987228.0,2101912.0,13480.0
7987228.0,2101912.0,13480.0
7987228.0,2101912.0,13480.0
7987228.0,2101912.0,13480.0
7987228.0,2101912.0,13480.0
7987228.0,2101912.0,13480.0
7987228.0,2101912.0,13480.0
7987228.0,2101912.0,13480.0
7987133.6,2101916.8,13528.0
7986756.0,2101936.0,13720.0
7986756.0,2101936.0,13720.0
7986756.0,2101936.0,13720.0
7986756.0,2101936.0,13720.0
7986756.0,2101936.0,13720.0
7986756.0,2101936.0,13720.0
7986514.4,2101940.8,13753.6
7985548.0,2101960.0,13888.0
7985548.0,2101960.0,13888.0
8001926.6667,2101967.4667,13905.066667
8046968.0,2101988.0,13952.0
8053754.1333,2101991.2,13969.066667
8072416.0,2102000.0,14016.0
8072416.0,2102000.0,14016.0
8072416.0,2102000.0,14016.0
8072416.0,2102000.0,14016.0
8072416.0,2102000.0,14016.0
8072416.0,2102000.0,14016.0
8072416.0,2102000.0,14016.0
8071660.8,2102131.2,14092.8
8070528.0,2102328.0,14208.0
8070528.0,2102328.0,14208.0
8070528.0,2102328.0,14208.0
8070528.0,2102328.0,14208.0
8070528.0,2102328.0,14208.0
8070528.0,2102328.0,14208.0
8070528.0,2102328.0,14208.0
8070528.0,2102328.0,14208.0
8070528.0,2102328.0,14208.0
8070528.0,2102328.0,14208.0
8070528.0,2102328.0,14208.0
8070718.4,2102346.6667,14308.8
8070936.0,2102368.0,14424.0
8070936.0,2102368.0,14424.0
8070936.0,2102368.0,14424.0
8070936.0,2102368.0,14424.0
8070936.0,2102368.0,14424.0
8070936.0,2102368.0,14424.0
8070936.0,2102368.0,14424.0
8070936.0,2102368.0,14424.0
8070936.0,2102368.0,14424.0
8070936.0,2102368.0,14424.0
8070936.0,2102368.0,14424.0
8070936.0,2102368.0,14424.0
8070553.3333,2102379.2,14558.4
8070116.0,2102392.0,14712.0
8070116.0,2102392.0,14712.0
8070116.0,2102392.0,14712.0
8070116.0,2102392.0,14712.0
8070116.0,2102392.0,14712.0
8070116.0,2102392.0,14712.0
8070116.0,2102392.0,14712.0
8070116.0,2102392.0,14712.0
8070116.0,2102392.0,14712.0
8070116.0,2102392.0,14712.0
8070652.0,2102430.6667,14784.0
8071724.0,2102508.0,14928.0
8071724.0,2102508.0,14928.0
8071724.0,2102508.0,14928.0
8070697.3333,2102512.0,14970.666667
8068644.0,2102520.0,15056.0
8068644.0,2102520.0,15056.0
8068644.0,2102520.0,15056.0
8068644.0,2102520.0,15056.0
8068644.0,2102520.0,15056.0
8068644.0,2102520.0,15056.0
8068644.0,2102520.0,15056.0
8068644.0,2102520.0,15056.0
8068644.0,2102520.0,15056.0
8068644.0,2102520.0,15056.0
8067028.0,2102537.6,15152.0
8064604.0,2102564.0,15296.0
8064604.0,2102564.0,15296.0
8064604.0,2102564.0,15296.0
8064604.0,2102564.0,15296.0
8064604.0,2102564.0,15296.0
8065224.8,2102581.6,15337.6
8066156.0,2102608.0,15400.0
8066156.0,2102608.0,15400.0
8066156.0,2102608.0,15400.0
8066156.0,2102608.0,15400.0
8066156.0,2102608.0,15400.0
8066156.0,2102608.0,15400.0
8066156.0,2102608.0,15400.0
8066156.0,2102608.0,15400.0
8066156.0,2102608.0,15400.0
8065490.4,2102630.4,15505.6
8064492.0,2102664.0,15664.0
8064492.0,2102664.0,15664.0
8064492.0,2102664.0,15664.0
8064492.0,2102664.0,15664.0
8064492.0,2102664.0,15664.0
8064492.0,2102664.0,15664.0
8064492.0,2102664.0,15664.0
8064492.0,2102664.0,15664.0
8064492.0,2102664.0,15664.0
8064492.0,2102664.0,15664.0
8064492.0,2102664.0,15664.0
8064496.2667,2102715.2,15787.733333
8064500.0,2102760.0,15896.0
8064500.0,2102760.0,15896.0
8064500.0,2102760.0,15896.0
8064500.0,2102760.0,15896.0
8064500.0,2102760.0,15896.0
8064500.0,2102760.0,15896.0
8064500.0,2102760.0,15896.0
8064500.0,2102760.0,15896.0
8064500.0,2102760.0,15896.0
8064500.0,2102760.0,15896.0
8064500.0,2102760.0,15896.0
8064664.0,2102797.3333,16005.333333
8064992.0,2102872.0,16224.0
8064992.0,2102872.0,16224.0
8064992.0,2102872.0,16224.0
8064992.0,2102872.0,16224.0
8064992.0,2102872.0,16224.0
8064992.0,2102872.0,16224.0
8064992.0,2102872.0,16224.0
8064992.0,2102872.0,16224.0
8064992.0,2102872.0,16224.0
8064992.0,2102872.0,16224.0
8064992.0,2102872.0,16224.0
8064994.4,2102896.0,16368.0
8064996.0,2102912.0,16464.0
8064996.0,2102912.0,16464.0
8064996.0,2102912.0,16464.0
8064996.0,2102912.0,16464.0
8064996.0,2102912.0,16464.0
8064996.0,2102912.0,16464.0
8064996.0,2102912.0,16464.0
8064996.0,2102912.0,16464.0
8064996.0,2102912.0,16464.0
8064996.0,2102912.0,16464.0
8064996.0,2102912.0,16464.0
8064618.9333,2102925.0667,16613.333333
8064188.0,2102940.0,16784.0
8064188.0,2102940.0,16784.0
8064188.0,2102940.0,16784.0
8064188.0,2102940.0,16784.0
8064188.0,2102940.0,16784.0
8064188.0,2102940.0,16784.0
8064188.0,2102940.0,16784.0
8063274.9333,2102944.2667,16882.133333
8062476.0,2102948.0,16968.0
8062476.0,2102948.0,16968.0
8063317.8667,2102953.6,16997.866667
8064280.0,2102960.0,17032.0
8064280.0,2102960.0,17032.0
8064280.0,2102960.0,17032.0
8064280.0,2102960.0,17032.0
8064280.0,2102960.0,17032.0
8064280.0,2102960.0,17032.0
8064280.0,2102960.0,17032.0
8062995.7333,2102962.1333,17147.2
8061872.0,2102964.0,17248.0
8061872.0,2102964.0,17248.0
8062899.2,2102966.4,17286.4
8063584.0,2102968.0,17312.0
8063584.0,2102968.0,17312.0
8063584.0,2102968.0,17312.0
8063584.0,2102968.0,17312.0
8063584.0,2102968.0,17312.0
8063584.0,2102968.0,17312.0
8063584.0,2102968.0,17312.0
8063584.0,2102968.0,17312.0
8063584.0,2102968.0,17312.0
8063584.0,2102968.0,17312.0
8063584.0,2102968.0,17312.0
8063515.7333,2102982.9333,17440.0
8063456.0,2102996.0,17552.0
8063456.0,2102996.0,17552.0
8063456.0,2102996.0,17552.0
8061929.6,2103012.8,17628.8
8060912.0,2103024.0,17680.0
8060912.0,2103024.0,17680.0
8060912.0,2103024.0,17680.0
8060912.0,2103024.0,17680.0
8060912.0,2103024.0,17680.0
8060912.0,2103024.0,17680.0
8060912.0,2103024.0,17680.0
8060912.0,2103024.0,17680.0
8060912.0,2103024.0,17680.0
8060912.0,2103024.0,17680.0
8060912.0,2103024.0,17680.0
8061224.0,2103034.6667,17850.666667
8061380.0,2103040.0,17936.0
8061380.0,2103040.0,17936.0
8061380.0,2103040.0,17936.0
8060791.2,2103046.4,18004.266667
8060276.0,2103052.0,18064.0
8060956.5333,2103060.5333,18098.133333
8061552.0,2103068.0,18128.0
8061552.0,2103068.0,18128.0
8061552.0,2103068.0,18128.0
8061552.0,2103068.0,18128.0
8061552.0,2103068.0,18128.0
8061552.0,2103068.0,18128.0
8061552.0,2103068.0,18128.0
8061552.0,2103068.0,18128.0
8061552.0,2103068.0,18128.0
8061552.0,2103068.0,18128.0
8061552.0,2103068.0,18128.0
8061552.0,2103068.0,18128.0
8061157.3333,2103078.6667,18304.0
8060960.0,2103084.0,18392.0
8060960.0,2103084.0,18392.0
8060960.0,2103084.0,18392.0
8060960.0,2103084.0,18392.0
8060960.0,2103084.0,18392.0
8060960.0,2103084.0,18392.0
8060960.0,2103084.0,18392.0
8060960.0,2103084.0,18392.0
8060960.0,2103084.0,18392.0
8060960.0,2103084.0,18392.0
8060960.0,2103084.0,18392.0
