vda,46.00,0.26,0.01,1,0
vda,99.60,0.43,0.01,2,0
vda,3.80,0.01,0.01,0,0
vda,2.20,0.00,0.01,0,0
vda,0.00,0.00,0.00,0,0
vda,9.80,0.00,0.04,0,0
vda,444.40,15.41,0.11,77,0
vda,134.60,11.88,0.16,59,0
vda,116.40,14.07,0.01,70,0
vda,122.80,11.06,0.04,55,0
vda,137.80,14.42,0.00,72,0
vda,94.20,11.45,0.01,57,0
vda,105.40,12.50,1.29,62,6
vda,128.00,14.78,0.04,73,0
vda,52.60,4.23,0.07,21,0
vda,128.40,14.91,0.04,74,0
vda,114.40,8.00,0.20,40,1
vda,64.20,7.75,0.01,38,0
vda,117.80,14.65,0.00,73,0
vda,117.60,14.32,0.01,71,0
vda,110.20,12.47,0.06,62,0
vda,20.00,0.03,0.07,0,0
vda,186.40,8.37,0.34,41,1
vda,35.80,3.95,0.02,19,0
vda,129.74,16.22,0.00,81,0
vda,149.20,15.35,0.11,76,0
vda,121.20,14.85,0.01,74,0
vda,113.00,14.12,0.00,70,0
vda,78.80,8.42,0.01,42,0
vda,2.60,0.00,0.01,0,0
vda,82.80,10.35,0.00,51,0
vda,116.80,14.42,0.01,72,0
vda,151.40,12.97,0.20,64,0
vda,96.40,11.92,0.00,59,0
vda,9.00,0.00,0.03,0,0
vda,13.40,1.40,0.01,7,0
vda,105.00,13.12,0.00,65,0
vda,114.40,14.10,0.01,70,0
vda,107.60,12.76,0.01,63,0
vda,136.60,14.35,0.08,71,0
vda,68.00,2.00,0.21,10,1
vda,2.20,0.00,0.01,0,0
vda,32.40,4.05,0.00,20,0
vda,69.00,4.21,0.01,21,0
vda,24.40,2.75,0.01,13,0
vda,27.20,2.40,0.03,12,0
vda,47.00,2.91,0.01,14,0
vda,29.00,1.27,0.07,6,0
vda,58.80,4.19,0.00,20,0
vda,87.60,2.22,0.21,11,1
vda,9.80,0.88,0.01,4,0
vda,12.60,1.57,0.00,7,0
vda,6.80,0.68,0.00,3,0
vda,13.60,1.25,0.02,6,0
vda,15.80,0.55,0.05,2,0
vda,12.80,0.53,0.04,2,0
vda,6.40,0.47,0.01,2,0
vda,49.60,1.56,0.00,7,0
vda,59.40,0.16,0.21,0,1
vda,6.20,0.17,0.01,0,0
vda,2.00,0.00,0.01,0,0
vda,20.40,0.00,0.08,0,0
vda,0.80,0.00,0.00,0,0
vda,0.00,0.00,0.00,0,0
vda,8.40,0.00,0.03,0,0
vda,35.00,0.24,0.01,1,0
vda,51.60,0.00,0.21,0,1
vda,3.20,0.01,0.01,0,0
vda,2.20,0.06,0.00,0,0
vda,10.60,0.00,0.04,0,0
vda,1.40,0.00,0.00,0,0
vda,1.20,0.00,0.00,0,0
vda,0.00,0.00,0.00,0,0
vda,1.60,0.00,0.01,0,0
