15733661.6,123500.8,2896.8
15408796.0,177040.0,3684.0
15408796.0,177040.0,3684.0
14665170.133,306454.13333,3713.8666667
13815312.0,454356.0,3748.0
13815312.0,454356.0,3748.0
13814337.067,454362.4,3782.1333333
13813484.0,454368.0,3812.0
13813484.0,454368.0,3812.0
13813484.0,454368.0,3812.0
13813484.0,454368.0,3812.0
13813484.0,454368.0,3812.0
13813484.0,454368.0,3812.0
13813484.0,454368.0,3812.0
13813484.0,454368.0,3812.0
13813484.0,454368.0,3812.0
13813484.0,454368.0,3812.0
13813484.0,454368.0,3812.0
13812948.267,454379.2,3912.8
13812336.0,454392.0,4028.0
13812336.0,454392.0,4028.0
13812336.0,454392.0,4028.0
13811714.4,454685.06667,4153.0666667
13811004.0,455020.0,4296.0
13811004.0,455020.0,4296.0
13811004.0,455020.0,4296.0
13811004.0,455020.0,4296.0
13809734.667,456084.0,4516.2666667
13808284.0,457300.0,4768.0
13808284.0,457300.0,4768.0
13808284.0,457300.0,4768.0
13808284.0,457300.0,4768.0
13808284.0,457300.0,4768.0
13808284.0,457300.0,4768.0
13808284.0,457300.0,4768.0
13807908.8,457313.06667,4838.9333333
13807480.0,457328.0,4920.0
13807480.0,457328.0,4920.0
13807480.0,457328.0,4920.0
13807480.0,457328.0,4920.0
13807480.0,457328.0,4920.0
13807480.0,457328.0,4920.0
13807480.0,457328.0,4920.0
13532725.6,457332.8,5025.6
13349556.0,457336.0,5096.0
13349556.0,457336.0,5096.0
13349556.0,457336.0,5096.0
13349556.0,457336.0,5096.0
13349556.0,457336.0,5096.0
13349556.0,457336.0,5096.0
13349556.0,457336.0,5096.0
13348822.667,457429.86667,5207.4666667
13348556.0,457464.0,5248.0
13348556.0,457464.0,5248.0
13348556.0,457464.0,5248.0
13348556.0,457464.0,5248.0
13348556.0,457464.0,5248.0
13348556.0,457464.0,5248.0
13348556.0,457464.0,5248.0
13348556.0,457464.0,5248.0
13348556.0,457464.0,5248.0
13348556.0,457464.0,5248.0
13348556.0,457464.0,5248.0
13348679.2,457484.53333,5394.6666667
13348724.0,457492.0,5448.0
13348724.0,457492.0,5448.0
13348724.0,457492.0,5448.0
13348724.0,457492.0,5448.0
13348724.0,457492.0,5448.0
13348724.0,457492.0,5448.0
13348724.0,457492.0,5448.0
13348724.0,457492.0,5448.0
13348724.0,457492.0,5448.0
13348724.0,457492.0,5448.0
13348724.0,457492.0,5448.0
13348190.667,457574.66667,5637.3333333
13347924.0,457616.0,5732.0
13347924.0,457616.0,5732.0
13347924.0,457616.0,5732.0
13347924.0,457616.0,5732.0
13347924.0,457616.0,5732.0
13347924.0,457616.0,5732.0
13347924.0,457616.0,5732.0
13347924.0,457616.0,5732.0
13347924.0,457616.0,5732.0
13347924.0,457616.0,5732.0
13347924.0,457616.0,5732.0
13347521.333,457624.0,5902.6666667
13347320.0,457628.0,5988.0
13347320.0,457628.0,5988.0
13347320.0,457628.0,5988.0
13347320.0,457628.0,5988.0
13347320.0,457628.0,5988.0
13347320.0,457628.0,5988.0
13347320.0,457628.0,5988.0
13347320.0,457628.0,5988.0
13347320.0,457628.0,5988.0
13347320.0,457628.0,5988.0
13347320.0,457628.0,5988.0
13346862.4,457654.4,6210.9333333
13346696.0,457664.0,6292.0
13346696.0,457664.0,6292.0
13346696.0,457664.0,6292.0
13346696.0,457664.0,6292.0
13346696.0,457664.0,6292.0
13346696.0,457664.0,6292.0
13346696.0,457664.0,6292.0
13346696.0,457664.0,6292.0
13346696.0,457664.0,6292.0
13346696.0,457664.0,6292.0
13346696.0,457664.0,6292.0
13346669.6,457678.4,6445.6
13346652.0,457688.0,6548.0
13346652.0,457688.0,6548.0
13346652.0,457688.0,6548.0
13346652.0,457688.0,6548.0
13346652.0,457688.0,6548.0
13346652.0,457688.0,6548.0
13346652.0,457688.0,6548.0
13346652.0,457688.0,6548.0
13346652.0,457688.0,6548.0
13346652.0,457688.0,6548.0
13346652.0,457688.0,6548.0
13345904.0,457802.4,6776.8
13345632.0,457844.0,6860.0
13345632.0,457844.0,6860.0
13345632.0,457844.0,6860.0
13345632.0,457844.0,6860.0
13345632.0,457844.0,6860.0
13345632.0,457844.0,6860.0
13345632.0,457844.0,6860.0
13345632.0,457844.0,6860.0
13345632.0,457844.0,6860.0
13345632.0,457844.0,6860.0
13345632.0,457844.0,6860.0
13345514.133,457861.33333,7088.8
13345496.0,457864.0,7124.0
13345496.0,457864.0,7124.0
13345496.0,457864.0,7124.0
13345496.0,457864.0,7124.0
13345496.0,457864.0,7124.0
13345496.0,457864.0,7124.0
13345496.0,457864.0,7124.0
13345496.0,457864.0,7124.0
13345496.0,457864.0,7124.0
13345496.0,457864.0,7124.0
13345496.0,457864.0,7124.0
13344368.0,457964.0,7444.0
13344368.0,457964.0,7444.0
13344368.0,457964.0,7444.0
13344368.0,457964.0,7444.0
13344368.0,457964.0,7444.0
13344368.0,457964.0,7444.0
13344368.0,457964.0,7444.0
13344368.0,457964.0,7444.0
13344368.0,457964.0,7444.0
13344368.0,457964.0,7444.0
13344368.0,457964.0,7444.0
13344368.0,457964.0,7444.0
13344539.733,457986.4,7664.2666667
13344552.0,457988.0,7680.0
13344552.0,457988.0,7680.0
13344552.0,457988.0,7680.0
13344552.0,457988.0,7680.0
13344552.0,457988.0,7680.0
13344552.0,457988.0,7680.0
13344552.0,457988.0,7680.0
13344552.0,457988.0,7680.0
13344552.0,457988.0,7680.0
13344552.0,457988.0,7680.0
13344552.0,457988.0,7680.0
13344250.4,458053.86667,7943.4666667
13344204.0,458064.0,7984.0
13344204.0,458064.0,7984.0
13344204.0,458064.0,7984.0
13344204.0,458064.0,7984.0
13344204.0,458064.0,7984.0
13344204.0,458064.0,7984.0
13344204.0,458064.0,7984.0
13344204.0,458064.0,7984.0
13344204.0,458064.0,7984.0
13344204.0,458064.0,7984.0
13344204.0,458064.0,7984.0
13344037.6,458080.0,8156.8
13343996.0,458084.0,8200.0
13343996.0,458084.0,8200.0
13343996.0,458084.0,8200.0
13343996.0,458084.0,8200.0
13343996.0,458084.0,8200.0
13343996.0,458084.0,8200.0
13343996.0,458084.0,8200.0
13343996.0,458084.0,8200.0
13343996.0,458084.0,8200.0
13343996.0,458084.0,8200.0
13343996.0,458084.0,8200.0
13344339.2,458219.2,8449.6
13344392.0,458240.0,8488.0
13344392.0,458240.0,8488.0
13344392.0,458240.0,8488.0
13344392.0,458240.0,8488.0
13344392.0,458240.0,8488.0
13344392.0,458240.0,8488.0
13344392.0,458240.0,8488.0
13344392.0,458240.0,8488.0
13344392.0,458240.0,8488.0
13344392.0,458240.0,8488.0
13344392.0,458240.0,8488.0
13343960.0,458259.2,8654.4
13343852.0,458264.0,8696.0
13343852.0,458264.0,8696.0
13343852.0,458264.0,8696.0
13343852.0,458264.0,8696.0
13343852.0,458264.0,8696.0
13343852.0,458264.0,8696.0
13343852.0,458264.0,8696.0
13343852.0,458264.0,8696.0
13343852.0,458264.0,8696.0
13343165.6,458368.0,8904.0
13343060.0,458384.0,8936.0
13343060.0,458384.0,8936.0
13343060.0,458384.0,8936.0
13343060.0,458384.0,8936.0
13343060.0,458384.0,8936.0
13343060.0,458384.0,8936.0
13343060.0,458384.0,8936.0
13343060.0,458384.0,8936.0
13343060.0,458384.0,8936.0
13343060.0,458384.0,8936.0
13343060.0,458384.0,8936.0
13342546.667,458395.73333,9106.1333333
13333991.2,458402.93333,9209.0666667
13330948.0,458404.0,9224.0
13330948.0,458404.0,9224.0
13330948.0,458404.0,9224.0
13330948.0,458404.0,9224.0
13330948.0,458404.0,9224.0
13330948.0,458404.0,9224.0
13330948.0,458404.0,9224.0
13330948.0,458404.0,9224.0
13330948.0,458404.0,9224.0
13330948.0,458404.0,9224.0
13330948.0,458404.0,9224.0
13329709.6,458426.4,9409.6
13329400.0,458432.0,9456.0
13329400.0,458432.0,9456.0
13329400.0,458432.0,9456.0
13329400.0,458432.0,9456.0
13329400.0,458432.0,9456.0
13329400.0,458432.0,9456.0
13329400.0,458432.0,9456.0
13329400.0,458432.0,9456.0
13329400.0,458432.0,9456.0
13329400.0,458432.0,9456.0
13329400.0,458432.0,9456.0
13329872.267,458452.53333,9667.2
13330044.0,458460.0,9744.0
13330044.0,458460.0,9744.0
13330044.0,458460.0,9744.0
13330044.0,458460.0,9744.0
13330044.0,458460.0,9744.0
13330044.0,458460.0,9744.0
13330044.0,458460.0,9744.0
13330044.0,458460.0,9744.0
13330044.0,458460.0,9744.0
13330044.0,458460.0,9744.0
13330044.0,458460.0,9744.0
13329702.667,458476.0,9914.6666667
13329532.0,458484.0,10000.0
13329532.0,458484.0,10000.0
13329532.0,458484.0,10000.0
13329532.0,458484.0,10000.0
13329532.0,458484.0,10000.0
13329532.0,458484.0,10000.0
13329532.0,458484.0,10000.0
13329532.0,458484.0,10000.0
13329265.6,458560.8,10153.6
13329088.0,458612.0,10256.0
13329088.0,458612.0,10256.0
13329088.0,458612.0,10256.0
13329088.0,458612.0,10256.0
13329088.0,458612.0,10256.0
13329088.0,458612.0,10256.0
13329088.0,458612.0,10256.0
13329088.0,458612.0,10256.0
13329088.0,458612.0,10256.0
13329088.0,458612.0,10256.0
13329088.0,458612.0,10256.0
13329246.4,458624.0,10409.6
13329352.0,458632.0,10512.0
13329352.0,458632.0,10512.0
13329352.0,458632.0,10512.0
13329352.0,458632.0,10512.0
13329352.0,458632.0,10512.0
13329352.0,458632.0,10512.0
13329352.0,458632.0,10512.0
13329352.0,458632.0,10512.0
13329352.0,458632.0,10512.0
13329352.0,458632.0,10512.0
13329352.0,458632.0,10512.0
13328430.4,458644.8,10682.666667
13327624.0,458656.0,10832.0
13327624.0,458656.0,10832.0
13328792.0,458656.0,10880.0
13329376.0,458656.0,10904.0
13329376.0,458656.0,10904.0
13322922.667,458653.06667,10950.933333
13320576.0,458652.0,10968.0
13320576.0,458652.0,10968.0
13320576.0,458652.0,10968.0
13320576.0,458652.0,10968.0
13319113.6,458655.2,11070.4
13318748.0,458656.0,11096.0
13318748.0,458656.0,11096.0
13318748.0,458656.0,11096.0
13318748.0,458656.0,11096.0
13318748.0,458656.0,11096.0
13318748.0,458656.0,11096.0
13318748.0,458656.0,11096.0
13317359.2,458668.8,11249.6
13317012.0,458672.0,11288.0
13317012.0,458672.0,11288.0
13318142.133,458678.93333,11343.466667
13318316.0,458680.0,11352.0
13318316.0,458680.0,11352.0
13318316.0,458680.0,11352.0
13318316.0,458680.0,11352.0
13318316.0,458680.0,11352.0
13318316.0,458680.0,11352.0
13318316.0,458680.0,11352.0
13318316.0,458680.0,11352.0
13318316.0,458680.0,11352.0
13318316.0,458680.0,11352.0
13315717.6,458706.13333,11590.933333
13315532.0,458708.0,11608.0
13317487.2,458818.93333,11663.466667
13317788.0,458836.0,11672.0
13317788.0,458836.0,11672.0
13317788.0,458836.0,11672.0
13317788.0,458836.0,11672.0
13317788.0,458836.0,11672.0
13317788.0,458836.0,11672.0
13317788.0,458836.0,11672.0
13317788.0,458836.0,11672.0
13317788.0,458836.0,11672.0
13317589.6,458840.8,11705.066667
13316300.0,458872.0,11920.0
13316300.0,458872.0,11920.0
13316300.0,458872.0,11920.0
13316300.0,458872.0,11920.0
13316300.0,458872.0,11920.0
13316300.0,458872.0,11920.0
13316300.0,458872.0,11920.0
13316300.0,458872.0,11920.0
13316300.0,458872.0,11920.0
13316300.0,458872.0,11920.0
13316300.0,458872.0,11920.0
13316330.933,458874.13333,11954.133333
13316532.0,458888.0,12176.0
13316532.0,458888.0,12176.0
13316532.0,458888.0,12176.0
13316430.4,458889.6,12184.0
13315008.0,458912.0,12296.0
13315008.0,458912.0,12296.0
13315250.133,458910.4,12305.6
13316824.0,458900.0,12368.0
13316824.0,458900.0,12368.0
13316824.0,458900.0,12368.0
13316824.0,458900.0,12368.0
13316824.0,458900.0,12368.0
13316824.0,458900.0,12368.0
13316824.0,458900.0,12368.0
13316824.0,458900.0,12368.0
13316824.0,458900.0,12368.0
13316824.0,458900.0,12368.0
13316824.0,458900.0,12368.0
13316824.0,458900.0,12368.0
13316580.0,458908.0,12632.0
13316580.0,458908.0,12632.0
13316580.0,458908.0,12632.0
13316580.0,458908.0,12632.0
13316580.0,458908.0,12632.0
13316580.0,458908.0,12632.0
15635607.2,452818.93333,12803.733333
