7442743.2,166714.4,3366.9333333
6987200.0,253996.0,4472.0
6987200.0,253996.0,4472.0
5715140.0,551612.8,4515.2
4867100.0,750024.0,4544.0
4867100.0,750024.0,4544.0
4370736.8,812217.6,4582.4
4039828.0,853680.0,4608.0
4039103.2,853687.2,4646.4
4038620.0,853692.0,4672.0
4038620.0,853692.0,4672.0
4038620.0,853692.0,4672.0
4038620.0,853692.0,4672.0
4038620.0,853692.0,4672.0
4038620.0,853692.0,4672.0
4038620.0,853692.0,4672.0
4038620.0,853692.0,4672.0
4038620.0,853692.0,4672.0
4038620.0,853692.0,4672.0
4038620.0,853692.0,4672.0
4038620.0,853692.0,4672.0
4038034.4,853714.4,4876.8
4037888.0,853720.0,4928.0
4037888.0,853720.0,4928.0
4037888.0,853720.0,4928.0
4037888.0,853720.0,4928.0
4037888.0,853720.0,4928.0
4037888.0,853720.0,4928.0
4037888.0,853720.0,4928.0
4037888.0,853720.0,4928.0
4026464.0,853854.4,5122.1333333
4025648.0,853864.0,5136.0
4025648.0,853864.0,5136.0
4024264.8,853926.4,5191.4666667
4024052.0,853936.0,5200.0
4024052.0,853936.0,5200.0
4021660.0,854476.0,5280.0
4021660.0,854476.0,5280.0
4021660.0,854476.0,5280.0
4021660.0,854476.0,5280.0
4021660.0,854476.0,5280.0
4021660.0,854476.0,5280.0
4021660.0,854476.0,5280.0
4021660.0,854476.0,5280.0
4020342.1333,854498.4,5444.2666667
4020248.0,854500.0,5456.0
4021568.0,854516.0,5520.0
4021568.0,854516.0,5520.0
4021568.0,854516.0,5520.0
4021568.0,854516.0,5520.0
4021568.0,854516.0,5520.0
4021568.0,854516.0,5520.0
4020880.0,854520.0,5648.0
4020880.0,854520.0,5648.0
4020880.0,854520.0,5648.0
4020880.0,854520.0,5648.0
4020880.0,854520.0,5648.0
4020880.0,854520.0,5648.0
4020880.0,854520.0,5648.0
4020880.0,854520.0,5648.0
4020880.0,854520.0,5648.0
4020880.0,854520.0,5648.0
4020760.0,854532.0,5888.0
4020760.0,854532.0,5888.0
4020760.0,854532.0,5888.0
4020760.0,854532.0,5888.0
4020760.0,854532.0,5888.0
4020760.0,854532.0,5888.0
4020760.0,854532.0,5888.0
4020760.0,854532.0,5888.0
4020760.0,854532.0,5888.0
4020760.0,854532.0,5888.0
4020760.0,854532.0,5888.0
4020760.0,854532.0,5888.0
4020452.0,854572.0,6112.0
4020452.0,854572.0,6112.0
4020452.0,854572.0,6112.0
4020452.0,854572.0,6112.0
4020452.0,854572.0,6112.0
4020452.0,854572.0,6112.0
4020452.0,854572.0,6112.0
4019623.2,854583.2,6246.4
4019564.0,854584.0,6256.0
4019564.0,854584.0,6256.0
4014471.7333,854591.46667,6315.7333333
4014108.0,854592.0,6320.0
4012465.3333,854599.46667,6368.5333333
4012348.0,854600.0,6372.0
4012348.0,854600.0,6372.0
4012348.0,854600.0,6372.0
4012348.0,854600.0,6372.0
4012348.0,854600.0,6372.0
4012348.0,854600.0,6372.0
4012348.0,854600.0,6372.0
4012348.0,854600.0,6372.0
4012348.0,854600.0,6372.0
4012348.0,854600.0,6372.0
4012348.0,854600.0,6372.0
4012008.2667,854697.06667,6586.9333333
4011956.0,854712.0,6620.0
4011956.0,854712.0,6620.0
4011956.0,854712.0,6620.0
4011956.0,854712.0,6620.0
4011956.0,854712.0,6620.0
4011956.0,854712.0,6620.0
4011956.0,854712.0,6620.0
4011956.0,854712.0,6620.0
4011956.0,854712.0,6620.0
4011956.0,854712.0,6620.0
4011956.0,854712.0,6620.0
4011888.5333,854723.73333,6825.3333333
4011864.0,854728.0,6900.0
4011864.0,854728.0,6900.0
4011864.0,854728.0,6900.0
4011864.0,854728.0,6900.0
4011864.0,854728.0,6900.0
4011864.0,854728.0,6900.0
4011864.0,854728.0,6900.0
4011864.0,854728.0,6900.0
4011864.0,854728.0,6900.0
4011864.0,854728.0,6900.0
4011864.0,854728.0,6900.0
4011480.0,854744.0,7098.4
4011384.0,854748.0,7148.0
4011384.0,854748.0,7148.0
4011384.0,854748.0,7148.0
4011384.0,854748.0,7148.0
4011384.0,854748.0,7148.0
4011384.0,854748.0,7148.0
4011384.0,854748.0,7148.0
4011384.0,854748.0,7148.0
4011384.0,854748.0,7148.0
4011384.0,854748.0,7148.0
4011384.0,854748.0,7148.0
4010791.2,854775.73333,7418.4
4010700.0,854780.0,7460.0
4010700.0,854780.0,7460.0
4010700.0,854780.0,7460.0
4010700.0,854780.0,7460.0
4010700.0,854780.0,7460.0
4010700.0,854780.0,7460.0
4010700.0,854780.0,7460.0
4010700.0,854780.0,7460.0
4010700.0,854780.0,7460.0
4010700.0,854780.0,7460.0
4010700.0,854780.0,7460.0
4010690.4,854847.2,7658.4
4010688.0,854864.0,7708.0
4010688.0,854864.0,7708.0
4010688.0,854864.0,7708.0
4010688.0,854864.0,7708.0
4010688.0,854864.0,7708.0
4010688.0,854864.0,7708.0
4010688.0,854864.0,7708.0
4010688.0,854864.0,7708.0
4010688.0,854864.0,7708.0
4010688.0,854864.0,7708.0
4010688.0,854864.0,7708.0
4008373.3333,854881.06667,7853.0666667
4006348.0,854896.0,7980.0
4006348.0,854896.0,7980.0
4006348.0,854896.0,7980.0
4006348.0,854896.0,7980.0
4006348.0,854896.0,7980.0
4006348.0,854896.0,7980.0
4006348.0,854896.0,7980.0
4006348.0,854896.0,7980.0
4006348.0,854896.0,7980.0
4006348.0,854896.0,7980.0
4006348.0,854896.0,7980.0
4006303.2,854907.2,8088.2666667
4006252.0,854920.0,8212.0
4006252.0,854920.0,8212.0
4006252.0,854920.0,8212.0
4006252.0,854920.0,8212.0
4006252.0,854920.0,8212.0
4006252.0,854920.0,8212.0
4006252.0,854920.0,8212.0
4006252.0,854920.0,8212.0
4006252.0,854920.0,8212.0
4006252.0,854920.0,8212.0
4006252.0,854920.0,8212.0
4006071.7333,854927.46667,8293.0666667
4005576.0,854948.0,8516.0
4005576.0,854948.0,8516.0
4005576.0,854948.0,8516.0
4005576.0,854948.0,8516.0
4005576.0,854948.0,8516.0
4005576.0,854948.0,8516.0
4005576.0,854948.0,8516.0
4005576.0,854948.0,8516.0
4005576.0,854948.0,8516.0
4005576.0,854948.0,8516.0
4005576.0,854948.0,8516.0
4005467.7333,854951.73333,8628.0
4005344.0,854956.0,8756.0
4005344.0,854956.0,8756.0
4005344.0,854956.0,8756.0
4005344.0,854956.0,8756.0
4005344.0,854956.0,8756.0
4005344.0,854956.0,8756.0
4005344.0,854956.0,8756.0
4005344.0,854956.0,8756.0
4005344.0,854956.0,8756.0
4005344.0,854956.0,8756.0
4005344.0,854956.0,8756.0
4005448.0,854989.6,8879.2
4005604.0,855040.0,9064.0
4005604.0,855040.0,9064.0
4005604.0,855040.0,9064.0
4005604.0,855040.0,9064.0
4005604.0,855040.0,9064.0
4005604.0,855040.0,9064.0
4005604.0,855040.0,9064.0
4005604.0,855040.0,9064.0
4005604.0,855040.0,9064.0
4005604.0,855040.0,9064.0
4005604.0,855040.0,9064.0
4005328.8,855091.2,9187.7333333
4005088.0,855136.0,9296.0
4005088.0,855136.0,9296.0
4005088.0,855136.0,9296.0
4005088.0,855136.0,9296.0
4005088.0,855136.0,9296.0
4005088.0,855136.0,9296.0
4005088.0,855136.0,9296.0
4005088.0,855136.0,9296.0
4005088.0,855136.0,9296.0
4005088.0,855136.0,9296.0
4005088.0,855136.0,9296.0
4005021.8667,855172.26667,9445.3333333
4004964.0,855204.0,9576.0
4004964.0,855204.0,9576.0
4004964.0,855204.0,9576.0
4004964.0,855204.0,9576.0
4004964.0,855204.0,9576.0
4004964.0,855204.0,9576.0
4004964.0,855204.0,9576.0
4004964.0,855204.0,9576.0
4004964.0,855204.0,9576.0
4004964.0,855204.0,9576.0
4004964.0,855204.0,9576.0
4004657.3333,855217.33333,9725.3333333
6115813.3333,850842.66667,9848.0
7171468.0,848652.0,9872.0
