3832416.0,56556.0,2612.0
2511532.0,292660.0,3620.0
2511532.0,292660.0,3620.0
2511532.0,292660.0,3620.0
2512616.0,292664.0,3692.0
2512616.0,292664.0,3692.0
2512616.0,292664.0,3692.0
2510104.0,292676.0,3756.0
2510104.0,292676.0,3756.0
2492804.0,304620.0,6020.0
2492804.0,304620.0,6020.0
2492804.0,304620.0,6020.0
2494356.0,304628.0,6088.0
2494356.0,304628.0,6088.0
2494356.0,304628.0,6088.0
2494356.0,304628.0,6088.0
2494356.0,304628.0,6088.0
2494356.0,304628.0,6088.0
2494356.0,304628.0,6088.0
2494356.0,304628.0,6088.0
2494356.0,304628.0,6088.0
2494356.0,304628.0,6088.0
2494065.6,304694.4,6114.1333333
2490000.0,305624.0,6480.0
2490000.0,305624.0,6480.0
2490000.0,305624.0,6480.0
2490000.0,305624.0,6480.0
2490000.0,305624.0,6480.0
2490000.0,305624.0,6480.0
2490000.0,305624.0,6480.0
2490000.0,305624.0,6480.0
2490000.0,305624.0,6480.0
2490000.0,305624.0,6480.0
2490000.0,305624.0,6480.0
2489875.7333,305627.73333,6510.9333333
2488968.0,305653.06667,6716.2666667
2487568.0,305668.0,6776.0
2487568.0,305668.0,6776.0
2487332.0,305668.8,6788.8
2486388.0,305672.0,6840.0
2486388.0,305672.0,6840.0
2486388.0,305672.0,6840.0
2486388.0,305672.0,6840.0
2559691.2,305233.86667,6847.4666667
3585936.0,299100.0,6952.0
