7612870.6667,264426.66667,6301.3333333
7652664.0,152476.0,3752.0
6279933.3333,452044.0,3789.3333333
5593568.0,601828.0,3808.0
5593568.0,601828.0,3808.0
5364051.2,609673.6,3848.8
5211040.0,614904.0,3876.0
5211040.0,614904.0,3876.0
5208083.2,614906.4,3900.0
5206112.0,614908.0,3916.0
5204642.6667,614902.66667,3964.0
5203908.0,614900.0,3988.0
5203908.0,614900.0,3988.0
5203908.0,614900.0,3988.0
5203908.0,614900.0,3988.0
5203908.0,614900.0,3988.0
5203030.6667,614950.66667,4073.3333333
5202592.0,614976.0,4116.0
6681125.3333,610592.0,4158.6666667
