16162249.6,55705.6,1988.8
15916880.0,114176.0,3768.0
15916880.0,114176.0,3768.0
15715233.6,137073.6,3780.8
14908648.0,228664.0,3832.0
14908648.0,228664.0,3832.0
14908648.0,228664.0,3832.0
14908648.0,228664.0,3832.0
14908648.0,228664.0,3832.0
14908648.0,228664.0,3832.0
14908648.0,228664.0,3832.0
14908648.0,228664.0,3832.0
14908648.0,228664.0,3832.0
14908648.0,228664.0,3832.0
14906820.0,228680.0,4088.0
14906820.0,228680.0,4088.0
14906820.0,228680.0,4088.0
14906820.0,228680.0,4088.0
14906820.0,228680.0,4088.0
14906820.0,228680.0,4088.0
14903745.067,228711.2,4195.4666667
14903272.0,228716.0,4212.0
14903272.0,228716.0,4212.0
14903272.0,228716.0,4212.0
14903272.0,228716.0,4212.0
14903418.667,228730.66667,4294.1333333
14903472.0,228736.0,4324.0
14903472.0,228736.0,4324.0
14903472.0,228736.0,4324.0
14903472.0,228736.0,4324.0
14903472.0,228736.0,4324.0
14903472.0,228736.0,4324.0
14903472.0,228736.0,4324.0
14766934.133,228738.93333,4476.5333333
14717284.0,228740.0,4532.0
14717284.0,228740.0,4532.0
14715260.0,228790.66667,4574.6666667
14714248.0,228816.0,4596.0
14712962.667,229346.66667,4734.6666667
14712320.0,229612.0,4804.0
14712320.0,229612.0,4804.0
14712320.0,229612.0,4804.0
14712320.0,229612.0,4804.0
14712320.0,229612.0,4804.0
14712320.0,229612.0,4804.0
14712320.0,229612.0,4804.0
14713142.4,229624.8,4957.6
14713348.0,229628.0,4996.0
14713348.0,229628.0,4996.0
14712217.867,229638.4,5051.4666667
14712044.0,229640.0,5060.0
14712044.0,229640.0,5060.0
14712044.0,229640.0,5060.0
14712044.0,229640.0,5060.0
14712044.0,229640.0,5060.0
14712044.0,229640.0,5060.0
14712044.0,229640.0,5060.0
14712044.0,229640.0,5060.0
14712044.0,229640.0,5060.0
14712044.0,229640.0,5060.0
14712044.0,229640.0,5060.0
14712047.733,229647.46667,5298.9333333
14712048.0,229648.0,5316.0
14712048.0,229648.0,5316.0
14712048.0,229648.0,5316.0
14628256.0,229676.0,5428.0
14628256.0,229676.0,5428.0
14628256.0,229676.0,5428.0
14628256.0,229676.0,5428.0
14628256.0,229676.0,5428.0
14628256.0,229676.0,5428.0
14628256.0,229676.0,5428.0
14628256.0,229676.0,5428.0
14628256.0,229676.0,5428.0
14628256.0,229676.0,5428.0
14628256.0,229676.0,5428.0
14628171.467,229676.8,5444.5333333
14626988.0,229688.0,5676.0
14626988.0,229688.0,5676.0
14626988.0,229688.0,5676.0
14626387.467,229997.86667,5738.4
14622484.0,232012.0,6144.0
14622484.0,232012.0,6144.0
14622484.0,232012.0,6144.0
14622484.0,232012.0,6144.0
14622484.0,232012.0,6144.0
14622484.0,232012.0,6144.0
14622484.0,232012.0,6144.0
14622484.0,232012.0,6144.0
14622484.0,232012.0,6144.0
14622484.0,232012.0,6144.0
14622484.0,232012.0,6144.0
14622484.0,232012.0,6144.0
14622048.0,232009.33333,6224.0
14621176.0,232004.0,6384.0
14621176.0,232004.0,6384.0
14621176.0,232004.0,6384.0
14621176.0,232004.0,6384.0
14621176.0,232004.0,6384.0
14621176.0,232004.0,6384.0
14621176.0,232004.0,6384.0
14621176.0,232004.0,6384.0
14621176.0,232004.0,6384.0
14621176.0,232004.0,6384.0
14621198.667,232014.66667,6485.3333333
14621244.0,232036.0,6688.0
14621244.0,232036.0,6688.0
14621244.0,232036.0,6688.0
14621244.0,232036.0,6688.0
14621244.0,232036.0,6688.0
14590530.4,232040.8,6736.0
14544460.0,232048.0,6808.0
14544460.0,232048.0,6808.0
14544460.0,232048.0,6808.0
14544460.0,232048.0,6808.0
14544460.0,232048.0,6808.0
14544460.0,232048.0,6808.0
14544460.0,232048.0,6808.0
14544460.0,232048.0,6808.0
14544460.0,232048.0,6808.0
14544460.0,232048.0,6808.0
14544460.0,232048.0,6808.0
14544297.867,232090.66667,6869.8666667
14518341.6,232212.26667,7052.8
14448188.0,232224.0,7088.0
14448188.0,232224.0,7088.0
14448188.0,232224.0,7088.0
14448188.0,232224.0,7088.0
14448188.0,232224.0,7088.0
14448188.0,232224.0,7088.0
14448188.0,232224.0,7088.0
14448188.0,232224.0,7088.0
14448188.0,232224.0,7088.0
14448188.0,232224.0,7088.0
14448188.0,232224.0,7088.0
14447692.0,232231.46667,7148.8
14446328.0,232252.0,7316.0
14446328.0,232252.0,7316.0
14446328.0,232252.0,7316.0
14446328.0,232252.0,7316.0
14446328.0,232252.0,7316.0
14446328.0,232252.0,7316.0
14446328.0,232252.0,7316.0
14446328.0,232252.0,7316.0
14446328.0,232252.0,7316.0
14446328.0,232252.0,7316.0
14446328.0,232252.0,7316.0
14445779.2,232258.4,7444.0
14444956.0,232268.0,7636.0
14444956.0,232268.0,7636.0
14444956.0,232268.0,7636.0
14444956.0,232268.0,7636.0
14444956.0,232268.0,7636.0
14444956.0,232268.0,7636.0
14444956.0,232268.0,7636.0
