vda,20.40,0.09,0.00,0,0
vda,8.40,0.02,0.01,0,0
vda,83.80,0.14,0.20,0,1
vda,2.40,0.00,0.01,0,0
vda,1.20,0.00,0.00,0,0
vda,1.20,0.00,0.00,0,0
vda,334.00,13.57,0.19,67,0
vda,170.40,14.30,0.02,71,0
vda,128.60,13.44,0.01,67,0
vda,92.00,11.20,0.01,56,0
vda,92.80,11.45,0.00,57,0
vda,130.00,15.97,0.01,79,0
vda,121.80,14.75,0.02,73,0
vda,87.80,8.23,1.36,41,6
vda,18.60,1.10,0.04,5,0
vda,53.40,0.00,0.21,0,1
vda,1.20,0.00,0.00,0,0
vda,2.20,0.00,0.01,0,0
vda,49.20,0.00,0.21,0,1
vda,0.20,0.00,0.00,0,0
vda,1.80,0.00,0.01,0,0
vda,78.00,0.00,0.31,0,1
vda,0.20,0.00,0.00,0,0
vda,1.20,0.00,0.00,0,0
vda,46.80,0.00,0.19,0,0
vda,1.40,0.00,0.01,0,0
vda,13.40,0.00,0.06,0,0
vda,2.20,0.00,0.01,0,0
vda,40.80,0.00,0.17,0,0
vda,2.00,0.00,0.01,0,0
vda,57.00,0.00,0.23,0,1
vda,1.20,0.00,0.00,0,0
vda,1.20,0.00,0.00,0,0
vda,77.60,0.00,0.31,0,1
vda,0.20,0.00,0.00,0,0
vda,1.20,0.00,0.00,0,0
vda,47.40,0.00,0.19,0,0
vda,1.60,0.00,0.01,0,0
vda,13.80,0.00,0.06,0,0
vda,2.20,0.00,0.01,0,0
vda,40.60,0.00,0.17,0,0
vda,2.60,0.00,0.01,0,0
vda,2.60,0.00,0.01,0,0
vda,53.20,0.00,0.22,0,1
vda,1.60,0.00,0.01,0,0
vda,70.80,0.00,0.29,0,1
vda,0.80,0.00,0.00,0,0
vda,1.40,0.00,0.00,0,0
vda,49.00,0.00,0.20,0,1
vda,2.80,0.00,0.01,0,0
vda,1.40,0.00,0.00,0,0
vda,220.00,2.12,0.28,10,1
vda,3.40,0.00,0.01,0,0
vda,10.40,0.74,0.00,3,0
vda,50.20,0.00,0.21,0,1
vda,2.00,0.00,0.01,0,0
vda,1.20,0.00,0.00,0,0
vda,70.60,0.00,0.28,0,1
vda,2.60,0.00,0.01,0,0
vda,2.40,0.00,0.01,0,0
vda,55.40,0.00,0.22,0,1
vda,0.20,0.00,0.00,0,0
vda,1.40,0.00,0.00,0,0
vda,47.60,0.00,0.19,0,0
vda,2.40,0.00,0.01,0,0
vda,1.40,0.00,0.01,0,0
vda,35.60,0.00,0.14,0,0
vda,29.40,0.14,0.05,0,0
vda,19.80,0.07,0.01,0,0
vda,108.20,0.00,0.43,0,2
vda,0.00,0.00,0.00,0,0
vda,1.20,0.00,0.00,0,0
vda,48.80,0.00,0.20,0,1
vda,0.80,0.00,0.00,0,0
vda,1.40,0.00,0.00,0,0
vda,47.60,0.00,0.20,0,0
vda,0.80,0.00,0.00,0,0
vda,4.80,0.00,0.02,0,0
vda,53.40,0.00,0.22,0,1
vda,1.20,0.00,0.00,0,0
vda,1.20,0.00,0.00,0,0
vda,71.00,0.00,0.28,0,1
vda,0.00,0.00,0.00,0,0
vda,1.20,0.00,0.00,0,0
vda,47.60,0.00,0.19,0,0
vda,1.80,0.00,0.01,0,0
vda,2.80,0.00,0.01,0,0
vda,2.60,0.00,0.01,0,0
vda,0.00,0.00,0.00,0,0
vda,1.20,0.00,0.00,0,0
vda,1.60,0.00,0.01,0,0
vda,15.40,0.00,0.06,0,0
vda,42.40,0.00,0.17,0,0
vda,1.40,0.00,0.01,0,0
vda,2.00,0.00,0.01,0,0
vda,69.60,0.00,0.28,0,1
vda,4.20,0.00,0.02,0,0
vda,1.80,0.00,0.01,0,0
vda,52.60,0.00,0.22,0,1
vda,1.80,0.00,0.01,0,0
vda,2.00,0.00,0.01,0,0
vda,46.60,0.00,0.19,0,0
vda,1.40,0.00,0.01,0,0
vda,2.00,0.00,0.01,0,0
vda,40.80,0.00,0.17,0,0
vda,4.20,0.00,0.02,0,0
vda,1.60,0.00,0.01,0,0
vda,76.20,0.00,0.31,0,1
vda,1.60,0.00,0.01,0,0
vda,3.80,0.00,0.01,0,0
vda,45.60,0.00,0.19,0,0
vda,1.40,0.00,0.01,0,0
vda,2.20,0.00,0.01,0,0
vda,47.00,0.00,0.19,0,0
vda,1.40,0.00,0.01,0,0
vda,2.00,0.00,0.01,0,0
vda,36.60,0.00,0.15,0,0
vda,23.60,0.00,0.10,0,0
vda,0.00,0.00,0.00,0,0
vda,70.80,0.00,0.29,0,1
vda,1.40,0.00,0.01,0,0
vda,2.00,0.00,0.01,0,0
vda,1.40,0.00,0.00,0,0
vda,46.40,0.00,0.19,0,0
vda,2.20,0.00,0.01,0,0
vda,40.60,0.00,0.17,0,0
vda,1.60,0.00,0.01,0,0
vda,4.00,0.00,0.02,0,0
vda,1.60,0.00,0.01,0,0
vda,0.20,0.00,0.00,0,0
vda,2.20,0.00,0.01,0,0
vda,1.00,0.00,0.00,0,0
vda,77.80,0.00,0.32,0,1
vda,2.40,0.00,0.01,0,0
vda,1.20,0.00,0.00,0,0
vda,1.20,0.00,0.00,0,0
vda,56.20,0.00,0.23,0,1
vda,0.00,0.00,0.00,0,0
vda,1.80,0.00,0.01,0,0
vda,28.00,0.00,0.12,0,0
vda,27.60,0.00,0.11,0,0
vda,1.60,0.00,0.00,0,0
vda,2.00,0.00,0.01,0,0
vda,70.00,0.00,0.28,0,1
vda,2.00,0.00,0.01,0,0
vda,2.00,0.00,0.01,0,0
vda,47.40,0.00,0.19,0,0
vda,2.80,0.00,0.01,0,0
vda,2.40,0.00,0.01,0,0
vda,54.80,0.00,0.23,0,1
vda,1.80,0.00,0.01,0,0
vda,2.20,0.00,0.01,0,0
vda,45.40,0.00,0.19,0,0
vda,1.60,0.00,0.01,0,0
vda,2.00,0.00,0.01,0,0
vda,69.60,0.00,0.28,0,1
vda,2.60,0.00,0.01,0,0
vda,2.40,0.00,0.01,0,0
vda,1.20,0.00,0.00,0,0
vda,1.20,0.00,0.00,0,0
vda,2.20,0.00,0.01,0,0
vda,0.40,0.00,0.00,0,0
vda,21.20,0.00,0.09,0,0
vda,34.80,0.00,0.14,0,0
vda,1.20,0.00,0.00,0,0
vda,2.60,0.00,0.01,0,0
vda,2.60,0.00,0.01,0,0
vda,76.20,0.00,0.31,0,1
vda,1.60,0.00,0.01,0,0
vda,2.00,0.00,0.01,0,0
vda,46.40,0.00,0.19,0,0
vda,1.60,0.00,0.01,0,0
vda,2.20,0.00,0.01,0,0
vda,47.00,0.00,0.19,0,0
vda,3.20,0.00,0.01,0,0
vda,2.40,0.00,0.01,0,0
vda,9.40,0.00,0.04,0,0
vda,2.20,0.00,0.01,0,0
vda,69.80,0.00,0.28,0,1
vda,1.40,0.00,0.01,0,0
vda,1.40,0.00,0.01,0,0
vda,2.20,0.00,0.01,0,0
vda,2.20,0.00,0.01,0,0
vda,2.60,0.00,0.01,0,0
vda,0.40,0.00,0.00,0,0
vda,14.40,0.00,0.06,0,0
vda,33.80,0.00,0.14,0,0
vda,2.20,0.00,0.01,0,0
vda,12.40,0.00,0.05,0,0
vda,2.20,0.00,0.01,0,0
vda,2.40,0.00,0.01,0,0
vda,3.40,0.00,0.01,0,0
vda,3.80,0.00,0.01,0,0
vda,23.20,0.00,0.09,0,0
vda,2.00,0.00,0.01,0,0
vda,69.60,0.00,0.28,0,1
vda,2.60,0.00,0.01,0,0
vda,7.80,0.00,0.03,0,0
vda,1.40,0.00,0.00,0,0
vda,6.00,0.00,0.03,0,0
vda,19.00,0.00,0.07,0,0
vda,0.00,0.00,0.00,0,0
vda,2.40,0.00,0.01,0,0
vda,1.40,0.00,0.01,0,0
vda,51.40,0.00,0.20,0,1
vda,9.20,0.00,0.04,0,0
vda,3.00,0.00,0.01,0,0
vda,1.20,0.00,0.00,0,0
vda,14.00,0.00,0.05,0,0
vda,1.40,0.00,0.01,0,0
vda,3.80,0.00,0.01,0,0
vda,1.60,0.00,0.01,0,0
vda,0.00,0.00,0.00,0,0
vda,54.00,0.00,0.22,0,1
vda,1.60,0.00,0.01,0,0
vda,19.00,0.00,0.07,0,0
vda,7.20,0.00,0.03,0,0
vda,2.40,0.00,0.01,0,0
vda,0.20,0.00,0.00,0,0
vda,2.20,0.00,0.01,0,0
vda,3.00,0.00,0.01,0,0
vda,3.20,0.00,0.01,0,0
vda,35.40,0.00,0.14,0,0
vda,12.80,0.00,0.05,0,0
vda,0.00,0.00,0.00,0,0
vda,1.20,0.00,0.00,0,0
vda,9.80,0.00,0.04,0,0
vda,1.80,0.00,0.01,0,0
vda,0.60,0.00,0.00,0,0
vda,2.20,0.00,0.01,0,0
vda,19.80,0.00,0.08,0,0
vda,53.20,0.00,0.21,0,1
vda,0.60,0.00,0.00,0,0
vda,0.80,0.00,0.00,0,0
vda,2.60,0.00,0.01,0,0
vda,3.20,0.00,0.01,0,0
vda,7.00,0.00,0.03,0,0
vda,70.20,0.00,0.28,0,1
vda,2.40,0.00,0.01,0,0
vda,0.00,0.00,0.00,0,0
vda,1.20,0.00,0.00,0,0
vda,3.40,0.00,0.01,0,0
vda,9.00,0.00,0.04,0,0
vda,47.60,0.00,0.19,0,0
vda,2.40,0.00,0.01,0,0
vda,0.00,0.00,0.00,0,0
vda,46.40,0.00,0.19,0,0
vda,2.40,0.00,0.01,0,0
vda,0.80,0.00,0.00,0,0
vda,69.80,0.00,0.28,0,1
vda,4.40,0.00,0.02,0,0
vda,1.60,0.00,0.01,0,0
vda,0.00,0.00,0.00,0,0
vda,2.20,0.00,0.01,0,0
vda,0.00,0.00,0.00,0,0
vda,1.60,0.00,0.01,0,0
vda,11.00,0.00,0.05,0,0
vda,46.60,0.00,0.19,0,0
vda,3.00,0.00,0.01,0,0
vda,0.00,0.00,0.00,0,0
vda,53.00,0.00,0.21,0,1
vda,4.20,0.00,0.02,0,0
vda,1.60,0.00,0.01,0,0
vda,0.00,0.00,0.00,0,0
vda,1.20,0.00,0.00,0,0
vda,2.20,0.00,0.01,0,0
vda,1.00,0.00,0.01,0,0
vda,72.20,0.00,0.29,0,1
vda,2.20,0.00,0.01,0,0
vda,0.60,0.00,0.00,0,0
vda,1.20,0.00,0.00,0,0
vda,3.40,0.00,0.01,0,0
vda,2.00,0.00,0.01,0,0
vda,2.40,0.00,0.01,0,0
vda,1.40,0.00,0.01,0,0
vda,18.00,0.00,0.07,0,0
vda,51.80,0.00,0.21,0,1
vda,9.40,0.00,0.04,0,0
vda,1.60,0.00,0.01,0,0
vda,2.40,0.00,0.01,0,0
vda,1.40,0.00,0.01,0,0
vda,2.60,0.00,0.01,0,0
vda,12.60,0.00,0.05,0,0
vda,1.80,0.00,0.01,0,0
vda,1.60,0.00,0.01,0,0
vda,51.00,0.00,0.20,0,1
vda,9.80,0.00,0.04,0,0
vda,0.00,0.00,0.00,0,0
vda,1.80,0.00,0.01,0,0
vda,6.40,0.00,0.03,0,0
vda,19.40,0.00,0.08,0,0
vda,2.79,0.00,0.01,0,0
vda,0.00,0.00,0.00,0,0
vda,0.80,0.00,0.00,0,0
vda,34.20,0.00,0.14,0,0
vda,9.80,0.00,0.04,0,0
vda,2.80,0.00,0.01,0,0
vda,17.40,0.00,0.07,0,0
vda,2.80,0.00,0.01,0,0
vda,0.00,0.00,0.00,0,0
vda,3.80,0.00,0.01,0,0
vda,2.60,0.00,0.01,0,0
vda,0.60,0.00,0.00,0,0
vda,53.80,0.00,0.21,0,1
vda,2.20,0.00,0.01,0,0
vda,18.80,0.00,0.07,0,0
vda,1.20,0.00,0.00,0,0
vda,2.40,0.00,0.01,0,0
vda,2.60,0.00,0.01,0,0
vda,1.80,0.00,0.01,0,0
vda,17.20,0.00,0.08,0,0
vda,0.00,0.00,0.00,0,0
vda,91.80,0.00,0.36,0,1
vda,2.20,0.00,0.01,0,0
vda,2.00,0.00,0.01,0,0
vda,1.00,0.00,0.00,0,0
vda,2.60,0.00,0.01,0,0
vda,1.80,0.00,0.01,0,0
vda,1.40,0.00,0.01,0,0
vda,4.40,0.00,0.02,0,0
vda,19.20,0.00,0.07,0,0
vda,50.60,0.00,0.20,0,1
vda,2.40,0.00,0.01,0,0
vda,1.40,0.00,0.01,0,0
vda,0.60,0.00,0.00,0,0
vda,10.20,0.00,0.05,0,0
vda,1.40,0.00,0.00,0,0
vda,12.80,0.00,0.05,0,0
vda,2.20,0.00,0.01,0,0
vda,1.20,0.00,0.00,0,0
vda,34.80,0.00,0.14,0,0
vda,2.60,0.00,0.01,0,0
vda,2.00,0.00,0.01,0,0
vda,1.40,0.00,0.01,0,0
vda,2.20,0.00,0.01,0,0
vda,25.00,0.00,0.10,0,0
vda,1.40,0.00,0.01,0,0
vda,2.40,0.00,0.01,0,0
vda,1.00,0.00,0.00,0,0
vda,52.00,0.00,0.21,0,1
vda,2.20,0.00,0.01,0,0
vda,2.00,0.00,0.01,0,0
vda,13.00,0.00,0.05,0,0
vda,2.40,0.00,0.01,0,0
vda,0.80,0.00,0.00,0,0
vda,1.80,0.00,0.01,0,0
vda,2.40,0.00,0.01,0,0
vda,8.80,0.00,0.04,0,0
vda,1.20,0.00,0.00,0,0
vda,52.40,0.00,0.21,0,1
vda,2.60,0.00,0.01,0,0
vda,20.40,0.00,0.08,0,0
vda,0.00,0.00,0.00,0,0
vda,1.40,0.00,0.01,0,0
vda,3.40,0.00,0.02,0,0
vda,1.80,0.00,0.01,0,0
vda,0.00,0.00,0.00,0,0
vda,8.60,0.00,0.04,0,0
vda,70.20,0.00,0.28,0,1
vda,1.20,0.00,0.00,0,0
vda,1.20,0.00,0.00,0,0
vda,5.00,0.00,0.03,0,0
vda,0.20,0.00,0.00,0,0
vda,2.00,0.00,0.01,0,0
vda,2.40,0.00,0.01,0,0
vda,0.20,0.00,0.00,0,0
vda,12.60,0.00,0.05,0,0
vda,34.80,0.00,0.14,0,0
vda,9.60,0.00,0.05,0,0
vda,2.00,0.00,0.01,0,0
vda,2.20,0.00,0.01,0,0
vda,1.20,0.00,0.00,0,0
vda,4.80,0.00,0.02,0,0
vda,17.20,0.00,0.07,0,0
vda,1.60,0.00,0.01,0,0
vda,1.60,0.00,0.01,0,0
vda,54.20,0.00,0.22,0,1
vda,1.00,0.00,0.00,0,0
vda,1.20,0.00,0.00,0,0
vda,11.20,0.00,0.04,0,0
vda,11.40,0.00,0.05,0,0
vda,1.80,0.00,0.01,0,0
vda,2.40,0.00,0.01,0,0
vda,2.80,0.00,0.01,0,0
vda,1.80,0.00,0.01,0,0
vda,52.60,0.00,0.21,0,1
vda,7.20,0.00,0.03,0,0
vda,19.00,0.00,0.07,0,0
vda,2.40,0.00,0.01,0,0
vda,0.00,0.00,0.00,0,0
vda,1.20,0.00,0.00,0,0
vda,3.00,0.00,0.01,0,0
vda,0.00,0.00,0.00,0,0
vda,1.80,0.00,0.01,0,0
vda,71.00,0.00,0.28,0,1
vda,1.20,0.00,0.00,0,0
vda,1.20,0.00,0.00,0,0
vda,2.20,0.00,0.01,0,0
vda,1.20,0.00,0.01,0,0
vda,1.60,0.00,0.01,0,0
vda,9.60,0.00,0.04,0,0
vda,1.80,0.00,0.01,0,0
vda,13.00,0.00,0.05,0,0
vda,35.60,0.00,0.14,0,0
vda,1.00,0.00,0.00,0,0
vda,3.60,0.00,0.02,0,0
vda,2.40,0.00,0.01,0,0
vda,0.20,0.00,0.00,0,0
vda,1.20,0.00,0.00,0,0
vda,2.00,0.00,0.01,0,0
vda,25.40,0.00,0.10,0,0
vda,1.60,0.00,0.01,0,0
vda,53.80,0.00,0.22,0,1
vda,2.60,0.00,0.01,0,0
vda,1.60,0.00,0.01,0,0
vda,2.20,0.00,0.01,0,0
vda,0.00,0.00,0.00,0,0
vda,18.80,0.00,0.07,0,0
vda,2.60,0.00,0.01,0,0
vda,0.00,0.00,0.00,0,0
vda,9.00,0.00,0.04,0,0
vda,52.40,0.00,0.21,0,1
vda,3.20,0.00,0.01,0,0
vda,0.40,0.00,0.00,0,0
vda,14.00,0.00,0.05,0,0
vda,1.40,0.00,0.01,0,0
vda,1.40,0.00,0.00,0,0
vda,3.20,0.00,0.01,0,0
vda,0.20,0.00,0.00,0,0
vda,14.80,0.00,0.06,0,0
vda,69.80,0.00,0.28,0,1
vda,1.20,0.00,0.00,0,0
vda,24.80,0.00,0.10,0,0
vda,2.80,0.00,0.01,0,0
vda,2.80,0.00,0.01,0,0
vda,3.60,0.00,0.01,0,0
vda,2.20,0.00,0.01,0,0
vda,0.00,0.00,0.00,0,0
vda,1.20,0.00,0.00,0,0
vda,53.00,0.00,0.21,0,1
vda,1.40,0.00,0.01,0,0
vda,3.60,0.00,0.02,0,0
vda,5.00,0.00,0.02,0,0
vda,9.00,0.00,0.04,0,0
vda,1.20,0.00,0.00,0,0
vda,2.20,0.00,0.01,0,0
vda,0.00,0.00,0.00,0,0
vda,19.00,0.00,0.07,0,0
vda,53.80,0.00,0.22,0,1
vda,1.40,0.00,0.01,0,0
vda,1.20,0.00,0.00,0,0
vda,2.00,0.00,0.01,0,0
vda,3.80,0.00,0.01,0,0
vda,2.20,0.00,0.01,0,0
vda,19.40,0.00,0.08,0,0
vda,1.20,0.00,0.01,0,0
vda,1.40,0.00,0.01,0,0
vda,52.40,0.00,0.21,0,1
vda,7.80,0.00,0.03,0,0
vda,1.80,0.00,0.01,0,0
vda,2.20,0.00,0.01,0,0
vda,1.80,0.00,0.01,0,0
vda,12.20,0.00,0.05,0,0
vda,2.80,0.00,0.01,0,0
vda,1.80,0.00,0.01,0,0
vda,3.00,0.00,0.01,0,0
vda,50.20,0.00,0.20,0,1
vda,1.20,0.00,0.00,0,0
vda,9.58,0.00,0.04,0,0
vda,18.60,0.00,0.08,0,0
vda,1.40,0.00,0.01,0,0
vda,1.60,0.00,0.01,0,0
vda,4.20,0.00,0.02,0,0
vda,0.20,0.00,0.00,0,0
vda,1.60,0.00,0.01,0,0
vda,34.80,0.00,0.14,0,0
vda,14.00,0.00,0.06,0,0
vda,1.80,0.00,0.01,0,0
vda,2.40,0.00,0.01,0,0
vda,8.20,0.00,0.03,0,0
vda,1.40,0.00,0.00,0,0
vda,2.00,0.00,0.01,0,0
vda,1.20,0.00,0.00,0,0
vda,21.00,0.00,0.09,0,0
vda,53.40,0.00,0.21,0,1
vda,0.60,0.00,0.00,0,0
vda,2.20,0.00,0.01,0,0
vda,0.00,0.00,0.00,0,0
vda,1.40,0.00,0.00,0,0
vda,9.00,0.00,0.04,0,0
vda,19.60,0.00,0.08,0,0
vda,5.80,0.00,0.03,0,0
vda,2.40,0.00,0.01,0,0
vda,50.20,0.00,0.20,0,1
vda,1.20,0.00,0.00,0,0
vda,1.80,0.00,0.01,0,0
vda,2.20,0.00,0.01,0,0
vda,1.20,0.00,0.00,0,0
vda,21.60,0.00,0.09,0,0
vda,2.00,0.00,0.01,0,0
vda,2.60,0.00,0.01,0,0
vda,3.20,0.00,0.01,0,0
vda,50.20,0.00,0.20,0,1
vda,1.20,0.00,0.00,0,0
vda,1.20,0.00,0.00,0,0
vda,20.80,0.00,0.08,0,0
vda,8.20,0.00,0.03,0,0
vda,1.80,0.00,0.01,0,0
vda,2.20,0.00,0.01,0,0
vda,1.20,0.00,0.00,0,0
vda,37.80,0.00,0.15,0,0
vda,1.60,0.00,0.01,0,0
vda,10.60,0.00,0.05,0,0
vda,70.40,0.00,0.28,0,1
vda,0.80,0.00,0.00,0,0
vda,1.20,0.00,0.00,0,0
vda,45.20,0.00,0.18,0,0
vda,3.00,0.00,0.01,0,0
vda,2.60,0.00,0.01,0,0
vda,55.40,0.00,0.22,0,1
vda,3.00,0.00,0.01,0,0
vda,1.00,0.00,0.00,0,0
vda,13.20,0.00,0.05,0,0
vda,2.40,0.00,0.01,0,0
vda,52.20,0.00,0.21,0,1
vda,1.40,0.00,0.01,0,0
vda,2.20,0.00,0.01,0,0
vda,65.40,0.00,0.26,0,1
vda,0.00,0.00,0.00,0,0
vda,2.60,0.00,0.01,0,0
vda,54.40,0.00,0.22,0,1
vda,0.00,0.00,0.00,0,0
vda,2.20,0.00,0.01,0,0
vda,47.40,0.00,0.19,0,0
vda,1.40,0.00,0.01,0,0
vda,2.20,0.00,0.01,0,0
vda,51.20,0.00,0.21,0,1
vda,1.40,0.00,0.01,0,0
vda,3.00,0.00,0.01,0,0
vda,71.40,0.00,0.29,0,1
vda,0.20,0.00,0.00,0,0
vda,2.20,0.00,0.01,0,0
vda,47.00,0.00,0.19,0,0
vda,2.40,0.00,0.01,0,0
vda,0.00,0.00,0.00,0,0
vda,41.20,0.00,0.17,0,0
vda,2.00,0.00,0.01,0,0
vda,3.80,0.00,0.01,0,0
vda,57.00,0.00,0.23,0,1
vda,0.40,0.00,0.00,0,0
vda,2.20,0.00,0.01,0,0
vda,32.00,0.00,0.13,0,0
vda,72.60,0.00,0.29,0,1
vda,1.20,0.00,0.00,0,0
vda,0.00,0.00,0.00,0,0
vda,47.20,0.00,0.19,0,0
vda,2.20,0.00,0.01,0,0
vda,2.60,0.00,0.01,0,0
vda,54.60,0.00,0.22,0,1
vda,34.20,0.48,0.01,2,0
vda,1.60,0.00,0.01,0,0
vda,99.60,0.00,0.43,0,2
vda,0.20,0.00,0.00,0,0
vda,1.20,0.00,0.00,0,0
vda,47.20,0.00,0.19,0,0
vda,2.20,0.00,0.01,0,0
vda,2.59,0.00,0.01,0,0
vda,55.00,0.00,0.22,0,1
vda,1.40,0.00,0.01,0,0
vda,0.00,0.00,0.00,0,0
vda,47.00,0.00,0.19,0,0
vda,2.20,0.00,0.01,0,0
vda,1.20,0.00,0.00,0,0
vda,8.80,0.02,0.05,0,0
vda,74.60,0.00,0.30,0,1
vda,4.80,0.00,0.02,0,0
vda,2.00,0.00,0.01,0,0
vda,56.20,0.00,0.23,0,1
vda,1.80,0.00,0.01,0,0
vda,0.00,0.00,0.00,0,0
vda,2.20,0.00,0.01,0,0
vda,1.20,0.00,0.00,0,0
vda,1.20,0.00,0.00,0,0
vda,4.20,0.00,0.02,0,0
vda,1.60,0.00,0.01,0,0
vda,77.40,0.00,0.31,0,1
vda,2.40,0.00,0.01,0,0
vda,0.00,0.00,0.00,0,0
vda,1.40,0.00,0.01,0,0
vda,2.40,0.00,0.01,0,0
vda,1.40,0.00,0.01,0,0
vda,1.40,0.00,0.01,0,0
vda,13.80,0.00,0.06,0,0
vda,2.40,0.00,0.01,0,0
vda,36.00,0.00,0.14,0,0
vda,1.80,0.00,0.01,0,0
vda,1.00,0.00,0.00,0,0
vda,2.20,0.00,0.01,0,0
vda,0.20,0.00,0.00,0,0
vda,9.60,0.00,0.04,0,0
vda,18.20,0.00,0.07,0,0
vda,4.60,0.00,0.02,0,0
vda,0.20,0.00,0.00,0,0
vda,52.20,0.00,0.21,0,1
vda,2.20,0.00,0.01,0,0
vda,0.40,0.00,0.00,0,0
vda,3.40,0.00,0.01,0,0
vda,20.40,0.00,0.08,0,0
vda,1.60,0.00,0.01,0,0
vda,2.40,0.00,0.01,0,0
vda,0.00,0.00,0.00,0,0
vda,70.00,0.00,0.28,0,1
vda,2.80,0.00,0.01,0,0
vda,1.00,0.00,0.00,0,0
vda,1.60,0.00,0.01,0,0
vda,0.20,0.00,0.00,0,0
vda,2.20,0.00,0.01,0,0
vda,1.60,0.00,0.01,0,0
vda,53.80,0.00,0.22,0,1
vda,2.60,0.00,0.01,0,0
vda,0.00,0.00,0.00,0,0
vda,1.20,0.00,0.00,0,0
vda,2.80,0.00,0.01,0,0
vda,2.00,0.00,0.01,0,0
vda,2.40,0.00,0.01,0,0
vda,17.00,0.00,0.07,0,0
vda,2.60,0.00,0.01,0,0
vda,53.00,0.00,0.21,0,1
vda,7.20,0.00,0.03,0,0
vda,1.60,0.00,0.01,0,0
vda,3.20,0.00,0.01,0,0
vda,1.60,0.00,0.01,0,0
vda,0.40,0.00,0.00,0,0
vda,18.80,0.00,0.07,0,0
vda,4.20,0.00,0.02,0,0
vda,1.60,0.00,0.01,0,0
vda,59.80,0.00,0.24,0,1
vda,1.40,0.00,0.01,0,0
vda,0.00,0.00,0.00,0,0
vda,56.40,0.00,0.22,0,1
vda,0.00,0.00,0.00,0,0
vda,1.60,0.00,0.01,0,0
vda,51.80,0.00,0.21,0,1
vda,4.40,0.00,0.02,0,0
vda,0.00,0.00,0.00,0,0
vda,70.80,0.00,0.28,0,1
vda,0.80,0.00,0.00,0,0
vda,1.20,0.00,0.00,0,0
vda,47.40,0.00,0.19,0,0
vda,4.00,0.00,0.02,0,0
vda,1.60,0.00,0.01,0,0
vda,55.00,0.00,0.22,0,1
vda,1.40,0.00,0.01,0,0
vda,0.00,0.00,0.00,0,0
vda,28.00,0.00,0.11,0,0
vda,20.40,0.00,0.08,0,0
vda,1.40,0.00,0.00,0,0
vda,70.60,0.00,0.28,0,1
vda,0.80,0.00,0.00,0,0
vda,3.20,0.00,0.01,0,0
vda,55.80,0.00,0.23,0,1
vda,2.20,0.00,0.01,0,0
vda,0.20,0.00,0.00,0,0
vda,48.20,0.00,0.20,0,0
vda,0.80,0.00,0.00,0,0
vda,1.20,0.00,0.00,0,0
vda,28.00,0.00,0.11,0,0
vda,22.60,0.00,0.09,0,0
vda,1.80,0.00,0.01,0,0
vda,0.00,0.00,0.00,0,0
vda,2.00,0.00,0.01,0,0
vda,1.20,0.00,0.00,0,0
vda,1.60,0.00,0.01,0,0
vda,38.60,0.00,0.16,0,0
vda,1.20,0.00,0.00,0,0
vda,69.60,0.00,0.27,0,1
vda,2.00,0.00,0.01,0,0
vda,2.40,0.00,0.01,0,0
vda,2.20,0.00,0.01,0,0
vda,2.20,0.00,0.01,0,0
vda,2.60,0.00,0.02,0,0
vda,18.80,0.00,0.07,0,0
vda,7.00,0.00,0.03,0,0
vda,1.40,0.00,0.01,0,0
vda,51.00,0.00,0.20,0,1
vda,2.60,0.00,0.01,0,0
vda,1.20,0.00,0.00,0,0
vda,3.40,0.00,0.01,0,0
vda,14.40,0.00,0.06,0,0
vda,1.20,0.00,0.00,0,0
vda,0.40,0.00,0.00,0,0
vda,2.60,0.00,0.01,0,0
vda,1.20,0.00,0.00,0,0
vda,58.60,0.00,0.23,0,1
vda,2.60,0.00,0.01,0,0
vda,1.80,0.00,0.01,0,0
vda,19.00,0.00,0.07,0,0
vda,2.80,0.00,0.01,0,0
vda,1.20,0.00,0.00,0,0
vda,0.20,0.00,0.00,0,0
vda,2.20,0.00,0.01,0,0
vda,8.40,0.00,0.03,0,0
vda,35.00,0.00,0.14,0,0
vda,19.00,0.00,0.07,0,0
vda,1.20,0.00,0.00,0,0
vda,0.00,0.00,0.00,0,0
vda,4.20,0.00,0.02,0,0
vda,0.00,0.00,0.00,0,0
vda,1.60,0.00,0.01,0,0
vda,13.00,0.00,0.05,0,0
vda,1.20,0.00,0.00,0,0
vda,61.40,0.00,0.24,0,1
vda,2.20,0.00,0.01,0,0
vda,1.20,0.00,0.00,0,0
vda,5.80,0.00,0.02,0,0
vda,0.40,0.00,0.00,0,0
vda,4.20,0.00,0.02,0,0
vda,0.00,0.00,0.00,0,0
vda,18.80,0.00,0.07,0,0
vda,1.20,0.00,0.00,0,0
vda,60.40,0.00,0.24,0,1
vda,0.20,0.00,0.00,0,0
vda,1.60,0.00,0.01,0,0
vda,0.00,0.00,0.00,0,0
vda,3.00,0.00,0.01,0,0
vda,12.00,0.00,0.05,0,0
vda,2.60,0.00,0.01,0,0
vda,2.60,0.00,0.01,0,0
vda,1.20,0.00,0.00,0,0
vda,53.20,0.00,0.21,0,1
vda,0.20,0.00,0.00,0,0
vda,10.00,0.00,0.04,0,0
vda,2.40,0.00,0.01,0,0
vda,16.80,0.00,0.07,0,0
vda,1.40,0.00,0.01,0,0
vda,1.40,0.00,0.00,0,0
vda,3.40,0.00,0.01,0,0
vda,1.60,0.00,0.01,0,0
vda,33.80,0.00,0.13,0,0
vda,2.40,0.00,0.01,0,0
vda,2.60,0.00,0.01,0,0
vda,16.60,0.00,0.06,0,0
vda,9.20,0.00,0.04,0,0
vda,1.60,0.00,0.01,0,0
vda,62.80,0.00,0.25,0,1
vda,3.00,0.00,0.01,0,0
vda,2.00,0.00,0.01,0,0
vda,1.60,0.00,0.01,0,0
vda,2.40,0.00,0.01,0,0
vda,0.00,0.00,0.00,0,0
vda,1.20,0.00,0.01,0,0
vda,46.60,0.00,0.19,0,0
vda,9.80,0.00,0.04,0,0
vda,1.20,0.00,0.00,0,0
vda,2.20,0.00,0.01,0,0
vda,2.00,0.00,0.01,0,0
vda,3.20,0.00,0.01,0,0
vda,0.00,0.00,0.00,0,0
vda,18.00,0.00,0.07,0,0
vda,2.80,0.00,0.01,0,0
vda,53.00,0.00,0.21,0,1
vda,8.60,0.00,0.04,0,0
vda,0.40,0.00,0.00,0,0
vda,4.40,0.00,0.02,0,0
vda,1.00,0.00,0.00,0,0
vda,16.80,0.00,0.07,0,0
vda,3.40,0.00,0.02,0,0
vda,1.20,0.00,0.00,0,0
vda,1.60,0.00,0.01,0,0
vda,52.80,0.00,0.21,0,1
vda,8.20,0.00,0.03,0,0
vda,1.40,0.00,0.01,0,0
vda,2.40,0.00,0.01,0,0
vda,13.80,0.00,0.06,0,0
vda,12.80,0.00,0.05,0,0
vda,0.00,0.00,0.00,0,0
vda,1.60,0.00,0.01,0,0
vda,57.80,0.00,0.23,0,1
vda,2.40,0.00,0.01,0,0
vda,1.20,0.00,0.00,0,0
vda,0.00,0.00,0.00,0,0
vda,2.20,0.00,0.01,0,0
vda,1.20,0.00,0.00,0,0
vda,0.40,0.00,0.00,0,0
vda,55.80,0.00,0.23,0,1
vda,11.80,0.00,0.05,0,0
vda,0.00,0.00,0.00,0,0
vda,2.20,0.00,0.01,0,0
vda,1.20,0.00,0.00,0,0
vda,0.60,0.00,0.00,0,0
vda,3.20,0.00,0.01,0,0
vda,15.00,0.00,0.07,0,0
vda,22.40,0.00,0.09,0,0
vda,70.20,0.00,0.28,0,1
vda,1.20,0.00,0.00,0,0
vda,2.80,0.00,0.01,0,0
vda,3.40,0.00,0.01,0,0
vda,1.20,0.00,0.00,0,0
vda,2.40,0.00,0.01,0,0
vda,2.20,0.00,0.01,0,0
vda,18.00,0.00,0.07,0,0
vda,7.20,0.00,0.03,0,0
vda,52.60,0.00,0.21,0,1
vda,1.20,0.00,0.00,0,0
vda,3.00,0.00,0.01,0,0
vda,1.40,0.00,0.01,0,0
vda,2.20,0.00,0.01,0,0
vda,11.40,0.00,0.05,0,0
vda,2.40,0.00,0.01,0,0
vda,1.20,0.00,0.00,0,0
vda,0.00,0.00,0.00,0,0
vda,42.20,0.00,0.17,0,0
vda,3.00,0.00,0.01,0,0
vda,0.40,0.00,0.00,0,0
vda,2.60,0.00,0.01,0,0
vda,18.80,0.00,0.07,0,0
vda,1.60,0.00,0.01,0,0
vda,2.20,0.00,0.01,0,0
vda,0.00,0.00,0.00,0,0
vda,3.20,0.00,0.01,0,0
vda,53.80,0.00,0.21,0,1
vda,8.60,0.00,0.04,0,0
vda,11.00,0.00,0.04,0,0
vda,2.20,0.00,0.01,0,0
vda,2.60,0.00,0.01,0,0
vda,3.20,0.00,0.01,0,0
vda,0.20,0.00,0.00,0,0
vda,3.60,0.00,0.02,0,0
vda,0.00,0.00,0.00,0,0
vda,52.60,0.00,0.21,0,1
vda,18.00,0.00,0.07,0,0
vda,8.18,0.00,0.04,0,0
vda,5.00,0.00,0.02,0,0
vda,1.60,0.00,0.01,0,0
vda,13.60,0.00,0.06,0,0
vda,4.00,0.00,0.02,0,0
vda,1.20,0.00,0.00,0,0
vda,50.60,0.00,0.20,0,1
vda,2.60,0.00,0.01,0,0
vda,63.40,0.00,0.25,0,1
