vda,101.20,0.63,0.02,3,0
vda,34.60,0.14,0.00,0,0
vda,2.00,0.00,0.01,0,0
vda,1.20,0.00,0.00,0,0
vda,2.20,0.00,0.01,0,0
vda,1.80,0.00,0.01,0,0
vda,229.20,9.56,0.09,47,0
vda,123.60,12.12,0.11,60,0
vda,115.80,14.27,0.01,71,0
vda,95.20,11.05,0.00,55,0
vda,123.80,13.80,0.01,68,0
vda,101.60,12.45,0.01,62,0
vda,80.00,8.88,1.31,44,6
vda,132.60,16.10,0.01,80,0
vda,95.40,9.65,0.07,48,0
vda,117.20,14.62,0.00,73,0
vda,158.40,15.47,0.14,77,0
vda,100.20,11.38,0.04,56,0
vda,21.80,2.37,0.01,11,0
vda,2.00,0.00,0.01,0,0
vda,39.40,0.00,0.16,0,0
vda,8.60,0.00,0.04,0,0
vda,0.00,0.00,0.00,0,0
vda,21.60,0.00,0.09,0,0
vda,32.80,0.00,0.13,0,0
vda,2.80,0.00,0.01,0,0
vda,1.60,0.00,0.01,0,0
vda,1.20,0.00,0.00,0,0
vda,2.40,0.00,0.01,0,0
vda,0.00,0.00,0.00,0,0
vda,3.80,0.00,0.02,0,0
vda,15.00,0.00,0.06,0,0
vda,21.80,0.00,0.09,0,0
vda,1.40,0.00,0.01,0,0
vda,1.20,0.00,0.00,0,0
vda,1.60,0.00,0.01,0,0
vda,1.40,0.00,0.01,0,0
vda,8.60,0.00,0.04,0,0
vda,2.40,0.00,0.01,0,0
vda,18.40,0.00,0.07,0,0
vda,2.60,0.00,0.01,0,0
vda,34.40,0.00,0.14,0,0
vda,2.20,0.00,0.01,0,0
vda,2.40,0.00,0.01,0,0
vda,0.20,0.00,0.00,0,0
vda,2.60,0.00,0.01,0,0
vda,18.40,0.00,0.07,0,0
vda,8.60,0.00,0.04,0,0
vda,1.60,0.00,0.01,0,0
vda,2.40,0.00,0.01,0,0
vda,33.40,0.00,0.13,0,0
vda,11.80,0.00,0.05,0,0
vda,1.40,0.00,0.01,0,0
vda,36.80,0.00,0.15,0,0
vda,1.40,0.00,0.01,0,0
vda,0.00,0.00,0.00,0,0
vda,36.80,0.00,0.15,0,0
vda,1.80,0.00,0.01,0,0
vda,31.60,0.18,0.01,0,0
vda,52.80,0.00,0.21,0,1
vda,32.40,0.00,0.13,0,0
vda,2.80,0.00,0.01,0,0
vda,0.00,0.00,0.00,0,0
vda,43.20,0.00,0.18,0,0
vda,0.80,0.00,0.00,0,0
vda,2.20,0.00,0.01,0,0
vda,35.60,0.00,0.15,0,0
vda,0.80,0.00,0.00,0,0
vda,2.40,0.00,0.01,0,0
vda,1.60,0.00,0.00,0,0
vda,53.60,0.00,0.22,0,1
vda,2.60,0.00,0.01,0,0
vda,22.00,0.00,0.09,0,0
vda,2.60,0.00,0.01,0,0
vda,28.80,0.00,0.12,0,0
vda,3.80,0.00,0.01,0,0
vda,0.80,0.00,0.00,0,0
vda,2.60,0.00,0.01,0,0
vda,1.20,0.00,0.00,0,0
vda,0.60,0.00,0.00,0,0
vda,13.60,0.00,0.05,0,0
vda,6.80,0.00,0.03,0,0
vda,36.00,0.00,0.14,0,0
