vda,54.00,0.22,0.00,1,0
vda,15.60,0.05,0.01,0,0
vda,56.20,0.02,0.21,0,1
vda,2.60,0.00,0.01,0,0
vda,0.00,0.00,0.00,0,0
vda,64.00,0.43,0.00,2,0
vda,250.00,8.19,0.19,40,0
vda,64.20,7.52,0.02,37,0
vda,1.80,0.00,0.01,0,0
vda,38.00,0.00,1.43,0,7
vda,11.20,0.00,0.05,0,0
vda,7.00,0.02,0.00,0,0
vda,2.40,0.00,0.01,0,0
vda,55.00,0.00,0.22,0,1
vda,3.40,0.00,0.01,0,0
vda,0.00,0.00,0.00,0,0
vda,34.40,0.00,0.15,0,0
vda,11.00,0.00,0.04,0,0
vda,0.00,0.00,0.00,0,0
vda,36.40,0.00,0.15,0,0
vda,1.40,0.00,0.01,0,0
vda,2.20,0.00,0.01,0,0
vda,33.80,0.00,0.14,0,0
vda,2.60,0.00,0.01,0,0
vda,2.80,0.00,0.01,0,0
vda,46.00,0.00,0.19,0,0
vda,14.20,0.00,0.06,0,0
vda,1.40,0.00,0.01,0,0
vda,36.40,0.00,0.15,0,0
vda,0.00,0.00,0.00,0,0
vda,1.40,0.00,0.01,0,0
vda,35.20,0.00,0.15,0,0
vda,1.40,0.00,0.01,0,0
vda,1.20,0.00,0.00,0,0
vda,44.60,0.00,0.19,0,0
vda,2.00,0.00,0.01,0,0
vda,2.20,0.00,0.01,0,0
vda,51.40,0.00,0.21,0,1
vda,1.40,0.00,0.01,0,0
vda,2.20,0.00,0.01,0,0
vda,33.40,0.00,0.14,0,0
vda,1.40,0.00,0.01,0,0
vda,3.80,0.00,0.01,0,0
vda,0.00,0.00,0.00,0,0
vda,1.60,0.00,0.01,0,0
vda,2.20,0.00,0.01,0,0
vda,0.20,0.00,0.00,0,0
vda,2.80,0.00,0.02,0,0
vda,46.80,0.00,0.19,0,0
vda,1.60,0.00,0.01,0,0
vda,1.40,0.00,0.01,0,0
vda,46.40,0.00,0.19,0,0
vda,1.80,0.00,0.01,0,0
vda,2.60,0.00,0.01,0,0
vda,43.60,0.00,0.18,0,0
vda,0.00,0.00,0.00,0,0
vda,1.20,0.00,0.00,0,0
vda,35.80,0.00,0.15,0,0
vda,2.20,0.00,0.01,0,0
vda,1.60,0.00,0.00,0,0
vda,41.40,0.00,0.17,0,0
vda,1.80,0.00,0.01,0,0
vda,1.20,0.00,0.00,0,0
vda,5.00,0.00,0.02,0,0
vda,2.60,0.00,0.01,0,0
vda,0.00,0.00,0.00,0,0
vda,1.20,0.00,0.00,0,0
vda,48.80,0.00,0.20,0,1
vda,1.20,0.00,0.00,0,0
vda,8.80,0.00,0.04,0,0
vda,12.60,0.11,0.01,0,0
