7959592.0,71188.0,1476.0
7139149.8667,215585.06667,3594.1333333
7012928.0,237800.0,3920.0
7012928.0,237800.0,3920.0
5450864.0,683511.46667,3979.7333333
5339288.0,715348.0,3984.0
3461257.0667,1079041.8667,4051.2
3327112.0,1105020.0,4056.0
3327112.0,1105020.0,4056.0
3327112.0,1105020.0,4056.0
3327112.0,1105020.0,4056.0
3327112.0,1105020.0,4056.0
3327112.0,1105020.0,4056.0
3327112.0,1105020.0,4056.0
3324267.2,1105068.5333,4186.6666667
3324064.0,1105072.0,4196.0
3324064.0,1105072.0,4196.0
3324064.0,1105072.0,4196.0
3324064.0,1105072.0,4196.0
3324064.0,1105072.0,4196.0
3324064.0,1105072.0,4196.0
3324064.0,1105072.0,4196.0
3324064.0,1105072.0,4196.0
3324064.0,1105072.0,4196.0
3324064.0,1105072.0,4196.0
3324064.0,1105072.0,4196.0
3323620.2667,1105827.7333,4518.4
3323552.0,1105944.0,4568.0
3323552.0,1105944.0,4568.0
3323552.0,1105944.0,4568.0
3323552.0,1105944.0,4568.0
3323552.0,1105944.0,4568.0
3323552.0,1105944.0,4568.0
3323552.0,1105944.0,4568.0
3323552.0,1105944.0,4568.0
3323552.0,1105944.0,4568.0
3323552.0,1105944.0,4568.0
3323552.0,1105944.0,4568.0
3323149.8667,1105975.2,4782.9333333
3323088.0,1105980.0,4816.0
3323088.0,1105980.0,4816.0
3323088.0,1105980.0,4816.0
3323088.0,1105980.0,4816.0
3323088.0,1105980.0,4816.0
3323088.0,1105980.0,4816.0
3323088.0,1105980.0,4816.0
3323088.0,1105980.0,4816.0
3323088.0,1105980.0,4816.0
3323088.0,1105980.0,4816.0
3321609.6,1105992.8,4976.0
3321240.0,1105996.0,5016.0
3321240.0,1105996.0,5016.0
3321240.0,1105996.0,5016.0
3321240.0,1105996.0,5016.0
3321240.0,1105996.0,5016.0
3321240.0,1105996.0,5016.0
3321240.0,1105996.0,5016.0
3321240.0,1105996.0,5016.0
3321240.0,1105996.0,5016.0
3321240.0,1105996.0,5016.0
3321240.0,1105996.0,5016.0
3321512.0,1106015.2,5195.2
3321580.0,1106020.0,5240.0
3321580.0,1106020.0,5240.0
3321580.0,1106020.0,5240.0
3321580.0,1106020.0,5240.0
3321580.0,1106020.0,5240.0
3321580.0,1106020.0,5240.0
3321580.0,1106020.0,5240.0
3321580.0,1106020.0,5240.0
3321580.0,1106020.0,5240.0
3321580.0,1106020.0,5240.0
3321580.0,1106020.0,5240.0
3320019.4667,1106178.4,5471.7333333
3319452.0,1106236.0,5556.0
3319452.0,1106236.0,5556.0
3319452.0,1106236.0,5556.0
3319452.0,1106236.0,5556.0
3319452.0,1106236.0,5556.0
3319452.0,1106236.0,5556.0
3319452.0,1106236.0,5556.0
3319452.0,1106236.0,5556.0
3319452.0,1106236.0,5556.0
3319452.0,1106236.0,5556.0
3319452.0,1106236.0,5556.0
3319610.4,1106248.0,5680.8
3319716.0,1106256.0,5764.0
3319716.0,1106256.0,5764.0
3319716.0,1106256.0,5764.0
3319716.0,1106256.0,5764.0
3319716.0,1106256.0,5764.0
3318674.4,1106256.0,5869.6
3317980.0,1106256.0,5940.0
3317980.0,1106256.0,5940.0
3319146.4,1106263.2,5973.6
3319924.0,1106268.0,5996.0
3319924.0,1106268.0,5996.0
3319924.0,1106268.0,5996.0
3319924.0,1106268.0,5996.0
3319924.0,1106268.0,5996.0
3319924.0,1106268.0,5996.0
3319924.0,1106268.0,5996.0
3319924.0,1106268.0,5996.0
3319924.0,1106268.0,5996.0
3319924.0,1106268.0,5996.0
3319924.0,1106268.0,5996.0
3319593.3333,1106312.8,6109.0666667
3319304.0,1106352.0,6208.0
3319304.0,1106352.0,6208.0
3319304.0,1106352.0,6208.0
3319304.0,1106352.0,6208.0
3319304.0,1106352.0,6208.0
3319304.0,1106352.0,6208.0
3319304.0,1106352.0,6208.0
3319304.0,1106352.0,6208.0
3319304.0,1106352.0,6208.0
3319304.0,1106352.0,6208.0
3319304.0,1106352.0,6208.0
3319072.5333,1106396.8,6338.6666667
3318808.0,1106448.0,6488.0
3318808.0,1106448.0,6488.0
3318808.0,1106448.0,6488.0
3318808.0,1106448.0,6488.0
3318808.0,1106448.0,6488.0
3318808.0,1106448.0,6488.0
3318808.0,1106448.0,6488.0
3318808.0,1106448.0,6488.0
3318808.0,1106448.0,6488.0
3318808.0,1106448.0,6488.0
3318808.0,1106448.0,6488.0
3318667.2,1106465.0667,6607.4666667
3318544.0,1106480.0,6712.0
3318544.0,1106480.0,6712.0
3318544.0,1106480.0,6712.0
3318382.4,1106483.2,6756.8
3318140.0,1106488.0,6824.0
3318140.0,1106488.0,6824.0
3318140.0,1106488.0,6824.0
3318140.0,1106488.0,6824.0
3316865.0667,1106495.4667,6868.8
3315408.0,1106504.0,6920.0
3315408.0,1106504.0,6920.0
3315868.8,1106584.0,6942.4
3316560.0,1106704.0,6976.0
3316560.0,1106704.0,6976.0
3314670.4,1107489.6,7145.6
3311836.0,1108668.0,7400.0
3311836.0,1108668.0,7400.0
3311836.0,1108668.0,7400.0
3311836.0,1108668.0,7400.0
3311836.0,1108668.0,7400.0
3311836.0,1108668.0,7400.0
3311836.0,1108668.0,7400.0
3311836.0,1108668.0,7400.0
3311836.0,1108668.0,7400.0
3311836.0,1108668.0,7400.0
3311852.0,1108677.6,7461.8666667
3311896.0,1108704.0,7632.0
3311896.0,1108704.0,7632.0
3311896.0,1108704.0,7632.0
3311896.0,1108704.0,7632.0
3311896.0,1108704.0,7632.0
3311896.0,1108704.0,7632.0
3311896.0,1108704.0,7632.0
3311896.0,1108704.0,7632.0
3311896.0,1108704.0,7632.0
3311896.0,1108704.0,7632.0
3311896.0,1108704.0,7632.0
3311896.0,1108704.0,7632.0
3311756.0,1108708.0,7936.0
3311756.0,1108708.0,7936.0
3311756.0,1108708.0,7936.0
3311756.0,1108708.0,7936.0
3311756.0,1108708.0,7936.0
3311756.0,1108708.0,7936.0
3311756.0,1108708.0,7936.0
3311756.0,1108708.0,7936.0
3311756.0,1108708.0,7936.0
3311756.0,1108708.0,7936.0
3311756.0,1108708.0,7936.0
3311756.0,1108708.0,7936.0
3311393.8667,1108734.1333,8152.5333333
3311368.0,1108736.0,8168.0
3311368.0,1108736.0,8168.0
3311368.0,1108736.0,8168.0
3311368.0,1108736.0,8168.0
3311368.0,1108736.0,8168.0
3311368.0,1108736.0,8168.0
3311368.0,1108736.0,8168.0
3311368.0,1108736.0,8168.0
3311368.0,1108736.0,8168.0
3311368.0,1108736.0,8168.0
3311368.0,1108736.0,8168.0
3311224.0,1108760.0,8448.0
3311224.0,1108760.0,8448.0
3311224.0,1108760.0,8448.0
3311224.0,1108760.0,8448.0
3311224.0,1108760.0,8448.0
3311224.0,1108760.0,8448.0
3311224.0,1108760.0,8448.0
3311224.0,1108760.0,8448.0
3311224.0,1108760.0,8448.0
3311224.0,1108760.0,8448.0
3311224.0,1108760.0,8448.0
3311189.8667,1108762.4,8462.9333333
3310712.0,1108796.0,8672.0
3310712.0,1108796.0,8672.0
3310712.0,1108796.0,8672.0
3310712.0,1108796.0,8672.0
3310712.0,1108796.0,8672.0
3310712.0,1108796.0,8672.0
3310712.0,1108796.0,8672.0
3310712.0,1108796.0,8672.0
3310712.0,1108796.0,8672.0
3310712.0,1108796.0,8672.0
3310712.0,1108796.0,8672.0
3310712.0,1108796.0,8672.0
3311084.0,1108804.0,8928.0
3311084.0,1108804.0,8928.0
3311084.0,1108804.0,8928.0
3311084.0,1108804.0,8928.0
3311084.0,1108804.0,8928.0
3311084.0,1108804.0,8928.0
3311084.0,1108804.0,8928.0
3311084.0,1108804.0,8928.0
3311084.0,1108804.0,8928.0
3311084.0,1108804.0,8928.0
3311084.0,1108804.0,8928.0
3311037.0667,1108814.1333,8957.8666667
3310732.0,1108880.0,9152.0
3310732.0,1108880.0,9152.0
3310732.0,1108880.0,9152.0
3310732.0,1108880.0,9152.0
3310732.0,1108880.0,9152.0
3310732.0,1108880.0,9152.0
3310732.0,1108880.0,9152.0
3310732.0,1108880.0,9152.0
3310732.0,1108880.0,9152.0
3310732.0,1108880.0,9152.0
3310732.0,1108880.0,9152.0
3310500.0,1108918.6667,9248.0
3310036.0,1108996.0,9440.0
3310036.0,1108996.0,9440.0
3310036.0,1108996.0,9440.0
3310036.0,1108996.0,9440.0
3310036.0,1108996.0,9440.0
3310036.0,1108996.0,9440.0
3310036.0,1108996.0,9440.0
3310036.0,1108996.0,9440.0
3310036.0,1108996.0,9440.0
3310036.0,1108996.0,9440.0
3310036.0,1108996.0,9440.0
3309974.4,1109001.6,9489.6
3309728.0,1109024.0,9688.0
3309728.0,1109024.0,9688.0
3309728.0,1109024.0,9688.0
3309728.0,1109024.0,9688.0
3309728.0,1109024.0,9688.0
3309728.0,1109024.0,9688.0
3309728.0,1109024.0,9688.0
3309728.0,1109024.0,9688.0
3309728.0,1109024.0,9688.0
3309728.0,1109024.0,9688.0
3309728.0,1109024.0,9688.0
3309714.1333,1109026.1333,9707.2
3309520.0,1109056.0,9976.0
3309520.0,1109056.0,9976.0
3309520.0,1109056.0,9976.0
3309520.0,1109056.0,9976.0
3309520.0,1109056.0,9976.0
3309520.0,1109056.0,9976.0
3309520.0,1109056.0,9976.0
3309520.0,1109056.0,9976.0
3309520.0,1109056.0,9976.0
3309520.0,1109056.0,9976.0
3309520.0,1109056.0,9976.0
3309532.5333,1109058.4,9991.4666667
3309708.0,1109092.0,10208.0
3309708.0,1109092.0,10208.0
3309708.0,1109092.0,10208.0
3309708.0,1109092.0,10208.0
3366036.0,1109168.0,10320.0
3366036.0,1109168.0,10320.0
3366036.0,1109168.0,10320.0
3366036.0,1109168.0,10320.0
3366036.0,1109168.0,10320.0
3366036.0,1109168.0,10320.0
3366036.0,1109168.0,10320.0
3366036.0,1109168.0,10320.0
3366036.0,1109168.0,10320.0
3366036.0,1109168.0,10320.0
3366036.0,1109168.0,10320.0
3366036.0,1109168.0,10320.0
3365337.8667,1109246.4,10558.933333
3365288.0,1109252.0,10576.0
3365288.0,1109252.0,10576.0
3365288.0,1109252.0,10576.0
3365288.0,1109252.0,10576.0
3365288.0,1109252.0,10576.0
3365288.0,1109252.0,10576.0
3365288.0,1109252.0,10576.0
3365288.0,1109252.0,10576.0
3365288.0,1109252.0,10576.0
3365288.0,1109252.0,10576.0
3365288.0,1109252.0,10576.0
3364962.4,1109322.4,10787.2
3364844.0,1109348.0,10864.0
3364844.0,1109348.0,10864.0
3364844.0,1109348.0,10864.0
3364844.0,1109348.0,10864.0
3364844.0,1109348.0,10864.0
3364844.0,1109348.0,10864.0
3364844.0,1109348.0,10864.0
3364844.0,1109348.0,10864.0
3364844.0,1109348.0,10864.0
3364844.0,1109348.0,10864.0
3364844.0,1109348.0,10864.0
3364844.0,1109427.7333,11092.8
3364844.0,1109440.0,11128.0
3364844.0,1109440.0,11128.0
3364844.0,1109440.0,11128.0
3364844.0,1109440.0,11128.0
3364844.0,1109440.0,11128.0
3364844.0,1109440.0,11128.0
3364844.0,1109440.0,11128.0
3364844.0,1109440.0,11128.0
3503663.2,1109452.8,11326.4
3538368.0,1109456.0,11376.0
3538368.0,1109456.0,11376.0
3538368.0,1109456.0,11376.0
3538368.0,1109456.0,11376.0
3538368.0,1109456.0,11376.0
3538368.0,1109456.0,11376.0
3538368.0,1109456.0,11376.0
3538368.0,1109456.0,11376.0
3538368.0,1109456.0,11376.0
3538368.0,1109456.0,11376.0
3538368.0,1109456.0,11376.0
3538368.0,1109456.0,11376.0
3538153.0667,1109476.8,11577.066667
3538120.0,1109480.0,11608.0
3538120.0,1109480.0,11608.0
3538120.0,1109480.0,11608.0
3538120.0,1109480.0,11608.0
3538120.0,1109480.0,11608.0
3538120.0,1109480.0,11608.0
3538120.0,1109480.0,11608.0
3538120.0,1109480.0,11608.0
3538120.0,1109480.0,11608.0
3538120.0,1109480.0,11608.0
3537901.3333,1109536.0,11778.666667
3537792.0,1109564.0,11864.0
3537792.0,1109564.0,11864.0
3537792.0,1109564.0,11864.0
3537792.0,1109564.0,11864.0
3537792.0,1109564.0,11864.0
3537792.0,1109564.0,11864.0
3537792.0,1109564.0,11864.0
3537792.0,1109564.0,11864.0
3537792.0,1109564.0,11864.0
3537792.0,1109564.0,11864.0
3537792.0,1109564.0,11864.0
3537616.8,1109645.6,11988.8
3537500.0,1109700.0,12072.0
3537500.0,1109700.0,12072.0
3537500.0,1109700.0,12072.0
3537500.0,1109700.0,12072.0
3537500.0,1109700.0,12072.0
3537500.0,1109700.0,12072.0
3537500.0,1109700.0,12072.0
3537500.0,1109700.0,12072.0
3537500.0,1109700.0,12072.0
3675687.2,1109709.6,12196.8
3767812.0,1109716.0,12280.0
3767812.0,1109716.0,12280.0
3767812.0,1109716.0,12280.0
3767812.0,1109716.0,12280.0
3767812.0,1109716.0,12280.0
3767812.0,1109716.0,12280.0
3767812.0,1109716.0,12280.0
3767812.0,1109716.0,12280.0
3767812.0,1109716.0,12280.0
3767812.0,1109716.0,12280.0
3768178.4,1109717.6,12388.8
3768728.0,1109720.0,12552.0
3768118.4,1109792.0,12574.4
3767204.0,1109900.0,12608.0
3767204.0,1109900.0,12608.0
3767204.0,1109900.0,12608.0
3767204.0,1109900.0,12608.0
3766708.0,1109912.8,12652.8
3765964.0,1109932.0,12720.0
3765964.0,1109932.0,12720.0
3765964.0,1109932.0,12720.0
3765964.0,1109932.0,12720.0
3765964.0,1109932.0,12720.0
3765964.0,1109932.0,12720.0
3765964.0,1109932.0,12720.0
3765964.0,1109932.0,12720.0
3765964.0,1109932.0,12720.0
3765964.0,1109932.0,12720.0
3765964.0,1109932.0,12720.0
3765941.6,1109969.3333,12843.2
3765916.0,1110012.0,12984.0
3765916.0,1110012.0,12984.0
3765916.0,1110012.0,12984.0
3765284.8,1110021.6,13056.0
3764864.0,1110028.0,13104.0
3764864.0,1110028.0,13104.0
3765542.4,1110030.1333,13138.133333
3766136.0,1110032.0,13168.0
3766136.0,1110032.0,13168.0
3766136.0,1110032.0,13168.0
3766136.0,1110032.0,13168.0
3766136.0,1110032.0,13168.0
3766136.0,1110032.0,13168.0
3766136.0,1110032.0,13168.0
3803981.3333,1110040.5333,13266.133333
3837096.0,1110048.0,13352.0
3906130.6667,1110054.4,13390.4
3966536.0,1110060.0,13424.0
3966536.0,1110060.0,13424.0
3966536.0,1110060.0,13424.0
3966536.0,1110060.0,13424.0
3966536.0,1110060.0,13424.0
3966536.0,1110060.0,13424.0
3966536.0,1110060.0,13424.0
3966536.0,1110060.0,13424.0
3966536.0,1110060.0,13424.0
3966536.0,1110060.0,13424.0
3966536.0,1110060.0,13424.0
3966308.8,1110064.2667,13483.733333
3965684.0,1110076.0,13648.0
3965684.0,1110076.0,13648.0
3965684.0,1110076.0,13648.0
3965684.0,1110076.0,13648.0
3965684.0,1110076.0,13648.0
3965684.0,1110076.0,13648.0
3965684.0,1110076.0,13648.0
3965684.0,1110076.0,13648.0
3965684.0,1110076.0,13648.0
3965684.0,1110076.0,13648.0
3965684.0,1110076.0,13648.0
3965712.8,1110077.0667,13737.6
3965792.0,1110080.0,13984.0
3965792.0,1110080.0,13984.0
3965792.0,1110080.0,13984.0
3965792.0,1110080.0,13984.0
3965792.0,1110080.0,13984.0
3965792.0,1110080.0,13984.0
3965792.0,1110080.0,13984.0
3965792.0,1110080.0,13984.0
3965792.0,1110080.0,13984.0
3965792.0,1110080.0,13984.0
3965792.0,1110080.0,13984.0
3965560.5333,1110106.6667,14045.866667
3964924.0,1110180.0,14216.0
3964924.0,1110180.0,14216.0
3964924.0,1110180.0,14216.0
3964924.0,1110180.0,14216.0
3964924.0,1110180.0,14216.0
3964924.0,1110180.0,14216.0
4004413.3333,1110184.0,14277.333333
4083392.0,1110192.0,14400.0
4083392.0,1110192.0,14400.0
