vda,34.60,0.13,0.01,0,0
vda,0.00,0.00,0.00,0,0
vda,84.80,0.37,0.00,1,0
vda,44.60,0.37,0.02,1,0
vda,8.40,0.00,0.04,0,0
vda,4.60,0.00,0.02,0,0
vda,214.20,7.83,0.09,39,0
vda,35.00,0.00,0.14,0,0
vda,5.80,0.00,1.27,0,6
vda,17.00,0.00,0.09,0,0
vda,0.20,0.00,0.00,0,0
vda,1.20,0.00,0.00,0,0
vda,57.00,0.00,0.23,0,1
vda,1.60,0.00,0.01,0,0
vda,0.40,0.00,0.00,0,0
vda,43.20,0.00,0.18,0,0
vda,0.80,0.00,0.00,0,0
vda,1.20,0.00,0.00,0,0
vda,36.40,0.00,0.15,0,0
vda,0.80,0.00,0.00,0,0
vda,1.20,0.00,0.00,0,0
vda,36.40,0.00,0.15,0,0
vda,2.80,0.00,0.01,0,0
vda,2.40,0.00,0.01,0,0
vda,1.20,0.00,0.00,0,0
vda,45.40,0.00,0.19,0,0
vda,14.40,0.00,0.06,0,0
vda,2.20,0.00,0.01,0,0
vda,0.00,0.00,0.00,0,0
vda,3.80,0.00,0.01,0,0
vda,1.80,0.00,0.01,0,0
vda,1.20,0.00,0.00,0,0
vda,16.00,0.00,0.07,0,0
vda,26.00,0.00,0.10,0,0
vda,1.60,0.00,0.01,0,0
vda,19.20,0.00,0.09,0,0
vda,54.00,0.00,0.21,0,1
