vda,265.80,2.65,0.05,13,0
vda,11.00,0.02,0.02,0,0
vda,61.20,0.64,0.22,3,1
vda,37.40,0.14,0.01,0,0
vda,11.60,0.05,0.00,0,0
vda,68.40,0.12,0.23,0,1
vda,335.40,13.38,0.21,66,1
vda,91.80,11.47,0.00,57,0
vda,102.60,12.50,0.01,62,0
vda,123.00,7.93,1.52,39,7
vda,3.80,0.00,0.01,0,0
vda,2.20,0.00,0.01,0,0
vda,0.60,0.00,0.00,0,0
vda,49.60,0.00,0.21,0,1
vda,1.20,0.00,0.00,0,0
vda,0.00,0.00,0.00,0,0
vda,60.80,0.00,0.25,0,1
vda,2.60,0.00,0.01,0,0
vda,0.00,0.00,0.00,0,0
vda,70.60,0.00,0.28,0,1
vda,2.40,0.00,0.01,0,0
vda,5.60,0.00,0.05,0,0
vda,50.80,0.00,0.21,0,1
vda,3.00,0.01,0.01,0,0
vda,1.00,0.00,0.00,0,0
vda,53.60,0.00,0.22,0,1
vda,3.00,0.00,0.01,0,0
vda,0.40,0.00,0.00,0,0
vda,80.60,0.00,0.33,0,1
vda,3.40,0.00,0.01,0,0
vda,1.00,0.00,0.00,0,0
vda,49.00,0.00,0.20,0,1
vda,1.40,0.00,0.01,0,0
vda,0.60,0.00,0.00,0,0
vda,63.60,0.00,0.26,0,1
vda,0.00,0.00,0.00,0,0
vda,1.20,0.00,0.00,0,0
vda,47.80,0.00,0.19,0,0
vda,0.00,0.00,0.00,0,0
vda,1.40,0.00,0.00,0,0
vda,70.60,0.00,0.29,0,1
vda,1.40,0.00,0.01,0,0
vda,0.00,0.00,0.00,0,0
vda,45.60,0.00,0.19,0,0
vda,3.40,0.00,0.01,0,0
vda,1.40,0.00,0.01,0,0
vda,54.60,0.00,0.22,0,1
vda,0.00,0.00,0.00,0,0
vda,1.20,0.00,0.00,0,0
vda,47.40,0.00,0.20,0,0
vda,1.40,0.00,0.01,0,0
vda,0.60,0.00,0.00,0,0
vda,69.20,0.00,0.28,0,1
vda,2.40,0.00,0.01,0,0
vda,0.60,0.00,0.00,0,0
vda,47.00,0.00,0.20,0,0
vda,2.60,0.00,0.01,0,0
vda,16.40,0.00,0.07,0,0
vda,45.80,0.00,0.19,0,0
vda,2.40,0.00,0.01,0,0
vda,7.60,0.00,0.03,0,0
vda,47.60,0.00,0.20,0,0
vda,1.40,0.00,0.01,0,0
vda,0.60,0.00,0.00,0,0
vda,73.40,0.00,0.30,0,1
vda,0.20,0.00,0.00,0,0
vda,1.00,0.00,0.00,0,0
vda,55.80,0.00,0.23,0,1
vda,1.20,0.00,0.00,0,0
vda,0.00,0.00,0.00,0,0
vda,47.80,0.00,0.20,0,0
vda,1.40,0.00,0.01,0,0
vda,0.00,0.00,0.00,0,0
vda,66.27,0.10,0.19,0,0
vda,2.80,0.00,0.01,0,0
vda,2.40,0.00,0.01,0,0
vda,2.60,0.00,0.01,0,0
vda,1.20,0.00,0.00,0,0
vda,76.40,0.00,0.31,0,1
vda,1.60,0.00,0.01,0,0
vda,47.80,0.00,0.20,0,0
vda,7.60,0.00,0.06,0,0
vda,4.00,0.00,0.02,0,0
vda,47.60,0.00,0.20,0,0
vda,2.20,0.00,0.01,0,0
vda,2.20,0.00,0.01,0,0
vda,55.80,0.00,0.23,0,1
vda,1.80,0.00,0.01,0,0
vda,2.40,0.00,0.01,0,0
vda,70.80,0.00,0.29,0,1
vda,0.40,0.00,0.00,0,0
vda,1.20,0.00,0.00,0,0
vda,47.80,0.00,0.20,0,0
vda,1.40,0.00,0.01,0,0
vda,0.00,0.00,0.00,0,0
vda,47.80,0.00,0.20,0,0
vda,2.20,0.00,0.01,0,0
vda,2.40,0.00,0.01,0,0
vda,1.20,0.00,0.00,0,0
vda,59.00,0.00,0.24,0,1
vda,1.40,0.00,0.01,0,0
vda,2.20,0.00,0.01,0,0
vda,0.60,0.00,0.00,0,0
vda,1.20,0.00,0.00,0,0
vda,73.80,0.00,0.30,0,1
vda,1.20,0.00,0.00,0,0
vda,1.60,0.00,0.01,0,0
vda,2.40,0.00,0.01,0,0
vda,0.00,0.00,0.00,0,0
vda,1.40,0.00,0.00,0,0
vda,2.60,0.00,0.01,0,0
vda,25.40,0.00,0.10,0,0
vda,1.40,0.00,0.00,0,0
vda,53.80,0.00,0.22,0,1
vda,0.20,0.00,0.00,0,0
vda,1.60,0.00,0.01,0,0
vda,56.00,0.00,0.23,0,1
vda,0.00,0.00,0.00,0,0
vda,1.60,0.00,0.00,0,0
vda,48.60,0.00,0.20,0,0
vda,1.60,0.00,0.01,0,0
vda,2.00,0.00,0.01,0,0
vda,47.20,0.00,0.19,0,0
vda,2.40,0.00,0.01,0,0
vda,2.60,0.00,0.01,0,0
vda,0.00,0.00,0.00,0,0
vda,280.20,0.99,0.43,4,2
vda,4.00,0.00,0.02,0,0
vda,2.00,0.00,0.01,0,0
vda,74.40,0.41,0.20,2,1
vda,12.20,0.04,0.04,0,0
vda,6.80,0.00,0.03,0,0
vda,0.00,0.00,0.00,0,0
vda,52.20,0.00,0.22,0,1
vda,6.60,0.00,0.03,0,0
vda,62.60,0.77,0.01,3,0
vda,64.00,0.00,0.26,0,1
vda,4.40,0.03,0.02,0,0
vda,5.40,0.00,0.05,0,0
vda,2.20,0.00,0.01,0,0
vda,1.60,0.03,0.03,0,0
vda,4.00,0.00,0.02,0,0
vda,69.00,0.00,0.28,0,1
vda,19.20,0.07,0.00,0,0
vda,6.60,0.00,0.03,0,0
vda,59.20,0.02,0.24,0,1
vda,4.80,0.00,0.02,0,0
vda,0.00,0.00,0.00,0,0
vda,55.20,0.00,0.23,0,1
vda,2.20,0.00,0.01,0,0
vda,1.20,0.00,0.00,0,0
vda,63.80,0.00,0.26,0,1
vda,2.20,0.00,0.01,0,0
vda,1.20,0.00,0.00,0,0
vda,8.00,0.00,0.06,0,0
vda,59.20,0.00,0.25,0,1
vda,1.80,0.00,0.01,0,0
vda,1.20,0.00,0.00,0,0
vda,48.40,0.00,0.19,0,0
vda,0.40,0.00,0.00,0,0
vda,1.20,0.00,0.00,0,0
vda,70.60,0.00,0.29,0,1
vda,1.00,0.00,0.00,0,0
vda,2.40,0.00,0.01,0,0
vda,57.60,0.00,0.24,0,1
vda,2.20,0.00,0.01,0,0
vda,1.20,0.00,0.00,0,0
vda,47.80,0.00,0.19,0,0
vda,0.20,0.00,0.00,0,0
vda,1.40,0.00,0.00,0,0
vda,47.40,0.00,0.20,0,0
vda,0.80,0.00,0.00,0,0
vda,3.80,0.00,0.01,0,0
vda,77.20,0.00,0.31,0,1
vda,1.80,0.00,0.01,0,0
vda,1.80,0.00,0.01,0,0
vda,48.00,0.00,0.19,0,0
vda,1.40,0.00,0.01,0,0
vda,0.00,0.00,0.00,0,0
vda,47.40,0.00,0.19,0,0
vda,1.40,0.00,0.01,0,0
vda,1.20,0.00,0.00,0,0
vda,47.80,0.00,0.20,0,0
vda,2.20,0.00,0.01,0,0
vda,2.40,0.00,0.01,0,0
vda,77.60,0.00,0.31,0,1
vda,0.20,0.00,0.00,0,0
vda,1.20,0.00,0.00,0,0
vda,2.20,0.00,0.01,0,0
vda,0.60,0.00,0.00,0,0
vda,1.20,0.00,0.00,0,0
vda,2.60,0.00,0.01,0,0
vda,13.20,0.00,0.05,0,0
vda,35.60,0.00,0.14,0,0
vda,2.60,0.00,0.01,0,0
vda,6.80,0.03,0.00,0,0
vda,77.40,0.00,0.31,0,1
vda,4.20,0.11,0.01,0,0
vda,0.00,0.00,0.00,0,0
vda,1.40,0.00,0.00,0,0
vda,2.20,0.00,0.01,0,0
vda,0.20,0.00,0.00,0,0
vda,3.40,0.00,0.01,0,0
vda,23.20,0.78,0.06,3,0
vda,4.40,0.02,0.02,0,0
vda,34.40,0.00,0.14,0,0
vda,2.00,0.00,0.01,0,0
vda,0.00,0.00,0.00,0,0
vda,8.80,0.00,0.04,0,0
vda,2.20,0.00,0.01,0,0
vda,18.60,0.00,0.07,0,0
vda,2.40,0.00,0.01,0,0
vda,8.40,0.03,0.01,0,0
vda,2.60,0.00,0.01,0,0
vda,56.80,0.00,0.25,0,1
vda,5.00,0.00,0.02,0,0
vda,0.00,0.00,0.00,0,0
vda,57.00,0.00,0.23,0,1
vda,78.80,2.35,0.01,11,0
vda,258.60,4.08,0.18,20,0
vda,383.20,35.22,0.05,176,0
vda,171.60,12.69,0.31,63,1
vda,0.20,0.00,0.00,0,0
vda,1.60,0.00,0.01,0,0
vda,55.40,0.00,0.23,0,1
vda,1.40,0.00,0.01,0,0
vda,0.20,0.00,0.00,0,0
vda,47.60,0.00,0.19,0,0
vda,1.40,0.00,0.01,0,0
vda,48.00,0.00,0.19,0,0
vda,1.40,0.00,0.01,0,0
vda,27.40,0.00,0.11,0,0
vda,0.40,0.00,0.00,0,0
vda,10.60,0.00,0.04,0,0
vda,63.60,0.00,0.26,0,1
vda,1.40,0.00,0.01,0,0
vda,2.40,0.00,0.01,0,0
vda,46.80,0.00,0.19,0,0
vda,1.40,0.00,0.01,0,0
vda,2.20,0.00,0.01,0,0
vda,45.60,0.00,0.18,0,0
vda,1.40,0.00,0.01,0,0
vda,4.80,0.00,0.02,0,0
vda,66.60,0.00,0.27,0,1
vda,1.60,0.00,0.01,0,0
vda,3.00,0.00,0.01,0,0
vda,89.00,0.00,0.36,0,1
vda,2.80,0.00,0.01,0,0
vda,2.00,0.00,0.01,0,0
vda,48.00,0.00,0.19,0,0
vda,1.40,0.00,0.01,0,0
vda,4.00,0.00,0.02,0,0
vda,54.20,0.00,0.22,0,1
vda,0.20,0.00,0.00,0,0
vda,2.00,0.00,0.01,0,0
vda,23.40,0.17,0.01,0,0
vda,1.60,0.00,0.01,0,0
vda,2.20,0.00,0.01,0,0
vda,0.40,0.00,0.00,0,0
vda,53.00,0.00,0.21,0,1
vda,21.40,0.00,0.08,0,0
vda,31.20,0.00,0.17,0,0
vda,2.00,0.00,0.01,0,0
vda,2.20,0.00,0.01,0,0
vda,0.40,0.00,0.00,0,0
vda,1.40,0.00,0.01,0,0
vda,4.00,0.00,0.02,0,0
vda,18.40,0.00,0.07,0,0
vda,51.40,0.00,0.21,0,1
vda,3.80,0.00,0.01,0,0
vda,2.00,0.00,0.01,0,0
vda,0.20,0.00,0.00,0,0
vda,2.00,0.00,0.01,0,0
vda,2.80,0.00,0.01,0,0
vda,9.80,0.00,0.07,0,0
vda,21.80,0.00,0.09,0,0
vda,2.00,0.00,0.01,0,0
vda,35.00,0.00,0.14,0,0
vda,0.20,0.00,0.00,0,0
vda,1.20,0.00,0.00,0,0
vda,6.80,0.00,0.04,0,0
vda,2.80,0.00,0.01,0,0
vda,82.80,0.00,0.36,0,1
vda,4.40,0.00,0.02,0,0
vda,7.80,0.00,0.06,0,0
vda,3.20,0.00,0.01,0,0
vda,2.40,0.00,0.01,0,0
vda,0.00,0.00,0.00,0,0
vda,55.40,0.00,0.23,0,1
vda,3.60,0.00,0.01,0,0
vda,2.60,0.00,0.01,0,0
vda,58.80,0.00,0.24,0,1
vda,1.60,0.00,0.01,0,0
vda,2.00,0.00,0.01,0,0
vda,64.20,0.00,0.26,0,1
vda,1.40,0.00,0.01,0,0
vda,2.20,0.00,0.01,0,0
vda,45.40,0.00,0.18,0,0
vda,1.40,0.00,0.01,0,0
vda,3.20,0.00,0.01,0,0
vda,54.80,0.00,0.22,0,1
vda,1.60,0.00,0.01,0,0
vda,2.80,0.00,0.01,0,0
vda,0.00,0.00,0.00,0,0
vda,1.20,0.00,0.00,0,0
vda,2.00,0.00,0.01,0,0
vda,1.60,0.00,0.01,0,0
vda,52.40,0.00,0.21,0,1
vda,19.00,0.00,0.07,0,0
vda,4.20,0.00,0.02,0,0
vda,2.20,0.00,0.01,0,0
vda,0.20,0.00,0.00,0,0
vda,1.60,0.00,0.01,0,0
vda,5.40,0.00,0.02,0,0
vda,50.40,0.00,0.20,0,1
vda,1.40,0.00,0.01,0,0
vda,1.40,0.00,0.01,0,0
vda,2.20,0.00,0.01,0,0
vda,0.00,0.00,0.00,0,0
vda,1.40,0.00,0.00,0,0
vda,5.60,0.00,0.02,0,0
vda,19.20,0.00,0.08,0,0
vda,1.40,0.00,0.01,0,0
vda,52.60,0.00,0.21,0,1
vda,0.00,0.00,0.00,0,0
vda,1.40,0.00,0.00,0,0
vda,54.40,0.00,0.22,0,1
vda,0.20,0.00,0.00,0,0
vda,1.20,0.00,0.00,0,0
vda,71.00,0.00,0.28,0,1
vda,1.00,0.00,0.00,0,0
vda,1.60,0.00,0.01,0,0
vda,57.20,0.00,0.23,0,1
vda,0.20,0.00,0.00,0,0
vda,1.40,0.00,0.00,0,0
vda,2.00,0.00,0.01,0,0
vda,1.40,0.00,0.00,0,0
vda,48.40,0.00,0.20,0,1
vda,2.40,0.00,0.01,0,0
vda,2.60,0.00,0.01,0,0
vda,1.60,0.00,0.01,0,0
