vda,71.60,0.29,0.00,1,0
vda,3.60,0.00,0.01,0,0
vda,0.00,0.00,0.00,0,0
vda,70.60,0.44,0.00,2,0
vda,11.00,0.10,0.01,0,0
vda,3.60,0.00,0.02,0,0
vda,260.40,9.42,0.24,47,1
vda,92.40,10.88,0.02,54,0
vda,103.60,12.88,0.00,64,0
vda,125.00,15.45,0.00,77,0
vda,111.80,13.70,0.01,68,0
vda,103.80,12.95,0.00,64,0
vda,131.40,15.80,1.29,79,6
vda,128.20,14.92,0.04,74,0
vda,92.60,9.25,0.07,46,0
vda,150.60,15.47,0.11,77,0
vda,127.40,14.92,0.03,74,0
vda,139.20,17.20,0.01,86,0
vda,63.60,7.75,0.01,38,0
vda,103.40,11.62,0.04,58,0
vda,115.80,14.37,0.01,71,0
vda,133.00,15.05,0.05,75,0
vda,124.20,14.22,0.04,71,0
vda,139.00,15.22,0.07,76,0
vda,120.40,14.68,0.01,73,0
vda,52.40,6.55,0.00,32,0
vda,18.40,2.20,0.00,11,0
vda,113.00,13.95,0.01,69,0
vda,3.40,0.00,0.02,0,0
vda,88.20,10.95,0.00,54,0
vda,89.00,7.99,0.10,39,0
vda,37.20,0.00,0.15,0,0
vda,0.80,0.00,0.00,0,0
vda,1.20,0.00,0.00,0,0
vda,4.40,0.00,0.02,0,0
vda,1.60,0.00,0.01,0,0
vda,1.80,0.00,0.01,0,0
vda,19.40,0.00,0.08,0,0
vda,0.80,0.00,0.00,0,0
vda,1.20,0.00,0.00,0,0
vda,35.80,0.00,0.14,0,0
vda,8.00,0.00,0.03,0,0
vda,1.40,0.00,0.01,0,0
vda,2.40,0.00,0.01,0,0
vda,1.60,0.00,0.01,0,0
vda,13.80,0.00,0.05,0,0
vda,1.60,0.00,0.01,0,0
vda,2.40,0.00,0.01,0,0
vda,1.00,0.00,0.00,0,0
vda,13.60,0.00,0.06,0,0
vda,18.00,0.00,0.07,0,0
vda,7.80,0.00,0.03,0,0
vda,18.40,0.00,0.07,0,0
vda,1.60,0.00,0.01,0,0
vda,1.20,0.00,0.00,0,0
vda,4.80,0.00,0.02,0,0
vda,18.40,0.00,0.07,0,0
vda,1.40,0.00,0.01,0,0
vda,1.20,0.00,0.00,0,0
vda,12.80,0.00,0.05,0,0
vda,12.80,0.00,0.05,0,0
vda,1.60,0.00,0.01,0,0
vda,8.98,0.00,0.04,0,0
vda,1.60,0.00,0.01,0,0
vda,4.60,0.00,0.02,0,0
vda,18.60,0.00,0.07,0,0
vda,0.00,0.00,0.00,0,0
vda,19.20,0.00,0.07,0,0
vda,18.40,0.00,0.07,0,0
vda,1.40,0.00,0.01,0,0
vda,2.20,0.00,0.01,0,0
vda,7.80,0.00,0.04,0,0
vda,1.40,0.00,0.01,0,0
vda,43.80,0.00,0.18,0,0
vda,1.60,0.00,0.01,0,0
vda,0.00,0.00,0.00,0,0
vda,1.20,0.00,0.00,0,0
vda,1.60,0.00,0.01,0,0
vda,1.20,0.00,0.00,0,0
vda,8.60,0.00,0.04,0,0
vda,36.20,0.00,0.15,0,0
vda,12.80,0.00,0.05,0,0
vda,2.60,0.00,0.01,0,0
vda,15.60,0.02,0.04,0,0
vda,1.20,0.00,0.00,0,0
vda,14.20,0.05,0.01,0,0
vda,0.00,0.00,0.00,0,0
vda,2.60,0.00,0.01,0,0
vda,24.60,0.00,0.10,0,0
vda,46.80,0.00,0.19,0,0
vda,1.20,0.00,0.00,0,0
vda,4.20,0.00,0.02,0,0
vda,1.60,0.00,0.01,0,0
vda,0.00,0.00,0.00,0,0
vda,1.60,0.00,0.01,0,0
vda,2.20,0.00,0.01,0,0
vda,18.40,0.00,0.07,0,0
vda,1.40,0.00,0.00,0,0
vda,42.80,0.00,0.17,0,0
vda,1.40,0.00,0.01,0,0
vda,0.00,0.00,0.00,0,0
vda,3.00,0.00,0.02,0,0
vda,2.40,0.00,0.01,0,0
vda,13.80,0.00,0.05,0,0
vda,1.40,0.00,0.01,0,0
vda,1.20,0.00,0.00,0,0
vda,24.20,0.00,0.10,0,0
vda,0.00,0.00,0.00,0,0
vda,8.80,0.00,0.04,0,0
vda,2.00,0.00,0.01,0,0
vda,20.60,0.00,0.08,0,0
vda,1.00,0.00,0.00,0,0
vda,2.20,0.00,0.01,0,0
vda,0.00,0.00,0.00,0,0
vda,1.40,0.00,0.00,0,0
vda,37.00,0.00,0.16,0,0
vda,1.80,0.00,0.01,0,0
vda,19.80,0.00,0.08,0,0
vda,2.40,0.00,0.01,0,0
vda,1.40,0.00,0.01,0,0
vda,2.80,0.00,0.01,0,0
vda,0.40,0.00,0.00,0,0
vda,3.40,0.00,0.02,0,0
vda,1.20,0.00,0.00,0,0
vda,35.40,0.00,0.14,0,0
vda,25.40,0.00,0.10,0,0
vda,1.20,0.00,0.00,0,0
vda,2.60,0.00,0.01,0,0
vda,0.00,0.00,0.00,0,0
vda,2.00,0.00,0.01,0,0
vda,4.20,0.00,0.02,0,0
vda,1.00,0.00,0.00,0,0
vda,19.80,0.00,0.08,0,0
vda,34.20,0.00,0.14,0,0
vda,1.40,0.00,0.01,0,0
vda,1.20,0.00,0.00,0,0
vda,10.00,0.00,0.04,0,0
vda,1.20,0.00,0.00,0,0
vda,1.20,0.00,0.00,0,0
vda,1.60,0.00,0.01,0,0
vda,13.00,0.00,0.05,0,0
vda,3.80,0.00,0.01,0,0
vda,24.20,0.00,0.10,0,0
vda,3.20,0.00,0.01,0,0
vda,1.20,0.00,0.00,0,0
vda,2.20,0.00,0.01,0,0
vda,0.60,0.00,0.00,0,0
vda,25.60,0.00,0.10,0,0
vda,2.00,0.00,0.01,0,0
vda,1.20,0.00,0.00,0,0
vda,2.80,0.00,0.01,0,0
vda,45.00,0.00,0.18,0,0
vda,2.20,0.00,0.01,0,0
vda,1.60,0.00,0.01,0,0
vda,11.60,0.00,0.05,0,0
vda,1.20,0.00,0.00,0,0
vda,1.20,0.00,0.00,0,0
vda,8.80,0.00,0.04,0,0
vda,1.60,0.00,0.01,0,0
vda,1.40,0.00,0.01,0,0
vda,35.73,0.00,0.14,0,0
vda,1.40,0.00,0.01,0,0
vda,19.96,0.00,0.08,0,0
vda,0.00,0.00,0.00,0,0
vda,2.80,0.00,0.02,0,0
vda,1.40,0.00,0.01,0,0
vda,1.60,0.00,0.01,0,0
vda,8.20,0.00,0.03,0,0
vda,1.20,0.00,0.00,0,0
vda,52.60,0.00,0.21,0,1
vda,3.80,0.00,0.01,0,0
vda,1.00,0.00,0.01,0,0
vda,2.40,0.00,0.01,0,0
vda,1.20,0.00,0.00,0,0
vda,2.20,0.00,0.01,0,0
vda,0.00,0.00,0.00,0,0
vda,1.60,0.00,0.01,0,0
vda,20.00,0.00,0.08,0,0
vda,25.20,0.00,0.10,0,0
vda,0.00,0.00,0.00,0,0
vda,1.20,0.00,0.00,0,0
vda,3.40,0.00,0.01,0,0
vda,2.20,0.00,0.01,0,0
vda,0.20,0.00,0.00,0,0
vda,19.00,0.00,0.07,0,0
vda,2.40,0.00,0.01,0,0
vda,1.20,0.00,0.00,0,0
vda,35.40,0.00,0.14,0,0
vda,8.40,0.00,0.03,0,0
vda,1.40,0.00,0.01,0,0
vda,2.40,0.00,0.01,0,0
vda,13.20,0.00,0.05,0,0
vda,2.60,0.00,0.01,0,0
vda,2.20,0.00,0.01,0,0
vda,0.40,0.00,0.00,0,0
vda,0.80,0.00,0.00,0,0
vda,42.60,0.00,0.17,0,0
vda,1.20,0.00,0.00,0,0
vda,17.60,0.00,0.07,0,0
vda,2.40,0.00,0.01,0,0
vda,4.00,0.00,0.02,0,0
vda,1.60,0.00,0.01,0,0
vda,2.20,0.00,0.01,0,0
vda,0.00,0.00,0.00,0,0
vda,0.60,0.00,0.00,0,0
vda,48.80,0.00,0.20,0,0
vda,32.20,0.00,0.13,0,0
vda,1.40,0.00,0.01,0,0
vda,2.20,0.00,0.01,0,0
vda,2.00,0.00,0.01,0,0
vda,1.80,0.00,0.01,0,0
vda,8.80,0.00,0.04,0,0
vda,3.00,0.00,0.02,0,0
vda,11.80,0.00,0.05,0,0
vda,24.40,0.00,0.10,0,0
vda,1.20,0.00,0.00,0,0
vda,0.60,0.00,0.00,0,0
vda,1.20,0.00,0.00,0,0
vda,3.80,0.00,0.01,0,0
vda,3.00,0.00,0.02,0,0
vda,2.20,0.00,0.01,0,0
vda,18.80,0.00,0.07,0,0
vda,0.00,0.00,0.00,0,0
vda,34.80,0.00,0.14,0,0
vda,2.60,0.00,0.01,0,0
vda,7.40,0.00,0.03,0,0
vda,2.20,0.00,0.01,0,0
vda,3.80,0.00,0.01,0,0
vda,19.00,0.00,0.07,0,0
vda,0.00,0.00,0.00,0,0
vda,2.60,0.00,0.01,0,0
vda,1.40,0.00,0.01,0,0
vda,33.60,0.00,0.13,0,0
vda,10.40,0.00,0.05,0,0
vda,1.00,0.00,0.00,0,0
vda,1.80,0.00,0.01,0,0
vda,15.40,0.00,0.06,0,0
vda,2.00,0.00,0.01,0,0
vda,0.00,0.00,0.00,0,0
vda,2.20,0.00,0.01,0,0
vda,0.60,0.00,0.00,0,0
vda,36.00,0.00,0.15,0,0
vda,9.40,0.00,0.04,0,0
vda,18.20,0.00,0.07,0,0
vda,1.20,0.00,0.00,0,0
vda,3.40,0.00,0.01,0,0
vda,1.60,0.00,0.01,0,0
vda,0.00,0.00,0.00,0,0
vda,3.80,0.00,0.02,0,0
vda,0.80,0.00,0.00,0,0
vda,1.20,0.00,0.00,0,0
vda,42.40,0.00,0.17,0,0
vda,1.40,0.00,0.01,0,0
vda,0.00,0.00,0.00,0,0
vda,2.60,0.00,0.01,0,0
vda,1.60,0.00,0.01,0,0
vda,2.40,0.00,0.01,0,0
vda,2.60,0.00,0.01,0,0
vda,17.37,0.00,0.07,0,0
vda,34.80,0.00,0.14,0,0
vda,2.00,0.00,0.01,0,0
vda,1.40,0.00,0.01,0,0
vda,9.60,0.00,0.04,0,0
vda,2.00,0.00,0.01,0,0
vda,1.20,0.00,0.00,0,0
vda,1.20,0.00,0.00,0,0
vda,55.60,0.00,0.22,0,1
vda,1.20,0.00,0.00,0,0
vda,1.20,0.00,0.00,0,0
vda,3.20,0.00,0.01,0,0
vda,0.00,0.00,0.00,0,0
vda,1.20,0.00,0.00,0,0
vda,9.20,0.00,0.04,0,0
vda,13.00,0.00,0.05,0,0
vda,2.60,0.00,0.01,0,0
vda,24.60,0.00,0.10,0,0
vda,1.00,0.00,0.01,0,0
vda,1.60,0.00,0.00,0,0
vda,11.00,0.00,0.05,0,0
vda,0.00,0.00,0.00,0,0
vda,18.80,0.00,0.07,0,0
vda,1.60,0.00,0.01,0,0
vda,2.80,0.00,0.01,0,0
vda,2.60,0.00,0.01,0,0
vda,36.80,0.00,0.15,0,0
vda,1.00,0.00,0.00,0,0
vda,1.20,0.00,0.00,0,0
vda,11.60,0.00,0.05,0,0
vda,2.20,0.00,0.01,0,0
vda,8.20,0.00,0.03,0,0
vda,1.80,0.00,0.01,0,0
vda,4.60,0.00,0.02,0,0
vda,1.00,0.00,0.00,0,0
vda,33.60,0.00,0.13,0,0
vda,2.40,0.00,0.01,0,0
vda,18.80,0.00,0.07,0,0
vda,2.00,0.00,0.01,0,0
vda,9.80,0.00,0.04,0,0
vda,1.20,0.00,0.00,0,0
vda,1.60,0.00,0.01,0,0
vda,1.40,0.00,0.00,0,0
vda,3.60,0.00,0.01,0,0
vda,51.60,0.00,0.20,0,1
vda,1.80,0.00,0.01,0,0
vda,2.20,0.00,0.01,0,0
vda,2.20,0.00,0.01,0,0
vda,0.00,0.00,0.00,0,0
vda,8.00,0.00,0.03,0,0
vda,2.80,0.00,0.01,0,0
vda,13.00,0.00,0.05,0,0
vda,0.00,0.00,0.00,0,0
vda,26.20,0.00,0.11,0,0
vda,1.80,0.00,0.01,0,0
vda,0.00,0.00,0.00,0,0
vda,1.60,0.00,0.01,0,0
vda,1.60,0.00,0.01,0,0
vda,1.20,0.00,0.00,0,0
vda,24.20,0.00,0.10,0,0
vda,3.60,0.00,0.02,0,0
vda,1.60,0.00,0.01,0,0
vda,35.20,0.00,0.14,0,0
vda,3.60,0.00,0.01,0,0
vda,1.00,0.00,0.00,0,0
vda,0.00,0.00,0.00,0,0
vda,25.40,0.00,0.10,0,0
vda,3.00,0.00,0.02,0,0
vda,2.20,0.00,0.01,0,0
vda,7.40,0.00,0.03,0,0
vda,1.60,0.00,0.01,0,0
vda,46.40,0.00,0.18,0,0
vda,1.60,0.00,0.01,0,0
vda,1.20,0.00,0.00,0,0
vda,13.80,0.00,0.05,0,0
vda,3.80,0.00,0.02,0,0
vda,1.40,0.00,0.01,0,0
vda,0.00,0.00,0.00,0,0
vda,2.20,0.00,0.01,0,0
vda,1.20,0.00,0.00,0,0
vda,40.40,0.00,0.16,0,0
vda,20.20,0.00,0.08,0,0
vda,3.20,0.00,0.01,0,0
vda,3.20,0.00,0.01,0,0
vda,8.80,0.00,0.03,0,0
vda,0.00,0.00,0.00,0,0
vda,0.60,0.00,0.00,0,0
vda,2.60,0.00,0.01,0,0
vda,1.80,0.00,0.01,0,0
vda,47.80,0.00,0.19,0,0
vda,2.00,0.00,0.01,0,0
vda,0.00,0.00,0.00,0,0
vda,4.80,0.00,0.02,0,0
vda,2.20,0.00,0.01,0,0
vda,0.00,0.00,0.00,0,0
vda,1.20,0.00,0.00,0,0
vda,19.60,0.00,0.08,0,0
vda,2.20,0.00,0.01,0,0
vda,29.00,0.00,0.12,0,0
vda,2.80,0.00,0.01,0,0
vda,1.40,0.00,0.01,0,0
vda,0.20,0.00,0.00,0,0
vda,4.40,0.00,0.02,0,0
vda,1.80,0.00,0.01,0,0
vda,17.60,0.00,0.07,0,0
vda,2.60,0.00,0.01,0,0
vda,1.40,0.00,0.01,0,0
vda,34.60,0.00,0.14,0,0
vda,8.80,0.00,0.04,0,0
vda,1.40,0.00,0.01,0,0
vda,1.20,0.00,0.00,0,0
vda,15.00,0.00,0.06,0,0
vda,1.80,0.00,0.01,0,0
vda,0.40,0.00,0.00,0,0
vda,2.20,0.00,0.01,0,0
vda,1.20,0.00,0.00,0,0
vda,35.20,0.00,0.14,0,0
vda,10.60,0.00,0.05,0,0
vda,1.60,0.00,0.01,0,0
vda,18.16,0.00,0.07,0,0
vda,2.20,0.00,0.01,0,0
vda,2.00,0.00,0.01,0,0
vda,1.20,0.00,0.00,0,0
vda,2.80,0.00,0.01,0,0
vda,2.40,0.00,0.01,0,0
vda,33.80,0.00,0.14,0,0
vda,26.80,0.00,0.11,0,0
vda,1.40,0.00,0.01,0,0
vda,0.00,0.00,0.00,0,0
vda,4.20,0.00,0.02,0,0
vda,1.80,0.00,0.01,0,0
vda,0.80,0.00,0.00,0,0
vda,2.20,0.00,0.01,0,0
vda,12.80,0.00,0.05,0,0
vda,23.20,0.00,0.09,0,0
vda,9.00,0.00,0.04,0,0
vda,1.40,0.00,0.01,0,0
vda,1.00,0.00,0.00,0,0
vda,2.60,0.00,0.01,0,0
vda,2.60,0.00,0.01,0,0
vda,20.00,0.00,0.08,0,0
vda,0.40,0.00,0.00,0,0
vda,1.40,0.00,0.01,0,0
vda,35.00,0.00,0.14,0,0
vda,2.60,0.00,0.01,0,0
vda,10.00,0.00,0.05,0,0
vda,0.60,0.00,0.00,0,0
vda,2.60,0.00,0.01,0,0
vda,13.00,0.00,0.05,0,0
vda,63.80,0.00,0.26,0,1
vda,2.00,0.00,0.01,0,0
vda,0.00,0.00,0.00,0,0
vda,2.40,0.00,0.01,0,0
vda,2.20,0.00,0.01,0,0
vda,35.40,0.00,0.14,0,0
vda,1.40,0.00,0.01,0,0
vda,2.20,0.00,0.01,0,0
vda,0.00,0.00,0.00,0,0
vda,5.00,0.00,0.02,0,0
vda,42.00,0.00,0.17,0,0
vda,1.40,0.00,0.01,0,0
vda,1.40,0.00,0.00,0,0
vda,2.20,0.00,0.01,0,0
vda,0.00,0.00,0.00,0,0
vda,1.20,0.00,0.00,0,0
vda,2.60,0.00,0.01,0,0
vda,19.80,0.00,0.08,0,0
vda,36.60,0.00,0.14,0,0
vda,0.60,0.00,0.00,0,0
vda,2.00,0.00,0.01,0,0
vda,1.40,0.00,0.00,0,0
vda,45.20,0.00,0.18,0,0
vda,1.40,0.00,0.01,0,0
vda,0.00,0.00,0.00,0,0
vda,2.20,0.00,0.01,0,0
vda,0.60,0.00,0.00,0,0
vda,1.20,0.00,0.00,0,0
vda,2.60,0.00,0.01,0,0
vda,21.20,0.00,0.09,0,0
vda,35.20,0.00,0.14,0,0
vda,2.00,0.00,0.01,0,0
vda,0.00,0.00,0.00,0,0
vda,1.20,0.00,0.00,0,0
vda,2.60,0.00,0.01,0,0
vda,7.60,0.00,0.03,0,0
vda,25.20,0.00,0.10,0,0
vda,3.60,0.00,0.01,0,0
vda,1.60,0.00,0.01,0,0
vda,46.20,0.00,0.18,0,0
vda,2.60,0.00,0.01,0,0
vda,0.00,0.00,0.00,0,0
vda,1.60,0.00,0.01,0,0
vda,10.20,0.00,0.05,0,0
vda,13.00,0.00,0.05,0,0
vda,0.00,0.00,0.00,0,0
vda,3.80,0.00,0.01,0,0
vda,1.80,0.00,0.01,0,0
vda,34.00,0.00,0.14,0,0
vda,2.20,0.00,0.01,0,0
vda,0.60,0.00,0.00,0,0
vda,28.00,0.00,0.11,0,0
vda,2.80,0.00,0.01,0,0
vda,0.80,0.00,0.00,0,0
vda,1.20,0.00,0.00,0,0
vda,3.60,0.00,0.01,0,0
vda,1.60,0.00,0.01,0,0
vda,22.40,0.00,0.09,0,0
vda,1.80,0.00,0.01,0,0
vda,13.80,0.00,0.05,0,0
vda,1.20,0.00,0.00,0,0
vda,8.80,0.00,0.04,0,0
vda,0.20,0.00,0.00,0,0
vda,1.20,0.00,0.00,0,0
vda,35.20,0.00,0.14,0,0
vda,5.20,0.00,0.02,0,0
vda,1.20,0.00,0.00,0,0
vda,19.80,0.00,0.08,0,0
vda,0.20,0.00,0.00,0,0
vda,8.78,0.00,0.04,0,0
vda,2.40,0.00,0.01,0,0
vda,0.20,0.00,0.00,0,0
vda,1.60,0.00,0.01,0,0
vda,25.80,0.00,0.11,0,0
vda,1.40,0.00,0.01,0,0
vda,19.00,0.00,0.07,0,0
vda,2.20,0.00,0.01,0,0
vda,0.40,0.00,0.00,0,0
vda,1.40,0.00,0.01,0,0
vda,56.60,0.00,0.23,0,1
vda,0.00,0.00,0.00,0,0
vda,1.20,0.00,0.00,0,0
vda,37.80,0.00,0.15,0,0
vda,0.00,0.00,0.00,0,0
vda,1.20,0.00,0.00,0,0
vda,2.00,0.00,0.01,0,0
vda,2.00,0.00,0.01,0,0
vda,1.20,0.00,0.00,0,0
vda,2.60,0.00,0.01,0,0
vda,35.20,0.00,0.14,0,0
vda,18.60,0.00,0.07,0,0
vda,7.80,0.00,0.03,0,0
vda,1.80,0.00,0.01,0,0
vda,2.40,0.00,0.01,0,0
vda,3.00,0.00,0.01,0,0
vda,0.00,0.00,0.00,0,0
vda,3.00,0.00,0.02,0,0
vda,18.60,0.00,0.07,0,0
vda,36.00,0.00,0.14,0,0
vda,0.00,0.00,0.00,0,0
vda,8.60,0.00,0.03,0,0
vda,1.60,0.00,0.01,0,0
vda,1.20,0.00,0.00,0,0
vda,3.60,0.00,0.01,0,0
vda,0.60,0.00,0.01,0,0
vda,13.20,0.00,0.05,0,0
vda,1.60,0.00,0.01,0,0
vda,23.80,0.00,0.10,0,0
vda,1.20,0.00,0.00,0,0
vda,1.20,0.00,0.00,0,0
vda,9.00,0.00,0.04,0,0
vda,2.60,0.00,0.01,0,0
vda,20.00,0.00,0.08,0,0
vda,0.00,0.00,0.00,0,0
vda,2.40,0.00,0.01,0,0
vda,2.60,0.00,0.01,0,0
vda,33.80,0.00,0.14,0,0
vda,1.40,0.00,0.01,0,0
vda,3.00,0.00,0.02,0,0
vda,1.60,0.00,0.01,0,0
vda,12.80,0.00,0.05,0,0
vda,6.60,0.00,0.03,0,0
vda,2.20,0.00,0.01,0,0
vda,1.20,0.00,0.00,0,0
vda,2.40,0.00,0.01,0,0
vda,36.80,0.00,0.15,0,0
vda,1.00,0.00,0.00,0,0
vda,19.60,0.00,0.08,0,0
vda,0.00,0.00,0.00,0,0
vda,1.20,0.00,0.00,0,0
vda,1.20,0.00,0.00,0,0
vda,9.20,0.00,0.04,0,0
vda,2.80,0.00,0.02,0,0
vda,3.40,0.00,0.01,0,0
vda,33.80,0.00,0.14,0,0
vda,20.60,0.00,0.08,0,0
vda,1.80,0.00,0.01,0,0
vda,2.60,0.00,0.01,0,0
vda,0.40,0.00,0.00,0,0
vda,3.40,0.00,0.02,0,0
vda,9.00,0.00,0.04,0,0
vda,0.00,0.00,0.00,0,0
vda,12.20,0.00,0.05,0,0
vda,24.80,0.00,0.10,0,0
vda,1.40,0.00,0.01,0,0
vda,3.40,0.00,0.01,0,0
vda,2.00,0.00,0.01,0,0
vda,2.20,0.00,0.01,0,0
vda,0.00,0.00,0.00,0,0
vda,2.60,0.00,0.01,0,0
vda,18.76,0.00,0.07,0,0
vda,7.60,0.00,0.03,0,0
vda,36.40,0.00,0.15,0,0
vda,3.20,0.00,0.01,0,0
vda,2.80,0.00,0.01,0,0
vda,2.60,0.00,0.01,0,0
vda,0.00,0.00,0.00,0,0
vda,24.60,0.00,0.09,0,0
vda,2.20,0.00,0.01,0,0
vda,8.40,0.00,0.04,0,0
vda,0.20,0.00,0.00,0,0
vda,49.20,0.00,0.20,0,1
vda,1.40,0.00,0.01,0,0
vda,2.40,0.00,0.01,0,0
vda,2.00,0.00,0.01,0,0
vda,12.80,0.00,0.05,0,0
vda,0.40,0.00,0.00,0,0
vda,3.20,0.00,0.01,0,0
vda,3.00,0.00,0.02,0,0
vda,7.80,0.00,0.03,0,0
vda,36.00,0.00,0.14,0,0
vda,1.20,0.00,0.00,0,0
vda,18.20,0.00,0.07,0,0
vda,5.00,0.00,0.02,0,0
vda,0.00,0.00,0.00,0,0
vda,1.00,0.00,0.00,0,0
vda,2.80,0.00,0.01,0,0
vda,1.20,0.00,0.00,0,0
vda,0.00,0.00,0.00,0,0
vda,24.80,0.00,0.10,0,0
vda,20.20,0.00,0.08,0,0
vda,0.80,0.00,0.00,0,0
vda,2.20,0.00,0.01,0,0
vda,1.80,0.00,0.01,0,0
vda,0.60,0.00,0.00,0,0
vda,3.80,0.00,0.02,0,0
vda,1.80,0.00,0.01,0,0
vda,17.60,0.00,0.07,0,0
vda,36.00,0.00,0.14,0,0
vda,1.20,0.00,0.00,0,0
vda,0.00,0.00,0.00,0,0
vda,10.60,0.00,0.05,0,0
vda,1.60,0.00,0.01,0,0
vda,0.00,0.00,0.00,0,0
vda,3.80,0.00,0.01,0,0
vda,27.60,0.00,0.11,0,0
vda,1.20,0.00,0.00,0,0
vda,36.00,0.00,0.14,0,0
vda,1.20,0.00,0.00,0,0
vda,3.40,0.00,0.01,0,0
vda,0.00,0.00,0.00,0,0
vda,1.40,0.00,0.01,0,0
vda,12.80,0.00,0.05,0,0
vda,5.00,0.00,0.02,0,0
vda,1.40,0.00,0.01,0,0
vda,22.40,0.00,0.09,0,0
vda,3.00,0.00,0.02,0,0
vda,1.20,0.00,0.00,0,0
vda,0.20,0.00,0.00,0,0
vda,2.60,0.00,0.01,0,0
vda,25.40,0.00,0.10,0,0
vda,0.60,0.00,0.00,0,0
vda,36.00,0.00,0.14,0,0
vda,1.60,0.00,0.01,0,0
vda,4.20,0.00,0.02,0,0
vda,2.40,0.00,0.01,0,0
vda,0.00,0.00,0.00,0,0
vda,18.00,0.00,0.07,0,0
vda,2.20,0.00,0.01,0,0
vda,1.20,0.00,0.00,0,0
vda,8.00,0.00,0.04,0,0
vda,36.60,0.00,0.15,0,0
vda,2.40,0.00,0.01,0,0
vda,2.20,0.00,0.01,0,0
vda,2.00,0.00,0.01,0,0
vda,12.80,0.00,0.05,0,0
vda,0.00,0.00,0.00,0,0
vda,4.40,0.00,0.02,0,0
vda,1.40,0.00,0.01,0,0
vda,29.60,0.00,0.12,0,0
vda,2.20,0.00,0.01,0,0
vda,1.20,0.00,0.00,0,0
vda,17.60,0.00,0.07,0,0
vda,2.60,0.00,0.01,0,0
vda,2.60,0.00,0.01,0,0
vda,2.00,0.00,0.01,0,0
vda,36.40,0.00,0.14,0,0
vda,0.00,0.00,0.00,0,0
vda,0.80,0.00,0.00,0,0
vda,2.60,0.00,0.01,0,0
vda,20.00,0.00,0.08,0,0
vda,1.40,0.00,0.01,0,0
vda,3.00,0.00,0.01,0,0
vda,1.60,0.00,0.01,0,0
vda,1.60,0.00,0.01,0,0
vda,36.60,0.00,0.15,0,0
vda,0.00,0.00,0.00,0,0
vda,18.00,0.00,0.07,0,0
vda,2.20,0.00,0.01,0,0
vda,8.80,0.00,0.04,0,0
vda,0.20,0.00,0.00,0,0
vda,2.59,0.00,0.01,0,0
vda,2.60,0.00,0.01,0,0
vda,2.60,0.00,0.01,0,0
vda,34.00,0.00,0.14,0,0
vda,18.60,0.00,0.07,0,0
vda,1.60,0.00,0.01,0,0
vda,3.00,0.00,0.01,0,0
vda,8.60,0.00,0.04,0,0
vda,0.00,0.00,0.00,0,0
vda,2.20,0.00,0.01,0,0
vda,1.20,0.00,0.00,0,0
vda,13.80,0.00,0.05,0,0
vda,35.80,0.00,0.15,0,0
vda,1.40,0.00,0.01,0,0
vda,0.40,0.00,0.00,0,0
vda,2.20,0.00,0.01,0,0
vda,0.00,0.00,0.00,0,0
vda,1.20,0.00,0.00,0,0
vda,2.60,0.00,0.01,0,0
vda,19.60,0.00,0.08,0,0
vda,0.20,0.00,0.00,0,0
vda,38.20,0.00,0.15,0,0
vda,1.60,0.00,0.01,0,0
vda,0.00,0.00,0.00,0,0
vda,2.60,0.00,0.01,0,0
vda,0.80,0.00,0.00,0,0
vda,14.20,0.00,0.06,0,0
vda,9.00,0.00,0.04,0,0
vda,1.20,0.00,0.00,0,0
vda,0.60,0.00,0.00,0,0
vda,48.20,0.00,0.19,0,0
vda,1.40,0.00,0.01,0,0
vda,2.20,0.00,0.01,0,0
vda,27.20,0.00,0.11,0,0
vda,2.20,0.00,0.01,0,0
vda,0.00,0.00,0.00,0,0
vda,2.60,0.00,0.01,0,0
vda,42.20,0.46,0.01,2,0
vda,31.40,0.00,0.18,0,0
vda,36.60,0.00,0.15,0,0
vda,20.00,0.00,0.08,0,0
vda,1.60,0.00,0.01,0,0
vda,3.00,0.00,0.01,0,0
vda,2.80,0.00,0.01,0,0
vda,0.20,0.00,0.00,0,0
vda,2.20,0.00,0.01,0,0
vda,0.00,0.00,0.00,0,0
vda,9.80,0.00,0.04,0,0
vda,37.20,0.00,0.15,0,0
vda,1.40,0.00,0.01,0,0
vda,0.00,0.00,0.00,0,0
vda,3.40,0.00,0.01,0,0
vda,1.60,0.00,0.01,0,0
vda,0.00,0.00,0.00,0,0
vda,3.60,0.00,0.02,0,0
vda,18.40,0.00,0.07,0,0
vda,35.40,0.00,0.14,0,0
vda,8.80,0.00,0.04,0,0
vda,0.60,0.00,0.00,0,0
vda,1.40,0.00,0.00,0,0
vda,3.80,0.00,0.01,0,0
vda,3.00,0.00,0.02,0,0
vda,0.60,0.00,0.00,0,0
vda,24.40,0.13,0.09,0,0
vda,1.60,0.00,0.01,0,0
vda,35.40,0.00,0.14,0,0
vda,14.80,0.00,0.07,0,0
vda,1.40,0.00,0.01,0,0
vda,0.00,0.00,0.00,0,0
vda,5.00,0.00,0.03,0,0
vda,12.20,0.00,0.05,0,0
vda,2.00,0.00,0.01,0,0
vda,3.00,0.00,0.01,0,0
vda,1.40,0.00,0.01,0,0
vda,0.00,0.00,0.00,0,0
vda,35.80,0.00,0.14,0,0
vda,9.20,0.00,0.04,0,0
vda,1.20,0.00,0.00,0,0
vda,19.40,0.00,0.08,0,0
vda,1.40,0.00,0.01,0,0
vda,3.60,0.00,0.01,0,0
vda,9.18,0.00,0.04,0,0
vda,0.20,0.00,0.00,0,0
vda,2.20,0.00,0.01,0,0
vda,25.20,0.00,0.10,0,0
vda,18.40,0.00,0.07,0,0
vda,1.40,0.00,0.01,0,0
vda,2.20,0.00,0.01,0,0
vda,0.60,0.00,0.00,0,0
vda,2.40,0.00,0.01,0,0
vda,4.40,0.00,0.02,0,0
vda,2.40,0.00,0.01,0,0
vda,34.40,0.00,0.14,0,0
vda,13.80,0.00,0.05,0,0
vda,0.60,0.00,0.00,0,0
vda,1.20,0.00,0.00,0,0
vda,9.40,0.00,0.04,0,0
vda,1.80,0.00,0.01,0,0
vda,3.00,0.00,0.01,0,0
vda,1.60,0.00,0.01,0,0
vda,18.40,0.00,0.07,0,0
vda,36.40,0.00,0.14,0,0
vda,1.60,0.00,0.01,0,0
vda,1.40,0.00,0.01,0,0
vda,7.40,0.00,0.03,0,0
vda,3.60,0.00,0.02,0,0
vda,0.80,0.00,0.00,0,0
vda,4.20,0.00,0.02,0,0
vda,13.60,0.00,0.05,0,0
vda,1.40,0.00,0.01,0,0
vda,34.20,0.00,0.14,0,0
vda,2.40,0.00,0.01,0,0
vda,1.40,0.00,0.00,0,0
vda,8.00,0.00,0.04,0,0
vda,2.00,0.00,0.01,0,0
vda,19.00,0.00,0.07,0,0
vda,2.40,0.00,0.01,0,0
vda,2.60,0.00,0.01,0,0
vda,1.40,0.00,0.01,0,0
vda,25.60,0.00,0.10,0,0
vda,3.20,0.00,0.02,0,0
vda,1.40,0.00,0.01,0,0
vda,0.00,0.00,0.00,0,0
vda,25.80,0.00,0.10,0,0
vda,1.40,0.00,0.01,0,0
vda,3.80,0.00,0.01,0,0
vda,2.20,0.00,0.01,0,0
vda,1.20,0.00,0.01,0,0
vda,35.40,0.00,0.14,0,0
vda,2.00,0.00,0.01,0,0
vda,12.60,0.00,0.05,0,0
vda,8.40,0.00,0.03,0,0
vda,2.80,0.00,0.01,0,0
vda,1.00,0.00,0.00,0,0
vda,1.60,0.00,0.01,0,0
vda,2.20,0.00,0.01,0,0
vda,2.40,0.00,0.01,0,0
vda,36.20,0.00,0.14,0,0
vda,19.00,0.00,0.07,0,0
vda,1.60,0.00,0.01,0,0
vda,0.00,0.00,0.00,0,0
vda,3.20,0.00,0.02,0,0
vda,7.40,0.00,0.03,0,0
vda,1.40,0.00,0.01,0,0
vda,2.60,0.00,0.01,0,0
vda,25.80,0.00,0.10,0,0
vda,46.60,0.00,0.18,0,0
vda,3.20,0.00,0.01,0,0
vda,0.00,0.00,0.00,0,0
vda,2.60,0.00,0.01,0,0
vda,10.60,0.00,0.04,0,0
vda,1.40,0.00,0.01,0,0
vda,0.20,0.00,0.00,0,0
vda,14.00,0.00,0.05,0,0
vda,0.60,0.00,0.00,0,0
vda,27.00,0.00,0.11,0,0
vda,3.20,0.00,0.02,0,0
vda,1.60,0.00,0.01,0,0
vda,0.00,0.00,0.00,0,0
vda,2.20,0.00,0.01,0,0
vda,18.40,0.00,0.07,0,0
vda,8.00,0.00,0.03,0,0
vda,2.60,0.00,0.01,0,0
vda,0.80,0.00,0.00,0,0
vda,37.40,0.00,0.15,0,0
vda,2.59,0.00,0.01,0,0
vda,0.00,0.00,0.00,0,0
vda,4.00,0.00,0.02,0,0
vda,13.20,0.00,0.05,0,0
vda,1.40,0.00,0.00,0,0
vda,8.20,0.00,0.03,0,0
vda,5.20,0.00,0.03,0,0
vda,1.40,0.00,0.00,0,0
vda,39.20,0.00,0.15,0,0
vda,2.00,0.00,0.01,0,0
