7958860.0,64244.0,1604.0
7002881.3333,243849.33333,2608.8
6166400.0,401004.0,3488.0
6166400.0,401004.0,3488.0
5130108.8,654997.6,3519.7333333
3945776.0,945276.0,3556.0
3335446.4,1215264.2667,3598.6666667
2801408.0,1451504.0,3636.0
2801408.0,1451504.0,3636.0
2331136.0,1527798.4,3670.1333333
1919648.0,1594556.0,3700.0
1919648.0,1594556.0,3700.0
1919648.0,1594556.0,3700.0
1919648.0,1594556.0,3700.0
1919648.0,1594556.0,3700.0
1919648.0,1594556.0,3700.0
1919648.0,1594556.0,3700.0
1919648.0,1594556.0,3700.0
1919648.0,1594556.0,3700.0
1919648.0,1594556.0,3700.0
1919648.0,1594556.0,3700.0
1919182.6667,1594568.0,3785.3333333
1918252.0,1594592.0,3956.0
1918252.0,1594592.0,3956.0
1918252.0,1594592.0,3956.0
1917994.6667,1594592.0,3996.0
1917480.0,1594592.0,4076.0
1917480.0,1594592.0,4076.0
1917480.0,1594592.0,4076.0
1917480.0,1594592.0,4076.0
1917480.0,1594592.0,4076.0
1917480.0,1594592.0,4076.0
1917480.0,1594592.0,4076.0
1917480.0,1594592.0,4076.0
1917480.0,1594592.0,4076.0
1917480.0,1594592.0,4076.0
1917480.0,1594592.0,4076.0
1916937.6,1594851.2,4229.6
1916576.0,1595024.0,4332.0
1916576.0,1595024.0,4332.0
1916576.0,1595024.0,4332.0
1916576.0,1595024.0,4332.0
1916576.0,1595024.0,4332.0
1916576.0,1595024.0,4332.0
1916576.0,1595024.0,4332.0
1916576.0,1595024.0,4332.0
1916576.0,1595024.0,4332.0
1916576.0,1595024.0,4332.0
1916576.0,1595024.0,4332.0
1915153.0667,1595051.7333,4502.6666667
1913908.0,1595076.0,4652.0
1913908.0,1595076.0,4652.0
1913908.0,1595076.0,4652.0
1913908.0,1595076.0,4652.0
1913908.0,1595076.0,4652.0
1913908.0,1595076.0,4652.0
1913908.0,1595076.0,4652.0
1913908.0,1595076.0,4652.0
1913908.0,1595076.0,4652.0
1913908.0,1595076.0,4652.0
1913908.0,1595076.0,4652.0
1913626.4,1595080.2667,4775.7333333
1913380.0,1595084.0,4884.0
1913380.0,1595084.0,4884.0
1913380.0,1595084.0,4884.0
1913380.0,1595084.0,4884.0
1913380.0,1595084.0,4884.0
1913380.0,1595084.0,4884.0
1913380.0,1595084.0,4884.0
1913380.0,1595084.0,4884.0
1913380.0,1595084.0,4884.0
1913380.0,1595084.0,4884.0
1913380.0,1595084.0,4884.0
1912662.6667,1595133.3333,4982.6666667
1911228.0,1595232.0,5180.0
1911228.0,1595232.0,5180.0
1911760.0,1595233.3333,5198.6666667
1912824.0,1595236.0,5236.0
1912824.0,1595236.0,5236.0
1912824.0,1595236.0,5236.0
1912824.0,1595236.0,5236.0
1912824.0,1595236.0,5236.0
1912824.0,1595236.0,5236.0
1912824.0,1595236.0,5236.0
1912824.0,1595236.0,5236.0
1912824.0,1595236.0,5236.0
1912824.0,1595236.0,5236.0
1912753.6,1595237.0667,5270.1333333
1912296.0,1595244.0,5492.0
1943229.8667,1595245.0667,5499.4666667
2144300.0,1595252.0,5548.0
2144300.0,1595252.0,5548.0
2144300.0,1595252.0,5548.0
2144300.0,1595252.0,5548.0
2144231.2,1595254.1333,5566.1333333
2143784.0,1595268.0,5684.0
2143784.0,1595268.0,5684.0
2143952.5333,1595268.5333,5692.5333333
2145048.0,1595272.0,5748.0
2145048.0,1595272.0,5748.0
2145048.0,1595272.0,5748.0
2145048.0,1595272.0,5748.0
2145048.0,1595272.0,5748.0
2145048.0,1595272.0,5748.0
2145048.0,1595272.0,5748.0
2145048.0,1595272.0,5748.0
2145048.0,1595272.0,5748.0
2145048.0,1595272.0,5748.0
2145048.0,1595272.0,5748.0
2145048.0,1595272.0,5748.0
2143836.0,1595340.0,5972.0
2143836.0,1595340.0,5972.0
2143836.0,1595340.0,5972.0
2143836.0,1595340.0,5972.0
2143836.0,1595340.0,5972.0
2143836.0,1595340.0,5972.0
2344114.4,1595351.2,6128.8
2358420.0,1595352.0,6140.0
2358420.0,1595352.0,6140.0
2358420.0,1595352.0,6140.0
2358420.0,1595352.0,6140.0
2358420.0,1595352.0,6140.0
2358420.0,1595352.0,6140.0
2358420.0,1595352.0,6140.0
2358420.0,1595352.0,6140.0
2358420.0,1595352.0,6140.0
2358420.0,1595352.0,6140.0
2356632.0,1595380.0,6364.0
2356632.0,1595380.0,6364.0
2357585.6,1595382.1333,6398.1333333
2357585.6,1595382.1333,6398.1333333
2358420.0,1595384.0,6428.0
2358420.0,1595384.0,6428.0
2358420.0,1595384.0,6428.0
2358420.0,1595384.0,6428.0
2358420.0,1595384.0,6428.0
2358420.0,1595384.0,6428.0
2358420.0,1595384.0,6428.0
2358420.0,1595384.0,6428.0
2358420.0,1595384.0,6428.0
2358420.0,1595384.0,6428.0
2358173.8667,1595418.6667,6642.9333333
2358136.0,1595424.0,6676.0
2553697.6,1595532.8,6720.8
2602588.0,1595560.0,6732.0
2602588.0,1595560.0,6732.0
2602588.0,1595560.0,6732.0
2602588.0,1595560.0,6732.0
2602588.0,1595560.0,6732.0
2602588.0,1595560.0,6732.0
2602588.0,1595560.0,6732.0
2602588.0,1595560.0,6732.0
2602588.0,1595560.0,6732.0
2602588.0,1595560.0,6732.0
2602588.0,1595560.0,6732.0
2602156.8,1595589.3333,6896.2666667
2602000.0,1595600.0,6956.0
2602000.0,1595600.0,6956.0
2602000.0,1595600.0,6956.0
2602000.0,1595600.0,6956.0
2602000.0,1595600.0,6956.0
2600504.0,1595611.7333,7079.2
2599960.0,1595616.0,7124.0
2599960.0,1595616.0,7124.0
2600762.6667,1595669.3333,7161.3333333
2601164.0,1595696.0,7180.0
2601164.0,1595696.0,7180.0
2636876.0,1595696.0,7217.3333333
2654732.0,1595696.0,7236.0
2740664.0,1595700.8,7274.4
2797952.0,1595704.0,7300.0
2797952.0,1595704.0,7300.0
2797952.0,1595704.0,7300.0
2797952.0,1595704.0,7300.0
2797952.0,1595704.0,7300.0
2797952.0,1595704.0,7300.0
2797952.0,1595704.0,7300.0
2797952.0,1595704.0,7300.0
2797952.0,1595704.0,7300.0
2797952.0,1595704.0,7300.0
2797952.0,1595704.0,7300.0
2797786.4,1595713.6,7444.0
2797676.0,1595720.0,7540.0
2797676.0,1595720.0,7540.0
2797676.0,1595720.0,7540.0
2797676.0,1595720.0,7540.0
2797676.0,1595720.0,7540.0
2797676.0,1595720.0,7540.0
2797676.0,1595720.0,7540.0
2797676.0,1595720.0,7540.0
2797676.0,1595720.0,7540.0
2797676.0,1595720.0,7540.0
2797676.0,1595720.0,7540.0
2822156.0,1595744.0,7717.6
2838476.0,1595760.0,7836.0
2838476.0,1595760.0,7836.0
2883838.4,1595760.0,7874.4
2914080.0,1595760.0,7900.0
2914080.0,1595760.0,7900.0
2914080.0,1595760.0,7900.0
2914080.0,1595760.0,7900.0
2914080.0,1595760.0,7900.0
2914080.0,1595760.0,7900.0
2914080.0,1595760.0,7900.0
2914080.0,1595760.0,7900.0
2914080.0,1595760.0,7900.0
2914080.0,1595760.0,7900.0
2914080.0,1595760.0,7900.0
2914141.3333,1595821.3333,8065.3333333
2914172.0,1595852.0,8148.0
2914172.0,1595852.0,8148.0
2914172.0,1595852.0,8148.0
2914172.0,1595852.0,8148.0
2914172.0,1595852.0,8148.0
2914172.0,1595852.0,8148.0
2914172.0,1595852.0,8148.0
2914172.0,1595852.0,8148.0
2914172.0,1595852.0,8148.0
2914172.0,1595852.0,8148.0
2914172.0,1595852.0,8148.0
2966334.1333,1595862.6667,8293.0666667
3011976.0,1595872.0,8420.0
3011976.0,1595872.0,8420.0
3025981.3333,1595878.4,8458.4
3038236.0,1595884.0,8492.0
3038236.0,1595884.0,8492.0
3038236.0,1595884.0,8492.0
3038236.0,1595884.0,8492.0
3038236.0,1595884.0,8492.0
3038236.0,1595884.0,8492.0
3038236.0,1595884.0,8492.0
3036943.2,1596886.6667,8858.9333333
3035812.0,1597764.0,9180.0
3035812.0,1597764.0,9180.0
3035812.0,1597764.0,9180.0
3035812.0,1597764.0,9180.0
3035812.0,1597764.0,9180.0
3035812.0,1597764.0,9180.0
3035812.0,1597764.0,9180.0
3039452.8,1598152.8,9292.8
3041880.0,1598412.0,9368.0
3041880.0,1598412.0,9368.0
3041880.0,1598412.0,9368.0
3041880.0,1598412.0,9368.0
3041880.0,1598412.0,9368.0
3041880.0,1598412.0,9368.0
3041880.0,1598412.0,9368.0
3103154.6667,1598414.6667,9490.6666667
3133792.0,1598416.0,9552.0
3133792.0,1598416.0,9552.0
3133792.0,1598416.0,9552.0
3133792.0,1598416.0,9552.0
3133792.0,1598416.0,9552.0
3133792.0,1598416.0,9552.0
3133792.0,1598416.0,9552.0
3133792.0,1598416.0,9552.0
3133792.0,1598416.0,9552.0
3133792.0,1598416.0,9552.0
3133792.0,1598416.0,9552.0
3133805.3333,1598466.6667,9706.6666667
3133812.0,1598492.0,9784.0
3133812.0,1598492.0,9784.0
3133812.0,1598492.0,9784.0
3133812.0,1598492.0,9784.0
3133812.0,1598492.0,9784.0
3132726.6667,1598502.6667,9912.0
3132184.0,1598508.0,9976.0
3132184.0,1598508.0,9976.0
3132966.4,1598515.2,10009.6
3133488.0,1598520.0,10032.0
3133488.0,1598520.0,10032.0
3133488.0,1598520.0,10032.0
3133488.0,1598520.0,10032.0
5109220.8,1594584.0,10108.8
6426376.0,1591960.0,10160.0
