vda,20.60,0.09,0.00,0,0
vda,8.40,0.02,0.01,0,0
vda,47.00,0.14,0.05,0,0
vda,25.80,0.00,0.10,0,0
vda,4.60,0.00,0.02,0,0
vda,13.80,0.00,0.06,0,0
vda,250.60,9.49,0.49,47,2
vda,111.00,6.65,0.02,33,0
vda,3.60,0.00,0.01,0,0
vda,0.00,0.00,0.00,0,0
vda,1.20,0.00,0.00,0,0
vda,67.60,0.07,1.01,0,5
vda,16.40,0.00,0.15,0,0
vda,1.80,0.00,0.01,0,0
vda,0.60,0.00,0.00,0,0
vda,37.60,0.00,0.16,0,0
vda,2.79,0.00,0.01,0,0
vda,2.80,0.00,0.01,0,0
vda,42.60,0.00,0.18,0,0
vda,1.60,0.00,0.01,0,0
vda,0.00,0.00,0.00,0,0
vda,36.80,0.00,0.15,0,0
vda,1.40,0.00,0.01,0,0
vda,2.00,0.00,0.01,0,0
vda,1.20,0.00,0.00,0,0
vda,52.40,0.00,0.21,0,1
vda,0.20,0.00,0.00,0,0
vda,3.60,0.00,0.01,0,0
vda,1.60,0.00,0.01,0,0
vda,9.40,0.00,0.04,0,0
vda,36.40,0.00,0.15,0,0
vda,1.40,0.00,0.01,0,0
vda,0.00,0.00,0.00,0,0
vda,36.80,0.00,0.15,0,0
vda,1.40,0.00,0.01,0,0
vda,1.80,0.00,0.01,0,0
vda,52.60,0.00,0.21,0,1
vda,2.60,0.00,0.01,0,0
vda,2.40,0.00,0.01,0,0
vda,43.60,0.00,0.18,0,0
vda,1.60,0.00,0.01,0,0
vda,0.00,0.00,0.00,0,0
vda,36.80,0.00,0.15,0,0
vda,1.40,0.00,0.01,0,0
vda,42.40,0.20,0.00,0,0
vda,2.40,0.00,0.01,0,0
vda,1.20,0.00,0.00,0,0
vda,4.20,0.00,0.02,0,0
vda,1.40,0.00,0.01,0,0
vda,19.00,0.00,0.07,0,0
vda,36.40,0.00,0.15,0,0
vda,0.20,0.00,0.00,0,0
vda,1.20,0.00,0.00,0,0
vda,8.60,0.00,0.04,0,0
vda,1.60,0.00,0.01,0,0
vda,1.40,0.00,0.01,0,0
vda,16.20,0.00,0.06,0,0
vda,2.60,0.00,0.01,0,0
vda,2.20,0.00,0.01,0,0
vda,21.20,0.00,0.09,0,0
vda,1.60,0.00,0.01,0,0
vda,1.40,0.00,0.01,0,0
vda,8.80,0.00,0.04,0,0
vda,1.60,0.00,0.01,0,0
vda,52.60,0.00,0.21,0,1
vda,3.00,0.00,0.01,0,0
vda,1.20,0.00,0.00,0,0
vda,2.00,0.00,0.01,0,0
vda,2.00,0.00,0.01,0,0
vda,1.20,0.00,0.00,0,0
vda,2.00,0.00,0.01,0,0
vda,52.60,0.00,0.21,0,1
vda,0.20,0.00,0.00,0,0
vda,8.60,0.00,0.04,0,0
vda,2.40,0.00,0.01,0,0
vda,1.20,0.00,0.00,0,0
vda,4.20,0.00,0.02,0,0
vda,1.60,0.00,0.01,0,0
vda,1.40,0.00,0.01,0,0
vda,13.00,0.00,0.05,0,0
vda,22.60,0.00,0.09,0,0
vda,1.20,0.00,0.00,0,0
vda,8.80,0.00,0.04,0,0
vda,2.40,0.00,0.01,0,0
vda,1.20,0.00,0.00,0,0
vda,3.60,0.00,0.02,0,0
vda,19.80,0.00,0.08,0,0
vda,1.60,0.00,0.01,0,0
vda,1.80,0.00,0.01,0,0
vda,34.80,0.00,0.14,0,0
vda,0.00,0.00,0.00,0,0
vda,8.20,0.00,0.03,0,0
vda,3.00,0.00,0.02,0,0
vda,15.00,0.00,0.06,0,0
vda,19.60,0.14,0.01,0,0
vda,0.00,0.00,0.00,0,0
vda,1.20,0.00,0.00,0,0
vda,27.40,0.05,0.07,0,0
vda,44.00,0.00,0.18,0,0
vda,2.60,0.00,0.01,0,0
vda,2.80,0.00,0.01,0,0
vda,26.60,0.00,0.10,0,0
vda,2.20,0.00,0.01,0,0
vda,1.80,0.00,0.01,0,0
vda,43.80,0.00,0.18,0,0
vda,1.60,0.00,0.01,0,0
vda,0.00,0.00,0.00,0,0
vda,42.20,0.00,0.17,0,0
vda,0.80,0.00,0.00,0,0
vda,1.20,0.00,0.00,0,0
vda,47.40,0.00,0.19,0,0
vda,1.40,0.00,0.01,0,0
vda,2.99,0.00,0.01,0,0
vda,43.20,0.00,0.18,0,0
vda,1.40,0.00,0.01,0,0
vda,0.00,0.00,0.00,0,0
vda,37.00,0.00,0.15,0,0
vda,1.20,0.00,0.00,0,0
vda,1.20,0.00,0.00,0,0
vda,42.60,0.00,0.18,0,0
vda,2.20,0.00,0.01,0,0
vda,2.60,0.00,0.01,0,0
vda,50.60,0.00,0.21,0,1
vda,3.80,0.00,0.01,0,0
vda,1.40,0.00,0.00,0,0
vda,36.60,0.00,0.15,0,0
vda,1.40,0.00,0.01,0,0
vda,0.20,0.00,0.00,0,0
vda,36.40,0.00,0.15,0,0
vda,0.80,0.00,0.00,0,0
vda,2.80,0.00,0.01,0,0
vda,50.00,0.00,0.21,0,1
vda,1.40,0.00,0.01,0,0
vda,0.00,0.00,0.00,0,0
vda,2.40,0.00,0.01,0,0
vda,0.60,0.00,0.00,0,0
vda,1.20,0.00,0.00,0,0
vda,2.60,0.00,0.01,0,0
vda,14.60,0.00,0.06,0,0
vda,36.60,0.00,0.15,0,0
vda,1.00,0.00,0.00,0,0
vda,0.00,0.00,0.00,0,0
vda,54.40,0.00,0.22,0,1
vda,8.40,0.00,0.03,0,0
vda,0.60,0.00,0.00,0,0
vda,1.20,0.00,0.00,0,0
vda,2.20,0.00,0.01,0,0
vda,0.60,0.00,0.00,0,0
vda,4.20,0.00,0.02,0,0
vda,7.40,0.00,0.04,0,0
vda,13.40,0.00,0.05,0,0
vda,23.80,0.00,0.10,0,0
vda,0.00,0.00,0.00,0,0
vda,1.20,0.00,0.01,0,0
vda,1.80,0.00,0.01,0,0
vda,9.40,0.00,0.04,0,0
