3826256.0,74000.0,2508.0
3826256.0,74000.0,2508.0
3027918.6667,246574.66667,3026.6666667
1431244.0,591724.0,4064.0
1430685.6,591730.4,4083.2
1429848.0,591740.0,4112.0
1429848.0,591740.0,4112.0
1429848.0,591740.0,4112.0
1429848.0,591740.0,4112.0
1429848.0,591740.0,4112.0
1429848.0,591740.0,4112.0
1429848.0,591740.0,4112.0
1429848.0,591740.0,4112.0
1429848.0,591740.0,4112.0
1429848.0,591740.0,4112.0
1429848.0,591740.0,4112.0
1429466.4,591759.2,4232.0
1429212.0,591772.0,4312.0
1429212.0,591772.0,4312.0
1429212.0,591772.0,4312.0
1429212.0,591772.0,4312.0
1429212.0,591772.0,4312.0
1429212.0,591772.0,4312.0
1429212.0,591772.0,4312.0
1429212.0,591772.0,4312.0
1429212.0,591772.0,4312.0
1429212.0,591772.0,4312.0
1429212.0,591772.0,4312.0
1428352.2667,591789.06667,4448.5333333
1427600.0,591804.0,4568.0
1427600.0,591804.0,4568.0
1427600.0,591804.0,4568.0
1427600.0,591804.0,4568.0
1427600.0,591804.0,4568.0
1427600.0,591804.0,4568.0
1427600.0,591804.0,4568.0
1427600.0,591804.0,4568.0
1427600.0,591804.0,4568.0
1427600.0,591804.0,4568.0
1427600.0,591804.0,4568.0
1426697.6,592454.4,4947.2
1426096.0,592888.0,5200.0
1424922.6667,592888.0,5234.1333333
1423896.0,592888.0,5264.0
1423896.0,592888.0,5264.0
1423896.0,592888.0,5264.0
1423896.0,592888.0,5264.0
1423896.0,592888.0,5264.0
1423896.0,592888.0,5264.0
1423896.0,592888.0,5264.0
1423896.0,592888.0,5264.0
1423896.0,592888.0,5264.0
1423896.0,592888.0,5264.0
1423896.0,592888.0,5264.0
1423905.3333,592936.53333,5381.6
1423916.0,592992.0,5516.0
1423916.0,592992.0,5516.0
1423916.0,592992.0,5516.0
1423916.0,592992.0,5516.0
1423916.0,592992.0,5516.0
1423916.0,592992.0,5516.0
1423916.0,592992.0,5516.0
1423916.0,592992.0,5516.0
1423916.0,592992.0,5516.0
1423916.0,592992.0,5516.0
1423916.0,592992.0,5516.0
1423821.3333,592998.66667,5614.6666667
1423632.0,593012.0,5812.0
1423632.0,593012.0,5812.0
1423632.0,593012.0,5812.0
1423632.0,593012.0,5812.0
1423632.0,593012.0,5812.0
1423632.0,593012.0,5812.0
1423632.0,593012.0,5812.0
1423632.0,593012.0,5812.0
1423632.0,593012.0,5812.0
1422363.2,594172.0,6058.4
1420460.0,595912.0,6428.0
1420460.0,595912.0,6428.0
1427402.4,595939.2,6456.8
1437816.0,595980.0,6500.0
1437816.0,595980.0,6500.0
1437816.0,595980.0,6500.0
1437816.0,595980.0,6500.0
1437816.0,595980.0,6500.0
1437816.0,595980.0,6500.0
1437816.0,595980.0,6500.0
1437816.0,595980.0,6500.0
1437816.0,595980.0,6500.0
1437816.0,595980.0,6500.0
1437816.0,595980.0,6500.0
1437760.5333,596000.26667,6525.6
1437400.0,596132.0,6692.0
1437400.0,596132.0,6692.0
1437400.0,596132.0,6692.0
1437400.0,596132.0,6692.0
1437400.0,596132.0,6692.0
1437400.0,596132.0,6692.0
1437400.0,596132.0,6692.0
1437400.0,596132.0,6692.0
1437400.0,596132.0,6692.0
1437400.0,596132.0,6692.0
1437400.0,596132.0,6692.0
1437301.3333,596204.0,6801.3333333
1437104.0,596348.0,7020.0
1437104.0,596348.0,7020.0
1437104.0,596348.0,7020.0
1437104.0,596348.0,7020.0
1437104.0,596348.0,7020.0
1437104.0,596348.0,7020.0
1437104.0,596348.0,7020.0
1437104.0,596348.0,7020.0
1437104.0,596348.0,7020.0
1437104.0,596348.0,7020.0
1437104.0,596348.0,7020.0
1436993.0667,596351.73333,7050.9333333
1449446.4,596376.0,7264.8
1502144.0,596376.0,7316.0
1502144.0,596376.0,7316.0
1502144.0,596376.0,7316.0
1502144.0,596376.0,7316.0
1502144.0,596376.0,7316.0
1502144.0,596376.0,7316.0
1502144.0,596376.0,7316.0
1502144.0,596376.0,7316.0
1502144.0,596376.0,7316.0
1502144.0,596376.0,7316.0
1502144.0,596376.0,7316.0
1502123.2,596378.13333,7329.3333333
1501832.0,596408.0,7516.0
1501832.0,596408.0,7516.0
1501832.0,596408.0,7516.0
1501832.0,596408.0,7516.0
1501832.0,596408.0,7516.0
1501832.0,596408.0,7516.0
1501832.0,596408.0,7516.0
1501832.0,596408.0,7516.0
1501832.0,596408.0,7516.0
1501832.0,596408.0,7516.0
1501832.0,596408.0,7516.0
1501892.8,596409.06667,7558.6666667
1502288.0,596416.0,7836.0
1502288.0,596416.0,7836.0
1502288.0,596416.0,7836.0
1502288.0,596416.0,7836.0
1502288.0,596416.0,7836.0
1502288.0,596416.0,7836.0
1502288.0,596416.0,7836.0
1502288.0,596416.0,7836.0
1502288.0,596416.0,7836.0
1502288.0,596416.0,7836.0
1525517.8667,596442.66667,7891.4666667
1589400.0,596516.0,8044.0
1589400.0,596516.0,8044.0
1589400.0,596516.0,8044.0
1589400.0,596516.0,8044.0
1589400.0,596516.0,8044.0
1589400.0,596516.0,8044.0
1589400.0,596516.0,8044.0
1589400.0,596516.0,8044.0
1589400.0,596516.0,8044.0
1589400.0,596516.0,8044.0
1589400.0,596516.0,8044.0
1589513.8667,596525.33333,8159.7333333
1589644.0,596536.0,8292.0
1589644.0,596536.0,8292.0
1589644.0,596536.0,8292.0
1589644.0,596536.0,8292.0
1589644.0,596536.0,8292.0
1589644.0,596536.0,8292.0
1589644.0,596536.0,8292.0
1589644.0,596536.0,8292.0
1589644.0,596536.0,8292.0
1589644.0,596536.0,8292.0
1589644.0,596536.0,8292.0
1588783.4667,596549.06667,8426.4
1587800.0,596564.0,8580.0
1587800.0,596564.0,8580.0
1588419.2,596564.0,8602.4
1589348.0,596564.0,8636.0
1588765.6,596632.8,9092.0
1587892.0,596736.0,9776.0
1587892.0,596736.0,9776.0
1587892.0,596736.0,9776.0
1587892.0,596736.0,9776.0
1587892.0,596736.0,9776.0
1587892.0,596736.0,9776.0
1587892.0,596736.0,9776.0
1606853.3333,596765.33333,9834.6666667
1644776.0,596824.0,9952.0
1644776.0,596824.0,9952.0
1644776.0,596824.0,9952.0
1644776.0,596824.0,9952.0
1644776.0,596824.0,9952.0
1644776.0,596824.0,9952.0
1644776.0,596824.0,9952.0
1644776.0,596824.0,9952.0
1644776.0,596824.0,9952.0
1644776.0,596824.0,9952.0
1644776.0,596824.0,9952.0
1644681.3333,596834.66667,10024.0
1644492.0,596856.0,10168.0
1644492.0,596856.0,10168.0
1644492.0,596856.0,10168.0
1644492.0,596856.0,10168.0
1644492.0,596856.0,10168.0
1644492.0,596856.0,10168.0
1644492.0,596856.0,10168.0
1644492.0,596856.0,10168.0
1644492.0,596856.0,10168.0
1644492.0,596856.0,10168.0
1644492.0,596856.0,10168.0
1644500.0,596860.8,10286.4
1644512.0,596868.0,10464.0
1644512.0,596868.0,10464.0
1644512.0,596868.0,10464.0
1644512.0,596868.0,10464.0
1644512.0,596868.0,10464.0
1644512.0,596868.0,10464.0
1644512.0,596868.0,10464.0
1644512.0,596868.0,10464.0
1644512.0,596868.0,10464.0
1644512.0,596868.0,10464.0
1644512.0,596868.0,10464.0
1644358.4,596913.86667,10530.133333
1643936.0,597040.0,10712.0
1679755.7333,597042.13333,10729.066667
1778260.0,597048.0,10776.0
1778260.0,597048.0,10776.0
1778260.0,597048.0,10776.0
1778260.0,597048.0,10776.0
1778260.0,597048.0,10776.0
1778260.0,597048.0,10776.0
1778260.0,597048.0,10776.0
1778260.0,597048.0,10776.0
1778260.0,597048.0,10776.0
1778260.0,597048.0,10776.0
1778260.0,597048.0,10776.0
1778226.9333,597051.2,10837.866667
1778136.0,597060.0,11008.0
1778136.0,597060.0,11008.0
1778136.0,597060.0,11008.0
1778136.0,597060.0,11008.0
1778136.0,597060.0,11008.0
1778136.0,597060.0,11008.0
1778136.0,597060.0,11008.0
1778136.0,597060.0,11008.0
1778136.0,597060.0,11008.0
1778136.0,597060.0,11008.0
1778136.0,597060.0,11008.0
1777993.6,597069.6,11068.8
1777424.0,597108.0,11312.0
1774779.2,599535.2,11615.2
1764200.0,609244.0,12828.0
1764200.0,609244.0,12828.0
1764200.0,609244.0,12828.0
1764200.0,609244.0,12828.0
1764200.0,609244.0,12828.0
1764200.0,609244.0,12828.0
1764200.0,609244.0,12828.0
1764200.0,609244.0,12828.0
1764200.0,609244.0,12828.0
1764200.0,609244.0,12828.0
1795455.4667,609267.46667,12894.133333
1881408.0,609332.0,13076.0
1881408.0,609332.0,13076.0
1881408.0,609332.0,13076.0
1881408.0,609332.0,13076.0
1881408.0,609332.0,13076.0
1881408.0,609332.0,13076.0
1881408.0,609332.0,13076.0
1881408.0,609332.0,13076.0
1881408.0,609332.0,13076.0
1881408.0,609332.0,13076.0
1881408.0,609332.0,13076.0
1881308.8,609375.2,13165.6
1881160.0,609440.0,13300.0
1881160.0,609440.0,13300.0
1881160.0,609440.0,13300.0
1881160.0,609440.0,13300.0
1881160.0,609440.0,13300.0
1881160.0,609440.0,13300.0
1881160.0,609440.0,13300.0
1881160.0,609440.0,13300.0
1881160.0,609440.0,13300.0
1880288.2667,609447.46667,13408.266667
1879292.0,609456.0,13532.0
1880020.0,609461.6,13554.4
1880852.0,609468.0,13580.0
1880852.0,609468.0,13580.0
1880852.0,609468.0,13580.0
1880852.0,609468.0,13580.0
1880852.0,609468.0,13580.0
1880852.0,609468.0,13580.0
1880852.0,609468.0,13580.0
1880852.0,609468.0,13580.0
1880852.0,609468.0,13580.0
1880852.0,609468.0,13580.0
1933679.7333,609510.66667,13708.0
1979904.0,609548.0,13820.0
1979904.0,609548.0,13820.0
1980477.8667,609548.0,13854.133333
1980980.0,609548.0,13884.0
1980980.0,609548.0,13884.0
1980980.0,609548.0,13884.0
1980980.0,609548.0,13884.0
1980980.0,609548.0,13884.0
1980980.0,609548.0,13884.0
1980980.0,609548.0,13884.0
1980980.0,609548.0,13884.0
1980980.0,609548.0,13884.0
1980980.0,609548.0,13884.0
1980164.0,609572.0,14044.0
1979756.0,609584.0,14124.0
1979756.0,609584.0,14124.0
1979756.0,609584.0,14124.0
1979756.0,609584.0,14124.0
1979756.0,609584.0,14124.0
1979756.0,609584.0,14124.0
1979756.0,609584.0,14124.0
1979756.0,609584.0,14124.0
1979756.0,609584.0,14124.0
1980674.4,609779.2,14290.4
1980904.0,609828.0,14332.0
1980904.0,609828.0,14332.0
1980904.0,609828.0,14332.0
1980904.0,609828.0,14332.0
1980904.0,609828.0,14332.0
1980904.0,609828.0,14332.0
1980904.0,609828.0,14332.0
1980904.0,609828.0,14332.0
1980904.0,609828.0,14332.0
1980904.0,609828.0,14332.0
2055589.8667,609890.4,14533.066667
2067080.0,609900.0,14564.0
2067080.0,609900.0,14564.0
2067080.0,609900.0,14564.0
2067080.0,609900.0,14564.0
2067080.0,609900.0,14564.0
2067080.0,609900.0,14564.0
2067080.0,609900.0,14564.0
2067080.0,609900.0,14564.0
2067080.0,609900.0,14564.0
2067080.0,609900.0,14564.0
2067080.0,609900.0,14564.0
2067518.4,609909.6,14743.2
2067628.0,609912.0,14788.0
2067628.0,609912.0,14788.0
2067628.0,609912.0,14788.0
2067628.0,609912.0,14788.0
2067628.0,609912.0,14788.0
2067628.0,609912.0,14788.0
2067628.0,609912.0,14788.0
2067628.0,609912.0,14788.0
2067628.0,609912.0,14788.0
2067628.0,609912.0,14788.0
2067628.0,609912.0,14788.0
2067160.0,609940.8,14960.8
2066848.0,609960.0,15076.0
2066848.0,609960.0,15076.0
2066848.0,609960.0,15076.0
2066848.0,609960.0,15076.0
2066848.0,609960.0,15076.0
2066848.0,609960.0,15076.0
2066848.0,609960.0,15076.0
2066848.0,609960.0,15076.0
2066848.0,609960.0,15076.0
2066848.0,609960.0,15076.0
2115640.0,610053.33333,15225.333333
2140036.0,610100.0,15300.0
