3852328.0,54392.0,1732.0
3852328.0,54392.0,1732.0
2575036.0,347823.2,3186.4
1723508.0,543444.0,4156.0
1723508.0,543444.0,4156.0
1449848.0,572116.8,4189.6
1267408.0,591232.0,4212.0
1267408.0,591232.0,4212.0
1267408.0,591232.0,4212.0
1267408.0,591232.0,4212.0
1267408.0,591232.0,4212.0
1267408.0,591232.0,4212.0
1267408.0,591232.0,4212.0
1267408.0,591232.0,4212.0
1267408.0,591232.0,4212.0
1259683.2,596014.93333,5408.8
1252924.0,600200.0,6456.0
1252924.0,600200.0,6456.0
1252434.9333,601964.0,6485.8666667
1251876.0,603980.0,6520.0
1251876.0,603980.0,6520.0
1251876.0,603980.0,6520.0
1251876.0,603980.0,6520.0
1251876.0,603980.0,6520.0
1251876.0,603980.0,6520.0
1251876.0,603980.0,6520.0
1251876.0,603980.0,6520.0
1251876.0,603980.0,6520.0
1251876.0,603980.0,6520.0
1251876.0,603980.0,6520.0
1251181.3333,604300.0,6648.0
1249792.0,604940.0,6904.0
1249792.0,604940.0,6904.0
1249792.0,604940.0,6904.0
1249792.0,604940.0,6904.0
1249792.0,604940.0,6904.0
1249792.0,604940.0,6904.0
1249792.0,604940.0,6904.0
1249792.0,604940.0,6904.0
1249792.0,604940.0,6904.0
1249792.0,604940.0,6904.0
1249792.0,604940.0,6904.0
1249813.3333,604950.66667,6992.5333333
1249872.0,604980.0,7236.0
1249376.0,604980.8,7248.8
1247392.0,604984.0,7300.0
1247392.0,604984.0,7300.0
1247392.0,604984.0,7300.0
1247392.0,604984.0,7300.0
1247392.0,604984.0,7300.0
1247392.0,604984.0,7300.0
1247392.0,604984.0,7300.0
1246845.6,605001.6,7336.8
1244660.0,605072.0,7484.0
1244660.0,605072.0,7484.0
1244660.0,605072.0,7484.0
1244660.0,605072.0,7484.0
1244660.0,605072.0,7484.0
1253076.0,605077.33333,7518.1333333
1276220.0,605092.0,7612.0
1276220.0,605092.0,7612.0
1276220.0,605092.0,7612.0
1276220.0,605092.0,7612.0
1276220.0,605092.0,7612.0
1276220.0,605092.0,7612.0
1276220.0,605092.0,7612.0
1276220.0,605092.0,7612.0
1276220.0,605092.0,7612.0
1276220.0,605092.0,7612.0
1276220.0,605092.0,7612.0
1276369.3333,605129.33333,7735.2
1276540.0,605172.0,7876.0
1276540.0,605172.0,7876.0
1276540.0,605172.0,7876.0
1276540.0,605172.0,7876.0
1276540.0,605172.0,7876.0
1275946.4,605258.4,7933.6
1275056.0,605388.0,8020.0
1275056.0,605388.0,8020.0
1275056.0,605388.0,8020.0
1275056.0,605388.0,8020.0
1275056.0,605388.0,8020.0
1275056.0,605388.0,8020.0
1275056.0,605388.0,8020.0
1284449.3333,605433.33333,8081.3333333
1303236.0,605524.0,8204.0
1303236.0,605524.0,8204.0
1309823.4667,605527.73333,8233.8666667
1317352.0,605532.0,8268.0
1317352.0,605532.0,8268.0
1317352.0,605532.0,8268.0
1317352.0,605532.0,8268.0
1317352.0,605532.0,8268.0
1317352.0,605532.0,8268.0
1317352.0,605532.0,8268.0
1317352.0,605532.0,8268.0
1317352.0,605532.0,8268.0
1317352.0,605532.0,8268.0
1317352.0,605532.0,8268.0
1317445.3333,605538.66667,8345.3333333
1317632.0,605552.0,8500.0
1317632.0,605552.0,8500.0
1317632.0,605552.0,8500.0
1317709.3333,605560.0,8537.3333333
1317864.0,605576.0,8612.0
1317864.0,605576.0,8612.0
1317864.0,605576.0,8612.0
1317864.0,605576.0,8612.0
1317864.0,605576.0,8612.0
1317864.0,605576.0,8612.0
1317864.0,605576.0,8612.0
1317864.0,605576.0,8612.0
1317864.0,605576.0,8612.0
1317864.0,605576.0,8612.0
1345402.6667,605604.0,8700.0
1400480.0,605660.0,8876.0
1400480.0,605660.0,8876.0
1400480.0,605660.0,8876.0
1400480.0,605660.0,8876.0
1400480.0,605660.0,8876.0
1400480.0,605660.0,8876.0
1400480.0,605660.0,8876.0
1400480.0,605660.0,8876.0
1400480.0,605660.0,8876.0
1400480.0,605660.0,8876.0
1400480.0,605660.0,8876.0
1400316.0,605665.6,8924.0
1399660.0,605688.0,9116.0
1399660.0,605688.0,9116.0
1399660.0,605688.0,9116.0
1399660.0,605688.0,9116.0
1399660.0,605688.0,9116.0
1399660.0,605688.0,9116.0
1399660.0,605688.0,9116.0
1399660.0,605688.0,9116.0
1399660.0,605688.0,9116.0
1399660.0,605688.0,9116.0
1399660.0,605688.0,9116.0
1399731.2,605692.8,9173.6
1400016.0,605712.0,9404.0
1410434.4,605714.4,9415.2
1452108.0,605724.0,9460.0
1452108.0,605724.0,9460.0
1452108.0,605724.0,9460.0
1452108.0,605724.0,9460.0
1452108.0,605724.0,9460.0
1452108.0,605724.0,9460.0
1452108.0,605724.0,9460.0
1452108.0,605724.0,9460.0
1452108.0,605724.0,9460.0
1452108.0,605724.0,9460.0
1452108.0,605724.0,9460.0
1451951.2,605761.33333,9528.2666667
1451520.0,605864.0,9716.0
1451520.0,605864.0,9716.0
1451520.0,605864.0,9716.0
1451520.0,605864.0,9716.0
1451520.0,605864.0,9716.0
1451520.0,605864.0,9716.0
1451520.0,605864.0,9716.0
1451520.0,605864.0,9716.0
1451520.0,605864.0,9716.0
1451520.0,605864.0,9716.0
1451520.0,605864.0,9716.0
1451520.0,605864.0,9716.0
1451308.8,605881.6,9837.6
1450992.0,605908.0,10020.0
1487076.8,605908.0,10045.6
1541204.0,605908.0,10084.0
1541204.0,605908.0,10084.0
1541204.0,605908.0,10084.0
1541204.0,605908.0,10084.0
1541204.0,605908.0,10084.0
1541204.0,605908.0,10084.0
1541204.0,605908.0,10084.0
1541204.0,605908.0,10084.0
1541204.0,605908.0,10084.0
1541204.0,605908.0,10084.0
1541204.0,605908.0,10084.0
1541141.3333,605921.33333,10164.0
1541016.0,605948.0,10324.0
1541016.0,605948.0,10324.0
1541016.0,605948.0,10324.0
1541016.0,605948.0,10324.0
1541016.0,605948.0,10324.0
1541016.0,605948.0,10324.0
1539868.0,606778.66667,10498.666667
1537572.0,608440.0,10848.0
1537572.0,608440.0,10848.0
1536549.6,608444.8,10873.6
1535016.0,608452.0,10912.0
1536224.0,608488.8,10940.8
1538036.0,608544.0,10984.0
1538036.0,608544.0,10984.0
1579328.0,608545.33333,11005.333333
1661912.0,608548.0,11048.0
1661912.0,608548.0,11048.0
1661912.0,608548.0,11048.0
1661912.0,608548.0,11048.0
1661912.0,608548.0,11048.0
1661912.0,608548.0,11048.0
1661912.0,608548.0,11048.0
1661912.0,608548.0,11048.0
1661912.0,608548.0,11048.0
1661912.0,608548.0,11048.0
1661912.0,608548.0,11048.0
1661881.6,608559.2,11137.6
1661836.0,608576.0,11272.0
1661836.0,608576.0,11272.0
1661836.0,608576.0,11272.0
1661836.0,608576.0,11272.0
1661836.0,608576.0,11272.0
1661836.0,608576.0,11272.0
1661836.0,608576.0,11272.0
1661836.0,608576.0,11272.0
1661836.0,608576.0,11272.0
1661836.0,608576.0,11272.0
1661836.0,608576.0,11272.0
1661887.2,608620.8,11425.6
1661932.0,608660.0,11560.0
1661932.0,608660.0,11560.0
1695257.6,608661.86667,11589.866667
1733344.0,608664.0,11624.0
1746870.4,608665.6,11652.8
1767160.0,608668.0,11696.0
1767160.0,608668.0,11696.0
1767160.0,608668.0,11696.0
1767160.0,608668.0,11696.0
1767160.0,608668.0,11696.0
1767160.0,608668.0,11696.0
1767160.0,608668.0,11696.0
1767160.0,608668.0,11696.0
1767160.0,608668.0,11696.0
1767160.0,608668.0,11696.0
1767160.0,608668.0,11696.0
1766944.5333,608665.86667,11760.0
1766352.0,608660.0,11936.0
1766352.0,608660.0,11936.0
1766352.0,608660.0,11936.0
1766352.0,608660.0,11936.0
1766352.0,608660.0,11936.0
1766352.0,608660.0,11936.0
1766352.0,608660.0,11936.0
1766352.0,608660.0,11936.0
1766352.0,608660.0,11936.0
1766352.0,608660.0,11936.0
1766352.0,608660.0,11936.0
1775164.8,608693.06667,12004.266667
1799400.0,608784.0,12192.0
1799400.0,608784.0,12192.0
1819286.6667,608784.0,12210.666667
1859060.0,608784.0,12248.0
1859060.0,608784.0,12248.0
1859060.0,608784.0,12248.0
1859060.0,608784.0,12248.0
1859060.0,608784.0,12248.0
1859060.0,608784.0,12248.0
1859060.0,608784.0,12248.0
1859060.0,608784.0,12248.0
1859060.0,608784.0,12248.0
1859060.0,608784.0,12248.0
1859060.0,608784.0,12248.0
1858827.4667,608823.46667,12312.0
1858188.0,608932.0,12488.0
1858188.0,608932.0,12488.0
1858188.0,608932.0,12488.0
1858188.0,608932.0,12488.0
1858188.0,608932.0,12488.0
1858188.0,608932.0,12488.0
1858188.0,608932.0,12488.0
1858188.0,608932.0,12488.0
1858188.0,608932.0,12488.0
1858188.0,608932.0,12488.0
1858188.0,608932.0,12488.0
1857973.6,608956.53333,12552.0
1857384.0,609024.0,12728.0
1857384.0,609024.0,12728.0
