vda,26.20,0.11,0.00,0,0
vda,101.20,0.57,0.01,2,0
vda,10.80,0.10,0.01,0,0
vda,1.80,0.00,0.01,0,0
vda,1.20,0.00,0.00,0,0
vda,4.20,0.00,0.02,0,0
vda,258.60,13.27,0.08,66,0
vda,114.60,11.03,0.11,55,0
vda,91.40,11.20,0.01,56,0
vda,105.00,12.27,0.00,61,0
vda,112.80,12.35,0.01,61,0
vda,108.20,13.23,0.01,66,0
vda,48.40,5.50,1.29,27,6
vda,146.20,17.32,0.03,86,0
vda,129.20,13.73,0.08,68,0
vda,67.00,7.30,0.04,36,0
vda,126.40,11.65,0.13,58,0
vda,126.80,15.65,0.01,78,0
vda,59.40,7.24,0.01,36,0
vda,2.60,0.00,0.01,0,0
vda,4.20,0.00,0.02,0,0
vda,18.80,0.00,0.07,0,0
vda,1.60,0.00,0.01,0,0
vda,2.20,0.00,0.01,0,0
vda,0.20,0.00,0.00,0,0
vda,35.00,0.00,0.14,0,0
vda,8.58,0.00,0.04,0,0
vda,2.80,0.00,0.01,0,0
vda,1.20,0.00,0.00,0,0
vda,13.00,0.00,0.05,0,0
vda,1.60,0.00,0.01,0,0
vda,3.60,0.00,0.01,0,0
vda,0.00,0.00,0.00,0,0
vda,1.60,0.00,0.01,0,0
vda,0.60,0.00,0.00,0,0
vda,36.40,0.00,0.15,0,0
vda,1.20,0.00,0.00,0,0
vda,18.20,0.00,0.07,0,0
vda,9.80,0.00,0.04,0,0
vda,1.20,0.00,0.00,0,0
vda,0.00,0.00,0.00,0,0
vda,2.40,0.00,0.01,0,0
vda,2.00,0.00,0.01,0,0
vda,2.00,0.00,0.01,0,0
vda,35.40,0.00,0.14,0,0
vda,12.80,0.11,0.01,0,0
vda,17.60,0.07,0.00,0,0
vda,2.20,0.00,0.01,0,0
vda,1.40,0.00,0.01,0,0
vda,13.20,0.00,0.06,0,0
vda,2.60,0.00,0.01,0,0
vda,23.00,0.00,0.09,0,0
vda,14.00,0.00,0.06,0,0
vda,45.80,0.00,0.18,0,0
vda,1.20,0.00,0.00,0,0
vda,0.60,0.00,0.00,0,0
vda,4.40,0.00,0.02,0,0
vda,1.20,0.00,0.00,0,0
vda,0.80,0.00,0.00,0,0
vda,25.60,0.00,0.10,0,0
vda,1.20,0.00,0.00,0,0
vda,1.20,0.00,0.00,0,0
vda,36.20,0.00,0.15,0,0
vda,4.00,0.00,0.02,0,0
vda,2.00,0.00,0.01,0,0
vda,1.20,0.00,0.00,0,0
vda,42.80,0.00,0.17,0,0
vda,0.00,0.00,0.00,0,0
vda,2.20,0.00,0.01,0,0
vda,1.40,0.00,0.00,0,0
vda,1.80,0.00,0.01,0,0
vda,1.20,0.00,0.00,0,0
vda,3.20,0.00,0.01,0,0
vda,36.40,0.00,0.15,0,0
vda,17.20,0.00,0.07,0,0
vda,1.40,0.00,0.00,0,0
vda,2.20,0.00,0.01,0,0
vda,0.00,0.00,0.00,0,0
vda,43.00,0.00,0.18,0,0
vda,2.80,0.00,0.01,0,0
vda,0.00,0.00,0.00,0,0
vda,37.80,0.00,0.16,0,0
vda,2.60,0.00,0.01,0,0
vda,0.00,0.00,0.00,0,0
vda,1.20,0.00,0.00,0,0
vda,54.80,0.00,0.22,0,1
vda,7.60,0.00,0.03,0,0
vda,1.40,0.00,0.00,0,0
vda,1.60,0.00,0.01,0,0
vda,35.80,0.00,0.15,0,0
vda,2.00,0.00,0.01,0,0
vda,2.60,0.00,0.01,0,0
vda,42.20,0.00,0.17,0,0
vda,1.40,0.00,0.01,0,0
vda,1.60,0.00,0.01,0,0
vda,52.80,0.00,0.21,0,1
vda,1.40,0.00,0.01,0,0
vda,0.00,0.00,0.00,0,0
vda,36.60,0.00,0.15,0,0
vda,1.40,0.00,0.01,0,0
vda,2.60,0.00,0.01,0,0
vda,42.40,0.00,0.18,0,0
vda,2.00,0.00,0.01,0,0
vda,0.00,0.00,0.00,0,0
vda,37.20,0.00,0.15,0,0
vda,1.40,0.00,0.01,0,0
vda,1.60,0.00,0.01,0,0
vda,53.00,0.00,0.21,0,1
vda,1.40,0.00,0.01,0,0
vda,0.60,0.00,0.00,0,0
vda,45.00,0.00,0.18,0,0
vda,1.60,0.00,0.01,0,0
vda,9.00,0.00,0.04,0,0
vda,0.00,0.00,0.00,0,0
vda,0.60,0.00,0.00,0,0
vda,1.40,0.00,0.01,0,0
vda,2.60,0.00,0.01,0,0
vda,14.40,0.00,0.06,0,0
vda,33.20,0.00,0.13,0,0
vda,4.40,0.00,0.02,0,0
vda,1.60,0.00,0.01,0,0
vda,0.20,0.00,0.00,0,0
vda,50.60,0.00,0.21,0,1
vda,1.60,0.00,0.01,0,0
vda,0.60,0.00,0.00,0,0
vda,2.20,0.00,0.01,0,0
vda,1.20,0.00,0.00,0,0
vda,0.60,0.00,0.00,0,0
vda,4.80,0.00,0.02,0,0
vda,13.80,0.00,0.06,0,0
vda,33.20,0.00,0.13,0,0
vda,2.20,0.00,0.01,0,0
vda,1.20,0.00,0.00,0,0
vda,1.60,0.00,0.01,0,0
vda,48.40,0.00,0.20,0,0
vda,1.40,0.00,0.01,0,0
vda,0.00,0.00,0.00,0,0
vda,3.60,0.00,0.01,0,0
vda,1.60,0.00,0.01,0,0
vda,0.00,0.00,0.00,0,0
vda,2.60,0.00,0.01,0,0
vda,13.80,0.00,0.06,0,0
vda,35.60,0.00,0.14,0,0
vda,7.80,0.00,0.03,0,0
vda,1.20,0.00,0.00,0,0
vda,0.00,0.00,0.00,0,0
vda,2.60,0.00,0.01,0,0
vda,1.40,0.00,0.01,0,0
vda,21.60,0.00,0.09,0,0
vda,1.20,0.00,0.00,0,0
vda,0.00,0.00,0.00,0,0
vda,23.20,0.00,0.09,0,0
vda,2.40,0.00,0.01,0,0
vda,1.40,0.00,0.01,0,0
vda,7.60,0.00,0.03,0,0
vda,21.80,0.00,0.09,0,0
vda,0.60,0.00,0.00,0,0
vda,1.40,0.00,0.00,0,0
vda,4.80,0.00,0.02,0,0
vda,1.60,0.00,0.01,0,0
vda,33.20,0.00,0.13,0,0
vda,2.20,0.00,0.01,0,0
vda,12.40,0.00,0.05,0,0
vda,2.40,0.00,0.01,0,0
vda,9.60,0.00,0.04,0,0
vda,1.40,0.00,0.01,0,0
vda,3.40,0.00,0.01,0,0
vda,0.00,0.00,0.00,0,0
vda,3.40,0.00,0.01,0,0
vda,45.00,0.00,0.18,0,0
vda,28.20,0.00,0.12,0,0
vda,0.80,0.00,0.00,0,0
vda,13.60,0.00,0.06,0,0
vda,3.80,0.00,0.01,0,0
vda,0.60,0.00,0.00,0,0
vda,1.20,0.00,0.00,0,0
vda,3.00,0.00,0.01,0,0
vda,14.80,0.00,0.06,0,0
vda,34.40,0.00,0.14,0,0
vda,12.00,0.00,0.05,0,0
vda,1.60,0.00,0.01,0,0
vda,46.80,0.00,0.19,0,0
vda,2.40,0.00,0.01,0,0
vda,0.60,0.00,0.00,0,0
vda,35.40,0.00,0.14,0,0
vda,2.40,0.00,0.01,0,0
vda,0.60,0.00,0.00,0,0
vda,35.40,0.00,0.14,0,0
vda,2.40,0.00,0.01,0,0
vda,1.40,0.00,0.01,0,0
vda,51.20,0.00,0.20,0,1
vda,13.00,0.00,0.05,0,0
vda,1.20,0.00,0.00,0,0
vda,0.00,0.00,0.00,0,0
vda,2.20,0.00,0.01,0,0
vda,0.00,0.00,0.00,0,0
vda,1.60,0.00,0.01,0,0
vda,15.20,0.00,0.06,0,0
vda,35.00,0.00,0.14,0,0
vda,1.80,0.00,0.01,0,0
vda,2.00,0.00,0.01,0,0
vda,44.20,0.14,0.13,0,0
vda,22.40,0.00,0.09,0,0
vda,1.20,0.00,0.00,0,0
vda,0.00,0.00,0.00,0,0
vda,1.20,0.00,0.00,0,0
vda,2.20,0.00,0.01,0,0
vda,1.00,0.00,0.00,0,0
vda,51.80,0.00,0.27,0,1
vda,11.60,0.00,0.05,0,0
vda,1.00,0.00,0.00,0,0
vda,2.00,0.00,0.01,0,0
vda,1.60,0.00,0.01,0,0
vda,47.20,0.00,0.19,0,0
vda,1.40,0.00,0.01,0,0
vda,2.20,0.00,0.01,0,0
vda,0.60,0.00,0.00,0,0
vda,1.40,0.00,0.00,0,0
vda,2.20,0.00,0.01,0,0
vda,2.20,0.00,0.01,0,0
vda,37.80,0.00,0.16,0,0
vda,12.80,0.00,0.05,0,0
vda,0.00,0.00,0.00,0,0
vda,1.20,0.00,0.00,0,0
vda,2.20,0.00,0.01,0,0
vda,7.60,0.00,0.03,0,0
vda,1.60,0.00,0.01,0,0
vda,1.80,0.00,0.01,0,0
vda,21.60,0.00,0.09,0,0
vda,35.80,0.00,0.14,0,0
vda,1.20,0.00,0.00,0,0
vda,0.60,0.00,0.00,0,0
vda,1.40,0.00,0.01,0,0
vda,1.60,0.00,0.01,0,0
vda,9.00,0.00,0.04,0,0
vda,3.00,0.00,0.01,0,0
vda,13.20,0.00,0.05,0,0
vda,1.60,0.00,0.01,0,0
vda,37.00,0.00,0.15,0,0
vda,9.60,0.00,0.04,0,0
vda,0.20,0.00,0.00,0,0
vda,2.40,0.00,0.01,0,0
vda,1.60,0.00,0.01,0,0
vda,19.20,0.00,0.07,0,0
vda,2.40,0.00,0.01,0,0
vda,35.00,0.00,0.14,0,0
vda,1.40,0.00,0.01,0,0
vda,1.20,0.00,0.00,0,0
vda,37.60,0.00,0.15,0,0
vda,1.40,0.00,0.01,0,0
vda,2.80,0.00,0.01,0,0
vda,0.00,0.00,0.00,0,0
vda,61.00,0.00,0.25,0,1
vda,1.60,0.00,0.01,0,0
vda,1.60,0.00,0.01,0,0
vda,36.20,0.00,0.15,0,0
vda,2.40,0.00,0.01,0,0
vda,0.00,0.00,0.00,0,0
vda,36.00,0.00,0.15,0,0
vda,3.20,0.00,0.01,0,0
vda,44.80,0.00,0.18,0,0
vda,1.40,0.00,0.01,0,0
vda,0.20,0.00,0.00,0,0
vda,52.60,0.00,0.21,0,1
vda,2.60,0.00,0.01,0,0
vda,1.20,0.00,0.00,0,0
vda,35.80,0.00,0.15,0,0
vda,1.40,0.00,0.01,0,0
vda,1.40,0.00,0.00,0,0
vda,3.40,0.00,0.01,0,0
vda,42.20,0.00,0.17,0,0
vda,2.00,0.00,0.01,0,0
vda,1.60,0.00,0.01,0,0
vda,36.40,0.00,0.15,0,0
vda,1.40,0.00,0.01,0,0
vda,50.80,0.00,0.20,0,1
vda,3.80,0.00,0.01,0,0
vda,1.20,0.00,0.00,0,0
vda,36.80,0.00,0.15,0,0
vda,2.40,0.00,0.01,0,0
vda,2.00,0.00,0.01,0,0
vda,0.00,0.00,0.00,0,0
vda,1.20,0.00,0.00,0,0
vda,0.00,0.00,0.00,0,0
vda,2.60,0.00,0.01,0,0
vda,25.60,0.00,0.11,0,0
vda,48.20,0.00,0.19,0,0
vda,1.80,0.00,0.01,0,0
vda,1.20,0.00,0.00,0,0
vda,2.80,0.00,0.01,0,0
vda,2.20,0.00,0.01,0,0
vda,24.80,0.00,0.10,0,0
vda,4.80,0.00,0.02,0,0
vda,0.00,0.00,0.00,0,0
vda,1.20,0.00,0.00,0,0
vda,30.00,0.00,0.12,0,0
vda,2.20,0.00,0.01,0,0
vda,36.80,0.46,0.01,2,0
vda,20.40,0.00,0.08,0,0
vda,3.00,0.00,0.01,0,0
vda,2.00,0.00,0.01,0,0
vda,2.60,0.00,0.01,0,0
vda,0.20,0.00,0.00,0,0
vda,37.00,0.00,0.19,0,0
vda,34.20,0.00,0.14,0,0
vda,15.40,0.00,0.06,0,0
vda,1.40,0.00,0.01,0,0
vda,0.60,0.00,0.00,0,0
vda,4.40,0.00,0.02,0,0
vda,2.40,0.00,0.01,0,0
vda,3.20,0.00,0.01,0,0
vda,0.00,0.00,0.00,0,0
vda,2.40,0.00,0.01,0,0
vda,52.00,0.00,0.21,0,1
vda,9.60,0.00,0.04,0,0
vda,1.40,0.00,0.01,0,0
vda,0.60,0.00,0.00,0,0
vda,2.20,0.00,0.01,0,0
vda,2.40,0.00,0.01,0,0
vda,1.80,0.00,0.01,0,0
vda,4.60,0.00,0.02,0,0
vda,11.40,0.00,0.04,0,0
vda,34.80,0.00,0.14,0,0
vda,9.20,0.00,0.04,0,0
vda,1.40,0.00,0.01,0,0
vda,1.20,0.00,0.00,0,0
vda,1.60,0.00,0.01,0,0
vda,1.80,0.00,0.01,0,0
vda,3.79,0.00,0.01,0,0
vda,19.20,0.00,0.08,0,0
vda,1.60,0.00,0.01,0,0
vda,5.40,0.00,0.02,0,0
vda,19.20,0.00,0.08,0,0
vda,1.20,0.00,0.00,0,0
vda,1.80,0.00,0.01,0,0
vda,8.80,0.00,0.04,0,0
vda,18.80,0.00,0.07,0,0
vda,2.20,0.00,0.01,0,0
vda,1.60,0.00,0.01,0,0
vda,2.80,0.00,0.01,0,0
vda,2.60,0.00,0.01,0,0
vda,34.00,0.00,0.14,0,0
vda,1.40,0.00,0.01,0,0
vda,13.00,0.00,0.05,0,0
vda,2.80,0.00,0.02,0,0
vda,1.20,0.00,0.00,0,0
vda,8.20,0.00,0.03,0,0
vda,2.00,0.00,0.01,0,0
vda,1.80,0.00,0.01,0,0
vda,4.20,0.00,0.02,0,0
vda,35.00,0.00,0.14,0,0
vda,19.00,0.00,0.08,0,0
vda,0.60,0.00,0.00,0,0
vda,2.60,0.00,0.01,0,0
vda,1.40,0.00,0.01,0,0
vda,0.40,0.00,0.00,0,0
vda,9.20,0.00,0.04,0,0
vda,1.20,0.00,0.00,0,0
vda,3.00,0.00,0.01,0,0
vda,52.40,0.00,0.21,0,1
vda,1.80,0.00,0.01,0,0
vda,0.00,0.00,0.00,0,0
vda,2.40,0.00,0.01,0,0
vda,1.20,0.00,0.00,0,0
vda,0.20,0.00,0.00,0,0
vda,9.20,0.00,0.04,0,0
vda,14.40,0.00,0.06,0,0
vda,0.80,0.00,0.00,0,0
vda,24.00,0.00,0.10,0,0
vda,10.60,0.00,0.04,0,0
vda,1.20,0.00,0.00,0,0
vda,2.00,0.00,0.01,0,0
vda,1.20,0.00,0.00,0,0
vda,51.80,0.00,0.21,0,1
vda,10.20,0.00,0.04,0,0
vda,1.20,0.00,0.00,0,0
vda,30.00,0.00,0.12,0,0
vda,2.40,0.00,0.01,0,0
vda,1.20,0.00,0.00,0,0
vda,2.60,0.00,0.01,0,0
vda,0.00,0.00,0.00,0,0
vda,45.00,0.00,0.19,0,0
vda,1.00,0.00,0.00,0,0
vda,2.60,0.00,0.01,0,0
vda,52.00,0.00,0.21,0,1
vda,1.80,0.00,0.01,0,0
vda,2.20,0.00,0.01,0,0
vda,38.20,0.00,0.16,0,0
vda,0.00,0.00,0.00,0,0
vda,2.60,0.00,0.01,0,0
vda,0.00,0.00,0.00,0,0
vda,43.80,0.00,0.18,0,0
vda,2.40,0.00,0.01,0,0
vda,0.60,0.00,0.00,0,0
vda,35.40,0.00,0.15,0,0
vda,1.60,0.00,0.01,0,0
vda,3.60,0.00,0.01,0,0
vda,1.00,0.00,0.00,0,0
vda,61.60,0.00,0.25,0,1
vda,0.00,0.00,0.00,0,0
vda,1.20,0.00,0.00,0,0
vda,2.20,0.00,0.01,0,0
vda,35.00,0.00,0.14,0,0
vda,2.00,0.00,0.01,0,0
vda,2.20,0.00,0.01,0,0
vda,34.80,0.00,0.14,0,0
vda,2.40,0.00,0.01,0,0
vda,3.00,0.00,0.01,0,0
vda,1.60,0.00,0.01,0,0
vda,0.00,0.00,0.00,0,0
vda,2.20,0.00,0.01,0,0
vda,1.20,0.00,0.00,0,0
vda,15.00,0.00,0.07,0,0
vda,71.40,0.00,0.28,0,1
vda,1.20,0.00,0.00,0,0
vda,0.00,0.00,0.00,0,0
vda,2.40,0.00,0.01,0,0
vda,1.00,0.00,0.01,0,0
vda,2.60,0.00,0.01,0,0
vda,4.60,0.00,0.02,0,0
vda,18.60,0.00,0.07,0,0
vda,0.60,0.00,0.00,0,0
vda,35.60,0.00,0.14,0,0
vda,0.40,0.00,0.00,0,0
vda,8.60,0.00,0.04,0,0
vda,2.20,0.00,0.01,0,0
vda,0.20,0.00,0.00,0,0
vda,1.80,0.00,0.01,0,0
vda,15.00,0.00,0.06,0,0
vda,10.00,0.00,0.04,0,0
vda,0.80,0.00,0.00,0,0
vda,35.60,0.00,0.14,0,0
vda,0.00,0.00,0.00,0,0
vda,1.60,0.00,0.01,0,0
vda,4.80,0.00,0.02,0,0
vda,18.40,0.00,0.07,0,0
vda,1.40,0.00,0.01,0,0
vda,3.20,0.00,0.01,0,0
vda,1.40,0.00,0.01,0,0
vda,1.60,0.00,0.01,0,0
vda,24.20,0.00,0.10,0,0
vda,0.40,0.00,0.00,0,0
vda,2.80,0.00,0.01,0,0
vda,19.60,0.00,0.08,0,0
vda,7.60,0.00,0.03,0,0
vda,1.20,0.00,0.00,0,0
vda,2.20,0.00,0.01,0,0
vda,4.00,0.00,0.02,0,0
vda,2.40,0.00,0.01,0,0
vda,36.00,0.00,0.15,0,0
vda,11.60,0.00,0.05,0,0
vda,1.20,0.00,0.00,0,0
vda,2.20,0.00,0.01,0,0
vda,8.20,0.00,0.03,0,0
vda,1.80,0.00,0.01,0,0
vda,2.20,0.00,0.01,0,0
vda,1.00,0.00,0.01,0,0
vda,3.60,0.00,0.01,0,0
vda,52.60,0.00,0.21,0,1
vda,0.40,0.00,0.00,0,0
vda,1.40,0.00,0.01,0,0
vda,2.60,0.00,0.01,0,0
vda,1.20,0.00,0.00,0,0
vda,9.80,0.00,0.05,0,0
vda,2.40,0.00,0.01,0,0
vda,18.40,0.00,0.07,0,0
vda,3.80,0.00,0.01,0,0
vda,35.20,0.00,0.14,0,0
vda,0.20,0.00,0.00,0,0
vda,1.20,0.00,0.00,0,0
vda,3.60,0.00,0.02,0,0
vda,1.00,0.00,0.00,0,0
vda,8.40,0.00,0.03,0,0
vda,13.80,0.00,0.05,0,0
vda,0.60,0.00,0.00,0,0
vda,1.40,0.00,0.01,0,0
vda,24.20,0.00,0.10,0,0
vda,3.40,0.00,0.01,0,0
vda,2.40,0.00,0.01,0,0
vda,0.00,0.00,0.00,0,0
vda,19.20,0.00,0.07,0,0
vda,1.40,0.00,0.00,0,0
vda,2.40,0.00,0.01,0,0
vda,8.00,0.00,0.03,0,0
vda,1.40,0.00,0.01,0,0
vda,37.00,0.00,0.15,0,0
vda,0.60,0.00,0.00,0,0
vda,1.40,0.00,0.00,0,0
vda,15.00,0.00,0.06,0,0
vda,1.80,0.00,0.01,0,0
vda,2.00,0.00,0.01,0,0
vda,2.20,0.00,0.01,0,0
vda,0.00,0.00,0.00,0,0
vda,2.80,0.00,0.02,0,0
vda,42.20,0.00,0.17,0,0
vda,19.20,0.00,0.07,0,0
vda,1.80,0.00,0.01,0,0
vda,12.00,0.00,0.05,0,0
vda,0.40,0.00,0.00,0,0
vda,1.20,0.00,0.00,0,0
vda,2.80,0.00,0.01,0,0
vda,1.60,0.00,0.01,0,0
vda,19.20,0.00,0.07,0,0
vda,35.40,0.00,0.14,0,0
vda,1.40,0.00,0.00,0,0
vda,4.40,0.00,0.02,0,0
vda,0.00,0.00,0.00,0,0
vda,3.20,0.00,0.02,0,0
vda,1.40,0.00,0.01,0,0
vda,13.60,0.00,0.05,0,0
vda,0.20,0.00,0.00,0,0
vda,8.20,0.00,0.03,0,0
vda,23.80,0.00,0.10,0,0
vda,1.80,0.00,0.01,0,0
vda,1.60,0.00,0.01,0,0
vda,2.20,0.00,0.01,0,0
vda,20.40,0.00,0.08,0,0
vda,2.00,0.00,0.01,0,0
vda,2.80,0.00,0.01,0,0
vda,0.40,0.00,0.00,0,0
vda,1.40,0.00,0.01,0,0
vda,35.40,0.00,0.14,0,0
vda,10.40,0.00,0.05,0,0
vda,1.20,0.00,0.00,0,0
vda,13.20,0.00,0.05,0,0
vda,4.20,0.00,0.02,0,0
vda,1.40,0.00,0.00,0,0
vda,2.20,0.00,0.01,0,0
vda,0.00,0.00,0.00,0,0
vda,2.80,0.00,0.01,0,0
vda,47.00,0.00,0.19,0,0
vda,36.60,0.00,0.15,0,0
vda,2.60,0.00,0.01,0,0
vda,2.20,0.00,0.01,0,0
vda,0.00,0.00,0.00,0,0
vda,1.20,0.00,0.00,0,0
vda,5.80,0.00,0.03,0,0
vda,12.80,0.00,0.05,0,0
vda,2.80,0.00,0.01,0,0
vda,34.00,0.00,0.14,0,0
vda,1.20,0.00,0.00,0,0
vda,1.20,0.00,0.00,0,0
vda,8.60,0.00,0.04,0,0
vda,20.20,0.00,0.08,0,0
vda,1.80,0.00,0.01,0,0
vda,3.40,0.00,0.01,0,0
vda,1.60,0.00,0.01,0,0
vda,23.80,0.00,0.09,0,0
vda,2.20,0.00,0.01,0,0
vda,0.40,0.00,0.00,0,0
vda,18.40,0.00,0.07,0,0
vda,10.00,0.00,0.04,0,0
vda,1.40,0.00,0.01,0,0
vda,1.20,0.00,0.00,0,0
vda,2.20,0.00,0.01,0,0
vda,1.80,0.00,0.01,0,0
vda,35.80,0.00,0.14,0,0
vda,13.40,0.00,0.05,0,0
vda,2.00,0.00,0.01,0,0
vda,2.40,0.00,0.01,0,0
vda,0.00,0.00,0.00,0,0
vda,8.60,0.00,0.04,0,0
vda,1.60,0.00,0.01,0,0
vda,1.60,0.00,0.01,0,0
vda,3.20,0.00,0.01,0,0
vda,62.60,0.00,0.25,0,1
vda,1.40,0.00,0.01,0,0
vda,0.40,0.00,0.00,0,0
vda,1.40,0.00,0.01,0,0
vda,36.20,0.00,0.15,0,0
vda,1.40,0.00,0.01,0,0
vda,1.20,0.00,0.00,0,0
vda,4.40,0.00,0.02,0,0
vda,0.00,0.00,0.00,0,0
vda,1.80,0.00,0.01,0,0
vda,2.60,0.00,0.01,0,0
vda,2.80,0.00,0.02,0,0
vda,53.20,0.00,0.21,0,1
vda,7.20,0.00,0.03,0,0
vda,1.20,0.00,0.00,0,0
vda,1.20,0.00,0.00,0,0
vda,2.00,0.00,0.01,0,0
vda,2.80,0.00,0.01,0,0
vda,3.00,0.00,0.01,0,0
vda,14.00,0.00,0.05,0,0
vda,1.20,0.00,0.00,0,0
vda,34.80,0.00,0.14,0,0
vda,2.00,0.00,0.01,0,0
vda,1.40,0.00,0.01,0,0
vda,9.40,0.00,0.04,0,0
vda,2.00,0.00,0.01,0,0
vda,1.20,0.00,0.00,0,0
vda,18.20,0.00,0.07,0,0
vda,2.00,0.00,0.01,0,0
vda,3.20,0.00,0.01,0,0
vda,24.00,0.00,0.10,0,0
vda,4.00,0.00,0.02,0,0
vda,0.20,0.00,0.00,0,0
vda,1.60,0.00,0.00,0,0
vda,19.00,0.00,0.07,0,0
vda,8.80,0.00,0.04,0,0
vda,1.20,0.00,0.00,0,0
vda,2.20,0.00,0.01,0,0
vda,0.00,0.00,0.00,0,0
vda,39.20,0.00,0.16,0,0
vda,3.00,0.00,0.01,0,0
vda,1.60,0.00,0.01,0,0
vda,13.60,0.00,0.05,0,0
vda,0.00,0.00,0.00,0,0
vda,8.20,0.00,0.03,0,0
vda,2.40,0.00,0.01,0,0
vda,1.80,0.00,0.01,0,0
vda,1.40,0.00,0.01,0,0
vda,37.60,0.00,0.15,0,0
vda,17.00,0.00,0.07,0,0
vda,1.60,0.00,0.01,0,0
vda,0.20,0.00,0.00,0,0
vda,2.60,0.00,0.01,0,0
vda,3.00,0.00,0.02,0,0
vda,7.80,0.00,0.03,0,0
vda,2.40,0.00,0.01,0,0
vda,1.20,0.00,0.00,0,0
vda,51.40,0.00,0.20,0,1
vda,4.60,0.00,0.02,0,0
vda,0.00,0.00,0.00,0,0
vda,1.20,0.00,0.00,0,0
vda,3.60,0.00,0.02,0,0
vda,1.20,0.00,0.00,0,0
vda,0.60,0.00,0.00,0,0
vda,20.40,0.00,0.08,0,0
vda,1.60,0.00,0.01,0,0
vda,23.20,0.00,0.09,0,0
vda,12.80,0.00,0.05,0,0
vda,2.60,0.00,0.01,0,0
vda,0.00,0.00,0.00,0,0
vda,2.20,0.00,0.01,0,0
vda,1.60,0.00,0.01,0,0
vda,17.80,0.00,0.07,0,0
vda,8.40,0.00,0.03,0,0
vda,3.40,0.00,0.02,0,0
vda,37.00,0.00,0.15,0,0
vda,1.00,0.00,0.00,0,0
vda,2.00,0.00,0.01,0,0
vda,0.20,0.00,0.00,0,0
vda,13.60,0.00,0.05,0,0
vda,1.20,0.00,0.00,0,0
vda,12.20,0.00,0.05,0,0
vda,4.80,0.00,0.02,0,0
vda,1.60,0.00,0.01,0,0
vda,23.00,0.00,0.09,0,0
vda,26.40,0.00,0.10,0,0
vda,1.60,0.00,0.01,0,0
vda,23.40,0.00,0.09,0,0
vda,3.00,0.00,0.01,0,0
vda,3.20,0.00,0.02,0,0
vda,0.00,0.00,0.00,0,0
vda,2.40,0.00,0.01,0,0
vda,8.40,0.00,0.04,0,0
vda,0.20,0.00,0.00,0,0
vda,38.00,0.00,0.15,0,0
vda,19.80,0.00,0.08,0,0
vda,0.40,0.00,0.00,0,0
vda,4.40,0.00,0.02,0,0
vda,1.20,0.00,0.00,0,0
vda,0.20,0.00,0.00,0,0
vda,9.20,0.00,0.04,0,0
vda,1.20,0.00,0.00,0,0
vda,0.60,0.00,0.00,0,0
vda,37.40,0.00,0.15,0,0
vda,1.60,0.00,0.01,0,0
vda,1.20,0.00,0.01,0,0
vda,2.20,0.00,0.01,0,0
vda,1.40,0.00,0.01,0,0
vda,0.60,0.00,0.00,0,0
vda,9.80,0.00,0.04,0,0
vda,18.40,0.00,0.07,0,0
vda,1.20,0.00,0.00,0,0
vda,36.20,0.00,0.15,0,0
vda,2.60,0.00,0.01,0,0
vda,3.40,0.00,0.01,0,0
vda,0.00,0.00,0.00,0,0
vda,1.40,0.00,0.01,0,0
vda,18.20,0.00,0.07,0,0
vda,2.20,0.00,0.01,0,0
vda,1.20,0.00,0.01,0,0
vda,9.00,0.00,0.04,0,0
vda,36.20,0.00,0.14,0,0
vda,1.20,0.00,0.00,0,0
vda,3.60,0.00,0.01,0,0
vda,1.00,0.00,0.00,0,0
vda,12.80,0.00,0.05,0,0
vda,4.40,0.00,0.02,0,0
vda,8.80,0.00,0.04,0,0
vda,0.00,0.00,0.00,0,0
vda,1.20,0.00,0.00,0,0
vda,36.40,0.00,0.14,0,0
vda,0.00,0.00,0.00,0,0
vda,20.60,0.00,0.08,0,0
vda,2.59,0.00,0.01,0,0
vda,1.00,0.00,0.00,0,0
vda,2.20,0.00,0.01,0,0
vda,42.20,0.00,0.17,0,0
vda,1.40,0.00,0.01,0,0
vda,1.20,0.00,0.00,0,0
vda,36.80,0.00,0.15,0,0
vda,1.40,0.00,0.01,0,0
vda,20.60,0.00,0.08,0,0
vda,2.00,0.00,0.01,0,0
vda,1.20,0.00,0.00,0,0
vda,56.20,0.00,0.23,0,1
vda,0.00,0.00,0.00,0,0
vda,1.20,0.00,0.00,0,0
vda,36.40,0.00,0.15,0,0
vda,1.80,0.00,0.01,0,0
vda,1.20,0.00,0.00,0,0
vda,36.40,0.00,0.15,0,0
vda,4.40,0.00,0.02,0,0
vda,38.80,0.00,0.16,0,0
vda,2.20,0.00,0.01,0,0
vda,52.60,0.00,0.21,0,1
vda,1.40,0.00,0.01,0,0
vda,1.20,0.00,0.00,0,0
vda,36.40,0.00,0.15,0,0
vda,1.40,0.00,0.01,0,0
vda,1.20,0.00,0.00,0,0
vda,1.60,0.00,0.01,0,0
vda,45.60,0.00,0.19,0,0
vda,2.00,0.00,0.01,0,0
vda,2.20,0.00,0.01,0,0
vda,35.40,0.00,0.14,0,0
vda,1.60,0.00,0.01,0,0
vda,49.20,0.00,0.20,0,0
vda,6.40,0.00,0.02,0,0
vda,1.40,0.00,0.00,0,0
vda,36.40,0.00,0.15,0,0
vda,1.40,0.00,0.01,0,0
vda,16.00,0.00,0.06,0,0
vda,0.00,0.00,0.00,0,0
vda,39.00,0.00,0.16,0,0
vda,1.80,0.00,0.01,0,0
vda,2.20,0.00,0.01,0,0
vda,35.20,0.00,0.14,0,0
vda,1.80,0.00,0.01,0,0
vda,1.60,0.00,0.01,0,0
vda,52.80,0.00,0.21,0,1
vda,3.20,0.00,0.01,0,0
vda,1.60,0.00,0.01,0,0
vda,39.00,0.00,0.16,0,0
vda,0.00,0.00,0.00,0,0
vda,2.00,0.00,0.01,0,0
vda,44.00,0.00,0.18,0,0
vda,1.40,0.00,0.01,0,0
vda,1.60,0.00,0.01,0,0
vda,36.20,0.00,0.15,0,0
vda,1.40,0.00,0.01,0,0
vda,1.60,0.00,0.01,0,0
vda,51.80,0.00,0.21,0,1
vda,5.80,0.00,0.02,0,0
vda,2.80,0.00,0.01,0,0
vda,1.00,0.00,0.00,0,0
vda,2.20,0.00,0.01,0,0
vda,0.00,0.00,0.00,0,0
vda,1.60,0.00,0.01,0,0
vda,14.20,0.00,0.06,0,0
vda,31.20,0.00,0.12,0,0
vda,1.60,0.00,0.01,0,0
vda,2.20,0.00,0.01,0,0
vda,2.20,0.00,0.01,0,0
vda,51.40,0.00,0.21,0,1
vda,33.60,0.00,0.13,0,0
vda,0.00,0.00,0.00,0,0
vda,2.40,0.00,0.01,0,0
vda,1.20,0.00,0.00,0,0
vda,1.60,0.00,0.01,0,0
vda,1.60,0.00,0.01,0,0
vda,20.40,0.00,0.09,0,0
vda,23.80,0.00,0.09,0,0
vda,2.20,0.00,0.01,0,0
vda,2.60,0.00,0.01,0,0
vda,2.80,0.00,0.01,0,0
vda,52.40,0.00,0.21,0,1
vda,9.40,0.00,0.04,0,0
vda,0.60,0.00,0.00,0,0
vda,2.20,0.00,0.01,0,0
vda,1.20,0.00,0.00,0,0
vda,0.60,0.00,0.00,0,0
vda,2.60,0.00,0.01,0,0
vda,15.40,0.00,0.06,0,0
vda,22.60,0.00,0.09,0,0
vda,1.60,0.00,0.01,0,0
vda,0.40,0.00,0.00,0,0
vda,2.20,0.00,0.01,0,0
vda,1.60,0.00,0.01,0,0
vda,8.00,0.00,0.03,0,0
vda,20.80,0.00,0.09,0,0
vda,1.20,0.00,0.00,0,0
vda,2.00,0.00,0.01,0,0
vda,36.20,0.00,0.14,0,0
vda,1.80,0.00,0.01,0,0
vda,1.40,0.00,0.01,0,0
vda,0.00,0.00,0.00,0,0
vda,13.80,0.00,0.05,0,0
vda,10.00,0.00,0.04,0,0
vda,2.20,0.00,0.01,0,0
vda,1.60,0.00,0.01,0,0
vda,3.39,0.00,0.01,0,0
vda,36.80,0.00,0.14,0,0
vda,0.00,0.00,0.00,0,0
vda,17.80,0.00,0.07,0,0
vda,3.60,0.00,0.02,0,0
vda,1.60,0.00,0.01,0,0
vda,8.60,0.00,0.04,0,0
vda,1.80,0.00,0.01,0,0
vda,1.20,0.00,0.00,0,0
vda,0.00,0.00,0.00,0,0
vda,53.60,0.00,0.21,0,1
vda,5.80,0.00,0.03,0,0
vda,1.80,0.00,0.01,0,0
vda,9.40,0.00,0.04,0,0
vda,1.20,0.00,0.00,0,0
vda,35.40,0.00,0.14,0,0
vda,2.40,0.00,0.01,0,0
vda,1.20,0.00,0.00,0,0
vda,35.40,0.00,0.14,0,0
vda,5.20,0.00,0.02,0,0
vda,0.00,0.00,0.00,0,0
vda,1.20,0.00,0.00,0,0
vda,62.40,0.00,0.25,0,1
vda,1.40,0.00,0.01,0,0
vda,0.00,0.00,0.00,0,0
vda,2.20,0.00,0.01,0,0
vda,1.20,0.00,0.00,0,0
vda,0.60,0.00,0.00,0,0
vda,1.60,0.00,0.01,0,0
vda,3.60,0.00,0.02,0,0
vda,14.40,0.00,0.06,0,0
vda,25.40,0.00,0.10,0,0
vda,0.00,0.00,0.00,0,0
vda,0.60,0.00,0.00,0,0
vda,1.60,0.00,0.01,0,0
vda,2.40,0.00,0.01,0,0
vda,9.80,0.00,0.04,0,0
vda,18.40,0.00,0.07,0,0
vda,2.20,0.00,0.01,0,0
vda,0.80,0.00,0.00,0,0
vda,36.80,0.00,0.15,0,0
vda,2.60,0.00,0.01,0,0
vda,1.80,0.00,0.01,0,0
vda,1.40,0.00,0.00,0,0
vda,2.20,0.00,0.01,0,0
vda,17.60,0.00,0.07,0,0
vda,1.60,0.00,0.01,0,0
vda,9.60,0.00,0.04,0,0
vda,0.80,0.00,0.00,0,0
vda,35.40,0.00,0.14,0,0
vda,4.60,0.00,0.02,0,0
vda,1.60,0.00,0.01,0,0
vda,11.80,0.00,0.05,0,0
vda,2.40,0.00,0.01,0,0
vda,0.60,0.00,0.00,0,0
vda,1.20,0.00,0.00,0,0
vda,9.20,0.00,0.04,0,0
vda,1.00,0.00,0.00,0,0
vda,37.60,0.00,0.15,0,0
vda,3.80,0.00,0.01,0,0
vda,18.60,0.00,0.07,0,0
vda,2.20,0.00,0.01,0,0
vda,0.00,0.00,0.00,0,0
vda,43.00,0.00,0.17,0,0
vda,1.60,0.00,0.01,0,0
vda,2.20,0.00,0.01,0,0
vda,0.00,0.00,0.00,0,0
vda,1.20,0.00,0.00,0,0
vda,2.20,0.00,0.01,0,0
vda,1.60,0.00,0.01,0,0
vda,55.80,0.00,0.22,0,1
vda,1.20,0.00,0.00,0,0
vda,0.00,0.00,0.00,0,0
vda,1.20,0.00,0.00,0,0
vda,2.20,0.00,0.01,0,0
vda,1.60,0.00,0.01,0,0
vda,8.00,0.00,0.03,0,0
vda,3.80,0.00,0.02,0,0
vda,12.40,0.00,0.05,0,0
vda,25.80,0.00,0.10,0,0
vda,2.40,0.00,0.01,0,0
vda,2.40,0.00,0.01,0,0
vda,2.60,0.00,0.01,0,0
vda,0.00,0.00,0.00,0,0
vda,2.20,0.00,0.01,0,0
vda,36.20,0.00,0.15,0,0
vda,2.40,0.00,0.01,0,0
vda,59.60,0.00,0.24,0,1
vda,2.80,0.00,0.01,0,0
vda,2.00,0.00,0.01,0,0
vda,44.40,0.00,0.18,0,0
vda,0.00,0.00,0.00,0,0
vda,2.40,0.00,0.01,0,0
vda,52.20,0.00,0.20,0,1
vda,2.40,0.00,0.01,0,0
vda,1.20,0.00,0.00,0,0
vda,12.40,0.00,0.05,0,0
vda,1.40,0.00,0.01,0,0
vda,32.00,0.00,0.13,0,0
vda,2.20,0.00,0.01,0,0
vda,2.00,0.00,0.01,0,0
vda,1.20,0.00,0.00,0,0
vda,42.40,0.00,0.17,0,0
vda,1.60,0.00,0.01,0,0
vda,2.20,0.00,0.01,0,0
vda,41.40,0.00,0.16,0,0
vda,1.40,0.00,0.01,0,0
vda,2.20,0.00,0.01,0,0
vda,28.20,0.00,0.12,0,0
vda,28.40,0.00,0.11,0,0
vda,2.80,0.00,0.01,0,0
vda,0.00,0.00,0.00,0,0
vda,36.60,0.00,0.15,0,0
vda,3.00,0.00,0.01,0,0
vda,0.00,0.00,0.00,0,0
vda,36.60,0.00,0.15,0,0
vda,2.40,0.00,0.01,0,0
vda,0.80,0.00,0.00,0,0
vda,50.20,0.00,0.20,0,1
vda,2.80,0.00,0.01,0,0
vda,0.20,0.00,0.00,0,0
vda,48.00,0.00,0.19,0,0
vda,2.40,0.00,0.01,0,0
vda,0.00,0.00,0.00,0,0
vda,36.00,0.00,0.15,0,0
vda,1.80,0.00,0.01,0,0
vda,1.20,0.00,0.00,0,0
vda,38.60,0.00,0.16,0,0
vda,1.80,0.00,0.01,0,0
vda,0.00,0.00,0.00,0,0
vda,1.20,0.00,0.00,0,0
vda,58.60,0.00,0.24,0,1
vda,4.00,0.00,0.02,0,0
vda,1.20,0.00,0.00,0,0
vda,2.20,0.00,0.01,0,0
vda,0.60,0.00,0.00,0,0
vda,4.20,0.00,0.02,0,0
vda,2.20,0.00,0.01,0,0
vda,1.80,0.00,0.01,0,0
vda,12.40,0.00,0.05,0,0
vda,32.60,0.00,0.13,0,0
vda,7.40,0.00,0.03,0,0
vda,2.00,0.00,0.01,0,0
vda,54.80,0.00,0.21,0,1
vda,1.60,0.00,0.01,0,0
vda,1.40,0.00,0.01,0,0
vda,44.40,0.00,0.18,0,0
vda,0.00,0.00,0.00,0,0
vda,1.20,0.00,0.00,0,0
vda,37.00,0.00,0.15,0,0
vda,0.00,0.00,0.00,0,0
vda,1.20,0.00,0.00,0,0
vda,2.20,0.00,0.01,0,0
vda,34.60,0.00,0.14,0,0
vda,2.60,0.00,0.01,0,0
vda,54.60,0.00,0.22,0,1
vda,7.20,0.00,0.03,0,0
vda,1.20,0.00,0.00,0,0
vda,37.60,0.00,0.15,0,0
vda,1.40,0.00,0.01,0,0
vda,0.00,0.00,0.00,0,0
vda,36.80,0.00,0.15,0,0
vda,0.80,0.00,0.00,0,0
vda,2.20,0.00,0.01,0,0
vda,1.20,0.00,0.00,0,0
vda,43.20,0.00,0.18,0,0
vda,2.40,0.00,0.01,0,0
vda,55.20,0.00,0.22,0,1
vda,5.40,0.00,0.02,0,0
vda,2.80,0.00,0.01,0,0
vda,35.20,0.00,0.14,0,0
vda,1.40,0.00,0.01,0,0
vda,2.40,0.00,0.01,0,0
vda,34.60,0.00,0.14,0,0
vda,1.40,0.00,0.01,0,0
vda,1.20,0.00,0.00,0,0
vda,3.40,0.00,0.01,0,0
vda,1.20,0.00,0.00,0,0
vda,2.20,0.00,0.01,0,0
vda,1.80,0.00,0.01,0,0
vda,1.60,0.00,0.01,0,0
vda,53.20,0.00,0.21,0,1
vda,8.20,0.00,0.03,0,0
vda,0.60,0.00,0.00,0,0
vda,2.20,0.00,0.01,0,0
vda,3.20,0.00,0.01,0,0
vda,1.80,0.00,0.01,0,0
vda,1.20,0.00,0.01,0,0
vda,13.40,0.00,0.05,0,0
vda,1.20,0.00,0.00,0,0
vda,36.40,0.00,0.14,0,0
vda,7.40,0.00,0.03,0,0
vda,1.00,0.00,0.00,0,0
vda,2.20,0.00,0.01,0,0
vda,0.80,0.00,0.01,0,0
vda,18.40,0.00,0.07,0,0
vda,3.40,0.00,0.01,0,0
vda,2.20,0.00,0.01,0,0
vda,0.00,0.00,0.00,0,0
vda,24.80,0.00,0.10,0,0
vda,1.20,0.00,0.00,0,0
vda,1.40,0.00,0.01,0,0
vda,15.00,0.00,0.06,0,0
vda,24.60,0.00,0.10,0,0
vda,12.40,0.00,0.05,0,0
vda,0.00,0.00,0.00,0,0
vda,1.20,0.00,0.00,0,0
vda,59.60,0.00,0.24,0,1
vda,2.80,0.00,0.01,0,0
vda,1.20,0.00,0.00,0,0
vda,35.00,0.00,0.14,0,0
vda,2.40,0.00,0.01,0,0
vda,3.00,0.00,0.01,0,0
vda,30.40,0.00,0.12,0,0
vda,44.40,0.00,0.22,0,1
vda,3.40,0.00,0.01,0,0
vda,1.60,0.00,0.01,0,0
vda,57.00,0.00,0.23,0,1
vda,0.00,0.00,0.00,0,0
vda,1.20,0.00,0.00,0,0
vda,37.20,0.00,0.15,0,0
vda,1.40,0.00,0.01,0,0
vda,0.20,0.00,0.00,0,0
vda,2.20,0.00,0.01,0,0
vda,35.00,0.00,0.14,0,0
vda,3.40,0.00,0.01,0,0
vda,54.60,0.00,0.22,0,1
vda,11.20,0.00,0.04,0,0
vda,0.00,0.00,0.00,0,0
vda,2.20,0.00,0.01,0,0
vda,0.00,0.00,0.00,0,0
vda,1.40,0.00,0.00,0,0
vda,2.60,0.00,0.01,0,0
vda,12.40,0.00,0.05,0,0
vda,26.20,0.00,0.11,0,0
vda,3.60,0.00,0.01,0,0
vda,1.60,0.00,0.01,0,0
vda,42.60,0.00,0.17,0,0
vda,2.40,0.00,0.01,0,0
vda,0.60,0.00,0.00,0,0
vda,46.40,0.00,0.18,0,0
vda,9.60,0.00,0.04,0,0
vda,0.80,0.00,0.00,0,0
vda,35.80,0.00,0.14,0,0
vda,2.40,0.00,0.01,0,0
vda,1.80,0.00,0.01,0,0
vda,43.80,0.00,0.18,0,0
vda,2.60,0.00,0.01,0,0
vda,1.40,0.00,0.01,0,0
vda,52.40,0.00,0.21,0,1
vda,2.40,0.00,0.01,0,0
vda,0.60,0.00,0.00,0,0
vda,36.20,0.00,0.14,0,0
vda,2.40,0.00,0.01,0,0
vda,0.60,0.00,0.00,0,0
vda,46.31,0.00,0.19,0,0
vda,2.60,0.00,0.01,0,0
vda,0.00,0.00,0.00,0,0
vda,37.20,0.00,0.15,0,0
vda,2.40,0.00,0.01,0,0
vda,0.00,0.00,0.00,0,0
vda,53.80,0.00,0.21,0,1
vda,2.40,0.00,0.01,0,0
vda,0.00,0.00,0.00,0,0
vda,44.80,0.00,0.18,0,0
vda,2.80,0.00,0.01,0,0
vda,0.00,0.00,0.00,0,0
vda,1.20,0.00,0.00,0,0
vda,2.20,0.00,0.01,0,0
vda,0.00,0.00,0.00,0,0
vda,1.60,0.00,0.01,0,0
vda,15.20,0.00,0.06,0,0
vda,1.20,0.00,0.00,0,0
vda,36.80,0.00,0.14,0,0
vda,1.60,0.00,0.01,0,0
vda,1.40,0.00,0.01,0,0
vda,2.20,0.00,0.01,0,0
vda,2.40,0.00,0.01,0,0
vda,25.40,0.00,0.10,0,0
vda,1.60,0.00,0.01,0,0
vda,2.20,0.00,0.01,0,0
vda,0.00,0.00,0.00,0,0
vda,24.20,0.00,0.10,0,0
vda,1.80,0.00,0.01,0,0
vda,26.20,0.00,0.11,0,0
vda,3.80,0.00,0.01,0,0
vda,2.00,0.00,0.01,0,0
vda,1.20,0.00,0.00,0,0
vda,1.40,0.00,0.01,0,0
vda,2.20,0.00,0.01,0,0
vda,0.40,0.00,0.00,0,0
vda,43.40,0.00,0.17,0,0
vda,13.00,0.00,0.05,0,0
vda,1.20,0.00,0.00,0,0
vda,2.60,0.00,0.01,0,0
vda,2.60,0.00,0.01,0,0
vda,48.60,0.00,0.20,0,0
vda,1.60,0.00,0.01,0,0
vda,2.20,0.00,0.01,0,0
vda,46.80,0.00,0.19,0,0
vda,1.40,0.00,0.01,0,0
vda,1.60,0.00,0.01,0,0
vda,36.60,0.00,0.15,0,0
vda,2.40,0.00,0.01,0,0
vda,1.60,0.00,0.01,0,0
vda,1.60,0.00,0.01,0,0
vda,45.20,0.00,0.18,0,0
vda,0.00,0.00,0.00,0,0
vda,19.80,0.00,0.08,0,0
vda,1.40,0.00,0.01,0,0
vda,42.40,0.00,0.17,0,0
vda,1.40,0.00,0.01,0,0
vda,1.20,0.00,0.00,0,0
vda,45.00,0.00,0.18,0,0
vda,2.40,0.00,0.01,0,0
vda,2.20,0.00,0.01,0,0
vda,35.60,0.00,0.14,0,0
vda,1.40,0.00,0.01,0,0
vda,2.20,0.00,0.01,0,0
vda,34.80,0.00,0.14,0,0
vda,1.60,0.00,0.01,0,0
vda,2.60,0.00,0.01,0,0
vda,36.20,0.00,0.15,0,0
vda,28.40,0.00,0.11,0,0
vda,22.80,0.00,0.09,0,0
vda,2.20,0.00,0.01,0,0
vda,0.20,0.00,0.00,0,0
vda,43.20,0.00,0.18,0,0
vda,1.80,0.00,0.01,0,0
vda,1.20,0.00,0.00,0,0
vda,36.00,0.00,0.15,0,0
vda,1.80,0.00,0.01,0,0
vda,3.20,0.00,0.01,0,0
vda,2.00,0.00,0.01,0,0
vda,62.00,0.00,0.25,0,1
vda,0.00,0.00,0.00,0,0
vda,1.20,0.00,0.00,0,0
vda,1.60,0.00,0.01,0,0
vda,36.40,0.00,0.15,0,0
vda,1.40,0.00,0.01,0,0
vda,38.00,0.00,0.15,0,0
vda,1.40,0.00,0.01,0,0
vda,1.60,0.00,0.01,0,0
vda,2.60,0.00,0.01,0,0
vda,43.00,0.00,0.18,0,0
vda,1.60,0.00,0.01,0,0
vda,53.40,0.00,0.21,0,1
vda,2.00,0.00,0.01,0,0
vda,1.40,0.00,0.00,0,0
vda,37.00,0.00,0.15,0,0
vda,1.40,0.00,0.01,0,0
vda,4.20,0.00,0.02,0,0
vda,0.00,0.00,0.00,0,0
vda,44.40,0.00,0.18,0,0
vda,1.60,0.00,0.01,0,0
vda,36.80,0.00,0.15,0,0
vda,1.40,0.00,0.01,0,0
vda,1.40,0.00,0.00,0,0
vda,54.00,0.00,0.22,0,1
vda,1.40,0.00,0.01,0,0
vda,1.20,0.00,0.00,0,0
vda,36.80,0.00,0.15,0,0
vda,2.80,0.00,0.01,0,0
vda,1.60,0.00,0.01,0,0
vda,2.20,0.00,0.01,0,0
vda,42.80,0.00,0.17,0,0
vda,1.60,0.00,0.01,0,0
vda,36.80,0.00,0.15,0,0
vda,1.40,0.00,0.01,0,0
vda,1.20,0.00,0.00,0,0
vda,47.60,0.00,0.19,0,0
vda,9.80,0.00,0.04,0,0
vda,1.80,0.00,0.01,0,0
vda,45.40,0.00,0.18,0,0
vda,0.20,0.00,0.00,0,0
vda,1.20,0.00,0.00,0,0
vda,36.60,0.00,0.15,0,0
vda,1.40,0.00,0.01,0,0
vda,1.20,0.00,0.00,0,0
vda,36.40,0.00,0.15,0,0
vda,1.40,0.00,0.01,0,0
vda,1.20,0.00,0.00,0,0
vda,2.80,0.00,0.01,0,0
vda,1.60,0.00,0.01,0,0
vda,2.20,0.00,0.01,0,0
vda,0.40,0.00,0.00,0,0
vda,20.00,0.00,0.08,0,0
vda,1.20,0.00,0.00,0,0
vda,42.80,0.00,0.17,0,0
vda,1.20,0.00,0.00,0,0
vda,2.20,0.00,0.01,0,0
vda,2.60,0.00,0.01,0,0
vda,1.00,0.00,0.00,0,0
vda,20.40,0.00,0.08,0,0
vda,0.00,0.00,0.00,0,0
vda,1.20,0.00,0.00,0,0
vda,2.20,0.00,0.01,0,0
vda,41.20,0.00,0.16,0,0
vda,1.40,0.00,0.01,0,0
vda,2.20,0.00,0.01,0,0
vda,12.00,0.00,0.05,0,0
vda,11.40,0.00,0.05,0,0
vda,1.20,0.00,0.00,0,0
vda,2.80,0.00,0.01,0,0
vda,0.00,0.00,0.00,0,0
vda,1.20,0.00,0.00,0,0
vda,35.60,0.00,0.14,0,0
vda,3.40,0.00,0.02,0,0
vda,18.40,0.00,0.07,0,0
vda,2.60,0.00,0.01,0,0
vda,3.20,0.00,0.01,0,0
vda,2.00,0.00,0.01,0,0
vda,0.00,0.00,0.00,0,0
vda,1.20,0.00,0.00,0,0
vda,1.40,0.00,0.01,0,0
vda,37.00,0.00,0.15,0,0
vda,0.80,0.00,0.00,0,0
vda,9.80,0.00,0.04,0,0
vda,0.00,0.00,0.00,0,0
vda,1.20,0.00,0.00,0,0
vda,2.20,0.00,0.01,0,0
vda,2.80,0.00,0.01,0,0
vda,2.80,0.00,0.01,0,0
vda,17.00,0.00,0.07,0,0
vda,35.60,0.00,0.14,0,0
vda,1.20,0.00,0.00,0,0
vda,2.20,0.00,0.01,0,0
vda,7.80,0.00,0.03,0,0
vda,1.80,0.00,0.01,0,0
vda,2.80,0.00,0.01,0,0
vda,20.60,0.00,0.08,0,0
vda,1.00,0.00,0.00,0,0
vda,1.20,0.00,0.00,0,0
vda,36.80,0.00,0.14,0,0
vda,0.00,0.00,0.00,0,0
vda,1.40,0.00,0.01,0,0
vda,11.00,0.00,0.05,0,0
vda,0.00,0.00,0.00,0,0
vda,12.40,0.00,0.05,0,0
vda,3.60,0.00,0.01,0,0
vda,2.00,0.00,0.01,0,0
vda,1.20,0.00,0.00,0,0
vda,45.80,0.00,0.18,0,0
vda,5.40,0.00,0.03,0,0
vda,1.40,0.00,0.00,0,0
vda,34.80,0.00,0.14,0,0
vda,2.40,0.00,0.01,0,0
vda,1.20,0.00,0.00,0,0
vda,2.20,0.00,0.01,0,0
vda,4.00,0.00,0.02,0,0
vda,0.00,0.00,0.00,0,0
vda,26.20,0.00,0.11,0,0
vda,1.40,0.00,0.01,0,0
vda,17.00,0.00,0.07,0,0
vda,2.20,0.00,0.01,0,0
vda,1.20,0.00,0.00,0,0
vda,8.60,0.00,0.04,0,0
vda,2.40,0.00,0.01,0,0
vda,5.20,0.00,0.03,0,0
vda,0.20,0.00,0.00,0,0
vda,47.20,0.00,0.19,0,0
vda,1.60,0.00,0.00,0,0
vda,1.20,0.00,0.00,0,0
vda,0.20,0.00,0.00,0,0
vda,9.60,0.00,0.04,0,0
vda,2.60,0.00,0.01,0,0
vda,0.80,0.00,0.00,0,0
vda,3.60,0.00,0.01,0,0
vda,18.60,0.00,0.07,0,0
vda,36.20,0.00,0.14,0,0
vda,8.80,0.00,0.04,0,0
vda,1.40,0.00,0.01,0,0
vda,0.00,0.00,0.00,0,0
vda,3.40,0.00,0.02,0,0
vda,1.20,0.00,0.00,0,0
vda,11.80,0.00,0.05,0,0
vda,2.60,0.00,0.01,0,0
vda,2.80,0.00,0.01,0,0
vda,36.60,0.00,0.14,0,0
vda,1.60,0.00,0.01,0,0
vda,1.00,0.00,0.01,0,0
vda,1.20,0.00,0.00,0,0
vda,2.60,0.00,0.01,0,0
vda,17.80,0.00,0.07,0,0
vda,8.80,0.00,0.04,0,0
vda,3.00,0.00,0.01,0,0
vda,0.60,0.00,0.00,0,0
vda,24.60,0.00,0.10,0,0
vda,2.60,0.00,0.01,0,0
vda,2.60,0.00,0.01,0,0
vda,19.00,0.00,0.07,0,0
vda,1.40,0.00,0.01,0,0
vda,1.40,0.00,0.01,0,0
vda,0.00,0.00,0.00,0,0
vda,3.99,0.00,0.02,0,0
vda,8.40,0.00,0.03,0,0
vda,34.00,0.00,0.13,0,0
vda,2.20,0.00,0.01,0,0
vda,13.80,0.00,0.05,0,0
vda,0.00,0.00,0.00,0,0
vda,40.20,0.00,0.16,0,0
vda,1.40,0.00,0.01,0,0
vda,0.00,0.00,0.00,0,0
vda,2.20,0.00,0.01,0,0
vda,52.80,0.00,0.21,0,1
vda,2.40,0.00,0.01,0,0
vda,30.40,0.00,0.12,0,0
vda,2.80,0.00,0.01,0,0
vda,4.80,0.00,0.02,0,0
vda,1.00,0.00,0.00,0,0
vda,0.00,0.00,0.00,0,0
vda,45.60,0.00,0.19,0,0
vda,2.80,0.00,0.01,0,0
vda,0.80,0.00,0.00,0,0
vda,2.20,0.00,0.01,0,0
vda,53.40,0.00,0.21,0,1
vda,0.60,0.00,0.00,0,0
