7958120.0,70492.0,3388.0
7958120.0,70492.0,3388.0
7006177.6,284239.2,3748.5333333
6173228.0,471268.0,4064.0
6173228.0,471268.0,4064.0
5404679.7333,675035.46667,4096.0
4732200.0,853332.0,4124.0
4433211.2,853336.26667,4158.1333333
4171596.0,853340.0,4188.0
4171596.0,853340.0,4188.0
4171596.0,853340.0,4188.0
4171596.0,853340.0,4188.0
4171596.0,853340.0,4188.0
4171596.0,853340.0,4188.0
4171596.0,853340.0,4188.0
4171596.0,853340.0,4188.0
4170628.0,853926.66667,4408.0
4170276.0,854140.0,4488.0
4170276.0,854140.0,4488.0
4170276.0,854140.0,4488.0
4170276.0,854140.0,4488.0
4170276.0,854140.0,4488.0
4170276.0,854140.0,4488.0
4170276.0,854140.0,4488.0
4170276.0,854140.0,4488.0
4170276.0,854140.0,4488.0
4170276.0,854140.0,4488.0
4170276.0,854140.0,4488.0
4169901.6,854171.2,4709.8666667
4169844.0,854176.0,4744.0
4169844.0,854176.0,4744.0
4169844.0,854176.0,4744.0
4169844.0,854176.0,4744.0
4169844.0,854176.0,4744.0
4169844.0,854176.0,4744.0
4169844.0,854176.0,4744.0
4169844.0,854176.0,4744.0
4169844.0,854176.0,4744.0
4169844.0,854176.0,4744.0
4169844.0,854176.0,4744.0
4169172.2667,854240.53333,4955.2
4168928.0,854264.0,5032.0
4168928.0,854264.0,5032.0
4168928.0,854264.0,5032.0
4168928.0,854264.0,5032.0
4168928.0,854264.0,5032.0
4168928.0,854264.0,5032.0
4168928.0,854264.0,5032.0
4167402.6667,854272.8,5155.2
4166848.0,854276.0,5200.0
4166848.0,854276.0,5200.0
4166848.0,854276.0,5200.0
4166848.0,854276.0,5200.0
4166848.0,854276.0,5200.0
4166848.0,854276.0,5200.0
4166848.0,854276.0,5200.0
4166848.0,854276.0,5200.0
4166848.0,854276.0,5200.0
4166848.0,854276.0,5200.0
4166848.0,854276.0,5200.0
4166714.6667,854302.66667,5381.3333333
4166648.0,854316.0,5472.0
4166648.0,854316.0,5472.0
4166648.0,854316.0,5472.0
4166648.0,854316.0,5472.0
4166648.0,854316.0,5472.0
4166328.0,855124.0,5594.6666667
4166168.0,855528.0,5656.0
4166168.0,855528.0,5656.0
4166168.0,855528.0,5656.0
4166168.0,855528.0,5656.0
4166168.0,855528.0,5656.0
4166168.0,855528.0,5656.0
4166168.0,855528.0,5656.0
4166168.0,855528.0,5656.0
4166168.0,855528.0,5656.0
4166168.0,855528.0,5656.0
4166168.0,855528.0,5656.0
4165654.6667,855539.73333,5832.0
4165468.0,855544.0,5896.0
4165468.0,855544.0,5896.0
4165468.0,855544.0,5896.0
4165468.0,855544.0,5896.0
4165468.0,855544.0,5896.0
4165468.0,855544.0,5896.0
4165468.0,855544.0,5896.0
4165468.0,855544.0,5896.0
4165468.0,855544.0,5896.0
4165468.0,855544.0,5896.0
4165468.0,855544.0,5896.0
4165697.3333,855562.66667,6109.3333333
4165812.0,855572.0,6216.0
4165812.0,855572.0,6216.0
4165812.0,855572.0,6216.0
4165812.0,855572.0,6216.0
4164103.2,855580.53333,6275.7333333
4162608.0,855588.0,6328.0
4162608.0,855588.0,6328.0
4159656.0,856912.8,6580.0
4157688.0,857796.0,6748.0
4157688.0,857796.0,6748.0
4158370.6667,857798.66667,6790.6666667
4158712.0,857800.0,6812.0
4158712.0,857800.0,6812.0
4158712.0,857800.0,6812.0
4158712.0,857800.0,6812.0
4158712.0,857800.0,6812.0
4158712.0,857800.0,6812.0
4158712.0,857800.0,6812.0
4158712.0,857800.0,6812.0
4158712.0,857800.0,6812.0
4158712.0,857800.0,6812.0
4158712.0,857800.0,6812.0
4158265.6,857852.8,6970.4
4157968.0,857888.0,7076.0
4157968.0,857888.0,7076.0
4157968.0,857888.0,7076.0
4157968.0,857888.0,7076.0
4157968.0,857888.0,7076.0
4157968.0,857888.0,7076.0
4157968.0,857888.0,7076.0
4157968.0,857888.0,7076.0
4157968.0,857888.0,7076.0
4157968.0,857888.0,7076.0
4157968.0,857888.0,7076.0
4158178.9333,857897.33333,7210.4
4158420.0,857908.0,7364.0
4158420.0,857908.0,7364.0
4158420.0,857908.0,7364.0
4158420.0,857908.0,7364.0
4158034.4,857909.6,7412.0
4157456.0,857912.0,7484.0
4157456.0,857912.0,7484.0
4157456.0,857912.0,7484.0
4157456.0,857912.0,7484.0
4157456.0,857912.0,7484.0
4157456.0,857912.0,7484.0
4157456.0,857912.0,7484.0
4157456.0,857912.0,7484.0
4157456.0,857912.0,7484.0
4157456.0,857912.0,7484.0
4156958.9333,857922.66667,7599.2
4156524.0,857932.0,7700.0
4157270.6667,857934.13333,7738.4
4157924.0,857936.0,7772.0
4157924.0,857936.0,7772.0
4157924.0,857936.0,7772.0
4157924.0,857936.0,7772.0
4157924.0,857936.0,7772.0
4157924.0,857936.0,7772.0
4157924.0,857936.0,7772.0
4157924.0,857936.0,7772.0
4157924.0,857936.0,7772.0
4157924.0,857936.0,7772.0
4157924.0,857936.0,7772.0
4157749.0667,857942.4,7908.5333333
4157596.0,857948.0,8028.0
4157596.0,857948.0,8028.0
4157596.0,857948.0,8028.0
4157596.0,857948.0,8028.0
4157596.0,857948.0,8028.0
4157596.0,857948.0,8028.0
4157596.0,857948.0,8028.0
4157596.0,857948.0,8028.0
4157596.0,857948.0,8028.0
4157596.0,857948.0,8028.0
4157596.0,857948.0,8028.0
4157687.7333,857965.06667,8207.2
4157768.0,857980.0,8364.0
4157768.0,857980.0,8364.0
4157768.0,857980.0,8364.0
4157768.0,857980.0,8364.0
4157768.0,857980.0,8364.0
4157768.0,857980.0,8364.0
4157768.0,857980.0,8364.0
4157768.0,857980.0,8364.0
4157768.0,857980.0,8364.0
4157768.0,857980.0,8364.0
4157768.0,857980.0,8364.0
4157328.8,858001.6,8512.8
4157036.0,858016.0,8612.0
4157036.0,858016.0,8612.0
4157036.0,858016.0,8612.0
4157036.0,858016.0,8612.0
4157036.0,858016.0,8612.0
4157036.0,858016.0,8612.0
4156169.6,858020.8,8717.6
4155592.0,858024.0,8788.0
4155592.0,858024.0,8788.0
4155592.0,858024.0,8788.0
4155592.0,858024.0,8788.0
4155592.0,858024.0,8788.0
4156470.9333,858028.26667,8860.5333333
4157240.0,858032.0,8924.0
4156604.2667,858040.53333,8958.1333333
4156048.0,858048.0,8988.0
4156048.0,858048.0,8988.0
4156048.0,858048.0,8988.0
4156048.0,858048.0,8988.0
4156048.0,858048.0,8988.0
4156048.0,858048.0,8988.0
4156048.0,858048.0,8988.0
4156048.0,858048.0,8988.0
4156048.0,858048.0,8988.0
4156048.0,858048.0,8988.0
4156048.0,858048.0,8988.0
4155882.6667,858061.33333,9142.6666667
4155800.0,858068.0,9220.0
4155800.0,858068.0,9220.0
4155800.0,858068.0,9220.0
4155800.0,858068.0,9220.0
4155800.0,858068.0,9220.0
4155800.0,858068.0,9220.0
4155800.0,858068.0,9220.0
4155800.0,858068.0,9220.0
4155800.0,858068.0,9220.0
4155800.0,858068.0,9220.0
4155800.0,858068.0,9220.0
4155968.0,858089.6,9402.4
4156080.0,858104.0,9524.0
4156080.0,858104.0,9524.0
4156080.0,858104.0,9524.0
4156080.0,858104.0,9524.0
4156080.0,858104.0,9524.0
4156080.0,858104.0,9524.0
4156080.0,858104.0,9524.0
4156080.0,858104.0,9524.0
4156080.0,858104.0,9524.0
4156080.0,858104.0,9524.0
4156080.0,858104.0,9524.0
4156024.8,858111.2,9653.6
4155988.0,858116.0,9740.0
4155988.0,858116.0,9740.0
4155988.0,858116.0,9740.0
4155988.0,858116.0,9740.0
4155988.0,858116.0,9740.0
4155988.0,858116.0,9740.0
4155169.3333,858129.33333,9852.0
4154760.0,858136.0,9908.0
4154760.0,858136.0,9908.0
4155493.3333,858136.0,9950.6666667
4155860.0,858136.0,9972.0
4155860.0,858136.0,9972.0
4155860.0,858136.0,9972.0
4155860.0,858136.0,9972.0
4155860.0,858136.0,9972.0
4155860.0,858136.0,9972.0
4155860.0,858136.0,9972.0
4155860.0,858136.0,9972.0
4155860.0,858136.0,9972.0
4155860.0,858136.0,9972.0
4155860.0,858136.0,9972.0
4155675.2,858155.2,10120.8
4155552.0,858168.0,10220.0
4155552.0,858168.0,10220.0
4155552.0,858168.0,10220.0
4155552.0,858168.0,10220.0
4155552.0,858168.0,10220.0
4155552.0,858168.0,10220.0
4155552.0,858168.0,10220.0
4155552.0,858168.0,10220.0
4155552.0,858168.0,10220.0
4155552.0,858168.0,10220.0
4155114.6667,858221.33333,10386.4
4154732.0,858268.0,10532.0
4154732.0,858268.0,10532.0
4154732.0,858268.0,10532.0
4154732.0,858268.0,10532.0
4154732.0,858268.0,10532.0
4154732.0,858268.0,10532.0
4154732.0,858268.0,10532.0
4154732.0,858268.0,10532.0
4154732.0,858268.0,10532.0
4154732.0,858268.0,10532.0
4154732.0,858268.0,10532.0
4154651.7333,858268.0,10647.733333
4154560.0,858268.0,10780.0
4154560.0,858268.0,10780.0
4154560.0,858268.0,10780.0
4154560.0,858268.0,10780.0
4154560.0,858268.0,10780.0
4154560.0,858268.0,10780.0
4154560.0,858268.0,10780.0
4154560.0,858268.0,10780.0
4154560.0,858268.0,10780.0
4154560.0,858268.0,10780.0
4154560.0,858268.0,10780.0
4154560.0,858304.0,10884.0
4154560.0,858376.0,11092.0
4154560.0,858376.0,11092.0
4154560.0,858376.0,11092.0
4154560.0,858376.0,11092.0
4154560.0,858376.0,11092.0
4154560.0,858376.0,11092.0
4154560.0,858376.0,11092.0
4154099.2,858409.6,11168.8
4153408.0,858460.0,11284.0
4153408.0,858460.0,11284.0
4153408.0,858460.0,11284.0
4153408.0,858460.0,11284.0
4153408.0,858460.0,11284.0
4153408.0,858460.0,11284.0
4153408.0,858460.0,11284.0
4153408.0,858460.0,11284.0
4153408.0,858460.0,11284.0
4153408.0,858460.0,11284.0
4153408.0,858460.0,11284.0
4153552.0,858465.33333,11358.666667
4153840.0,858476.0,11508.0
4153840.0,858476.0,11508.0
4153840.0,858476.0,11508.0
4153840.0,858476.0,11508.0
4153840.0,858476.0,11508.0
4153840.0,858476.0,11508.0
4153840.0,858476.0,11508.0
4153840.0,858476.0,11508.0
4153840.0,858476.0,11508.0
4153840.0,858476.0,11508.0
4153840.0,858476.0,11508.0
4153789.3333,858480.0,11601.333333
4153688.0,858488.0,11788.0
4153688.0,858488.0,11788.0
4153688.0,858488.0,11788.0
4153688.0,858488.0,11788.0
4153688.0,858488.0,11788.0
4152948.8,858492.8,11826.4
4151840.0,858500.0,11884.0
4151840.0,858500.0,11884.0
4152773.3333,858505.6,11913.866667
4153840.0,858512.0,11948.0
4153840.0,858512.0,11948.0
4153840.0,858512.0,11948.0
4153840.0,858512.0,11948.0
4153840.0,858512.0,11948.0
4153840.0,858512.0,11948.0
4153840.0,858512.0,11948.0
4153840.0,858512.0,11948.0
4153840.0,858512.0,11948.0
4153840.0,858512.0,11948.0
4153840.0,858512.0,11948.0
4153084.8,858597.33333,12084.533333
4152424.0,858672.0,12204.0
4152424.0,858672.0,12204.0
4152424.0,858672.0,12204.0
4152424.0,858672.0,12204.0
4152424.0,858672.0,12204.0
4152424.0,858672.0,12204.0
4152424.0,858672.0,12204.0
4152424.0,858672.0,12204.0
4211341.3333,858680.0,12358.666667
4240800.0,858684.0,12436.0
4240800.0,858684.0,12436.0
4240800.0,858684.0,12436.0
4240800.0,858684.0,12436.0
4239640.0,858734.66667,12510.666667
4239060.0,858760.0,12548.0
4239060.0,858760.0,12548.0
4240310.6667,858768.0,12580.0
4240936.0,858772.0,12596.0
4240936.0,858772.0,12596.0
4240936.0,858772.0,12596.0
4240936.0,858772.0,12596.0
4240936.0,858772.0,12596.0
4240936.0,858772.0,12596.0
4240936.0,858772.0,12596.0
4240936.0,858772.0,12596.0
4240936.0,858772.0,12596.0
4240936.0,858772.0,12596.0
4240936.0,858772.0,12596.0
4239966.4,858832.0,12735.2
4240222.4,858869.6,12866.4
4240824.0,858868.0,12892.0
4240824.0,858868.0,12892.0
4240824.0,858868.0,12892.0
4240824.0,858868.0,12892.0
4240824.0,858868.0,12892.0
4240824.0,858868.0,12892.0
4240824.0,858868.0,12892.0
4240824.0,858868.0,12892.0
4240824.0,858868.0,12892.0
4240824.0,858868.0,12892.0
4240824.0,858868.0,12892.0
4240564.8,858961.6,13031.2
4240392.0,859024.0,13124.0
4240392.0,859024.0,13124.0
4240392.0,859024.0,13124.0
4240392.0,859024.0,13124.0
4240392.0,859024.0,13124.0
4240392.0,859024.0,13124.0
4240392.0,859024.0,13124.0
4240392.0,859024.0,13124.0
4240392.0,859024.0,13124.0
4307558.4,859079.2,13277.6
4352336.0,859116.0,13380.0
4352336.0,859116.0,13380.0
4352336.0,859116.0,13380.0
4352336.0,859116.0,13380.0
4352336.0,859116.0,13380.0
4352336.0,859116.0,13380.0
4352336.0,859116.0,13380.0
4352336.0,859116.0,13380.0
4352336.0,859116.0,13380.0
4352336.0,859116.0,13380.0
4352336.0,859116.0,13380.0
4352348.0,859118.4,13519.2
4352356.0,859120.0,13612.0
4352356.0,859120.0,13612.0
4352356.0,859120.0,13612.0
4352356.0,859120.0,13612.0
4352356.0,859120.0,13612.0
4351499.2,859201.6,13712.8
4350928.0,859256.0,13780.0
4350928.0,859256.0,13780.0
4350928.0,859256.0,13780.0
4350928.0,859256.0,13780.0
4350928.0,859256.0,13780.0
4350928.0,859256.0,13780.0
4350928.0,859256.0,13780.0
4350928.0,859256.0,13780.0
4350928.0,859256.0,13780.0
4350928.0,859256.0,13780.0
4350928.0,859256.0,13780.0
4350908.8,859259.2,13866.4
4350880.0,859264.0,13996.0
4350880.0,859264.0,13996.0
4350880.0,859264.0,13996.0
4350880.0,859264.0,13996.0
4350880.0,859264.0,13996.0
4350880.0,859264.0,13996.0
4350880.0,859264.0,13996.0
4350880.0,859264.0,13996.0
4350880.0,859264.0,13996.0
4350880.0,859264.0,13996.0
4350880.0,859264.0,13996.0
4350908.8,859273.6,14114.4
4350952.0,859288.0,14292.0
4350952.0,859288.0,14292.0
5475560.0,856668.8,14317.6
