vda,26.20,0.11,0.00,0,0
vda,43.40,0.16,0.01,0,0
vda,2.40,0.00,0.01,0,0
vda,0.60,0.00,0.00,0,0
vda,12.80,0.05,0.00,0,0
vda,83.60,0.53,0.06,2,0
vda,225.60,9.76,0.09,48,0
vda,92.00,10.55,0.03,52,0
vda,68.00,4.99,0.11,24,0
vda,1.80,0.00,0.01,0,0
vda,2.20,0.00,0.01,0,0
vda,1.20,0.00,0.00,0,0
vda,0.20,0.00,0.00,0,0
vda,8.00,0.00,1.31,0,6
vda,21.00,0.00,0.08,0,0
vda,0.00,0.00,0.00,0,0
vda,3.40,0.00,0.01,0,0
vda,34.40,0.00,0.14,0,0
vda,0.00,0.00,0.00,0,0
vda,1.40,0.00,0.01,0,0
vda,10.80,0.00,0.04,0,0
vda,2.40,0.00,0.01,0,0
vda,12.80,0.00,0.05,0,0
vda,2.40,0.00,0.01,0,0
vda,0.00,0.00,0.00,0,0
vda,23.60,0.00,0.10,0,0
vda,1.40,0.00,0.01,0,0
vda,3.00,0.00,0.01,0,0
vda,3.00,0.00,0.02,0,0
vda,18.60,0.00,0.07,0,0
vda,0.00,0.00,0.00,0,0
vda,2.00,0.00,0.01,0,0
vda,2.40,0.00,0.01,0,0
vda,7.80,0.00,0.03,0,0
vda,2.60,0.00,0.01,0,0
vda,39.00,0.00,0.16,0,0
vda,1.60,0.00,0.01,0,0
vda,11.60,0.00,0.05,0,0
vda,2.20,0.00,0.01,0,0
vda,0.60,0.00,0.00,0,0
vda,1.20,0.00,0.00,0,0
vda,2.40,0.00,0.01,0,0
vda,11.40,0.00,0.05,0,0
vda,1.20,0.00,0.00,0,0
