16201525.333,65509.333333,2229.3333333
16201525.333,65509.333333,2229.3333333
16208680.8,52353.2,4508.0
16208680.8,52353.2,4508.0
16208680.8,52353.2,4508.0
16208680.8,52353.2,4508.0
16206680.0,53588.0,4848.0
15854494.4,117732.0,5481.6
15766448.0,133768.0,5640.0
15766448.0,133768.0,5640.0
15418192.0,156824.0,5700.8
15331128.0,162588.0,5716.0
15331128.0,162588.0,5716.0
15326854.133,162608.53333,5754.1333333
15325300.0,162616.0,5768.0
15324281.333,162613.33333,5810.6666667
15323772.0,162612.0,5832.0
15323772.0,162612.0,5832.0
15324713.333,162609.33333,5874.6666667
15325184.0,162608.0,5896.0
15203552.0,162615.2,5934.4
15122464.0,162620.0,5960.0
15122464.0,162620.0,5960.0
15779114.667,158249.33333,6008.0
16107440.0,156064.0,6032.0
