16202789.067,52351.733333,2256.2666667
16150256.0,80236.0,3808.0
16150256.0,80236.0,3808.0
15419054.667,205160.0,3829.3333333
13956652.0,455008.0,3872.0
13955970.667,455006.66667,3893.3333333
13954608.0,455004.0,3936.0
13954608.0,455004.0,3936.0
13954253.6,455004.8,3948.8
13952836.0,455008.0,4000.0
13952836.0,455008.0,4000.0
13952836.0,455008.0,4000.0
13952836.0,455008.0,4000.0
13952597.067,455010.66667,4018.1333333
13951044.0,455028.0,4136.0
13951044.0,455028.0,4136.0
13951044.0,455028.0,4136.0
13951044.0,455028.0,4136.0
13951044.0,455028.0,4136.0
13951291.2,455031.2,4156.8
13952280.0,455044.0,4240.0
13952280.0,455044.0,4240.0
13952280.0,455044.0,4240.0
13952280.0,455044.0,4240.0
13952280.0,455044.0,4240.0
13952280.0,455044.0,4240.0
13952280.0,455044.0,4240.0
13952280.0,455044.0,4240.0
13952280.0,455044.0,4240.0
13952280.0,455044.0,4240.0
13952280.0,455044.0,4240.0
13952216.0,455045.6,4270.9333333
13951800.0,455056.0,4472.0
13951800.0,455056.0,4472.0
13951800.0,455056.0,4472.0
13951684.8,455058.13333,4490.1333333
13950936.0,455072.0,4608.0
13884950.4,455074.13333,4617.6
13456044.0,455088.0,4680.0
13456044.0,455088.0,4680.0
13455715.2,455089.06667,4683.7333333
13451112.0,455104.0,4736.0
13451112.0,455104.0,4736.0
13451112.0,455104.0,4736.0
13451112.0,455104.0,4736.0
13451112.0,455104.0,4736.0
13451112.0,455104.0,4736.0
13451112.0,455104.0,4736.0
13451112.0,455104.0,4736.0
13451112.0,455104.0,4736.0
13451112.0,455104.0,4736.0
13451112.0,455104.0,4736.0
13451035.467,455105.06667,4751.2
13449964.0,455120.0,4964.0
13449964.0,455120.0,4964.0
13449964.0,455120.0,4964.0
13449964.0,455120.0,4964.0
13449964.0,455120.0,4964.0
13449964.0,455120.0,4964.0
13449964.0,455120.0,4964.0
13449964.0,455120.0,4964.0
13449964.0,455120.0,4964.0
13449964.0,455120.0,4964.0
13449964.0,455120.0,4964.0
13449895.733,455144.0,5001.3333333
13449452.0,455300.0,5244.0
13449452.0,455300.0,5244.0
13449452.0,455300.0,5244.0
13449452.0,455300.0,5244.0
13449452.0,455300.0,5244.0
13449452.0,455300.0,5244.0
13449452.0,455300.0,5244.0
13449452.0,455300.0,5244.0
13449452.0,455300.0,5244.0
13449452.0,455300.0,5244.0
13449452.0,455300.0,5244.0
13449502.133,455301.06667,5272.8
13449828.0,455308.0,5460.0
13449828.0,455308.0,5460.0
13449828.0,455308.0,5460.0
13449828.0,455308.0,5460.0
13449828.0,455308.0,5460.0
13449828.0,455308.0,5460.0
13449828.0,455308.0,5460.0
13449828.0,455308.0,5460.0
13449828.0,455308.0,5460.0
13449828.0,455308.0,5460.0
13449828.0,455308.0,5460.0
13449551.2,455312.8,5512.8
13448444.0,455332.0,5724.0
13448444.0,455332.0,5724.0
13448444.0,455332.0,5724.0
13448444.0,455332.0,5724.0
13448444.0,455332.0,5724.0
13448444.0,455332.0,5724.0
13448444.0,455332.0,5724.0
13448444.0,455332.0,5724.0
13448444.0,455332.0,5724.0
13448444.0,455332.0,5724.0
13448444.0,455332.0,5724.0
13448464.8,455333.6,5754.9333333
13448600.0,455344.0,5956.0
13448600.0,455344.0,5956.0
13448600.0,455344.0,5956.0
13448600.0,455344.0,5956.0
13448600.0,455344.0,5956.0
13448600.0,455344.0,5956.0
13448600.0,455344.0,5956.0
13448600.0,455344.0,5956.0
13447915.2,455390.93333,6088.2666667
13447915.2,455390.93333,6088.2666667
13447316.0,455432.0,6204.0
13447316.0,455432.0,6204.0
13447316.0,455432.0,6204.0
13447316.0,455432.0,6204.0
13447316.0,455432.0,6204.0
13447316.0,455432.0,6204.0
13447316.0,455432.0,6204.0
13447316.0,455432.0,6204.0
13447316.0,455432.0,6204.0
13447316.0,455432.0,6204.0
13447257.867,455452.8,6231.7333333
13446880.0,455588.0,6412.0
13446880.0,455588.0,6412.0
13446880.0,455588.0,6412.0
13446447.467,455888.8,6475.4666667
13443636.0,457844.0,6888.0
13443636.0,457844.0,6888.0
13443636.0,457844.0,6888.0
13443636.0,457844.0,6888.0
13443636.0,457844.0,6888.0
13443636.0,457844.0,6888.0
13443636.0,457844.0,6888.0
13443636.0,457844.0,6888.0
13443636.0,457844.0,6888.0
13443636.0,457844.0,6888.0
13443636.0,457844.0,6888.0
13443522.933,457843.2,6902.4
13441940.0,457832.0,7104.0
13441940.0,457832.0,7104.0
13441940.0,457832.0,7104.0
13441940.0,457832.0,7104.0
13441940.0,457832.0,7104.0
13441940.0,457832.0,7104.0
13441940.0,457832.0,7104.0
13441940.0,457832.0,7104.0
13441940.0,457832.0,7104.0
13441940.0,457832.0,7104.0
13441940.0,457832.0,7104.0
13441992.533,457834.4,7123.7333333
13442728.0,457868.0,7400.0
13442728.0,457868.0,7400.0
13442728.0,457868.0,7400.0
13442728.0,457868.0,7400.0
13442728.0,457868.0,7400.0
13442561.6,457869.06667,7408.8
13440232.0,457884.0,7532.0
13440354.933,457884.53333,7536.2666667
13442076.0,457892.0,7596.0
13442076.0,457892.0,7596.0
13442076.0,457892.0,7596.0
13442076.0,457892.0,7596.0
13442076.0,457892.0,7596.0
13442076.0,457892.0,7596.0
13442076.0,457892.0,7596.0
13442076.0,457892.0,7596.0
13442076.0,457892.0,7596.0
13442076.0,457892.0,7596.0
13442076.0,457892.0,7596.0
13442076.0,457892.0,7596.0
13440992.0,457936.0,7828.0
13440992.0,457936.0,7828.0
13442773.867,457946.4,7883.4666667
13443048.0,457948.0,7892.0
13443048.0,457948.0,7892.0
13443048.0,457948.0,7892.0
13443048.0,457948.0,7892.0
13443048.0,457948.0,7892.0
13443048.0,457948.0,7892.0
13443048.0,457948.0,7892.0
13443048.0,457948.0,7892.0
13443048.0,457948.0,7892.0
13443048.0,457948.0,7892.0
13442742.933,457971.46667,8073.8666667
13442632.0,457980.0,8140.0
13442632.0,457980.0,8140.0
13442632.0,457980.0,8140.0
13442632.0,457980.0,8140.0
13442632.0,457980.0,8140.0
13442632.0,457980.0,8140.0
13442632.0,457980.0,8140.0
13442632.0,457980.0,8140.0
13442632.0,457980.0,8140.0
13442632.0,457980.0,8140.0
13442632.0,457980.0,8140.0
13441994.667,457993.33333,8321.3333333
13441676.0,458000.0,8412.0
13441676.0,458000.0,8412.0
13441676.0,458000.0,8412.0
13441676.0,458000.0,8412.0
13441676.0,458000.0,8412.0
13441676.0,458000.0,8412.0
13441676.0,458000.0,8412.0
13441676.0,458000.0,8412.0
13441676.0,458000.0,8412.0
13441676.0,458000.0,8412.0
13441676.0,458000.0,8412.0
13440662.667,458066.66667,8561.3333333
13440156.0,458100.0,8636.0
13440156.0,458100.0,8636.0
13440156.0,458100.0,8636.0
13440156.0,458100.0,8636.0
13440156.0,458100.0,8636.0
13440156.0,458100.0,8636.0
13440156.0,458100.0,8636.0
13440156.0,458100.0,8636.0
13440156.0,458100.0,8636.0
13440156.0,458100.0,8636.0
13440156.0,458100.0,8636.0
13440070.933,458123.46667,8864.8
13440040.0,458132.0,8948.0
13440040.0,458132.0,8948.0
13440040.0,458132.0,8948.0
13440040.0,458132.0,8948.0
13440040.0,458132.0,8948.0
13440040.0,458132.0,8948.0
13440040.0,458132.0,8948.0
13440040.0,458132.0,8948.0
13440040.0,458132.0,8948.0
13440040.0,458132.0,8948.0
13440040.0,458132.0,8948.0
13440148.533,458208.26667,9135.7333333
13440188.0,458236.0,9204.0
13440188.0,458236.0,9204.0
13440188.0,458236.0,9204.0
13440188.0,458236.0,9204.0
13440188.0,458236.0,9204.0
13440188.0,458236.0,9204.0
13440188.0,458236.0,9204.0
13440188.0,458236.0,9204.0
13440188.0,458236.0,9204.0
13440188.0,458236.0,9204.0
13440188.0,458236.0,9204.0
13440188.0,458236.0,9204.0
13439496.0,458252.0,9524.0
13439496.0,458252.0,9524.0
13439496.0,458252.0,9524.0
13439496.0,458252.0,9524.0
13439496.0,458252.0,9524.0
13439496.0,458252.0,9524.0
13439496.0,458252.0,9524.0
13439496.0,458252.0,9524.0
13439496.0,458252.0,9524.0
13439496.0,458252.0,9524.0
13439496.0,458252.0,9524.0
13439524.8,458254.66667,9539.4666667
13439928.0,458292.0,9756.0
13439928.0,458292.0,9756.0
13439928.0,458292.0,9756.0
13439928.0,458292.0,9756.0
13439928.0,458292.0,9756.0
13439928.0,458292.0,9756.0
13439928.0,458292.0,9756.0
13439928.0,458292.0,9756.0
13439928.0,458292.0,9756.0
13439928.0,458292.0,9756.0
13439928.0,458292.0,9756.0
13439690.667,458294.13333,9797.6
13438148.0,458308.0,10068.0
13438148.0,458308.0,10068.0
13438148.0,458308.0,10068.0
13438148.0,458308.0,10068.0
13438148.0,458308.0,10068.0
13438148.0,458308.0,10068.0
13438148.0,458308.0,10068.0
13438148.0,458308.0,10068.0
13438148.0,458308.0,10068.0
13438148.0,458308.0,10068.0
13438148.0,458308.0,10068.0
13438296.0,458318.4,10112.8
13438888.0,458360.0,10292.0
13438888.0,458360.0,10292.0
13438888.0,458360.0,10292.0
13438888.0,458360.0,10292.0
13438888.0,458360.0,10292.0
13438888.0,458360.0,10292.0
13438888.0,458360.0,10292.0
13438888.0,458360.0,10292.0
13437961.067,458693.86667,10891.466667
13435412.0,459612.0,12540.0
13435412.0,459612.0,12540.0
13435412.0,459612.0,12540.0
13435412.0,459612.0,12540.0
13435412.0,459612.0,12540.0
13435412.0,459612.0,12540.0
13435412.0,459612.0,12540.0
13435448.0,459644.0,12604.0
13435520.0,459708.0,12732.0
13435520.0,459708.0,12732.0
13434912.0,459709.33333,12748.0
13433696.0,459712.0,12780.0
13433696.0,459712.0,12780.0
13434321.6,459712.0,12805.6
13435260.0,459712.0,12844.0
13435260.0,459712.0,12844.0
13435260.0,459712.0,12844.0
13435260.0,459712.0,12844.0
13435260.0,459712.0,12844.0
13435260.0,459712.0,12844.0
13435260.0,459712.0,12844.0
13435260.0,459712.0,12844.0
13435260.0,459712.0,12844.0
13435260.0,459712.0,12844.0
13435260.0,459712.0,12844.0
13435247.2,459718.4,12940.0
13435228.0,459728.0,13084.0
13435228.0,459728.0,13084.0
13435228.0,459728.0,13084.0
13435228.0,459728.0,13084.0
13435228.0,459728.0,13084.0
13435228.0,459728.0,13084.0
13435228.0,459728.0,13084.0
13435228.0,459728.0,13084.0
13435228.0,459728.0,13084.0
13435228.0,459728.0,13084.0
13435228.0,459728.0,13084.0
13435088.8,459771.2,13212.0
13434880.0,459836.0,13404.0
13434033.6,459836.0,13423.2
13432764.0,459836.0,13452.0
13432764.0,459836.0,13452.0
13433538.667,459837.86667,13478.133333
13434424.0,459840.0,13508.0
13434424.0,459840.0,13508.0
14536933.333,456784.26667,13534.133333
