vda,20.60,0.09,0.00,0,0
vda,2.60,0.00,0.01,0,0
vda,41.00,0.16,0.00,0,0
vda,40.00,0.00,0.17,0,0
vda,1.60,0.00,0.01,0,0
vda,0.20,0.00,0.00,0,0
vda,277.60,9.67,0.01,48,0
vda,73.60,6.49,0.06,32,0
vda,3.40,0.00,0.01,0,0
vda,39.60,0.00,0.98,0,4
vda,3.80,0.00,0.47,0,2
vda,18.60,0.07,0.00,0,0
vda,2.20,0.00,0.01,0,0
vda,1.20,0.00,0.00,0,0
vda,0.80,0.00,0.00,0,0
vda,4.80,0.00,0.02,0,0
vda,20.60,0.00,0.09,0,0
vda,0.20,0.00,0.00,0,0
vda,35.40,0.00,0.14,0,0
vda,1.40,0.00,0.01,0,0
vda,0.60,0.00,0.00,0,0
vda,43.40,0.00,0.19,0,0
vda,1.60,0.00,0.01,0,0
vda,3.80,0.00,0.01,0,0
vda,51.80,0.00,0.21,0,1
vda,8.80,0.00,0.04,0,0
vda,0.80,0.00,0.00,0,0
vda,36.60,0.00,0.15,0,0
vda,0.00,0.00,0.00,0,0
vda,1.20,0.00,0.00,0,0
vda,36.60,0.00,0.15,0,0
vda,1.80,0.00,0.01,0,0
vda,2.60,0.00,0.01,0,0
vda,2.00,0.00,0.01,0,0
vda,0.00,0.00,0.00,0,0
vda,1.60,0.00,0.00,0,0
vda,2.60,0.00,0.01,0,0
vda,20.40,0.00,0.09,0,0
vda,8.00,0.00,0.03,0,0
vda,36.00,0.00,0.15,0,0
vda,1.20,0.00,0.00,0,0
vda,2.60,0.00,0.01,0,0
vda,3.00,0.00,0.01,0,0
vda,1.40,0.00,0.01,0,0
vda,42.60,0.00,0.18,0,0
vda,2.60,0.00,0.01,0,0
vda,0.60,0.00,0.00,0,0
vda,35.80,0.00,0.15,0,0
vda,2.40,0.00,0.01,0,0
vda,0.60,0.00,0.00,0,0
vda,52.80,0.00,0.22,0,1
vda,3.60,0.00,0.01,0,0
vda,1.60,0.00,0.01,0,0
vda,41.80,0.00,0.18,0,0
vda,2.40,0.00,0.01,0,0
vda,0.00,0.00,0.00,0,0
vda,35.60,0.00,0.15,0,0
vda,2.80,0.00,0.01,0,0
vda,0.60,0.00,0.00,0,0
vda,36.00,0.00,0.15,0,0
vda,5.00,0.00,0.02,0,0
vda,2.60,0.00,0.01,0,0
vda,61.20,0.00,0.25,0,1
vda,3.00,0.00,0.01,0,0
vda,34.20,0.00,0.14,0,0
vda,1.60,0.00,0.00,0,0
vda,2.20,0.00,0.01,0,0
vda,33.80,0.00,0.14,0,0
