15703338.667,552496.0,9325.3333333
16220532.0,43048.0,3084.0
14777796.0,269626.66667,3513.3333333
14056428.0,382916.0,3728.0
14056428.0,382916.0,3728.0
12803853.6,717005.06667,3777.8666667
12348372.0,838492.0,3796.0
12348372.0,838492.0,3796.0
11160759.2,1141432.0,3837.0666667
10728900.0,1251592.0,3852.0
10728900.0,1251592.0,3852.0
9031840.8,1508068.8,3909.6
8607576.0,1572188.0,3924.0
8606136.0,1572191.2,3988.0
8605776.0,1572192.0,4004.0
8605776.0,1572192.0,4004.0
8605776.0,1572192.0,4004.0
8605776.0,1572192.0,4004.0
8604496.0,1572205.3333,4062.6666667
8603856.0,1572212.0,4092.0
8603856.0,1572212.0,4092.0
8603856.0,1572212.0,4092.0
8603856.0,1572212.0,4092.0
8603856.0,1572212.0,4092.0
8603856.0,1572212.0,4092.0
8603856.0,1572212.0,4092.0
8603856.0,1572212.0,4092.0
8602429.3333,1572734.6667,4294.6666667
8601716.0,1572996.0,4396.0
8600830.1333,1573001.8667,4431.2
8600508.0,1573004.0,4444.0
8600508.0,1573004.0,4444.0
8600508.0,1573004.0,4444.0
8600508.0,1573004.0,4444.0
8600508.0,1573004.0,4444.0
8601030.1333,1573018.6667,4520.2666667
8601220.0,1573024.0,4548.0
8601220.0,1573024.0,4548.0
8601220.0,1573024.0,4548.0
8601220.0,1573024.0,4548.0
8601220.0,1573024.0,4548.0
8601220.0,1573024.0,4548.0
8601220.0,1573024.0,4548.0
8601220.0,1573024.0,4548.0
8601220.0,1573024.0,4548.0
8601220.0,1573024.0,4548.0
8601152.5333,1573070.9333,4718.1333333
8601128.0,1573088.0,4780.0
8601128.0,1573088.0,4780.0
8601128.0,1573088.0,4780.0
8601128.0,1573088.0,4780.0
8601128.0,1573088.0,4780.0
8601128.0,1573088.0,4780.0
8601128.0,1573088.0,4780.0
8601128.0,1573088.0,4780.0
8601128.0,1573088.0,4780.0
8601128.0,1573088.0,4780.0
8601128.0,1573088.0,4780.0
8601128.0,1573088.0,4780.0
8600294.9333,1573196.5333,5002.9333333
8599992.0,1573236.0,5084.0
8599992.0,1573236.0,5084.0
8599992.0,1573236.0,5084.0
8599992.0,1573236.0,5084.0
8599992.0,1573236.0,5084.0
8599992.0,1573236.0,5084.0
8599992.0,1573236.0,5084.0
8599992.0,1573236.0,5084.0
8599992.0,1573236.0,5084.0
8599992.0,1573236.0,5084.0
8599920.0,1573249.3333,5238.6666667
8599884.0,1573256.0,5316.0
8598550.6667,1574485.3333,5489.3333333
8597884.0,1575100.0,5576.0
8597884.0,1575100.0,5576.0
8597884.0,1575100.0,5576.0
8597884.0,1575100.0,5576.0
8597884.0,1575100.0,5576.0
8597884.0,1575100.0,5576.0
8597884.0,1575100.0,5576.0
8597884.0,1575100.0,5576.0
8597884.0,1575100.0,5576.0
8596388.8,1575112.0,5724.8
8595392.0,1575120.0,5824.0
8595392.0,1575120.0,5824.0
8596536.0,1575117.3333,5861.3333333
8597108.0,1575116.0,5880.0
8597108.0,1575116.0,5880.0
8597108.0,1575116.0,5880.0
8597108.0,1575116.0,5880.0
8597108.0,1575116.0,5880.0
8597108.0,1575116.0,5880.0
8597108.0,1575116.0,5880.0
8597108.0,1575116.0,5880.0
8597108.0,1575116.0,5880.0
8597108.0,1575116.0,5880.0
8597108.0,1575116.0,5880.0
8597092.0,1575132.0,6052.8
8597088.0,1575136.0,6096.0
8597088.0,1575136.0,6096.0
8597088.0,1575136.0,6096.0
8595794.4,1575232.8,6189.8666667
8595324.0,1575268.0,6224.0
8595324.0,1575268.0,6224.0
8596858.1333,1575282.6667,6259.2
8597416.0,1575288.0,6272.0
8597416.0,1575288.0,6272.0
8596600.5333,1575288.0,6313.0666667
8596304.0,1575288.0,6328.0
8596304.0,1575288.0,6328.0
8596304.0,1575288.0,6328.0
8596304.0,1575288.0,6328.0
8596304.0,1575288.0,6328.0
8596304.0,1575288.0,6328.0
8596304.0,1575288.0,6328.0
8596304.0,1575288.0,6328.0
8596304.0,1575288.0,6328.0
8596304.0,1575288.0,6328.0
8596304.0,1575288.0,6328.0
8596204.8,1575307.2,6520.0
8594733.6,1575321.6,6606.4
8594372.0,1575324.0,6616.0
8594372.0,1575324.0,6616.0
8595831.4667,1575330.9333,6678.4
8596056.0,1575332.0,6688.0
8596056.0,1575332.0,6688.0
8596056.0,1575332.0,6688.0
8596056.0,1575332.0,6688.0
8596056.0,1575332.0,6688.0
8596056.0,1575332.0,6688.0
8596056.0,1575332.0,6688.0
8596056.0,1575332.0,6688.0
8596056.0,1575332.0,6688.0
8596056.0,1575332.0,6688.0
8596056.0,1575332.0,6688.0
8595998.4,1575344.8,6892.8
8595984.0,1575348.0,6944.0
8595984.0,1575348.0,6944.0
8595984.0,1575348.0,6944.0
8595984.0,1575348.0,6944.0
8595984.0,1575348.0,6944.0
8595984.0,1575348.0,6944.0
8595984.0,1575348.0,6944.0
8595984.0,1575348.0,6944.0
8595984.0,1575348.0,6944.0
8595984.0,1575348.0,6944.0
8595984.0,1575348.0,6944.0
8595827.2,1575399.2,7193.6
8595788.0,1575412.0,7256.0
8595788.0,1575412.0,7256.0
8595788.0,1575412.0,7256.0
8595788.0,1575412.0,7256.0
8595788.0,1575412.0,7256.0
8595788.0,1575412.0,7256.0
8595788.0,1575412.0,7256.0
8595788.0,1575412.0,7256.0
8595788.0,1575412.0,7256.0
8594350.6667,1575409.0667,7443.7333333
8593828.0,1575408.0,7512.0
8593828.0,1575408.0,7512.0
8593828.0,1575408.0,7512.0
8593828.0,1575408.0,7512.0
8593828.0,1575408.0,7512.0
8593828.0,1575408.0,7512.0
8593828.0,1575408.0,7512.0
8592669.3333,1575428.5333,7646.9333333
8592248.0,1575436.0,7696.0
8592248.0,1575436.0,7696.0
8593397.8667,1575430.1333,7748.8
8593816.0,1575428.0,7768.0
8593816.0,1575428.0,7768.0
8593816.0,1575428.0,7768.0
8593816.0,1575428.0,7768.0
8593334.9333,1575436.8,7856.0
8593160.0,1575440.0,7888.0
8593160.0,1575440.0,7888.0
8593160.0,1575440.0,7888.0
8593160.0,1575440.0,7888.0
8593160.0,1575440.0,7888.0
8593160.0,1575440.0,7888.0
8593160.0,1575440.0,7888.0
8591614.4,1575459.2,8022.4
8591228.0,1575464.0,8056.0
8591228.0,1575464.0,8056.0
8588350.6667,1576497.0667,9966.1333333
8587908.0,1576656.0,10260.0
8587908.0,1576656.0,10260.0
8587908.0,1576656.0,10260.0
8587908.0,1576656.0,10260.0
8587908.0,1576656.0,10260.0
8587908.0,1576656.0,10260.0
8587908.0,1576656.0,10260.0
8587908.0,1576656.0,10260.0
8587908.0,1576656.0,10260.0
8587908.0,1576656.0,10260.0
8586485.3333,1576670.6667,10453.6
8585968.0,1576676.0,10524.0
8587628.8,1576679.2,10575.2
8588044.0,1576680.0,10588.0
8588044.0,1576680.0,10588.0
8588044.0,1576680.0,10588.0
8588044.0,1576680.0,10588.0
8588044.0,1576680.0,10588.0
8588044.0,1576680.0,10588.0
8588044.0,1576680.0,10588.0
8588044.0,1576680.0,10588.0
8588044.0,1576680.0,10588.0
8588044.0,1576680.0,10588.0
8588044.0,1576680.0,10588.0
8588375.4667,1576694.6667,10758.133333
8588496.0,1576700.0,10820.0
8588496.0,1576700.0,10820.0
8588496.0,1576700.0,10820.0
8588496.0,1576700.0,10820.0
8588496.0,1576700.0,10820.0
8588496.0,1576700.0,10820.0
8588496.0,1576700.0,10820.0
8588496.0,1576700.0,10820.0
8588496.0,1576700.0,10820.0
8588496.0,1576700.0,10820.0
8588496.0,1576700.0,10820.0
8588496.0,1576700.0,10820.0
8586284.0,1576712.0,11140.0
8586284.0,1576712.0,11140.0
8587372.0,1576712.0,11196.0
8587372.0,1576712.0,11196.0
8587372.0,1576712.0,11196.0
8587372.0,1576712.0,11196.0
8587372.0,1576712.0,11196.0
8587372.0,1576712.0,11196.0
8587372.0,1576712.0,11196.0
8587372.0,1576712.0,11196.0
8587372.0,1576712.0,11196.0
8587372.0,1576712.0,11196.0
8587372.0,1576712.0,11196.0
8587372.0,1576712.0,11196.0
8586966.4,1576736.2667,11410.933333
8586904.0,1576740.0,11444.0
8586904.0,1576740.0,11444.0
8586904.0,1576740.0,11444.0
8586904.0,1576740.0,11444.0
8586904.0,1576740.0,11444.0
8586904.0,1576740.0,11444.0
8586904.0,1576740.0,11444.0
8586904.0,1576740.0,11444.0
8586904.0,1576740.0,11444.0
8586904.0,1576740.0,11444.0
8586904.0,1576740.0,11444.0
8586926.4,1576758.6667,11720.266667
8586928.0,1576760.0,11740.0
8586928.0,1576760.0,11740.0
8586928.0,1576760.0,11740.0
8586928.0,1576760.0,11740.0
8586928.0,1576760.0,11740.0
8586928.0,1576760.0,11740.0
8586928.0,1576760.0,11740.0
8586928.0,1576760.0,11740.0
8586928.0,1576760.0,11740.0
8586928.0,1576760.0,11740.0
8586928.0,1576760.0,11740.0
8586666.6667,1576778.6667,11993.866667
8586648.0,1576780.0,12012.0
8586648.0,1576780.0,12012.0
8586648.0,1576780.0,12012.0
8586648.0,1576780.0,12012.0
8586648.0,1576780.0,12012.0
8586648.0,1576780.0,12012.0
8586648.0,1576780.0,12012.0
8586648.0,1576780.0,12012.0
8586648.0,1576780.0,12012.0
8586648.0,1576780.0,12012.0
8586648.0,1576780.0,12012.0
8585708.0,1576832.0,12300.0
8585708.0,1576832.0,12300.0
8585708.0,1576832.0,12300.0
8585708.0,1576832.0,12300.0
8585708.0,1576832.0,12300.0
8585708.0,1576832.0,12300.0
8585708.0,1576832.0,12300.0
8585708.0,1576832.0,12300.0
8585708.0,1576832.0,12300.0
8585708.0,1576832.0,12300.0
8585708.0,1576832.0,12300.0
8585708.0,1576832.0,12300.0
8586070.1333,1576861.8667,12524.0
8586096.0,1576864.0,12540.0
8586096.0,1576864.0,12540.0
8586096.0,1576864.0,12540.0
8586096.0,1576864.0,12540.0
8586096.0,1576864.0,12540.0
8586096.0,1576864.0,12540.0
8586096.0,1576864.0,12540.0
8586096.0,1576864.0,12540.0
8586096.0,1576864.0,12540.0
8586096.0,1576864.0,12540.0
8586096.0,1576864.0,12540.0
8585683.4667,1576891.7333,12817.333333
8585620.0,1576896.0,12860.0
8585620.0,1576896.0,12860.0
8585620.0,1576896.0,12860.0
8585620.0,1576896.0,12860.0
8585620.0,1576896.0,12860.0
8585620.0,1576896.0,12860.0
8585620.0,1576896.0,12860.0
8585620.0,1576896.0,12860.0
8585620.0,1576896.0,12860.0
8585620.0,1576896.0,12860.0
8583886.6667,1576909.8667,13074.933333
8583620.0,1576912.0,13108.0
8583620.0,1576912.0,13108.0
8583620.0,1576912.0,13108.0
8583620.0,1576912.0,13108.0
8585197.6,1576921.6,13197.6
8585592.0,1576924.0,13220.0
8585592.0,1576924.0,13220.0
8585592.0,1576924.0,13220.0
8585592.0,1576924.0,13220.0
8585592.0,1576924.0,13220.0
8585592.0,1576924.0,13220.0
8585592.0,1576924.0,13220.0
8585592.0,1576924.0,13220.0
8585592.0,1576924.0,13220.0
8585592.0,1576924.0,13220.0
8585592.0,1576924.0,13220.0
8584875.2,1576946.4,13386.4
8584696.0,1576952.0,13428.0
8583538.1333,1576952.0,13476.533333
8583360.0,1576952.0,13484.0
8584770.9333,1576955.4667,13532.533333
8584988.0,1576956.0,13540.0
8584988.0,1576956.0,13540.0
8584988.0,1576956.0,13540.0
8584988.0,1576956.0,13540.0
8584988.0,1576956.0,13540.0
8584988.0,1576956.0,13540.0
8584988.0,1576956.0,13540.0
8584988.0,1576956.0,13540.0
8584988.0,1576956.0,13540.0
8584988.0,1576956.0,13540.0
8583624.8,1576975.2,13725.6
8583284.0,1576980.0,13772.0
8583284.0,1576980.0,13772.0
8584636.0,1576986.9333,13827.466667
8584844.0,1576988.0,13836.0
8584844.0,1576988.0,13836.0
8584844.0,1576988.0,13836.0
8584844.0,1576988.0,13836.0
8584844.0,1576988.0,13836.0
8584844.0,1576988.0,13836.0
8584844.0,1576988.0,13836.0
8584844.0,1576988.0,13836.0
8584844.0,1576988.0,13836.0
8584844.0,1576988.0,13836.0
8584445.0667,1577111.2,13988.533333
8584300.0,1577156.0,14044.0
8584300.0,1577156.0,14044.0
8584300.0,1577156.0,14044.0
8584300.0,1577156.0,14044.0
8584300.0,1577156.0,14044.0
8584300.0,1577156.0,14044.0
8584300.0,1577156.0,14044.0
8584300.0,1577156.0,14044.0
8584300.0,1577156.0,14044.0
8584300.0,1577156.0,14044.0
8584300.0,1577156.0,14044.0
8584039.7333,1577164.5333,14193.333333
8583812.0,1577172.0,14324.0
8583812.0,1577172.0,14324.0
8583812.0,1577172.0,14324.0
8583812.0,1577172.0,14324.0
8583812.0,1577172.0,14324.0
8583812.0,1577172.0,14324.0
8583812.0,1577172.0,14324.0
8583812.0,1577172.0,14324.0
8583812.0,1577172.0,14324.0
8583812.0,1577172.0,14324.0
8583812.0,1577172.0,14324.0
8583877.3333,1577179.4667,14443.466667
8583952.0,1577188.0,14580.0
8583952.0,1577188.0,14580.0
8583952.0,1577188.0,14580.0
8583952.0,1577188.0,14580.0
8583952.0,1577188.0,14580.0
8583952.0,1577188.0,14580.0
8583952.0,1577188.0,14580.0
8583952.0,1577188.0,14580.0
8583952.0,1577188.0,14580.0
8583952.0,1577188.0,14580.0
8583952.0,1577188.0,14580.0
8583810.1333,1577199.2,14718.133333
8583648.0,1577212.0,14876.0
8583648.0,1577212.0,14876.0
8583648.0,1577212.0,14876.0
8583648.0,1577212.0,14876.0
8583648.0,1577212.0,14876.0
8583648.0,1577212.0,14876.0
8583648.0,1577212.0,14876.0
8583648.0,1577212.0,14876.0
8583648.0,1577212.0,14876.0
8583648.0,1577212.0,14876.0
8583648.0,1577212.0,14876.0
8583841.6,1577221.6,14949.6
8584132.0,1577236.0,15060.0
8584132.0,1577236.0,15060.0
8584132.0,1577236.0,15060.0
8584132.0,1577236.0,15060.0
8584132.0,1577236.0,15060.0
8584132.0,1577236.0,15060.0
8584132.0,1577236.0,15060.0
8584132.0,1577236.0,15060.0
8584132.0,1577236.0,15060.0
8584132.0,1577236.0,15060.0
8584132.0,1577236.0,15060.0
8584012.0,1577246.6667,15158.666667
8583772.0,1577268.0,15356.0
8583772.0,1577268.0,15356.0
8583772.0,1577268.0,15356.0
8583772.0,1577268.0,15356.0
8583772.0,1577268.0,15356.0
8583772.0,1577268.0,15356.0
8583772.0,1577268.0,15356.0
8583772.0,1577268.0,15356.0
8583772.0,1577268.0,15356.0
8583772.0,1577268.0,15356.0
8583772.0,1577268.0,15356.0
8583617.3333,1577274.4,15424.266667
8583192.0,1577292.0,15612.0
8583192.0,1577292.0,15612.0
8583192.0,1577292.0,15612.0
8583192.0,1577292.0,15612.0
8583192.0,1577292.0,15612.0
8583192.0,1577292.0,15612.0
8583192.0,1577292.0,15612.0
8583192.0,1577292.0,15612.0
8583192.0,1577292.0,15612.0
8583192.0,1577292.0,15612.0
8583192.0,1577292.0,15612.0
8583192.0,1577292.0,15612.0
8582460.0,1577308.0,15932.0
8582460.0,1577308.0,15932.0
8582460.0,1577308.0,15932.0
8582460.0,1577308.0,15932.0
8582460.0,1577308.0,15932.0
8582460.0,1577308.0,15932.0
8582460.0,1577308.0,15932.0
8582460.0,1577308.0,15932.0
8582460.0,1577308.0,15932.0
8582460.0,1577308.0,15932.0
8582460.0,1577308.0,15932.0
8582460.0,1577308.0,15932.0
8581817.8667,1577315.4667,16170.933333
8581772.0,1577316.0,16188.0
8581772.0,1577316.0,16188.0
8581772.0,1577316.0,16188.0
8581772.0,1577316.0,16188.0
8581772.0,1577316.0,16188.0
8581772.0,1577316.0,16188.0
8581772.0,1577316.0,16188.0
8581772.0,1577316.0,16188.0
8581772.0,1577316.0,16188.0
8581772.0,1577316.0,16188.0
8581772.0,1577316.0,16188.0
8582794.6667,1577347.2,16465.333333
8582952.0,1577352.0,16508.0
8582952.0,1577352.0,16508.0
8582952.0,1577352.0,16508.0
8582952.0,1577352.0,16508.0
8582952.0,1577352.0,16508.0
8582952.0,1577352.0,16508.0
8582952.0,1577352.0,16508.0
8582952.0,1577352.0,16508.0
8582952.0,1577352.0,16508.0
8582952.0,1577352.0,16508.0
8582952.0,1577352.0,16508.0
8582293.3333,1577365.8667,16688.266667
8582192.0,1577368.0,16716.0
8582192.0,1577368.0,16716.0
8582192.0,1577368.0,16716.0
8582192.0,1577368.0,16716.0
8582192.0,1577368.0,16716.0
8582192.0,1577368.0,16716.0
8582192.0,1577368.0,16716.0
8582192.0,1577368.0,16716.0
8582192.0,1577368.0,16716.0
8582192.0,1577368.0,16716.0
8582192.0,1577368.0,16716.0
8581632.0,1577400.0,17004.0
8581632.0,1577400.0,17004.0
8581632.0,1577400.0,17004.0
8581632.0,1577400.0,17004.0
8581632.0,1577400.0,17004.0
8581632.0,1577400.0,17004.0
8581632.0,1577400.0,17004.0
8581632.0,1577400.0,17004.0
8581632.0,1577400.0,17004.0
8581632.0,1577400.0,17004.0
8581632.0,1577400.0,17004.0
8581632.0,1577400.0,17004.0
8581228.8,1577429.8667,17250.4
8581200.0,1577432.0,17268.0
8581200.0,1577432.0,17268.0
8581200.0,1577432.0,17268.0
8581200.0,1577432.0,17268.0
8581200.0,1577432.0,17268.0
8579432.0,1577444.0,17444.0
8579432.0,1577444.0,17444.0
8579432.0,1577444.0,17444.0
8581022.4,1577462.6667,17496.266667
8581136.0,1577464.0,17500.0
8581136.0,1577464.0,17500.0
8581136.0,1577464.0,17500.0
8581136.0,1577464.0,17500.0
8581136.0,1577464.0,17500.0
8581136.0,1577464.0,17500.0
8581136.0,1577464.0,17500.0
8581136.0,1577464.0,17500.0
8581136.0,1577464.0,17500.0
8581136.0,1577464.0,17500.0
8581136.0,1577464.0,17500.0
8580570.9333,1577477.8667,17687.2
8580484.0,1577480.0,17716.0
8580484.0,1577480.0,17716.0
8580484.0,1577480.0,17716.0
8580484.0,1577480.0,17716.0
8580484.0,1577480.0,17716.0
8580484.0,1577480.0,17716.0
8580484.0,1577480.0,17716.0
8580484.0,1577480.0,17716.0
8580484.0,1577480.0,17716.0
8580484.0,1577480.0,17716.0
8580484.0,1577480.0,17716.0
8580474.4,1577515.2,17920.8
8580472.0,1577524.0,17972.0
8580472.0,1577524.0,17972.0
8580472.0,1577524.0,17972.0
8580472.0,1577524.0,17972.0
8613533.6,1577526.9333,18048.266667
8625556.0,1577528.0,18076.0
8625556.0,1577528.0,18076.0
8744144.8,1577530.9333,18122.933333
8787268.0,1577532.0,18140.0
8787268.0,1577532.0,18140.0
8787268.0,1577532.0,18140.0
8787268.0,1577532.0,18140.0
8787268.0,1577532.0,18140.0
8787268.0,1577532.0,18140.0
8787268.0,1577532.0,18140.0
8787268.0,1577532.0,18140.0
8787268.0,1577532.0,18140.0
8787268.0,1577532.0,18140.0
8787268.0,1577532.0,18140.0
8787033.3333,1577561.3333,18298.4
8786948.0,1577572.0,18356.0
8786948.0,1577572.0,18356.0
8786948.0,1577572.0,18356.0
8786948.0,1577572.0,18356.0
8786948.0,1577572.0,18356.0
8786948.0,1577572.0,18356.0
8786948.0,1577572.0,18356.0
8786948.0,1577572.0,18356.0
8786948.0,1577572.0,18356.0
8786948.0,1577572.0,18356.0
8786948.0,1577572.0,18356.0
8786337.8667,1577578.9333,18577.866667
8786244.0,1577580.0,18612.0
8786244.0,1577580.0,18612.0
8785314.9333,1577590.4,18646.666667
8785172.0,1577592.0,18652.0
8786395.7333,1577598.9333,18693.6
8786584.0,1577600.0,18700.0
8786584.0,1577600.0,18700.0
8786584.0,1577600.0,18700.0
8786584.0,1577600.0,18700.0
8786584.0,1577600.0,18700.0
8786584.0,1577600.0,18700.0
8786584.0,1577600.0,18700.0
8786584.0,1577600.0,18700.0
8786584.0,1577600.0,18700.0
8786584.0,1577600.0,18700.0
8786584.0,1577600.0,18700.0
8786184.0,1577600.0,18932.0
8786184.0,1577600.0,18932.0
8784832.0,1577612.0,18980.0
8784832.0,1577612.0,18980.0
8784832.0,1577612.0,18980.0
8784832.0,1577612.0,18980.0
8784832.0,1577612.0,18980.0
8785884.0,1577620.0,19084.0
8785884.0,1577620.0,19084.0
8785884.0,1577620.0,19084.0
8785884.0,1577620.0,19084.0
8785884.0,1577620.0,19084.0
8785884.0,1577620.0,19084.0
8785884.0,1577620.0,19084.0
8785884.0,1577620.0,19084.0
8785884.0,1577620.0,19084.0
8785884.0,1577620.0,19084.0
8785884.0,1577620.0,19084.0
8785919.7333,1577622.6667,19110.666667
8786152.0,1577640.0,19284.0
8785850.6667,1577640.0,19292.533333
8783892.0,1577640.0,19348.0
8784142.1333,1577658.6667,19354.4
8785768.0,1577780.0,19396.0
8785768.0,1577780.0,19396.0
8785768.0,1577780.0,19396.0
8785768.0,1577780.0,19396.0
8785768.0,1577780.0,19396.0
8785768.0,1577780.0,19396.0
8785768.0,1577780.0,19396.0
8785768.0,1577780.0,19396.0
8785768.0,1577780.0,19396.0
8785768.0,1577780.0,19396.0
8785768.0,1577780.0,19396.0
8785737.6,1577781.8667,19413.066667
8785312.0,1577808.0,19652.0
8785312.0,1577808.0,19652.0
8785312.0,1577808.0,19652.0
8785312.0,1577808.0,19652.0
8785312.0,1577808.0,19652.0
8785312.0,1577808.0,19652.0
8785312.0,1577808.0,19652.0
8785312.0,1577808.0,19652.0
8785312.0,1577808.0,19652.0
8795856.5333,1577808.8,19668.0
8943480.0,1577820.0,19892.0
8943480.0,1577820.0,19892.0
8943480.0,1577820.0,19892.0
8943480.0,1577820.0,19892.0
8943480.0,1577820.0,19892.0
8943480.0,1577820.0,19892.0
8943480.0,1577820.0,19892.0
8943480.0,1577820.0,19892.0
8943480.0,1577820.0,19892.0
8943480.0,1577820.0,19892.0
8943480.0,1577820.0,19892.0
8943462.1333,1577821.3333,19908.533333
8943212.0,1577840.0,20140.0
8943212.0,1577840.0,20140.0
8943212.0,1577840.0,20140.0
8943212.0,1577840.0,20140.0
8943212.0,1577840.0,20140.0
8943212.0,1577840.0,20140.0
8943212.0,1577840.0,20140.0
8943212.0,1577840.0,20140.0
8943212.0,1577840.0,20140.0
8943212.0,1577840.0,20140.0
8943212.0,1577840.0,20140.0
8941648.0,1577872.0,20468.0
8941648.0,1577872.0,20468.0
8941648.0,1577872.0,20468.0
8941648.0,1577872.0,20468.0
8941648.0,1577872.0,20468.0
8941648.0,1577872.0,20468.0
8941648.0,1577872.0,20468.0
8941648.0,1577872.0,20468.0
8941648.0,1577872.0,20468.0
8941648.0,1577872.0,20468.0
8941648.0,1577872.0,20468.0
8941648.0,1577872.0,20468.0
8941304.8,1577885.8667,20682.933333
8941252.0,1577888.0,20716.0
8941252.0,1577888.0,20716.0
8941252.0,1577888.0,20716.0
8941252.0,1577888.0,20716.0
8941252.0,1577888.0,20716.0
8941252.0,1577888.0,20716.0
8941252.0,1577888.0,20716.0
8941252.0,1577888.0,20716.0
8941252.0,1577888.0,20716.0
8941252.0,1577888.0,20716.0
8941252.0,1577888.0,20716.0
8939728.8,1577921.6,21029.6
8939620.0,1577924.0,21052.0
8939620.0,1577924.0,21052.0
8941359.7333,1577924.0,21111.733333
8941484.0,1577924.0,21116.0
8941484.0,1577924.0,21116.0
8941484.0,1577924.0,21116.0
8941484.0,1577924.0,21116.0
8941484.0,1577924.0,21116.0
8941484.0,1577924.0,21116.0
8941484.0,1577924.0,21116.0
8941484.0,1577924.0,21116.0
8941484.0,1577924.0,21116.0
8941484.0,1577924.0,21116.0
8941484.0,1577924.0,21116.0
8941740.5333,1577934.4,21330.933333
8941780.0,1577936.0,21364.0
8941780.0,1577936.0,21364.0
8941780.0,1577936.0,21364.0
8941780.0,1577936.0,21364.0
8941780.0,1577936.0,21364.0
8941780.0,1577936.0,21364.0
8941780.0,1577936.0,21364.0
8941780.0,1577936.0,21364.0
8941780.0,1577936.0,21364.0
8941780.0,1577936.0,21364.0
8941780.0,1577936.0,21364.0
8941455.2,1577947.2,21647.733333
8941432.0,1577948.0,21668.0
8941432.0,1577948.0,21668.0
8941432.0,1577948.0,21668.0
8941432.0,1577948.0,21668.0
8941432.0,1577948.0,21668.0
8941432.0,1577948.0,21668.0
8941432.0,1577948.0,21668.0
8941432.0,1577948.0,21668.0
8941432.0,1577948.0,21668.0
8941432.0,1577948.0,21668.0
8941432.0,1577948.0,21668.0
8941172.8,1577976.8,21840.8
9181568.8,1577987.2,21941.6
9241684.0,1577988.0,21956.0
9241684.0,1577988.0,21956.0
9241684.0,1577988.0,21956.0
9241684.0,1577988.0,21956.0
9241684.0,1577988.0,21956.0
9241684.0,1577988.0,21956.0
9241684.0,1577988.0,21956.0
9241684.0,1577988.0,21956.0
9241684.0,1577988.0,21956.0
9241684.0,1577988.0,21956.0
9241684.0,1577988.0,21956.0
9242197.0667,1577988.0,22150.133333
9242276.0,1577988.0,22180.0
9242276.0,1577988.0,22180.0
9242276.0,1577988.0,22180.0
9242276.0,1577988.0,22180.0
9242276.0,1577988.0,22180.0
9242276.0,1577988.0,22180.0
9242276.0,1577988.0,22180.0
9242276.0,1577988.0,22180.0
9242276.0,1577988.0,22180.0
9242276.0,1577988.0,22180.0
9242276.0,1577988.0,22180.0
9242276.0,1577988.0,22180.0
9241980.0,1578012.0,22444.0
9241980.0,1578012.0,22444.0
9241980.0,1578012.0,22444.0
9241980.0,1578012.0,22444.0
9241980.0,1578012.0,22444.0
9241980.0,1578012.0,22444.0
9241980.0,1578012.0,22444.0
9241980.0,1578012.0,22444.0
9241980.0,1578012.0,22444.0
9241980.0,1578012.0,22444.0
9241980.0,1578012.0,22444.0
9241980.0,1578012.0,22444.0
9241112.0,1578052.0,22676.0
9241112.0,1578052.0,22676.0
9241112.0,1578052.0,22676.0
9241112.0,1578052.0,22676.0
9241112.0,1578052.0,22676.0
9241112.0,1578052.0,22676.0
9241112.0,1578052.0,22676.0
9241112.0,1578052.0,22676.0
9241112.0,1578052.0,22676.0
9241112.0,1578052.0,22676.0
9241112.0,1578052.0,22676.0
9241086.9333,1578056.2667,22717.6
9240924.0,1578084.0,22988.0
9240924.0,1578084.0,22988.0
9240924.0,1578084.0,22988.0
9240924.0,1578084.0,22988.0
9240924.0,1578084.0,22988.0
9240924.0,1578084.0,22988.0
9240924.0,1578084.0,22988.0
9240924.0,1578084.0,22988.0
9240924.0,1578084.0,22988.0
9240924.0,1578084.0,22988.0
9240924.0,1578084.0,22988.0
9240967.7333,1578087.7333,23016.8
9241252.0,1578112.0,23204.0
9241252.0,1578112.0,23204.0
9241252.0,1578112.0,23204.0
9241252.0,1578112.0,23204.0
9241252.0,1578112.0,23204.0
9241252.0,1578112.0,23204.0
9241252.0,1578112.0,23204.0
9241252.0,1578112.0,23204.0
9241252.0,1578112.0,23204.0
9241252.0,1578112.0,23204.0
9241252.0,1578112.0,23204.0
9240792.2667,1578120.5333,23290.4
9239528.0,1578144.0,23528.0
9239528.0,1578144.0,23528.0
9239528.0,1578144.0,23528.0
9239528.0,1578144.0,23528.0
9239528.0,1578144.0,23528.0
9239528.0,1578144.0,23528.0
9239528.0,1578144.0,23528.0
9239528.0,1578144.0,23528.0
9239528.0,1578144.0,23528.0
9239528.0,1578144.0,23528.0
9239528.0,1578144.0,23528.0
9239408.5333,1578151.4667,23585.6
9330850.6667,1578173.3333,23756.0
9514392.0,1578176.0,23780.0
9514392.0,1578176.0,23780.0
9514392.0,1578176.0,23780.0
9514392.0,1578176.0,23780.0
9514392.0,1578176.0,23780.0
9514392.0,1578176.0,23780.0
9514392.0,1578176.0,23780.0
9514392.0,1578176.0,23780.0
9514392.0,1578176.0,23780.0
9514392.0,1578176.0,23780.0
9514392.0,1578176.0,23780.0
9514236.0,1578180.0,23836.0
9513924.0,1578188.0,23948.0
9513924.0,1578188.0,23948.0
9513924.0,1578188.0,23948.0
9513924.0,1578188.0,23948.0
9513924.0,1578188.0,23948.0
9513924.0,1578188.0,23948.0
9513924.0,1578188.0,23948.0
9513924.0,1578188.0,23948.0
9513924.0,1578188.0,23948.0
9513924.0,1578188.0,23948.0
9513924.0,1578188.0,23948.0
9513972.0,1578192.0,24032.0
9514068.0,1578200.0,24200.0
9514068.0,1578200.0,24200.0
9514068.0,1578200.0,24200.0
9514068.0,1578200.0,24200.0
9514068.0,1578200.0,24200.0
9514068.0,1578200.0,24200.0
9514068.0,1578200.0,24200.0
9514068.0,1578200.0,24200.0
9514068.0,1578200.0,24200.0
9514068.0,1578200.0,24200.0
9514068.0,1578200.0,24200.0
9514049.8667,1578212.8,24251.2
9514000.0,1578248.0,24392.0
9514000.0,1578248.0,24392.0
9514000.0,1578248.0,24392.0
9514000.0,1578248.0,24392.0
9514000.0,1578248.0,24392.0
9514000.0,1578248.0,24392.0
9514000.0,1578248.0,24392.0
9514000.0,1578248.0,24392.0
9514000.0,1578248.0,24392.0
9513315.2,1578252.8,24456.0
9512288.0,1578260.0,24552.0
9512288.0,1578260.0,24552.0
9512288.0,1578260.0,24552.0
9512288.0,1578260.0,24552.0
9512288.0,1578260.0,24552.0
9512288.0,1578260.0,24552.0
9512288.0,1578260.0,24552.0
9512288.0,1578260.0,24552.0
9512288.0,1578260.0,24552.0
9512288.0,1578260.0,24552.0
9512288.0,1578260.0,24552.0
9512554.6667,1578269.3333,24602.666667
9513088.0,1578288.0,24704.0
9513088.0,1578288.0,24704.0
9513088.0,1578288.0,24704.0
9513088.0,1578288.0,24704.0
9513088.0,1578288.0,24704.0
9513088.0,1578288.0,24704.0
9513088.0,1578288.0,24704.0
9513088.0,1578288.0,24704.0
9513088.0,1578288.0,24704.0
9513088.0,1578288.0,24704.0
9513088.0,1578288.0,24704.0
9513029.3333,1578332.8,24760.533333
9512868.0,1578456.0,24916.0
9512868.0,1578456.0,24916.0
9512868.0,1578456.0,24916.0
9512868.0,1578456.0,24916.0
9512868.0,1578456.0,24916.0
9512868.0,1578456.0,24916.0
9512868.0,1578456.0,24916.0
9512868.0,1578456.0,24916.0
9512868.0,1578456.0,24916.0
9512868.0,1578456.0,24916.0
9512868.0,1578456.0,24916.0
9512874.4,1578458.4,24948.0
9512900.0,1578468.0,25076.0
9512900.0,1578468.0,25076.0
9512900.0,1578468.0,25076.0
9538660.8,1578469.6,25088.8
9641704.0,1578476.0,25140.0
10645824.0,1577164.8,25152.0
14662304.0,1571920.0,25200.0
