vda,51.60,0.20,0.01,0,0
vda,47.60,0.23,0.01,1,0
vda,0.60,0.02,0.00,0,0
vda,1.20,0.00,0.00,0,0
vda,4.20,0.03,0.01,0,0
vda,18.60,0.02,0.05,0,0
vda,297.40,13.24,0.04,66,0
vda,145.80,11.58,0.21,57,1
vda,101.00,12.50,0.00,62,0
vda,247.20,12.20,0.06,61,0
vda,140.00,14.45,0.02,72,0
vda,138.60,15.97,0.01,79,0
vda,67.60,5.83,1.35,29,6
vda,120.00,13.93,0.04,69,0
vda,100.00,11.20,0.01,56,0
vda,83.40,7.44,0.03,37,0
vda,160.00,13.78,0.22,68,1
vda,55.80,6.98,0.00,34,0
vda,124.80,14.72,0.06,73,0
vda,133.40,14.03,0.08,70,0
vda,113.80,13.55,0.03,67,0
vda,44.80,4.38,0.04,21,0
vda,84.00,10.05,0.01,50,0
vda,48.20,6.02,0.00,30,0
vda,180.60,13.48,0.30,67,1
vda,124.00,15.05,0.01,75,0
vda,121.80,15.05,0.00,75,0
vda,114.20,14.12,0.00,70,0
vda,48.40,5.78,0.01,28,0
vda,38.80,0.80,0.00,4,0
vda,117.40,12.29,0.01,61,0
vda,206.60,13.15,0.39,65,1
vda,107.00,13.23,0.00,66,0
vda,59.00,7.12,0.01,35,0
vda,1.80,0.00,0.01,0,0
vda,76.40,8.03,0.05,40,0
vda,29.40,3.35,0.01,16,0
vda,38.40,4.52,0.01,22,0
vda,31.80,3.55,0.02,17,0
vda,59.00,5.80,0.05,29,0
vda,76.80,3.60,0.15,17,0
vda,40.80,4.95,0.00,24,0
vda,19.60,2.20,0.01,11,0
vda,33.40,3.90,0.01,19,0
vda,13.60,1.70,0.00,8,0
vda,26.00,3.08,0.01,15,0
vda,48.40,2.60,0.11,13,0
vda,17.40,2.00,0.01,10,0
vda,90.20,1.41,0.29,7,1
vda,16.40,1.73,0.01,8,0
vda,6.20,0.78,0.00,3,0
vda,12.20,1.38,0.00,6,0
vda,11.20,1.15,0.01,5,0
vda,5.60,0.53,0.00,2,0
vda,5.40,0.47,0.01,2,0
vda,83.20,0.83,0.31,4,1
vda,7.00,0.73,0.00,3,0
vda,3.80,0.33,0.00,1,0
vda,4.60,0.55,0.00,2,0
vda,60.00,0.34,0.23,1,1
vda,12.80,0.45,0.04,2,0
vda,5.00,0.38,0.01,1,0
vda,49.60,0.18,0.20,0,1
vda,3.79,0.30,0.01,1,0
vda,2.00,0.25,0.00,1,0
vda,48.00,0.10,0.20,0,0
vda,3.00,0.20,0.01,1,0
vda,2.40,0.18,0.00,0,0
vda,71.40,0.12,0.29,0,1
vda,4.00,0.15,0.01,0,0
vda,5.60,0.15,0.01,0,0
vda,54.60,0.10,0.22,0,1
vda,1.80,0.05,0.01,0,0
vda,0.40,0.05,0.00,0,0
vda,47.80,0.07,0.19,0,0
vda,1.80,0.05,0.01,0,0
vda,2.20,0.03,0.01,0,0
vda,52.40,0.03,0.21,0,1
vda,3.40,0.06,0.01,0,0
vda,24.80,0.20,0.01,0,0
vda,76.00,0.00,0.31,0,1
vda,2.00,0.00,0.01,0,0
vda,2.20,0.00,0.01,0,0
vda,0.00,0.00,0.00,0,0
vda,45.80,0.00,0.19,0,0
vda,2.20,0.00,0.01,0,0
vda,45.20,0.00,0.19,0,0
vda,1.60,0.00,0.01,0,0
