16178756.0,74772.0,2284.0
16178756.0,74772.0,2284.0
15695170.667,159024.0,2674.6666667
14728000.0,327528.0,3456.0
14728000.0,327528.0,3456.0
14330216.533,408301.33333,3472.0
13236312.0,630428.0,3516.0
12886588.267,719014.66667,3988.5333333
11924848.0,962628.0,5288.0
11924848.0,962628.0,5288.0
11777886.4,1013526.4,5299.2
11190040.0,1217120.0,5344.0
11190040.0,1217120.0,5344.0
10961452.267,1280502.9333,5352.5333333
9475632.0,1692492.0,5408.0
9359949.8667,1739415.2,5416.5333333
8608016.0,2044416.0,5472.0
8608016.0,2044416.0,5472.0
8417450.6667,2051296.0,5479.4666667
7178776.0,2096016.0,5528.0
7178776.0,2096016.0,5528.0
7178287.4667,2096292.8,5567.4666667
7175112.0,2098092.0,5824.0
7174352.8,2098523.2,5980.8
7171316.0,2100248.0,6608.0
7171316.0,2100248.0,6608.0
7171316.0,2100248.0,6608.0
7171316.0,2100248.0,6608.0
7171316.0,2100248.0,6608.0
7170881.6,2100254.4,6632.0
7169144.0,2100280.0,6728.0
7169423.2,2100281.6,6740.8
7170540.0,2100288.0,6792.0
7170540.0,2100288.0,6792.0
7170540.0,2100288.0,6792.0
7170540.0,2100288.0,6792.0
7170540.0,2100288.0,6792.0
7170540.0,2100288.0,6792.0
7170540.0,2100288.0,6792.0
7170540.0,2100288.0,6792.0
7170540.0,2100288.0,6792.0
7170540.0,2100288.0,6792.0
7170540.0,2100288.0,6792.0
7170518.4,2100325.6,6843.2
7170432.0,2100476.0,7048.0
7170432.0,2100476.0,7048.0
7170432.0,2100476.0,7048.0
7170153.6,2100480.2667,7065.0666667
7168344.0,2100508.0,7176.0
7168344.0,2100508.0,7176.0
7168344.0,2100508.0,7176.0
7168344.0,2100508.0,7176.0
7168344.0,2100508.0,7176.0
7168344.0,2100508.0,7176.0
7168344.0,2100508.0,7176.0
7168344.0,2100508.0,7176.0
7168344.0,2100508.0,7176.0
7168344.0,2100508.0,7176.0
7168344.0,2100508.0,7176.0
7168372.8,2100513.3333,7205.8666667
7168560.0,2100548.0,7400.0
7168560.0,2100548.0,7400.0
7168560.0,2100548.0,7400.0
7168311.7333,2100548.8,7408.0
7164836.0,2100560.0,7520.0
7164836.0,2100560.0,7520.0
7164836.0,2100560.0,7520.0
7147834.4,2105006.4,8389.8666667
7146620.0,2105324.0,8452.0
7119856.0,2117376.0,8928.0
7119856.0,2117376.0,8928.0
7119856.0,2117376.0,8928.0
7124429.3333,2129722.1333,9013.8666667
7124756.0,2130604.0,9020.0
7124756.0,2130604.0,9020.0
7124756.0,2130604.0,9020.0
7124756.0,2130604.0,9020.0
7124756.0,2130604.0,9020.0
7124756.0,2130604.0,9020.0
7124756.0,2130604.0,9020.0
7124756.0,2130604.0,9020.0
7124756.0,2130604.0,9020.0
7124756.0,2130604.0,9020.0
7124756.0,2130604.0,9020.0
7124052.0,2130659.7333,9187.2
7123796.0,2130680.0,9248.0
7123796.0,2130680.0,9248.0
7123796.0,2130680.0,9248.0
7127140.0,2130665.3333,9347.7333333
7128356.0,2130660.0,9384.0
7128356.0,2130660.0,9384.0
7128356.0,2130660.0,9384.0
7128356.0,2130660.0,9384.0
7128356.0,2130660.0,9384.0
7128356.0,2130660.0,9384.0
7128356.0,2130660.0,9384.0
7128356.0,2130660.0,9384.0
7128356.0,2130660.0,9384.0
7128356.0,2130660.0,9384.0
7128356.0,2130660.0,9384.0
7128728.0,2130667.2,9523.2
7128976.0,2130672.0,9616.0
7128976.0,2130672.0,9616.0
7128976.0,2130672.0,9616.0
7128976.0,2130672.0,9616.0
7128976.0,2130672.0,9616.0
7128976.0,2130672.0,9616.0
7128976.0,2130672.0,9616.0
7128976.0,2130672.0,9616.0
7128976.0,2130672.0,9616.0
7128976.0,2130672.0,9616.0
7128976.0,2130672.0,9616.0
7128256.0,2130691.2,9808.0
7127776.0,2130704.0,9936.0
7127776.0,2130704.0,9936.0
7127776.0,2130704.0,9936.0
7127776.0,2130704.0,9936.0
7127776.0,2130704.0,9936.0
7127776.0,2130704.0,9936.0
7127776.0,2130704.0,9936.0
7127776.0,2130704.0,9936.0
7127776.0,2130704.0,9936.0
7127776.0,2130704.0,9936.0
7127776.0,2130704.0,9936.0
7127125.3333,2130716.8,10055.466667
7127523.2,2130732.8,10188.8
7128168.0,2130736.0,10208.0
7128168.0,2130736.0,10208.0
7128168.0,2130736.0,10208.0
7128168.0,2130736.0,10208.0
7128168.0,2130736.0,10208.0
7128168.0,2130736.0,10208.0
7128168.0,2130736.0,10208.0
7128168.0,2130736.0,10208.0
7128168.0,2130736.0,10208.0
7128168.0,2130736.0,10208.0
7128168.0,2130736.0,10208.0
7128069.0667,2130745.3333,10312.533333
7127956.0,2130756.0,10432.0
7127956.0,2130756.0,10432.0
7127956.0,2130756.0,10432.0
7127956.0,2130756.0,10432.0
7127956.0,2130756.0,10432.0
7127956.0,2130756.0,10432.0
7127956.0,2130756.0,10432.0
7127956.0,2130756.0,10432.0
7127956.0,2130756.0,10432.0
7127956.0,2130756.0,10432.0
7127956.0,2130756.0,10432.0
7127786.6667,2130769.3333,10533.333333
7127448.0,2130796.0,10736.0
7127448.0,2130796.0,10736.0
7127448.0,2130796.0,10736.0
7127448.0,2130796.0,10736.0
7127448.0,2130796.0,10736.0
7127448.0,2130796.0,10736.0
7127448.0,2130796.0,10736.0
7127448.0,2130796.0,10736.0
7127448.0,2130796.0,10736.0
7127448.0,2130796.0,10736.0
7126465.3333,2130797.3333,10826.666667
7124500.0,2130800.0,11008.0
7125197.3333,2130801.3333,11029.333333
7126592.0,2130804.0,11072.0
7126592.0,2130804.0,11072.0
7126592.0,2130804.0,11072.0
7126592.0,2130804.0,11072.0
7126592.0,2130804.0,11072.0
7126592.0,2130804.0,11072.0
7126592.0,2130804.0,11072.0
7126592.0,2130804.0,11072.0
7126592.0,2130804.0,11072.0
7126592.0,2130804.0,11072.0
7126592.0,2130804.0,11072.0
7126778.6667,2130815.2,11195.2
7126992.0,2130828.0,11336.0
7126992.0,2130828.0,11336.0
7126992.0,2130828.0,11336.0
7126992.0,2130828.0,11336.0
7126992.0,2130828.0,11336.0
7126992.0,2130828.0,11336.0
7126992.0,2130828.0,11336.0
7126992.0,2130828.0,11336.0
7126992.0,2130828.0,11336.0
7126992.0,2130828.0,11336.0
7126992.0,2130828.0,11336.0
7126449.6,2130849.6,11513.6
7126088.0,2130864.0,11632.0
7126088.0,2130864.0,11632.0
7126088.0,2130864.0,11632.0
7126088.0,2130864.0,11632.0
7126088.0,2130864.0,11632.0
7123892.8,2130862.1333,11691.733333
7121384.0,2130860.0,11760.0
7120296.0,2131092.5333,11806.933333
7119344.0,2131296.0,11848.0
7119344.0,2131296.0,11848.0
7122552.5333,2131281.0667,11882.133333
7125360.0,2131268.0,11912.0
7125360.0,2131268.0,11912.0
7125360.0,2131268.0,11912.0
7125360.0,2131268.0,11912.0
7125360.0,2131268.0,11912.0
7125360.0,2131268.0,11912.0
7125360.0,2131268.0,11912.0
7125360.0,2131268.0,11912.0
7125360.0,2131268.0,11912.0
7125360.0,2131268.0,11912.0
7125360.0,2131268.0,11912.0
7125261.8667,2131342.6667,12044.266667
7125176.0,2131408.0,12160.0
7125176.0,2131408.0,12160.0
7125176.0,2131408.0,12160.0
7123846.9333,2131431.4667,12228.266667
7122684.0,2131452.0,12288.0
7122684.0,2131452.0,12288.0
7124546.4,2131458.4,12326.4
7126176.0,2131464.0,12360.0
7126176.0,2131464.0,12360.0
7126176.0,2131464.0,12360.0
7126176.0,2131464.0,12360.0
7126176.0,2131464.0,12360.0
7126176.0,2131464.0,12360.0
7126176.0,2131464.0,12360.0
7126176.0,2131464.0,12360.0
7126176.0,2131464.0,12360.0
7126176.0,2131464.0,12360.0
7126176.0,2131464.0,12360.0
7126346.6667,2131522.6667,12525.333333
7125602.6667,2131557.3333,12650.666667
7125188.0,2131560.0,12672.0
7125188.0,2131560.0,12672.0
7125188.0,2131560.0,12672.0
7125188.0,2131560.0,12672.0
7125188.0,2131560.0,12672.0
7125188.0,2131560.0,12672.0
7125188.0,2131560.0,12672.0
7125188.0,2131560.0,12672.0
7125188.0,2131560.0,12672.0
7125188.0,2131560.0,12672.0
7125188.0,2131560.0,12672.0
7125814.4,2131598.4,12825.6
7126232.0,2131624.0,12928.0
7126232.0,2131624.0,12928.0
7126232.0,2131624.0,12928.0
7120177.6,2133283.7333,13252.266667
7114880.0,2134736.0,13536.0
7114880.0,2134736.0,13536.0
7114880.0,2134736.0,13536.0
7114880.0,2134736.0,13536.0
7114880.0,2134736.0,13536.0
7114880.0,2134736.0,13536.0
7114880.0,2134736.0,13536.0
7112424.8,2134781.6,13651.2
7110788.0,2134812.0,13728.0
7110788.0,2134812.0,13728.0
7114644.8,2134881.6,13768.8
7117216.0,2134928.0,13796.0
7117216.0,2134928.0,13796.0
7117216.0,2134928.0,13796.0
7117216.0,2134928.0,13796.0
7117216.0,2134928.0,13796.0
7117216.0,2134928.0,13796.0
7117216.0,2134928.0,13796.0
7117216.0,2134928.0,13796.0
7117216.0,2134928.0,13796.0
7117216.0,2134928.0,13796.0
7116613.3333,2134973.3333,13966.666667
7116312.0,2134996.0,14052.0
7117598.4,2135003.2,14090.4
7118456.0,2135008.0,14116.0
7118456.0,2135008.0,14116.0
7118456.0,2135008.0,14116.0
7118456.0,2135008.0,14116.0
7118456.0,2135008.0,14116.0
7117372.2667,2135025.0667,14177.866667
7116424.0,2135040.0,14232.0
7117106.6667,2135067.7333,14261.866667
7117704.0,2135092.0,14288.0
7117704.0,2135092.0,14288.0
7117704.0,2135092.0,14288.0
7117704.0,2135092.0,14288.0
7117704.0,2135092.0,14288.0
7117704.0,2135092.0,14288.0
7117704.0,2135092.0,14288.0
7117704.0,2135092.0,14288.0
7117704.0,2135092.0,14288.0
7117704.0,2135092.0,14288.0
7117704.0,2135092.0,14288.0
7117985.6,2135182.9333,14481.6
7118088.0,2135216.0,14552.0
7117192.0,2135219.2,14702.4
7116968.0,2135220.0,14740.0
7148222.6667,2135225.8667,14974.666667
7159588.0,2135228.0,15060.0
7159588.0,2135228.0,15060.0
7212809.3333,2135244.0,15097.333333
7239420.0,2135252.0,15116.0
7239420.0,2135252.0,15116.0
7239420.0,2135252.0,15116.0
7239420.0,2135252.0,15116.0
7239420.0,2135252.0,15116.0
7239420.0,2135252.0,15116.0
7239420.0,2135252.0,15116.0
7239420.0,2135252.0,15116.0
7239420.0,2135252.0,15116.0
7239420.0,2135252.0,15116.0
7239420.0,2135252.0,15116.0
7240479.2,2135268.0,15314.4
7239990.1333,2135277.8667,15405.066667
7239716.0,2135280.0,15420.0
7239716.0,2135280.0,15420.0
7238652.0,2135280.0,15457.333333
7238120.0,2135280.0,15476.0
7238120.0,2135280.0,15476.0
7239020.0,2135282.4,15509.6
7239620.0,2135284.0,15532.0
7239620.0,2135284.0,15532.0
7239620.0,2135284.0,15532.0
7239620.0,2135284.0,15532.0
7239620.0,2135284.0,15532.0
7239620.0,2135284.0,15532.0
7239620.0,2135284.0,15532.0
7237884.0,2135310.6667,15649.333333
7237016.0,2135324.0,15708.0
7237016.0,2135324.0,15708.0
7237016.0,2135324.0,15708.0
7237016.0,2135324.0,15708.0
7237016.0,2135324.0,15708.0
7237016.0,2135324.0,15708.0
7237016.0,2135324.0,15708.0
7237016.0,2135324.0,15708.0
7237016.0,2135324.0,15708.0
7280397.3333,2135340.0,15857.333333
7302088.0,2135348.0,15932.0
7302088.0,2135348.0,15932.0
7310440.0,2135345.6,15970.4
7316008.0,2135344.0,15996.0
7316008.0,2135344.0,15996.0
7316008.0,2135344.0,15996.0
7316008.0,2135344.0,15996.0
7316008.0,2135344.0,15996.0
7316008.0,2135344.0,15996.0
7316008.0,2135344.0,15996.0
7316008.0,2135344.0,15996.0
7316008.0,2135344.0,15996.0
7316008.0,2135344.0,15996.0
7316008.0,2135344.0,15996.0
7316028.5333,2135364.5333,16189.6
7316036.0,2135372.0,16260.0
7316036.0,2135372.0,16260.0
7316036.0,2135372.0,16260.0
7316036.0,2135372.0,16260.0
7316036.0,2135372.0,16260.0
7316036.0,2135372.0,16260.0
7316036.0,2135372.0,16260.0
7316036.0,2135372.0,16260.0
7316036.0,2135372.0,16260.0
7316036.0,2135372.0,16260.0
7316036.0,2135372.0,16260.0
7314827.4667,2135374.9333,16471.2
7314388.0,2135376.0,16548.0
7314388.0,2135376.0,16548.0
7314388.0,2135376.0,16548.0
7314388.0,2135376.0,16548.0
7314388.0,2135376.0,16548.0
7314388.0,2135376.0,16548.0
7314388.0,2135376.0,16548.0
7314388.0,2135376.0,16548.0
7314388.0,2135376.0,16548.0
7314388.0,2135376.0,16548.0
7314388.0,2135376.0,16548.0
7315414.6667,2135408.2667,16735.733333
7326329.3333,2135425.3333,16846.666667
7331600.0,2135428.0,16868.0
7331600.0,2135428.0,16868.0
7331600.0,2135428.0,16868.0
7331600.0,2135428.0,16868.0
7331600.0,2135428.0,16868.0
7328982.4,2135453.6,16970.4
7328328.0,2135460.0,16996.0
7328328.0,2135460.0,16996.0
7331467.2,2135488.8,17040.8
7332252.0,2135496.0,17052.0
7332252.0,2135496.0,17052.0
7332252.0,2135496.0,17052.0
7332252.0,2135496.0,17052.0
7332252.0,2135496.0,17052.0
7332252.0,2135496.0,17052.0
7332252.0,2135496.0,17052.0
7330642.9333,2135525.8667,17216.266667
7330528.0,2135528.0,17228.0
7331931.7333,2135528.0,17302.666667
7332032.0,2135528.0,17308.0
7332032.0,2135528.0,17308.0
7332032.0,2135528.0,17308.0
7332032.0,2135528.0,17308.0
7332032.0,2135528.0,17308.0
7332032.0,2135528.0,17308.0
7332032.0,2135528.0,17308.0
7330468.5333,2135555.7333,17467.466667
7330228.0,2135560.0,17492.0
7330228.0,2135560.0,17492.0
7330228.0,2135560.0,17492.0
7330228.0,2135560.0,17492.0
7330228.0,2135560.0,17492.0
7329312.0,2135572.0,17612.0
7330299.7333,2135574.1333,17646.133333
7330299.7333,2135574.1333,17646.133333
7331164.0,2135576.0,17676.0
7331164.0,2135576.0,17676.0
7399612.0,2135584.0,17740.0
7399612.0,2135584.0,17740.0
