vda,14.20,0.06,0.00,0,0
vda,37.00,0.14,0.01,0,0
vda,2.20,0.00,0.01,0,0
vda,0.20,0.00,0.00,0,0
vda,1.20,0.00,0.00,0,0
vda,98.60,1.04,0.05,5,0
vda,272.40,13.14,0.05,65,0
vda,116.40,13.95,0.02,69,0
vda,156.80,8.89,0.15,44,0
vda,148.00,16.89,0.00,84,0
vda,114.80,9.91,0.01,49,0
vda,126.75,15.57,0.01,78,0
vda,102.80,12.45,1.27,62,6
vda,98.60,8.48,0.14,42,0
vda,124.40,15.22,0.01,76,0
vda,137.20,15.08,0.07,75,0
vda,32.80,3.90,0.01,19,0
vda,102.80,4.15,0.28,20,1
vda,99.00,12.32,0.00,61,0
vda,117.80,14.37,0.01,71,0
vda,130.00,14.25,0.06,71,0
vda,112.80,14.07,0.00,70,0
vda,61.00,0.18,0.25,0,1
vda,48.20,5.75,0.01,28,0
vda,38.80,2.98,0.01,14,0
vda,2.80,0.00,0.01,0,0
vda,73.00,0.00,0.30,0,1
vda,2.40,0.00,0.01,0,0
vda,0.60,0.00,0.00,0,0
vda,56.40,0.09,0.21,0,1
vda,8.80,0.00,0.04,0,0
vda,0.00,0.00,0.00,0,0
vda,48.40,0.00,0.20,0,1
vda,1.60,0.00,0.01,0,0
vda,4.40,0.01,0.01,0,0
vda,77.40,0.00,0.31,0,1
vda,1.40,0.00,0.01,0,0
vda,0.00,0.00,0.00,0,0
vda,48.00,0.00,0.20,0,1
vda,1.40,0.00,0.01,0,0
vda,4.40,0.01,0.01,0,0
vda,2.40,0.00,0.01,0,0
vda,1.20,0.00,0.00,0,0
vda,0.00,0.00,0.00,0,0
vda,4.20,0.00,0.02,0,0
vda,172.80,2.07,0.14,10,0
vda,14.20,0.00,0.06,0,0
vda,66.00,0.04,0.25,0,1
vda,9.80,0.49,0.02,2,0
vda,3.80,0.01,0.01,0,0
vda,3.00,0.00,0.01,0,0
vda,57.60,0.00,0.24,0,1
vda,0.00,0.00,0.00,0,0
vda,2.20,0.00,0.01,0,0
vda,55.80,0.00,0.23,0,1
vda,0.20,0.00,0.00,0,0
vda,2.20,0.00,0.01,0,0
vda,1.20,0.00,0.00,0,0
vda,5.40,0.03,0.01,0,0
vda,80.80,0.00,0.32,0,1
vda,0.00,0.00,0.00,0,0
vda,0.80,0.00,0.00,0,0
vda,48.20,0.00,0.20,0,0
vda,2.60,0.01,0.01,0,0
vda,1.20,0.00,0.00,0,0
vda,2.40,0.00,0.01,0,0
vda,1.20,0.00,0.00,0,0
vda,0.80,0.00,0.00,0,0
vda,2.60,0.00,0.01,0,0
vda,31.20,0.00,0.13,0,0
vda,1.80,0.00,0.01,0,0
vda,50.40,0.00,0.20,0,1
vda,5.00,0.00,0.02,0,0
vda,1.60,0.00,0.01,0,0
vda,53.20,0.00,0.22,0,1
vda,10.20,0.03,0.01,0,0
vda,1.40,0.01,0.00,0,0
vda,49.60,0.00,0.20,0,1
vda,2.40,0.00,0.01,0,0
vda,2.80,0.01,0.00,0,0
vda,4.20,0.00,0.02,0,0
vda,1.60,0.00,0.01,0,0
vda,0.00,0.00,0.00,0,0
vda,3.00,0.03,0.01,0,0
vda,22.00,0.00,0.09,0,0
vda,0.60,0.00,0.00,0,0
vda,62.20,0.00,0.25,0,1
vda,2.40,0.00,0.01,0,0
vda,0.60,0.00,0.00,0,0
vda,4.40,0.00,0.02,0,0
vda,1.80,0.00,0.01,0,0
vda,12.00,0.00,0.05,0,0
vda,3.40,0.00,0.01,0,0
vda,3.00,0.03,0.01,0,0
vda,13.20,0.00,0.06,0,0
vda,52.20,0.00,0.20,0,1
vda,2.40,0.00,0.01,0,0
vda,4.40,0.00,0.02,0,0
vda,0.40,0.00,0.00,0,0
vda,21.80,0.00,0.09,0,0
vda,2.40,0.00,0.01,0,0
vda,0.40,0.00,0.00,0,0
vda,2.40,0.00,0.01,0,0
vda,55.60,0.00,0.23,0,1
vda,2.60,0.00,0.01,0,0
vda,5.60,0.00,0.05,0,0
vda,1.20,0.00,0.01,0,0
vda,14.20,0.00,0.09,0,0
vda,1.20,0.00,0.00,0,0
vda,81.84,0.00,0.34,0,1
vda,2.40,0.00,0.01,0,0
vda,2.20,0.00,0.01,0,0
vda,47.00,0.00,0.19,0,0
vda,2.60,0.02,0.01,0,0
vda,2.80,0.00,0.01,0,0
vda,54.00,0.00,0.22,0,1
vda,2.60,0.00,0.01,0,0
vda,2.20,0.00,0.01,0,0
vda,62.20,0.00,0.25,0,1
vda,2.60,0.00,0.01,0,0
vda,1.40,0.00,0.01,0,0
vda,63.40,0.00,0.26,0,1
vda,1.40,0.00,0.01,0,0
vda,4.00,0.01,0.01,0,0
vda,54.20,0.00,0.22,0,1
vda,1.40,0.00,0.01,0,0
vda,2.40,0.00,0.01,0,0
vda,46.20,0.00,0.19,0,0
vda,11.60,0.15,0.01,0,0
vda,3.80,0.00,0.01,0,0
vda,72.00,0.00,0.30,0,1
vda,20.60,0.07,0.01,0,0
vda,5.20,0.01,0.01,0,0
vda,88.60,0.00,0.36,0,1
vda,2.60,0.00,0.01,0,0
vda,0.00,0.00,0.00,0,0
vda,47.00,0.00,0.19,0,0
vda,2.40,0.00,0.01,0,0
vda,1.60,0.00,0.01,0,0
vda,2.00,0.00,0.01,0,0
vda,2.60,0.00,0.01,0,0
vda,0.00,0.00,0.00,0,0
vda,1.60,0.00,0.01,0,0
vda,54.60,0.00,0.22,0,1
vda,19.80,0.00,0.08,0,0
vda,11.80,0.00,0.05,0,0
vda,2.00,0.00,0.01,0,0
vda,0.00,0.00,0.00,0,0
vda,3.00,0.00,0.01,0,0
vda,2.80,0.00,0.01,0,0
vda,2.00,0.00,0.01,0,0
vda,13.60,0.01,0.05,0,0
vda,36.20,0.00,0.14,0,0
vda,1.20,0.00,0.00,0,0
vda,10.80,0.00,0.05,0,0
vda,1.80,0.00,0.01,0,0
vda,3.60,0.00,0.01,0,0
vda,11.80,0.00,0.05,0,0
vda,3.00,0.00,0.01,0,0
vda,18.40,0.00,0.07,0,0
vda,2.40,0.00,0.01,0,0
vda,52.80,0.00,0.21,0,1
vda,6.40,0.00,0.03,0,0
vda,1.40,0.00,0.00,0,0
vda,2.40,0.00,0.01,0,0
vda,4.40,0.00,0.02,0,0
vda,27.60,0.00,0.14,0,0
vda,10.00,0.00,0.07,0,0
vda,75.40,0.00,0.31,0,1
vda,0.20,0.00,0.00,0,0
vda,2.40,0.00,0.01,0,0
vda,3.00,0.02,0.01,0,0
vda,55.80,0.00,0.23,0,1
vda,3.40,0.00,0.01,0,0
vda,0.00,0.00,0.00,0,0
vda,57.00,0.01,0.23,0,1
vda,2.80,0.00,0.01,0,0
vda,0.00,0.00,0.00,0,0
vda,53.00,0.00,0.21,0,1
vda,1.40,0.00,0.01,0,0
vda,2.20,0.00,0.01,0,0
vda,70.00,0.00,0.28,0,1
vda,3.40,0.00,0.01,0,0
vda,3.20,0.00,0.01,0,0
vda,0.20,0.00,0.00,0,0
vda,56.40,0.00,0.23,0,1
vda,1.40,0.00,0.01,0,0
vda,0.00,0.00,0.00,0,0
vda,46.40,0.00,0.19,0,0
vda,2.40,0.00,0.01,0,0
vda,0.80,0.00,0.00,0,0
vda,78.60,0.01,0.31,0,1
vda,1.40,0.00,0.01,0,0
vda,1.20,0.00,0.00,0,0
vda,55.80,0.00,0.23,0,1
vda,0.40,0.03,0.00,0,0
vda,1.60,0.00,0.01,0,0
vda,54.80,0.00,0.22,0,1
vda,0.80,0.00,0.00,0,0
vda,1.20,0.00,0.00,0,0
vda,47.80,0.00,0.20,0,0
vda,4.20,0.00,0.02,0,0
vda,1.00,0.00,0.00,0,0
vda,79.00,0.00,0.32,0,1
vda,0.00,0.00,0.00,0,0
vda,2.80,0.00,0.01,0,0
vda,55.80,0.00,0.23,0,1
vda,0.20,0.00,0.00,0,0
vda,14.20,0.00,0.05,0,0
vda,2.40,0.00,0.01,0,0
vda,45.80,0.00,0.19,0,0
vda,1.80,0.02,0.01,0,0
vda,2.80,0.00,0.01,0,0
vda,65.00,0.01,0.27,0,1
vda,2.20,0.00,0.01,0,0
vda,0.00,0.00,0.00,0,0
vda,31.00,0.00,0.13,0,0
vda,36.20,0.00,0.14,0,0
vda,2.20,0.00,0.01,0,0
vda,0.60,0.00,0.00,0,0
vda,56.60,0.00,0.23,0,1
vda,0.00,0.00,0.00,0,0
vda,3.20,0.00,0.01,0,0
vda,47.20,0.00,0.19,0,0
vda,4.60,0.00,0.02,0,0
vda,1.60,0.00,0.01,0,0
vda,5.60,0.00,0.05,0,0
vda,9.20,0.00,0.06,0,0
vda,0.60,0.00,0.00,0,0
vda,4.40,0.00,0.02,0,0
vda,4.00,0.01,0.01,0,0
vda,32.20,0.00,0.14,0,0
vda,51.20,0.00,0.21,0,1
vda,4.20,0.00,0.02,0,0
vda,1.60,0.00,0.01,0,0
vda,0.60,0.00,0.00,0,0
vda,2.40,0.00,0.01,0,0
vda,0.20,0.00,0.00,0,0
vda,21.00,0.00,0.09,0,0
vda,8.60,0.00,0.04,0,0
vda,2.60,0.02,0.01,0,0
vda,52.60,0.01,0.21,0,1
vda,2.80,0.00,0.01,0,0
vda,2.60,0.00,0.01,0,0
vda,0.20,0.00,0.00,0,0
vda,4.20,0.00,0.02,0,0
vda,0.00,0.00,0.00,0,0
vda,26.00,0.00,0.11,0,0
vda,34.00,0.00,0.13,0,0
vda,2.80,0.01,0.01,0,0
vda,4.60,0.01,0.01,0,0
vda,2.80,0.00,0.01,0,0
vda,0.00,0.00,0.00,0,0
vda,41.40,0.00,0.18,0,0
vda,72.20,0.00,0.29,0,1
vda,1.40,0.00,0.01,0,0
vda,0.00,0.00,0.00,0,0
vda,2.20,0.00,0.01,0,0
vda,0.00,0.00,0.00,0,0
vda,3.00,0.00,0.01,0,0
vda,17.20,0.03,0.07,0,0
vda,2.80,0.00,0.02,0,0
vda,1.20,0.00,0.00,0,0
vda,52.60,0.00,0.21,0,1
vda,1.20,0.00,0.00,0,0
vda,11.00,0.00,0.05,0,0
vda,3.00,0.00,0.01,0,0
vda,18.60,0.00,0.07,0,0
vda,2.00,0.00,0.01,0,0
vda,2.40,0.01,0.01,0,0
vda,3.00,0.01,0.01,0,0
vda,1.20,0.00,0.00,0,0
vda,35.80,0.00,0.14,0,0
vda,0.20,0.00,0.00,0,0
vda,1.20,0.00,0.00,0,0
vda,20.80,0.00,0.09,0,0
vda,11.40,0.00,0.05,0,0
vda,1.60,0.00,0.01,0,0
vda,2.60,0.00,0.01,0,0
vda,2.80,0.00,0.01,0,0
vda,0.40,0.00,0.00,0,0
vda,53.20,0.00,0.21,0,1
vda,12.80,0.00,0.05,0,0
vda,2.00,0.00,0.01,0,0
vda,14.60,0.00,0.06,0,0
vda,1.20,0.00,0.00,0,0
vda,5.60,0.00,0.05,0,0
vda,9.20,0.00,0.06,0,0
vda,7.40,0.00,0.03,0,0
vda,82.40,0.00,0.34,0,1
vda,1.40,0.00,0.01,0,0
vda,1.20,0.00,0.00,0,0
vda,56.60,0.00,0.24,0,1
vda,3.00,0.00,0.01,0,0
vda,1.20,0.00,0.00,0,0
vda,46.20,0.00,0.19,0,0
vda,2.40,0.00,0.01,0,0
vda,2.60,0.00,0.01,0,0
vda,62.40,0.00,0.25,0,1
vda,0.00,0.00,0.00,0,0
vda,1.40,0.00,0.01,0,0
vda,27.00,0.00,0.11,0,0
vda,46.40,0.00,0.19,0,0
vda,1.20,0.00,0.00,0,0
vda,0.60,0.00,0.00,0,0
vda,47.40,0.00,0.19,0,0
vda,1.40,0.00,0.01,0,0
vda,2.60,0.00,0.01,0,0
vda,28.60,0.00,0.11,0,0
vda,29.00,0.00,0.12,0,0
vda,1.20,0.00,0.00,0,0
vda,79.20,0.00,0.32,0,1
vda,0.00,0.00,0.00,0,0
vda,1.20,0.00,0.00,0,0
vda,48.80,0.00,0.20,0,0
vda,2.00,0.00,0.01,0,0
vda,2.60,0.00,0.01,0,0
vda,56.40,0.00,0.22,0,1
vda,1.20,0.00,0.00,0,0
vda,0.00,0.00,0.00,0,0
vda,55.60,0.00,0.23,0,1
vda,1.40,0.00,0.01,0,0
vda,0.80,0.00,0.00,0,0
vda,70.80,0.00,0.29,0,1
vda,1.40,0.00,0.01,0,0
vda,0.60,0.00,0.00,0,0
vda,29.80,0.02,0.12,0,0
vda,26.80,0.00,0.11,0,0
vda,1.60,0.00,0.01,0,0
vda,57.80,0.00,0.24,0,1
vda,1.80,0.00,0.01,0,0
vda,0.00,0.00,0.00,0,0
vda,28.20,0.00,0.12,0,0
vda,21.40,0.00,0.09,0,0
vda,0.60,0.00,0.00,0,0
vda,79.20,0.00,0.32,0,1
vda,0.00,0.00,0.00,0,0
vda,1.60,0.00,0.01,0,0
vda,54.20,0.00,0.22,0,1
vda,1.40,0.00,0.01,0,0
vda,0.20,0.00,0.00,0,0
vda,48.00,0.00,0.20,0,0
vda,0.80,0.00,0.00,0,0
vda,2.00,0.00,0.01,0,0
vda,60.60,0.01,0.25,0,1
vda,0.00,0.00,0.00,0,0
vda,1.60,0.00,0.01,0,0
vda,10.80,0.00,0.07,0,0
vda,5.60,0.00,0.05,0,0
vda,84.00,0.00,0.34,0,1
vda,3.80,0.00,0.01,0,0
vda,0.20,0.00,0.00,0,0
vda,1.40,0.00,0.00,0,0
vda,51.40,0.00,0.21,0,1
vda,2.00,0.00,0.01,0,0
vda,3.00,0.00,0.01,0,0
vda,1.60,0.00,0.01,0,0
vda,0.00,0.00,0.00,0,0
vda,1.20,0.00,0.00,0,0
vda,2.60,0.00,0.01,0,0
vda,29.80,0.00,0.12,0,0
vda,52.60,0.00,0.21,0,1
vda,2.20,0.00,0.01,0,0
vda,2.60,0.00,0.01,0,0
vda,0.00,0.00,0.00,0,0
vda,4.20,0.00,0.02,0,0
vda,0.00,0.00,0.00,0,0
vda,37.20,0.00,0.15,0,0
vda,13.80,0.01,0.05,0,0
vda,15.00,0.00,0.06,0,0
vda,2.40,0.00,0.01,0,0
vda,2.79,0.00,0.01,0,0
vda,0.00,0.00,0.00,0,0
vda,102.40,0.00,0.41,0,2
vda,4.00,0.00,0.02,0,0
vda,0.00,0.00,0.00,0,0
vda,58.80,0.00,0.24,0,1
vda,0.20,0.00,0.00,0,0
vda,1.00,0.00,0.00,0,0
vda,27.00,0.00,0.11,0,0
vda,29.80,0.00,0.13,0,0
vda,1.20,0.00,0.00,0,0
vda,68.80,0.00,0.27,0,1
vda,3.40,0.03,0.01,0,0
vda,1.20,0.00,0.00,0,0
vda,54.40,0.00,0.22,0,1
vda,3.60,0.00,0.01,0,0
vda,1.60,0.00,0.01,0,0
vda,53.40,0.00,0.21,0,1
vda,2.40,0.00,0.01,0,0
vda,0.00,0.00,0.00,0,0
vda,47.20,0.00,0.19,0,0
vda,4.60,0.02,0.02,0,0
vda,0.00,0.00,0.00,0,0
vda,27.20,0.00,0.11,0,0
vda,53.40,0.00,0.21,0,1
vda,2.00,0.00,0.01,0,0
vda,2.60,0.00,0.01,0,0
vda,0.00,0.00,0.00,0,0
vda,54.80,0.00,0.22,0,1
vda,1.40,0.00,0.01,0,0
vda,2.20,0.00,0.01,0,0
vda,0.60,0.00,0.00,0,0
vda,1.80,0.00,0.01,0,0
vda,2.20,0.00,0.01,0,0
vda,1.00,0.00,0.01,0,0
vda,58.00,0.00,0.25,0,1
vda,26.20,0.00,0.11,0,0
vda,19.80,0.00,0.11,0,0
vda,2.60,0.00,0.01,0,0
vda,48.60,0.00,0.21,0,1
vda,1.60,0.00,0.01,0,0
vda,1.80,0.00,0.01,0,0
vda,56.40,0.00,0.23,0,1
vda,2.00,0.00,0.01,0,0
vda,1.20,0.00,0.00,0,0
vda,55.80,0.02,0.23,0,1
vda,1.60,0.00,0.01,0,0
vda,1.60,0.00,0.01,0,0
vda,78.20,0.00,0.32,0,1
vda,0.00,0.00,0.00,0,0
vda,1.60,0.00,0.01,0,0
vda,2.80,0.00,0.01,0,0
vda,0.00,0.00,0.00,0,0
vda,1.20,0.00,0.00,0,0
vda,2.60,0.00,0.01,0,0
vda,13.80,0.00,0.05,0,0
vda,48.20,0.00,0.20,0,0
vda,0.00,0.00,0.00,0,0
vda,1.40,0.00,0.01,0,0
vda,70.80,0.00,0.28,0,1
vda,4.40,0.00,0.02,0,0
vda,2.20,0.00,0.01,0,0
vda,53.20,0.00,0.22,0,1
vda,2.60,0.00,0.01,0,0
vda,0.60,0.00,0.00,0,0
vda,53.40,0.00,0.21,0,1
vda,3.80,0.00,0.01,0,0
vda,1.40,0.00,0.01,0,0
vda,53.80,0.00,0.21,0,1
vda,2.60,0.00,0.01,0,0
vda,0.20,0.00,0.00,0,0
vda,78.20,0.00,0.31,0,1
vda,3.40,0.00,0.01,0,0
vda,0.00,0.00,0.00,0,0
vda,54.09,0.00,0.22,0,1
vda,3.80,0.00,0.01,0,0
vda,1.60,0.00,0.01,0,0
vda,8.00,0.00,0.03,0,0
vda,28.20,0.00,0.11,0,0
vda,19.40,0.00,0.08,0,0
vda,1.40,0.00,0.00,0,0
vda,4.20,0.04,0.01,0,0
vda,0.00,0.00,0.00,0,0
vda,60.20,0.00,0.25,0,1
vda,2.60,0.00,0.01,0,0
vda,3.00,0.02,0.01,0,0
vda,73.40,0.00,0.29,0,1
vda,2.96,0.00,0.01,0,0
vda,1.40,0.00,0.01,0,0
vda,0.20,0.00,0.00,0,0
vda,4.20,0.00,0.02,0,0
vda,1.60,0.00,0.01,0,0
vda,0.60,0.00,0.00,0,0
vda,49.80,0.00,0.20,0,1
vda,3.00,0.00,0.01,0,0
vda,2.40,0.00,0.01,0,0
vda,9.40,0.00,0.07,0,0
vda,87.40,0.00,0.39,0,1
vda,4.20,0.00,0.02,0,0
vda,2.40,0.00,0.01,0,0
vda,27.40,0.00,0.12,0,0
vda,24.80,0.00,0.10,0,0
vda,1.20,0.00,0.00,0,0
vda,31.80,0.00,0.13,0,0
vda,1.40,0.00,0.01,0,0
vda,12.20,0.00,0.05,0,0
vda,46.60,0.00,0.19,0,0
vda,1.40,0.00,0.01,0,0
vda,2.20,0.00,0.01,0,0
vda,69.00,0.00,0.28,0,1
vda,2.80,0.00,0.01,0,0
vda,2.80,0.00,0.01,0,0
vda,0.00,0.00,0.00,0,0
vda,4.00,0.00,0.02,0,0
vda,1.00,0.00,0.00,0,0
vda,0.40,0.00,0.00,0,0
vda,24.20,0.00,0.10,0,0
vda,37.20,0.00,0.15,0,0
vda,2.20,0.00,0.01,0,0
vda,3.00,0.00,0.01,0,0
vda,105.60,0.00,0.43,0,2
vda,0.20,0.00,0.00,0,0
vda,1.20,0.00,0.00,0,0
vda,56.40,0.00,0.23,0,1
vda,1.60,0.00,0.01,0,0
vda,0.00,0.00,0.00,0,0
vda,54.80,0.00,0.22,0,1
vda,0.80,0.00,0.00,0,0
vda,1.20,0.00,0.00,0,0
vda,60.80,0.24,0.20,1,0
vda,9.60,0.19,0.01,0,0
vda,2.00,0.00,0.01,0,0
vda,3.60,0.00,0.01,0,0
vda,1.40,0.00,0.01,0,0
vda,1.00,0.00,0.00,0,0
vda,2.80,0.00,0.01,0,0
vda,49.80,0.00,0.24,0,1
vda,3.20,0.02,0.01,0,0
vda,56.00,0.00,0.22,0,1
vda,2.60,0.00,0.01,0,0
vda,3.00,0.00,0.01,0,0
vda,1.80,0.00,0.01,0,0
vda,1.20,0.00,0.00,0,0
vda,5.60,0.00,0.03,0,0
vda,20.40,0.00,0.12,0,0
vda,0.00,0.00,0.00,0,0
