vda,58.60,0.22,0.01,1,0
vda,44.20,0.02,0.16,0,0
vda,70.80,0.45,0.01,2,0
vda,11.20,0.10,0.01,0,0
vda,44.40,0.02,0.16,0,0
vda,4.60,0.01,0.00,0,0
vda,244.00,8.77,0.13,43,0
vda,115.20,11.33,0.10,56,0
vda,80.40,9.83,0.01,49,0
vda,88.40,10.78,0.01,53,0
vda,114.80,9.38,0.97,46,4
vda,76.60,9.20,0.47,46,2
vda,68.40,8.03,0.02,40,0
vda,104.80,12.90,0.01,64,0
vda,99.80,12.45,0.00,62,0
vda,86.20,10.46,0.01,52,0
vda,2.80,0.00,0.01,0,0
vda,37.20,0.00,0.15,0,0
vda,19.20,0.00,0.08,0,0
vda,1.40,0.00,0.01,0,0
vda,39.00,0.00,0.16,0,0
vda,1.60,0.00,0.01,0,0
vda,42.40,0.00,0.17,0,0
vda,1.00,0.00,0.00,0,0
vda,2.20,0.00,0.01,0,0
vda,36.60,0.00,0.15,0,0
vda,0.00,0.00,0.00,0,0
vda,2.20,0.00,0.01,0,0
vda,42.40,0.00,0.17,0,0
vda,1.40,0.00,0.00,0,0
vda,4.20,0.00,0.02,0,0
vda,1.00,0.00,0.00,0,0
vda,0.00,0.00,0.00,0,0
vda,2.20,0.00,0.01,0,0
vda,1.60,0.00,0.01,0,0
vda,54.80,0.00,0.22,0,1
vda,2.60,0.00,0.01,0,0
vda,1.40,0.00,0.01,0,0
vda,0.60,0.00,0.00,0,0
vda,9.20,0.02,0.01,0,0
vda,1.60,0.00,0.01,0,0
vda,21.80,0.16,0.00,0,0
vda,51.20,0.00,0.20,0,1
vda,24.80,0.00,0.10,0,0
vda,1.20,0.00,0.00,0,0
vda,13.80,0.00,0.06,0,0
vda,0.00,0.00,0.00,0,0
vda,0.60,0.00,0.00,0,0
vda,5.00,0.00,0.02,0,0
vda,44.60,0.00,0.18,0,0
vda,0.00,0.00,0.00,0,0
vda,1.40,0.00,0.00,0,0
vda,3.20,0.00,0.01,0,0
vda,0.00,0.00,0.00,0,0
vda,1.80,0.00,0.00,0,0
vda,2.60,0.00,0.01,0,0
vda,21.20,0.00,0.09,0,0
vda,35.80,0.00,0.14,0,0
vda,2.60,0.00,0.01,0,0
vda,7.20,0.00,0.03,0,0
vda,1.20,0.00,0.00,0,0
vda,2.60,0.00,0.01,0,0
vda,1.40,0.00,0.01,0,0
vda,1.40,0.00,0.01,0,0
vda,19.40,0.00,0.08,0,0
vda,0.60,0.00,0.00,0,0
vda,36.80,0.00,0.15,0,0
vda,3.00,0.00,0.01,0,0
vda,1.40,0.00,0.01,0,0
vda,0.00,0.00,0.00,0,0
vda,3.80,0.00,0.02,0,0
vda,12.00,0.00,0.05,0,0
vda,8.40,0.00,0.04,0,0
vda,2.80,0.00,0.01,0,0
vda,2.60,0.00,0.01,0,0
vda,23.60,0.00,0.09,0,0
vda,2.20,0.00,0.01,0,0
vda,0.20,0.00,0.00,0,0
vda,2.80,0.00,0.01,0,0
vda,19.80,0.00,0.08,0,0
vda,7.80,0.00,0.03,0,0
vda,1.60,0.00,0.00,0,0
vda,36.60,0.00,0.14,0,0
vda,0.60,0.00,0.00,0,0
vda,2.60,0.00,0.01,0,0
vda,4.40,0.00,0.02,0,0
vda,12.80,0.00,0.05,0,0
vda,0.20,0.00,0.00,0,0
vda,2.20,0.00,0.01,0,0
vda,0.60,0.00,0.00,0,0
vda,8.40,0.00,0.03,0,0
vda,37.20,0.00,0.15,0,0
vda,1.80,0.00,0.01,0,0
vda,2.80,0.00,0.02,0,0
vda,19.80,0.00,0.08,0,0
vda,0.00,0.00,0.00,0,0
vda,1.20,0.00,0.00,0,0
vda,2.80,0.00,0.01,0,0
vda,0.20,0.00,0.00,0,0
vda,8.20,0.00,0.03,0,0
vda,36.40,0.00,0.14,0,0
vda,19.80,0.00,0.08,0,0
vda,0.60,0.00,0.00,0,0
vda,4.20,0.00,0.02,0,0
vda,1.60,0.00,0.01,0,0
vda,0.20,0.00,0.00,0,0
vda,2.20,0.00,0.01,0,0
vda,0.00,0.00,0.00,0,0
vda,12.60,0.00,0.05,0,0
vda,33.20,0.00,0.14,0,0
vda,0.80,0.00,0.00,0,0
vda,1.20,0.00,0.00,0,0
vda,2.40,0.00,0.01,0,0
vda,2.80,0.00,0.01,0,0
vda,2.80,0.00,0.01,0,0
vda,0.40,0.00,0.00,0,0
vda,28.00,0.00,0.11,0,0
vda,34.20,0.00,0.13,0,0
vda,2.20,0.00,0.01,0,0
vda,1.60,0.00,0.01,0,0
vda,36.00,0.00,0.14,0,0
vda,2.40,0.00,0.01,0,0
vda,0.60,0.00,0.00,0,0
vda,22.40,0.00,0.09,0,0
vda,1.40,0.00,0.01,0,0
vda,1.60,0.00,0.01,0,0
vda,45.00,0.00,0.18,0,0
vda,9.40,0.00,0.04,0,0
vda,1.20,0.00,0.00,0,0
vda,32.00,0.00,0.13,0,0
vda,2.40,0.00,0.01,0,0
vda,34.40,0.00,0.14,0,0
vda,2.60,0.00,0.01,0,0
vda,45.20,0.00,0.19,0,0
vda,1.40,0.00,0.01,0,0
vda,0.00,0.00,0.00,0,0
vda,54.60,0.00,0.22,0,1
vda,0.80,0.00,0.00,0,0
vda,1.20,0.00,0.00,0,0
vda,105.20,1.31,0.03,6,0
vda,7.40,0.00,0.03,0,0
vda,5.80,0.37,0.01,1,0
vda,2.00,0.00,0.01,0,0
vda,14.60,0.00,0.06,0,0
vda,1.60,0.00,0.01,0,0
vda,25.60,0.00,0.10,0,0
vda,8.40,0.00,0.04,0,0
vda,1.40,0.00,0.01,0,0
vda,2.60,0.00,0.01,0,0
vda,0.80,0.00,0.00,0,0
vda,20.00,0.00,0.08,0,0
vda,4.20,0.00,0.02,0,0
vda,1.60,0.00,0.01,0,0
vda,0.00,0.00,0.00,0,0
vda,36.80,0.00,0.14,0,0
vda,0.80,0.00,0.00,0,0
vda,1.40,0.00,0.00,0,0
vda,11.00,0.00,0.05,0,0
vda,12.00,0.00,0.05,0,0
vda,1.20,0.00,0.00,0,0
vda,4.20,0.00,0.02,0,0
vda,1.80,0.00,0.01,0,0
vda,0.00,0.00,0.00,0,0
vda,47.80,0.00,0.19,0,0
vda,2.20,0.00,0.01,0,0
vda,36.00,0.00,0.15,0,0
vda,3.60,0.00,0.01,0,0
vda,0.80,0.00,0.00,0,0
vda,1.40,0.00,0.00,0,0
vda,2.20,0.00,0.01,0,0
vda,2.60,0.00,0.01,0,0
vda,37.60,0.00,0.15,0,0
vda,2.40,0.00,0.01,0,0
vda,18.40,0.00,0.07,0,0
vda,0.20,0.00,0.00,0,0
vda,1.20,0.00,0.00,0,0
vda,8.60,0.00,0.04,0,0
vda,1.20,0.00,0.00,0,0
vda,3.60,0.00,0.02,0,0
vda,1.40,0.00,0.01,0,0
vda,12.40,0.00,0.05,0,0
vda,25.40,0.00,0.10,0,0
vda,1.60,0.00,0.01,0,0
vda,8.80,0.00,0.04,0,0
vda,2.00,0.00,0.01,0,0
vda,28.00,0.00,0.11,0,0
vda,19.20,0.00,0.08,0,0
vda,8.80,0.00,0.03,0,0
vda,0.80,0.00,0.00,0,0
vda,1.20,0.00,0.00,0,0
vda,3.00,0.00,0.01,0,0
vda,3.20,0.00,0.02,0,0
vda,12.38,0.00,0.05,0,0
vda,8.40,0.00,0.03,0,0
vda,0.00,0.00,0.00,0,0
vda,1.40,0.00,0.00,0,0
vda,28.80,0.00,0.13,0,0
vda,10.60,0.00,0.04,0,0
vda,1.60,0.00,0.01,0,0
vda,6.00,0.00,0.03,0,0
vda,2.00,0.00,0.01,0,0
vda,53.40,0.00,0.22,0,1
vda,2.20,0.00,0.01,0,0
vda,0.00,0.00,0.00,0,0
vda,36.60,0.00,0.15,0,0
vda,2.40,0.00,0.01,0,0
vda,0.60,0.00,0.00,0,0
vda,36.00,0.00,0.15,0,0
vda,2.40,0.00,0.01,0,0
vda,0.60,0.00,0.00,0,0
vda,50.80,0.00,0.20,0,0
vda,14.60,0.00,0.06,0,0
vda,0.00,0.00,0.00,0,0
vda,1.20,0.00,0.00,0,0
vda,37.40,0.00,0.15,0,0
vda,0.80,0.00,0.00,0,0
vda,1.20,0.00,0.00,0,0
vda,37.20,0.00,0.15,0,0
vda,0.80,0.00,0.00,0,0
vda,4.20,0.00,0.02,0,0
vda,1.00,0.00,0.00,0,0
vda,0.00,0.00,0.00,0,0
vda,1.20,0.00,0.00,0,0
vda,2.60,0.00,0.01,0,0
vda,2.80,0.00,0.02,0,0
vda,17.60,0.00,0.07,0,0
vda,43.60,0.00,0.17,0,0
vda,1.40,0.00,0.01,0,0
vda,0.60,0.00,0.00,0,0
vda,2.60,0.00,0.01,0,0
vda,2.80,0.00,0.01,0,0
vda,3.60,0.00,0.01,0,0
vda,13.00,0.00,0.06,0,0
vda,0.80,0.00,0.00,0,0
vda,35.20,0.00,0.14,0,0
vda,2.60,0.00,0.01,0,0
vda,1.40,0.00,0.01,0,0
vda,7.60,0.00,0.03,0,0
vda,2.40,0.00,0.01,0,0
vda,19.60,0.00,0.08,0,0
vda,3.20,0.00,0.01,0,0
vda,0.40,0.00,0.00,0,0
vda,0.80,0.00,0.00,0,0
vda,25.00,0.00,0.10,0,0
vda,1.20,0.00,0.00,0,0
vda,0.20,0.00,0.00,0,0
vda,8.80,0.00,0.04,0,0
vda,21.20,0.00,0.09,0,0
vda,0.80,0.00,0.00,0,0
vda,3.80,0.00,0.01,0,0
vda,10.00,0.00,0.04,0,0
vda,0.00,0.00,0.00,0,0
vda,35.40,0.00,0.14,0,0
vda,2.60,0.00,0.01,0,0
vda,13.40,0.00,0.05,0,0
vda,2.20,0.00,0.01,0,0
vda,1.20,0.00,0.00,0,0
vda,0.60,0.00,0.00,0,0
vda,58.20,0.00,0.23,0,1
vda,0.00,0.00,0.00,0,0
vda,1.00,0.00,0.00,0,0
vda,45.00,0.00,0.18,0,0
vda,1.40,0.00,0.01,0,0
vda,0.60,0.00,0.00,0,0
vda,37.00,0.00,0.15,0,0
vda,1.40,0.00,0.01,0,0
vda,0.60,0.00,0.00,0,0
vda,1.20,0.00,0.00,0,0
vda,50.80,0.00,0.21,0,1
vda,1.60,0.00,0.01,0,0
vda,0.00,0.00,0.00,0,0
vda,2.20,0.00,0.01,0,0
vda,0.00,0.00,0.00,0,0
vda,1.40,0.00,0.00,0,0
vda,2.60,0.00,0.01,0,0
vda,20.00,0.00,0.08,0,0
vda,35.60,0.00,0.14,0,0
vda,1.20,0.00,0.00,0,0
vda,2.60,0.00,0.01,0,0
vda,2.60,0.00,0.01,0,0
vda,0.40,0.00,0.00,0,0
vda,0.80,0.00,0.00,0,0
vda,5.20,0.00,0.03,0,0
vda,24.00,0.00,0.09,0,0
vda,0.00,0.00,0.00,0,0
vda,58.60,0.00,0.24,0,1
vda,2.60,0.00,0.01,0,0
vda,1.40,0.00,0.01,0,0
vda,3.00,0.00,0.01,0,0
vda,2.60,0.00,0.01,0,0
vda,12.60,0.00,0.05,0,0
vda,28.80,0.37,0.01,1,0
vda,2.40,0.00,0.01,0,0
vda,0.00,0.00,0.00,0,0
vda,67.60,0.00,0.31,0,1
vda,2.40,0.00,0.01,0,0
vda,0.80,0.00,0.00,0,0
vda,2.40,0.00,0.01,0,0
vda,21.00,0.00,0.08,0,0
vda,1.80,0.00,0.01,0,0
vda,0.00,0.00,0.00,0,0
vda,2.20,0.00,0.01,0,0
vda,0.60,0.00,0.00,0,0
vda,24.00,0.00,0.09,0,0
vda,11.20,0.00,0.05,0,0
vda,18.00,0.00,0.07,0,0
vda,1.60,0.00,0.00,0,0
vda,3.80,0.00,0.01,0,0
vda,1.60,0.00,0.01,0,0
vda,0.20,0.00,0.00,0,0
vda,2.80,0.00,0.01,0,0
vda,2.60,0.00,0.01,0,0
vda,35.20,0.00,0.14,0,0
vda,20.40,0.00,0.08,0,0
vda,0.60,0.00,0.00,0,0
vda,1.20,0.00,0.00,0,0
vda,4.40,0.00,0.02,0,0
vda,2.60,0.00,0.01,0,0
vda,11.60,0.00,0.05,0,0
vda,1.20,0.00,0.00,0,0
vda,17.00,0.00,0.07,0,0
vda,1.20,0.00,0.00,0,0
vda,37.20,0.00,0.15,0,0
vda,1.40,0.00,0.01,0,0
vda,0.20,0.00,0.00,0,0
vda,3.40,0.00,0.02,0,0
vda,1.60,0.00,0.01,0,0
vda,1.60,0.00,0.01,0,0
vda,19.60,0.00,0.08,0,0
vda,1.00,0.00,0.00,0,0
vda,37.00,0.00,0.15,0,0
vda,0.20,0.00,0.00,0,0
vda,1.20,0.00,0.00,0,0
vda,10.20,0.00,0.04,0,0
vda,0.00,0.00,0.00,0,0
vda,1.60,0.00,0.01,0,0
vda,15.00,0.00,0.06,0,0
vda,1.60,0.00,0.01,0,0
vda,0.20,0.00,0.00,0,0
vda,24.40,0.00,0.10,0,0
vda,2.80,0.00,0.01,0,0
vda,1.60,0.00,0.01,0,0
vda,8.80,0.00,0.04,0,0
vda,18.60,0.00,0.07,0,0
vda,1.20,0.00,0.00,0,0
vda,4.60,0.00,0.02,0,0
vda,1.60,0.00,0.01,0,0
vda,2.00,0.00,0.01,0,0
vda,36.00,0.00,0.14,0,0
vda,1.80,0.00,0.01,0,0
vda,1.20,0.00,0.00,0,0
vda,19.60,0.00,0.08,0,0
vda,2.20,0.00,0.01,0,0
vda,1.60,0.00,0.01,0,0
vda,2.60,0.00,0.01,0,0
vda,2.60,0.00,0.01,0,0
vda,1.00,0.00,0.00,0,0
vda,36.80,0.00,0.14,0,0
vda,17.40,0.00,0.07,0,0
vda,1.80,0.00,0.01,0,0
vda,1.60,0.00,0.01,0,0
vda,10.00,0.00,0.04,0,0
vda,1.40,0.00,0.01,0,0
vda,1.20,0.00,0.00,0,0
vda,1.60,0.00,0.01,0,0
vda,1.60,0.00,0.01,0,0
vda,55.60,0.00,0.22,0,1
vda,2.00,0.00,0.01,0,0
vda,3.20,0.00,0.02,0,0
vda,2.20,0.00,0.01,0,0
vda,0.00,0.00,0.00,0,0
vda,1.60,0.00,0.01,0,0
vda,8.40,0.00,0.03,0,0
vda,13.40,0.00,0.05,0,0
vda,1.80,0.00,0.01,0,0
vda,26.60,0.00,0.10,0,0
vda,3.40,0.00,0.02,0,0
vda,0.40,0.00,0.00,0,0
vda,1.60,0.00,0.01,0,0
vda,1.60,0.00,0.01,0,0
vda,1.40,0.00,0.01,0,0
vda,25.60,0.00,0.10,0,0
vda,1.80,0.00,0.01,0,0
vda,1.60,0.00,0.01,0,0
vda,37.60,0.00,0.15,0,0
vda,1.60,0.00,0.01,0,0
vda,12.00,0.00,0.05,0,0
vda,0.20,0.00,0.00,0,0
vda,18.80,0.00,0.07,0,0
vda,1.60,0.00,0.01,0,0
vda,2.40,0.00,0.01,0,0
vda,1.00,0.00,0.01,0,0
vda,1.20,0.00,0.00,0,0
vda,35.80,0.00,0.14,0,0
vda,1.80,0.00,0.01,0,0
vda,1.60,0.00,0.01,0,0
vda,14.80,0.00,0.06,0,0
vda,1.40,0.00,0.01,0,0
vda,3.00,0.00,0.02,0,0
vda,2.20,0.00,0.01,0,0
vda,0.00,0.00,0.00,0,0
vda,2.00,0.00,0.01,0,0
vda,60.60,0.00,0.24,0,1
vda,24.80,0.00,0.10,0,0
vda,1.20,0.00,0.00,0,0
vda,1.20,0.00,0.00,0,0
vda,3.40,0.00,0.02,0,0
vda,3.60,0.00,0.01,0,0
vda,4.20,0.00,0.02,0,0
vda,1.20,0.00,0.00,0,0
vda,0.00,0.00,0.00,0,0
vda,35.60,0.00,0.14,0,0
vda,1.60,0.00,0.01,0,0
vda,11.00,0.00,0.05,0,0
vda,1.40,0.00,0.01,0,0
vda,1.80,0.00,0.01,0,0
vda,1.20,0.00,0.00,0,0
vda,2.40,0.00,0.01,0,0
vda,19.80,0.00,0.08,0,0
vda,1.60,0.00,0.01,0,0
vda,37.20,0.00,0.15,0,0
vda,1.20,0.00,0.00,0,0
vda,7.20,0.00,0.03,0,0
vda,1.20,0.00,0.00,0,0
vda,1.60,0.00,0.01,0,0
vda,18.80,0.00,0.07,0,0
vda,3.20,0.00,0.01,0,0
vda,4.40,0.00,0.02,0,0
vda,0.00,0.00,0.00,0,0
vda,36.20,0.00,0.14,0,0
vda,3.00,0.00,0.01,0,0
vda,7.80,0.00,0.03,0,0
vda,1.60,0.00,0.01,0,0
vda,13.00,0.00,0.05,0,0
vda,1.20,0.00,0.00,0,0
vda,4.80,0.00,0.02,0,0
vda,1.80,0.00,0.01,0,0
vda,0.40,0.00,0.00,0,0
vda,36.00,0.00,0.14,0,0
vda,2.20,0.00,0.01,0,0
vda,17.20,0.00,0.07,0,0
vda,8.40,0.00,0.03,0,0
vda,3.40,0.00,0.02,0,0
vda,1.20,0.00,0.00,0,0
vda,1.40,0.00,0.01,0,0
vda,3.60,0.00,0.01,0,0
vda,1.60,0.00,0.01,0,0
vda,34.80,0.00,0.14,0,0
vda,19.40,0.00,0.08,0,0
vda,1.00,0.00,0.00,0,0
vda,2.80,0.00,0.01,0,0
vda,9.20,0.00,0.04,0,0
vda,1.40,0.00,0.01,0,0
vda,0.00,0.00,0.00,0,0
vda,3.40,0.00,0.01,0,0
vda,12.80,0.00,0.05,0,0
vda,32.40,0.00,0.13,0,0
vda,4.00,0.00,0.02,0,0
vda,1.80,0.00,0.01,0,0
vda,0.00,0.00,0.00,0,0
vda,2.20,0.00,0.01,0,0
vda,0.40,0.00,0.00,0,0
vda,1.40,0.00,0.01,0,0
vda,21.00,0.00,0.08,0,0
vda,1.80,0.00,0.01,0,0
vda,36.00,0.00,0.14,0,0
vda,2.20,0.00,0.01,0,0
vda,1.00,0.00,0.00,0,0
vda,1.40,0.00,0.01,0,0
vda,9.20,0.00,0.04,0,0
vda,12.00,0.00,0.05,0,0
vda,1.40,0.00,0.01,0,0
vda,4.40,0.00,0.02,0,0
vda,2.00,0.00,0.01,0,0
vda,37.40,0.00,0.15,0,0
vda,0.80,0.00,0.00,0,0
vda,0.00,0.00,0.00,0,0
vda,18.40,0.00,0.07,0,0
vda,9.40,0.00,0.04,0,0
vda,2.20,0.00,0.01,0,0
vda,1.40,0.00,0.01,0,0
vda,3.60,0.00,0.01,0,0
vda,1.60,0.00,0.01,0,0
vda,35.00,0.00,0.14,0,0
vda,2.20,0.00,0.01,0,0
vda,17.80,0.00,0.07,0,0
vda,2.20,0.00,0.01,0,0
vda,9.40,0.00,0.04,0,0
vda,0.60,0.00,0.00,0,0
vda,1.40,0.00,0.00,0,0
vda,4.00,0.00,0.02,0,0
vda,2.00,0.00,0.01,0,0
vda,38.00,0.00,0.15,0,0
vda,2.40,0.00,0.01,0,0
vda,0.00,0.00,0.00,0,0
vda,1.60,0.00,0.00,0,0
vda,9.20,0.00,0.04,0,0
vda,1.00,0.00,0.00,0,0
vda,1.40,0.00,0.01,0,0
vda,2.40,0.00,0.01,0,0
vda,20.80,0.00,0.09,0,0
vda,35.60,0.00,0.14,0,0
vda,2.20,0.00,0.01,0,0
vda,0.40,0.00,0.00,0,0
vda,1.40,0.00,0.01,0,0
vda,2.20,0.00,0.01,0,0
vda,7.80,0.00,0.03,0,0
vda,19.60,0.00,0.08,0,0
vda,2.20,0.00,0.01,0,0
vda,1.00,0.00,0.00,0,0
vda,36.00,0.00,0.14,0,0
vda,3.40,0.00,0.01,0,0
vda,1.00,0.00,0.00,0,0
vda,1.60,0.00,0.01,0,0
vda,3.80,0.00,0.02,0,0
vda,11.80,0.00,0.05,0,0
vda,8.40,0.00,0.03,0,0
vda,2.20,0.00,0.01,0,0
vda,0.60,0.00,0.00,0,0
vda,47.40,0.00,0.19,0,0
vda,4.20,0.00,0.02,0,0
vda,2.60,0.00,0.01,0,0
vda,3.60,0.00,0.01,0,0
vda,36.20,0.00,0.15,0,0
vda,1.20,0.00,0.00,0,0
vda,0.60,0.00,0.00,0,0
vda,3.00,0.00,0.01,0,0
vda,1.20,0.00,0.00,0,0
vda,24.40,0.00,0.10,0,0
vda,6.00,0.00,0.03,0,0
vda,13.00,0.00,0.05,0,0
vda,2.20,0.00,0.01,0,0
vda,0.00,0.00,0.00,0,0
vda,1.00,0.00,0.00,0,0
vda,1.60,0.00,0.01,0,0
vda,9.20,0.00,0.04,0,0
vda,1.40,0.00,0.01,0,0
vda,26.80,0.00,0.11,0,0
vda,29.60,0.00,0.12,0,0
vda,0.20,0.00,0.00,0,0
vda,2.00,0.00,0.01,0,0
vda,2.60,0.00,0.01,0,0
vda,0.00,0.00,0.00,0,0
vda,2.80,0.00,0.01,0,0
vda,2.20,0.00,0.01,0,0
vda,7.20,0.00,0.03,0,0
vda,19.80,0.00,0.08,0,0
vda,36.20,0.00,0.14,0,0
vda,3.60,0.00,0.01,0,0
vda,2.00,0.00,0.01,0,0
vda,1.20,0.00,0.00,0,0
vda,1.40,0.00,0.01,0,0
vda,1.60,0.00,0.01,0,0
vda,13.80,0.00,0.05,0,0
vda,8.20,0.00,0.03,0,0
vda,1.00,0.00,0.00,0,0
vda,25.20,0.00,0.10,0,0
vda,1.20,0.00,0.00,0,0
vda,5.00,0.00,0.02,0,0
vda,1.00,0.00,0.00,0,0
vda,17.20,0.00,0.07,0,0
vda,1.20,0.00,0.00,0,0
vda,2.40,0.00,0.01,0,0
vda,1.20,0.00,0.00,0,0
vda,35.60,0.00,0.14,0,0
vda,10.80,0.00,0.05,0,0
vda,1.20,0.00,0.00,0,0
vda,0.60,0.00,0.00,0,0
vda,15.80,0.00,0.06,0,0
vda,1.80,0.00,0.01,0,0
vda,0.40,0.00,0.00,0,0
vda,37.00,0.00,0.15,0,0
vda,2.60,0.00,0.02,0,0
vda,0.80,0.00,0.00,0,0
vda,9.20,0.00,0.04,0,0
vda,18.60,0.00,0.07,0,0
vda,5.40,0.00,0.02,0,0
vda,1.60,0.00,0.01,0,0
vda,1.80,0.00,0.01,0,0
vda,2.20,0.00,0.01,0,0
vda,26.00,0.00,0.11,0,0
vda,1.20,0.00,0.00,0,0
vda,8.00,0.00,0.03,0,0
vda,19.80,0.00,0.08,0,0
vda,1.20,0.00,0.00,0,0
vda,3.60,0.00,0.01,0,0
vda,1.00,0.00,0.00,0,0
vda,1.00,0.00,0.01,0,0
vda,37.60,0.00,0.15,0,0
vda,10.00,0.00,0.04,0,0
vda,13.00,0.00,0.05,0,0
vda,2.20,0.00,0.01,0,0
vda,0.00,0.00,0.00,0,0
vda,42.40,0.00,0.17,0,0
vda,4.80,0.00,0.02,0,0
vda,1.60,0.00,0.01,0,0
vda,55.00,0.00,0.22,0,1
vda,2.60,0.00,0.01,0,0
vda,1.20,0.00,0.00,0,0
vda,0.00,0.00,0.00,0,0
vda,2.40,0.00,0.01,0,0
vda,37.40,0.00,0.15,0,0
vda,1.40,0.00,0.01,0,0
vda,2.20,0.00,0.01,0,0
vda,2.40,0.00,0.01,0,0
vda,1.20,0.00,0.00,0,0
vda,2.20,0.00,0.01,0,0
vda,1.80,0.00,0.01,0,0
vda,1.80,0.00,0.01,0,0
vda,54.20,0.00,0.21,0,1
vda,8.20,0.00,0.03,0,0
vda,0.60,0.00,0.00,0,0
vda,2.20,0.00,0.01,0,0
vda,3.20,0.00,0.01,0,0
vda,1.60,0.00,0.01,0,0
vda,3.00,0.00,0.01,0,0
vda,18.40,0.00,0.07,0,0
vda,0.20,0.00,0.00,0,0
vda,36.80,0.00,0.14,0,0
vda,8.60,0.00,0.04,0,0
vda,0.80,0.00,0.00,0,0
vda,2.20,0.00,0.01,0,0
vda,2.00,0.00,0.01,0,0
vda,0.60,0.00,0.00,0,0
vda,15.00,0.00,0.06,0,0
vda,2.00,0.00,0.01,0,0
vda,1.20,0.00,0.00,0,0
vda,24.95,0.00,0.10,0,0
vda,1.20,0.00,0.00,0,0
vda,0.60,0.00,0.00,0,0
vda,11.60,0.00,0.05,0,0
vda,19.00,0.00,0.07,0,0
vda,0.80,0.00,0.00,0,0
vda,3.60,0.00,0.01,0,0
vda,1.60,0.00,0.01,0,0
vda,0.00,0.00,0.00,0,0
vda,37.00,0.00,0.15,0,0
vda,3.20,0.00,0.02,0,0
vda,1.00,0.00,0.00,0,0
vda,21.00,0.00,0.08,0,0
vda,2.00,0.00,0.01,0,0
vda,0.60,0.00,0.00,0,0
vda,1.20,0.00,0.00,0,0
vda,2.80,0.00,0.01,0,0
vda,2.80,0.00,0.02,0,0
vda,49.00,0.00,0.19,0,0
vda,36.20,0.00,0.15,0,0
vda,1.40,0.00,0.01,0,0
vda,2.40,0.00,0.01,0,0
vda,1.80,0.00,0.01,0,0
vda,0.20,0.00,0.00,0,0
vda,2.80,0.00,0.01,0,0
vda,2.00,0.00,0.01,0,0
vda,2.40,0.00,0.01,0,0
vda,62.60,0.00,0.25,0,1
vda,1.60,0.00,0.01,0,0
vda,0.80,0.00,0.00,0,0
vda,38.40,0.00,0.15,0,0
vda,0.00,0.00,0.00,0,0
vda,1.20,0.00,0.00,0,0
vda,38.60,0.00,0.15,0,0
vda,0.00,0.00,0.00,0,0
vda,1.20,0.00,0.00,0,0
vda,39.80,0.00,0.16,0,0
vda,1.40,0.00,0.01,0,0
vda,1.60,0.00,0.01,0,0
vda,2.20,0.00,0.01,0,0
vda,51.80,0.00,0.21,0,1
vda,10.40,0.00,0.04,0,0
vda,2.20,0.00,0.01,0,0
vda,0.60,0.00,0.00,0,0
vda,37.00,0.00,0.15,0,0
vda,3.80,0.00,0.01,0,0
vda,1.80,0.00,0.01,0,0
vda,43.20,0.00,0.18,0,0
vda,2.60,0.00,0.01,0,0
vda,0.00,0.00,0.00,0,0
vda,42.80,0.00,0.17,0,0
vda,2.40,0.00,0.01,0,0
vda,0.00,0.00,0.00,0,0
vda,49.20,0.00,0.20,0,0
vda,3.60,0.00,0.01,0,0
vda,1.60,0.00,0.01,0,0
vda,43.60,0.00,0.18,0,0
vda,2.40,0.00,0.01,0,0
vda,0.00,0.00,0.00,0,0
vda,37.20,0.00,0.15,0,0
vda,3.00,0.00,0.01,0,0
vda,0.00,0.00,0.00,0,0
vda,43.60,0.00,0.18,0,0
vda,3.40,0.00,0.01,0,0
vda,0.20,0.00,0.00,0,0
vda,1.60,0.00,0.01,0,0
vda,1.20,0.00,0.00,0,0
vda,1.60,0.00,0.01,0,0
vda,1.60,0.00,0.01,0,0
vda,48.20,0.00,0.19,0,0
vda,9.60,0.00,0.04,0,0
vda,1.20,0.00,0.00,0,0
vda,1.40,0.00,0.01,0,0
vda,1.60,0.00,0.01,0,0
vda,3.00,0.00,0.01,0,0
vda,2.80,0.00,0.01,0,0
vda,19.00,0.00,0.07,0,0
vda,1.40,0.00,0.01,0,0
vda,36.00,0.00,0.14,0,0
vda,1.60,0.00,0.01,0,0
vda,8.60,0.00,0.04,0,0
vda,1.80,0.00,0.01,0,0
vda,3.40,0.00,0.01,0,0
vda,1.20,0.00,0.00,0,0
vda,14.60,0.00,0.06,0,0
vda,0.00,0.00,0.00,0,0
vda,1.60,0.00,0.01,0,0
vda,37.00,0.00,0.14,0,0
vda,8.60,0.00,0.04,0,0
vda,0.60,0.00,0.00,0,0
vda,3.20,0.00,0.01,0,0
vda,18.20,0.00,0.07,0,0
vda,3.00,0.00,0.01,0,0
vda,2.80,0.00,0.01,0,0
vda,0.00,0.00,0.00,0,0
vda,1.20,0.00,0.00,0,0
vda,33.80,0.00,0.13,0,0
vda,0.20,0.00,0.00,0,0
vda,3.00,0.00,0.02,0,0
vda,18.20,0.00,0.07,0,0
vda,2.20,0.00,0.01,0,0
vda,1.20,0.00,0.00,0,0
vda,3.20,0.00,0.01,0,0
vda,1.40,0.00,0.01,0,0
vda,2.20,0.00,0.01,0,0
vda,38.00,0.00,0.15,0,0
vda,0.60,0.00,0.00,0,0
vda,12.60,0.00,0.05,0,0
vda,7.00,0.00,0.03,0,0
vda,2.20,0.00,0.01,0,0
vda,1.60,0.00,0.01,0,0
vda,1.00,0.00,0.00,0,0
vda,3.20,0.00,0.02,0,0
vda,2.00,0.00,0.01,0,0
vda,54.40,0.00,0.21,0,1
vda,0.00,0.00,0.00,0,0
vda,1.60,0.00,0.01,0,0
vda,2.60,0.00,0.01,0,0
vda,0.40,0.00,0.00,0,0
vda,8.80,0.00,0.04,0,0
vda,1.80,0.00,0.01,0,0
vda,2.40,0.00,0.01,0,0
vda,18.80,0.00,0.07,0,0
vda,38.40,0.00,0.15,0,0
vda,1.00,0.00,0.00,0,0
vda,1.40,0.00,0.01,0,0
vda,0.00,0.00,0.00,0,0
vda,3.20,0.00,0.02,0,0
vda,1.60,0.00,0.01,0,0
vda,19.40,0.00,0.08,0,0
vda,2.40,0.00,0.01,0,0
vda,1.20,0.00,0.00,0,0
vda,23.80,0.00,0.09,0,0
vda,5.40,0.00,0.02,0,0
vda,1.60,0.00,0.01,0,0
vda,1.20,0.00,0.00,0,0
vda,25.40,0.00,0.10,0,0
vda,1.20,0.00,0.00,0,0
vda,0.00,0.00,0.00,0,0
vda,14.80,0.00,0.06,0,0
vda,1.60,0.00,0.01,0,0
vda,47.40,0.00,0.19,0,0
vda,2.20,0.00,0.01,0,0
vda,1.20,0.00,0.00,0,0
vda,13.40,0.00,0.05,0,0
vda,2.60,0.00,0.01,0,0
vda,2.80,0.00,0.01,0,0
vda,0.00,0.00,0.00,0,0
vda,4.20,0.00,0.02,0,0
vda,8.60,0.00,0.04,0,0
vda,34.40,0.00,0.13,0,0
vda,2.20,0.00,0.01,0,0
vda,18.60,0.00,0.07,0,0
vda,3.80,0.00,0.02,0,0
vda,1.60,0.00,0.01,0,0
vda,0.00,0.00,0.00,0,0
vda,2.00,0.00,0.01,0,0
vda,2.20,0.00,0.01,0,0
vda,1.60,0.00,0.01,0,0
vda,61.20,0.00,0.24,0,1
vda,1.40,0.00,0.01,0,0
vda,0.00,0.00,0.00,0,0
vda,12.80,0.00,0.05,0,0
vda,2.80,0.00,0.01,0,0
vda,0.40,0.00,0.00,0,0
vda,0.80,0.00,0.00,0,0
vda,13.40,0.00,0.05,0,0
vda,1.40,0.00,0.01,0,0
vda,31.20,0.00,0.12,0,0
vda,1.20,0.00,0.00,0,0
vda,1.40,0.00,0.01,0,0
vda,0.80,0.00,0.00,0,0
vda,2.20,0.00,0.01,0,0
vda,2.00,0.00,0.01,0,0
vda,20.00,0.00,0.08,0,0
vda,1.80,0.00,0.01,0,0
vda,0.40,0.00,0.00,0,0
vda,36.80,0.00,0.14,0,0
vda,9.20,0.00,0.04,0,0
vda,1.40,0.00,0.01,0,0
vda,0.60,0.00,0.00,0,0
vda,19.40,0.00,0.08,0,0
vda,1.60,0.00,0.01,0,0
vda,1.00,0.00,0.00,0,0
vda,4.40,0.00,0.02,0,0
vda,1.60,0.00,0.01,0,0
vda,34.40,0.00,0.13,0,0
vda,2.20,0.00,0.01,0,0
vda,1.80,0.00,0.01,0,0
vda,13.00,0.00,0.05,0,0
vda,8.20,0.00,0.03,0,0
vda,2.20,0.00,0.01,0,0
vda,1.60,0.00,0.01,0,0
vda,1.20,0.00,0.00,0,0
vda,24.40,0.00,0.10,0,0
vda,3.60,0.00,0.01,0,0
vda,18.80,0.00,0.07,0,0
vda,1.60,0.00,0.01,0,0
vda,3.00,0.00,0.01,0,0
vda,0.00,0.00,0.00,0,0
vda,36.20,0.00,0.14,0,0
vda,20.60,0.00,0.08,0,0
vda,1.20,0.00,0.00,0,0
vda,1.20,0.00,0.00,0,0
vda,3.60,0.00,0.01,0,0
vda,1.00,0.00,0.00,0,0
vda,2.20,0.00,0.01,0,0
vda,25.80,0.00,0.10,0,0
vda,20.60,0.00,0.09,0,0
vda,1.20,0.00,0.00,0,0
vda,11.60,0.00,0.05,0,0
vda,7.00,0.00,0.03,0,0
vda,1.40,0.00,0.01,0,0
vda,2.80,0.00,0.01,0,0
vda,0.20,0.00,0.00,0,0
vda,15.80,0.00,0.07,0,0
vda,18.20,0.00,0.07,0,0
vda,0.20,0.00,0.00,0,0
vda,1.20,0.00,0.00,0,0
vda,11.40,0.00,0.05,0,0
vda,1.60,0.00,0.01,0,0
vda,2.40,0.00,0.01,0,0
vda,10.20,0.00,0.05,0,0
vda,17.00,0.00,0.07,0,0
vda,1.40,0.00,0.00,0,0
vda,27.80,0.00,0.11,0,0
vda,2.80,0.00,0.01,0,0
vda,1.80,0.00,0.01,0,0
vda,45.60,0.00,0.18,0,0
vda,0.00,0.00,0.00,0,0
vda,1.20,0.00,0.00,0,0
vda,2.20,0.00,0.01,0,0
vda,0.00,0.00,0.00,0,0
vda,1.20,0.00,0.00,0,0
vda,2.80,0.00,0.01,0,0
vda,18.36,0.00,0.08,0,0
vda,3.00,0.00,0.01,0,0
vda,36.40,0.00,0.14,0,0
vda,1.20,0.00,0.00,0,0
vda,1.20,0.00,0.00,0,0
vda,2.80,0.00,0.01,0,0
vda,0.00,0.00,0.00,0,0
vda,27.60,0.00,0.11,0,0
vda,2.20,0.00,0.01,0,0
vda,0.00,0.00,0.00,0,0
vda,1.20,0.00,0.00,0,0
vda,38.00,0.00,0.15,0,0
vda,1.00,0.00,0.00,0,0
vda,1.20,0.00,0.00,0,0
vda,13.60,0.00,0.05,0,0
vda,1.20,0.00,0.01,0,0
vda,1.20,0.00,0.00,0,0
vda,9.00,0.00,0.04,0,0
vda,2.00,0.00,0.01,0,0
vda,1.20,0.00,0.00,0,0
vda,48.20,0.00,0.19,0,0
vda,0.20,0.00,0.00,0,0
vda,26.60,0.00,0.11,0,0
vda,3.00,0.00,0.01,0,0
vda,12.80,0.00,0.06,0,0
vda,2.00,0.00,0.01,0,0
vda,2.20,0.00,0.01,0,0
vda,0.00,0.00,0.00,0,0
vda,1.60,0.00,0.01,0,0
vda,38.40,0.00,0.15,0,0
vda,0.80,0.00,0.00,0,0
vda,1.20,0.00,0.00,0,0
vda,3.00,0.00,0.01,0,0
vda,1.00,0.00,0.00,0,0
vda,1.40,0.00,0.01,0,0
vda,2.40,0.00,0.01,0,0
vda,2.00,0.00,0.01,0,0
vda,18.40,0.00,0.07,0,0
vda,43.80,0.00,0.17,0,0
vda,0.60,0.00,0.00,0,0
vda,1.20,0.00,0.00,0,0
vda,1.60,0.00,0.01,0,0
vda,1.80,0.00,0.01,0,0
vda,3.80,0.00,0.02,0,0
vda,19.60,0.00,0.08,0,0
vda,0.00,0.00,0.00,0,0
vda,1.20,0.00,0.00,0,0
vda,36.60,0.00,0.14,0,0
vda,0.40,0.00,0.00,0,0
vda,9.00,0.00,0.04,0,0
vda,3.00,0.00,0.01,0,0
vda,2.40,0.00,0.01,0,0
vda,44.40,0.04,0.15,0,0
vda,44.40,0.00,0.21,0,1
vda,1.80,0.00,0.01,0,0
vda,0.00,0.00,0.00,0,0
vda,57.00,0.00,0.23,0,1
vda,8.00,0.00,0.03,0,0
vda,1.20,0.00,0.00,0,0
vda,38.20,0.00,0.15,0,0
vda,0.80,0.00,0.00,0,0
vda,1.20,0.00,0.00,0,0
vda,50.40,0.00,0.21,0,1
vda,1.80,0.00,0.01,0,0
vda,0.20,0.00,0.00,0,0
vda,45.60,0.00,0.19,0,0
vda,1.40,0.00,0.01,0,0
vda,1.20,0.00,0.00,0,0
vda,54.00,0.00,0.21,0,1
vda,0.60,0.00,0.00,0,0
vda,1.20,0.00,0.00,0,0
vda,36.60,0.00,0.15,0,0
vda,3.40,0.00,0.01,0,0
vda,2.20,0.00,0.01,0,0
vda,42.60,0.00,0.17,0,0
vda,1.80,0.00,0.01,0,0
vda,1.20,0.00,0.00,0,0
vda,37.20,0.00,0.15,0,0
vda,0.80,0.00,0.00,0,0
vda,2.20,0.00,0.01,0,0
vda,0.00,0.00,0.00,0,0
vda,1.40,0.00,0.00,0,0
vda,53.80,0.00,0.21,0,1
vda,2.40,0.00,0.01,0,0
vda,2.40,0.00,0.01,0,0
vda,45.40,0.00,0.18,0,0
vda,1.40,0.00,0.01,0,0
vda,0.00,0.00,0.00,0,0
vda,36.60,0.00,0.14,0,0
vda,2.40,0.00,0.01,0,0
vda,0.60,0.00,0.00,0,0
vda,53.00,0.00,0.21,0,1
vda,3.00,0.00,0.01,0,0
vda,0.60,0.00,0.00,0,0
vda,36.20,0.00,0.14,0,0
vda,3.60,0.00,0.01,0,0
vda,1.00,0.00,0.00,0,0
vda,2.20,0.00,0.01,0,0
vda,44.40,0.00,0.18,0,0
vda,0.00,0.00,0.00,0,0
vda,2.20,0.00,0.01,0,0
vda,0.60,0.00,0.00,0,0
vda,1.20,0.00,0.00,0,0
vda,2.20,0.00,0.01,0,0
vda,3.20,0.00,0.01,0,0
vda,2.20,0.00,0.01,0,0
vda,53.60,0.00,0.21,0,1
vda,0.00,0.00,0.00,0,0
vda,1.20,0.00,0.00,0,0
vda,44.40,0.00,0.18,0,0
vda,1.40,0.00,0.01,0,0
vda,0.00,0.00,0.00,0,0
vda,37.72,0.00,0.15,0,0
vda,5.20,0.00,0.02,0,0
vda,0.20,0.00,0.00,0,0
vda,1.60,0.00,0.01,0,0
vda,2.20,0.00,0.01,0,0
vda,0.00,0.00,0.00,0,0
vda,1.60,0.00,0.01,0,0
vda,27.40,0.00,0.11,0,0
vda,1.20,0.00,0.00,0,0
vda,35.60,0.00,0.14,0,0
vda,1.60,0.00,0.01,0,0
vda,1.20,0.00,0.00,0,0
vda,2.80,0.00,0.01,0,0
vda,2.40,0.00,0.01,0,0
vda,19.60,0.00,0.08,0,0
vda,2.20,0.00,0.01,0,0
vda,0.00,0.00,0.00,0,0
vda,1.20,0.00,0.00,0,0
vda,43.20,0.00,0.17,0,0
vda,2.00,0.00,0.01,0,0
vda,1.40,0.00,0.00,0,0
vda,2.00,0.00,0.01,0,0
vda,12.80,0.00,0.05,0,0
vda,2.40,0.00,0.01,0,0
vda,2.00,0.00,0.01,0,0
vda,2.40,0.00,0.01,0,0
vda,1.80,0.00,0.01,0,0
vda,48.40,0.00,0.19,0,0
vda,1.60,0.00,0.01,0,0
vda,13.00,0.00,0.06,0,0
vda,24.60,0.00,0.10,0,0
vda,1.80,0.00,0.01,0,0
vda,1.80,0.00,0.01,0,0
vda,5.00,0.00,0.02,0,0
vda,1.60,0.00,0.01,0,0
vda,2.20,0.00,0.01,0,0
vda,24.40,0.00,0.10,0,0
vda,14.80,0.00,0.06,0,0
vda,2.00,0.00,0.01,0,0
vda,32.00,0.00,0.16,0,0
vda,1.80,0.00,0.01,0,0
vda,1.40,0.00,0.00,0,0
vda,3.00,0.00,0.01,0,0
vda,4.60,0.00,0.02,0,0
vda,2.80,0.00,0.01,0,0
vda,51.40,0.00,0.20,0,1
vda,1.80,0.00,0.01,0,0
vda,1.20,0.00,0.00,0,0
vda,2.80,0.00,0.01,0,0
vda,9.20,0.00,0.04,0,0
vda,1.40,0.00,0.01,0,0
vda,1.20,0.00,0.00,0,0
vda,20.40,0.00,0.08,0,0
vda,1.00,0.00,0.00,0,0
vda,37.20,0.00,0.15,0,0
vda,0.00,0.00,0.00,0,0
vda,3.00,0.00,0.01,0,0
vda,1.80,0.00,0.01,0,0
vda,8.60,0.00,0.04,0,0
vda,1.20,0.00,0.00,0,0
vda,12.80,0.00,0.05,0,0
vda,12.40,0.00,0.05,0,0
vda,0.00,0.00,0.00,0,0
vda,37.40,0.00,0.15,0,0
vda,1.60,0.00,0.01,0,0
vda,1.20,0.00,0.00,0,0
vda,1.60,0.00,0.01,0,0
vda,18.80,0.00,0.07,0,0
vda,1.40,0.00,0.00,0,0
vda,1.20,0.00,0.00,0,0
vda,5.80,0.00,0.03,0,0
vda,1.40,0.00,0.01,0,0
vda,25.20,0.00,0.10,0,0
vda,1.40,0.00,0.01,0,0
vda,11.20,0.00,0.04,0,0
vda,1.20,0.00,0.00,0,0
vda,8.60,0.00,0.04,0,0
vda,2.80,0.00,0.02,0,0
vda,1.60,0.00,0.01,0,0
vda,3.80,0.00,0.01,0,0
vda,1.00,0.00,0.00,0,0
vda,53.60,0.00,0.21,0,1
vda,0.00,0.00,0.00,0,0
vda,1.20,0.00,0.00,0,0
vda,2.80,0.00,0.01,0,0
vda,9.00,0.00,0.04,0,0
vda,1.60,0.00,0.00,0,0
vda,1.20,0.00,0.00,0,0
vda,20.60,0.00,0.08,0,0
vda,1.60,0.00,0.01,0,0
vda,34.80,0.00,0.14,0,0
vda,3.20,0.00,0.02,0,0
vda,1.80,0.00,0.01,0,0
vda,2.40,0.00,0.01,0,0
vda,42.51,0.00,0.17,0,0
vda,1.60,0.00,0.01,0,0
vda,1.20,0.00,0.00,0,0
vda,4.20,0.00,0.02,0,0
vda,1.40,0.00,0.00,0,0
vda,2.40,0.00,0.01,0,0
vda,0.40,0.00,0.00,0,0
vda,20.00,0.00,0.08,0,0
vda,36.20,0.00,0.14,0,0
vda,8.60,0.00,0.04,0,0
vda,1.40,0.00,0.01,0,0
vda,1.20,0.00,0.00,0,0
vda,2.00,0.00,0.01,0,0
vda,1.60,0.00,0.01,0,0
vda,3.80,0.00,0.02,0,0
vda,13.80,0.00,0.05,0,0
vda,1.20,0.00,0.00,0,0
vda,22.80,0.00,0.09,0,0
vda,2.00,0.00,0.01,0,0
vda,1.40,0.00,0.01,0,0
vda,8.20,0.00,0.03,0,0
vda,2.80,0.00,0.01,0,0
vda,18.80,0.00,0.07,0,0
vda,3.60,0.00,0.01,0,0
vda,36.60,0.00,0.14,0,0
vda,0.00,0.00,0.00,0,0
vda,1.20,0.00,0.00,0,0
vda,0.00,0.00,0.00,0,0
vda,3.80,0.00,0.02,0,0
vda,8.40,0.00,0.03,0,0
vda,19.60,0.00,0.08,0,0
vda,0.80,0.00,0.00,0,0
vda,1.20,0.00,0.00,0,0
vda,36.60,0.00,0.14,0,0
vda,2.80,0.00,0.01,0,0
vda,2.80,0.00,0.01,0,0
vda,10.60,0.00,0.04,0,0
vda,36.80,0.00,0.15,0,0
vda,2.00,0.00,0.01,0,0
vda,1.20,0.00,0.00,0,0
vda,41.20,0.00,0.16,0,0
vda,1.60,0.00,0.01,0,0
vda,2.20,0.00,0.01,0,0
vda,2.20,0.00,0.01,0,0
vda,2.40,0.00,0.01,0,0
vda,2.60,0.00,0.01,0,0
vda,0.40,0.00,0.00,0,0
vda,38.00,0.00,0.15,0,0
vda,13.60,0.00,0.05,0,0
vda,7.40,0.00,0.03,0,0
vda,1.20,0.00,0.00,0,0
vda,2.00,0.00,0.01,0,0
vda,2.20,0.00,0.01,0,0
vda,1.60,0.00,0.01,0,0
vda,3.40,0.00,0.01,0,0
vda,26.60,0.00,0.11,0,0
vda,47.20,0.00,0.18,0,0
vda,14.40,0.00,0.06,0,0
vda,1.80,0.00,0.01,0,0
vda,2.00,0.00,0.01,0,0
vda,0.00,0.00,0.00,0,0
vda,36.80,0.00,0.15,0,0
vda,1.60,0.00,0.01,0,0
vda,1.60,0.00,0.01,0,0
vda,1.20,0.00,0.00,0,0
vda,2.60,0.00,0.01,0,0
vda,2.60,0.00,0.01,0,0
vda,0.40,0.00,0.00,0,0
vda,37.20,0.00,0.15,0,0
vda,17.80,0.00,0.07,0,0
vda,2.20,0.00,0.01,0,0
vda,8.20,0.00,0.03,0,0
vda,2.20,0.00,0.01,0,0
vda,0.40,0.00,0.00,0,0
vda,3.00,0.00,0.01,0,0
vda,25.20,0.00,0.10,0,0
vda,19.60,0.00,0.08,0,0
vda,1.20,0.00,0.00,0,0
vda,0.00,0.00,0.00,0,0
vda,9.60,0.00,0.04,0,0
vda,1.60,0.00,0.01,0,0
vda,0.20,0.00,0.00,0,0
vda,2.60,0.00,0.01,0,0
vda,3.20,0.00,0.02,0,0
vda,36.60,0.00,0.14,0,0
vda,16.20,0.00,0.06,0,0
vda,1.20,0.00,0.00,0,0
vda,0.00,0.00,0.00,0,0
vda,2.20,0.00,0.01,0,0
vda,1.40,0.00,0.01,0,0
vda,0.80,0.00,0.00,0,0
vda,12.40,0.00,0.05,0,0
vda,18.96,0.00,0.08,0,0
vda,4.20,0.00,0.02,0,0
