7477458.1333,182462.4,4140.5333333
7464172.0,169428.0,3988.0
7464172.0,169428.0,3988.0
6247584.0,363404.0,4052.0
6247584.0,363404.0,4052.0
6245777.0667,363407.73333,4111.7333333
6245648.0,363408.0,4116.0
6245648.0,363408.0,4116.0
6245648.0,363408.0,4116.0
6245648.0,363408.0,4116.0
6245648.0,363408.0,4116.0
6242964.0,363428.0,4212.0
6242964.0,363428.0,4212.0
6242040.8,363792.53333,4320.0
6229116.0,368896.0,5832.0
6229234.9333,369021.86667,5836.5333333
6230900.0,370784.0,5900.0
6230900.0,370784.0,5900.0
6230900.0,370784.0,5900.0
6230900.0,370784.0,5900.0
6230900.0,370784.0,5900.0
6230900.0,370784.0,5900.0
6230900.0,370784.0,5900.0
6229199.7333,371366.4,6012.0
6224524.0,372968.0,6320.0
6224524.0,372968.0,6320.0
6224524.0,372968.0,6320.0
6224524.0,372968.0,6320.0
6224524.0,372968.0,6320.0
6224524.0,372968.0,6320.0
6224524.0,372968.0,6320.0
6224524.0,372968.0,6320.0
6224524.0,372968.0,6320.0
6224524.0,372968.0,6320.0
6201004.0,372980.8,6409.6
6165724.0,373000.0,6544.0
6165724.0,373000.0,6544.0
6165724.0,373000.0,6544.0
6165724.0,373000.0,6544.0
6165724.0,373000.0,6544.0
6165143.4667,373005.6,6603.7333333
6164480.0,373012.0,6672.0
6163662.4,373016.8,6694.4
6162436.0,373024.0,6728.0
6162436.0,373024.0,6728.0
6162436.0,373024.0,6728.0
6162436.0,373024.0,6728.0
6462201.6,371712.0,6752.0
