7868459.4667,125758.66667,4173.8666667
7870100.0,113348.0,3872.0
7870100.0,113348.0,3872.0
7537518.6667,150049.86667,4033.3333333
7416580.0,163396.0,4092.0
7412259.2,163445.86667,4144.8
7410688.0,163464.0,4164.0
7410688.0,163464.0,4164.0
7349146.6667,163469.33333,4201.3333333
7318376.0,163472.0,4220.0
7318376.0,163472.0,4220.0
7318376.0,163472.0,4220.0
7318376.0,163472.0,4220.0
7316928.0,163530.66667,4305.3333333
7316204.0,163560.0,4348.0
7316204.0,163560.0,4348.0
7316204.0,163560.0,4348.0
7316204.0,163560.0,4348.0
7316204.0,163560.0,4348.0
7683041.3333,159192.0,4428.0
