7948064.0,80240.0,2016.0
7948064.0,80240.0,2016.0
6717671.2,330727.46667,3641.8666667
6528380.0,369264.0,3892.0
5548360.8,566256.0,3946.4
5303356.0,615504.0,3960.0
5303356.0,615504.0,3960.0
5301167.2,615507.2,4011.2
5300620.0,615508.0,4024.0
5300620.0,615508.0,4024.0
5300620.0,615508.0,4024.0
5300620.0,615508.0,4024.0
5300620.0,615508.0,4024.0
5300620.0,615508.0,4024.0
5300620.0,615508.0,4024.0
5300620.0,615508.0,4024.0
5300620.0,615508.0,4024.0
5299590.6667,615580.0,4200.0
5299076.0,615616.0,4288.0
5299076.0,615616.0,4288.0
5299973.6,615618.93333,4329.0666667
5300300.0,615620.0,4344.0
5300300.0,615620.0,4344.0
5300300.0,615620.0,4344.0
5300300.0,615620.0,4344.0
5300300.0,615620.0,4344.0
5300300.0,615620.0,4344.0
5300300.0,615620.0,4344.0
5165486.1333,615630.66667,4433.6
5047524.0,615640.0,4512.0
5051841.8667,615640.0,4537.6
5055620.0,615640.0,4560.0
5055620.0,615640.0,4560.0
5054763.2,615645.6,4589.8666667
5053784.0,615652.0,4624.0
5053784.0,615652.0,4624.0
5052475.4667,616027.2,4726.6666667
5050980.0,616456.0,4844.0
5050980.0,616456.0,4844.0
5049424.8,617642.13333,5061.6
5048064.0,618680.0,5252.0
5048064.0,618680.0,5252.0
5048064.0,618680.0,5252.0
5048064.0,618680.0,5252.0
5047520.0,618686.4,5322.4
5047044.0,618692.0,5384.0
5047044.0,618692.0,5384.0
5047605.0667,618700.53333,5418.1333333
5048096.0,618708.0,5448.0
5048096.0,618708.0,5448.0
5048096.0,618708.0,5448.0
5048096.0,618708.0,5448.0
5048096.0,618708.0,5448.0
5048096.0,618708.0,5448.0
5048096.0,618708.0,5448.0
5048096.0,618708.0,5448.0
5048096.0,618708.0,5448.0
5047278.4,618749.06667,5561.8666667
5046344.0,618796.0,5692.0
5046344.0,618796.0,5692.0
5046344.0,618796.0,5692.0
5046344.0,618796.0,5692.0
5046344.0,618796.0,5692.0
5046344.0,618796.0,5692.0
5046344.0,618796.0,5692.0
5046344.0,618796.0,5692.0
5046344.0,618796.0,5692.0
5046344.0,618796.0,5692.0
5046344.0,618796.0,5692.0
5046356.0,618794.66667,5774.6666667
5046380.0,618792.0,5940.0
5046380.0,618792.0,5940.0
5046380.0,618792.0,5940.0
5046380.0,618792.0,5940.0
5046380.0,618792.0,5940.0
5046380.0,618792.0,5940.0
5041497.8667,618859.2,5986.9333333
5028072.0,619044.0,6116.0
5028072.0,619044.0,6116.0
5028072.0,619044.0,6116.0
5028072.0,619044.0,6116.0
5028072.0,619044.0,6116.0
5028072.0,619044.0,6116.0
5028072.0,619044.0,6116.0
5028072.0,619044.0,6116.0
5028072.0,619044.0,6116.0
5028072.0,619044.0,6116.0
5028047.4667,619045.6,6149.0666667
5027888.0,619056.0,6364.0
5027888.0,619056.0,6364.0
5027888.0,619056.0,6364.0
5027888.0,619056.0,6364.0
5027888.0,619056.0,6364.0
5027888.0,619056.0,6364.0
5027888.0,619056.0,6364.0
5027888.0,619056.0,6364.0
5027888.0,619056.0,6364.0
5027888.0,619056.0,6364.0
5027888.0,619056.0,6364.0
5027888.0,619056.0,6364.0
5027710.4,619082.4,6429.6
5027000.0,619188.0,6692.0
5027000.0,619188.0,6692.0
5027000.0,619188.0,6692.0
5027000.0,619188.0,6692.0
5027000.0,619188.0,6692.0
5027000.0,619188.0,6692.0
5027000.0,619188.0,6692.0
5027000.0,619188.0,6692.0
5027000.0,619188.0,6692.0
5027000.0,619188.0,6692.0
5027000.0,619188.0,6692.0
5026924.8,619209.6,6738.4
5026624.0,619296.0,6924.0
5026624.0,619296.0,6924.0
5026624.0,619296.0,6924.0
5026624.0,619296.0,6924.0
5026624.0,619296.0,6924.0
5026624.0,619296.0,6924.0
5026624.0,619296.0,6924.0
5026624.0,619296.0,6924.0
5024881.6,619298.4,6973.6
5017912.0,619308.0,7172.0
5017912.0,619308.0,7172.0
5017912.0,619308.0,7172.0
5017912.0,619308.0,7172.0
5017912.0,619308.0,7172.0
5017912.0,619308.0,7172.0
5017912.0,619308.0,7172.0
5017912.0,619308.0,7172.0
5017912.0,619308.0,7172.0
5017912.0,619308.0,7172.0
5017912.0,619308.0,7172.0
5017912.0,619308.0,7172.0
5018600.0,619392.0,7412.0
5018600.0,619392.0,7412.0
5018600.0,619392.0,7412.0
5018600.0,619392.0,7412.0
5018600.0,619392.0,7412.0
5018600.0,619392.0,7412.0
5018600.0,619392.0,7412.0
5018600.0,619392.0,7412.0
5018600.0,619392.0,7412.0
5018600.0,619392.0,7412.0
5018600.0,619392.0,7412.0
5018600.0,619392.0,7412.0
5017941.3333,619402.4,7661.6
5017840.0,619404.0,7700.0
5017840.0,619404.0,7700.0
5017840.0,619404.0,7700.0
5017840.0,619404.0,7700.0
5017840.0,619404.0,7700.0
5017840.0,619404.0,7700.0
5017840.0,619404.0,7700.0
5015999.4667,619530.93333,7871.7333333
5015868.0,619540.0,7884.0
5017095.2,619543.46667,7932.5333333
5017284.0,619544.0,7940.0
5017284.0,619544.0,7940.0
5017284.0,619544.0,7940.0
5017284.0,619544.0,7940.0
5017284.0,619544.0,7940.0
5017284.0,619544.0,7940.0
5017284.0,619544.0,7940.0
5017284.0,619544.0,7940.0
5017284.0,619544.0,7940.0
5017284.0,619544.0,7940.0
5017284.0,619544.0,7940.0
5016935.2,619624.0,8119.2
5016848.0,619644.0,8164.0
5015187.2,619647.2,8215.2
5014772.0,619648.0,8228.0
5014772.0,619648.0,8228.0
5014772.0,619648.0,8228.0
5014772.0,619648.0,8228.0
5014772.0,619648.0,8228.0
5014772.0,619648.0,8228.0
5014772.0,619648.0,8228.0
5014772.0,619648.0,8228.0
5014772.0,619648.0,8228.0
5014772.0,619648.0,8228.0
5014772.0,619648.0,8228.0
5014263.2,619670.4,8420.0
5014136.0,619676.0,8468.0
5014136.0,619676.0,8468.0
5014136.0,619676.0,8468.0
5014136.0,619676.0,8468.0
5014136.0,619676.0,8468.0
5014136.0,619676.0,8468.0
5014136.0,619676.0,8468.0
5014136.0,619676.0,8468.0
5014136.0,619676.0,8468.0
5014136.0,619676.0,8468.0
5014155.2,619683.2,8640.8
5014168.0,619688.0,8756.0
5014168.0,619688.0,8756.0
5014168.0,619688.0,8756.0
5014168.0,619688.0,8756.0
5014168.0,619688.0,8756.0
5014168.0,619688.0,8756.0
5014168.0,619688.0,8756.0
5014168.0,619688.0,8756.0
5014168.0,619688.0,8756.0
5014168.0,619688.0,8756.0
5014168.0,619688.0,8756.0
5013645.8667,619749.6,8920.2666667
5013456.0,619772.0,8980.0
5013456.0,619772.0,8980.0
5013456.0,619772.0,8980.0
5013456.0,619772.0,8980.0
5013456.0,619772.0,8980.0
5013456.0,619772.0,8980.0
5013456.0,619772.0,8980.0
5013456.0,619772.0,8980.0
5013456.0,619772.0,8980.0
5000734.1333,619780.8,9144.2666667
4996108.0,619784.0,9204.0
4996108.0,619784.0,9204.0
4995215.2,619803.2,9248.8
4994992.0,619808.0,9260.0
4994124.8,619817.6,9298.4
4993908.0,619820.0,9308.0
4993908.0,619820.0,9308.0
4993908.0,619820.0,9308.0
4993908.0,619820.0,9308.0
4993908.0,619820.0,9308.0
4993908.0,619820.0,9308.0
4993908.0,619820.0,9308.0
4993908.0,619820.0,9308.0
4993908.0,619820.0,9308.0
4993908.0,619820.0,9308.0
4993908.0,619820.0,9308.0
4993545.3333,619817.86667,9423.2
4993228.0,619816.0,9524.0
4993228.0,619816.0,9524.0
4993228.0,619816.0,9524.0
4993228.0,619816.0,9524.0
4993228.0,619816.0,9524.0
4993228.0,619816.0,9524.0
6441342.4,615925.6,9620.0
7406752.0,613332.0,9684.0
