16195548.0,65152.0,1408.0
15622100.533,170073.6,3274.6666667
15581140.0,177568.0,3408.0
15581140.0,177568.0,3408.0
13726768.8,553222.4,3456.0
13263176.0,647136.0,3468.0
11773289.333,1069414.1333,3526.9333333
11544076.0,1134380.0,3536.0
11544076.0,1134380.0,3536.0
10187362.4,1530012.0,3587.2
9848184.0,1628920.0,3600.0
9848184.0,1628920.0,3600.0
8304894.4,1963169.6,3651.2
7919072.0,2046732.0,3664.0
6860085.8667,2081324.8,3705.0666667
6475000.0,2093904.0,3720.0
6475000.0,2093904.0,3720.0
6472656.2667,2093904.0,3766.9333333
6471804.0,2093904.0,3784.0
6471804.0,2093904.0,3784.0
6471804.0,2093904.0,3784.0
6471804.0,2093904.0,3784.0
6471804.0,2093904.0,3784.0
6471804.0,2093904.0,3784.0
6471804.0,2093904.0,3784.0
6471804.0,2093904.0,3784.0
6471804.0,2093904.0,3784.0
6471804.0,2093904.0,3784.0
6471804.0,2093904.0,3784.0
6471116.0,2094304.0,3969.6
6470944.0,2094404.0,4016.0
6470944.0,2094404.0,4016.0
6470944.0,2094404.0,4016.0
6470944.0,2094404.0,4016.0
6470944.0,2094404.0,4016.0
6470944.0,2094404.0,4016.0
6470944.0,2094404.0,4016.0
6470944.0,2094404.0,4016.0
6470944.0,2094404.0,4016.0
6470944.0,2094404.0,4016.0
6470944.0,2094404.0,4016.0
6470978.6667,2094422.6667,4213.3333333
6470996.0,2094432.0,4312.0
6470996.0,2094432.0,4312.0
6470996.0,2094432.0,4312.0
6470996.0,2094432.0,4312.0
6470996.0,2094432.0,4312.0
6470996.0,2094432.0,4312.0
6470996.0,2094432.0,4312.0
6470996.0,2094432.0,4312.0
6470996.0,2094432.0,4312.0
6470996.0,2094432.0,4312.0
6462254.6667,2099970.1333,5664.2666667
6459076.0,2101984.0,6156.0
6459076.0,2101984.0,6156.0
6459076.0,2101984.0,6156.0
6459076.0,2101984.0,6156.0
6459076.0,2101984.0,6156.0
6459076.0,2101984.0,6156.0
6459076.0,2101984.0,6156.0
6459076.0,2101984.0,6156.0
6459076.0,2101984.0,6156.0
6459076.0,2101984.0,6156.0
6459076.0,2101984.0,6156.0
6459495.2,2102003.2,6364.0
6459600.0,2102008.0,6416.0
6459600.0,2102008.0,6416.0
6459600.0,2102008.0,6416.0
6459600.0,2102008.0,6416.0
6459600.0,2102008.0,6416.0
6459600.0,2102008.0,6416.0
6459600.0,2102008.0,6416.0
6459600.0,2102008.0,6416.0
6459600.0,2102008.0,6416.0
6459600.0,2102008.0,6416.0
6459600.0,2102008.0,6416.0
6459168.0,2102180.0,6712.0
6459168.0,2102180.0,6712.0
6459168.0,2102180.0,6712.0
6455483.2,2102183.7333,6771.7333333
6455220.0,2102184.0,6776.0
6456662.1333,2102187.4667,6824.5333333
6456884.0,2102188.0,6832.0
6456884.0,2102188.0,6832.0
6458148.0,2102191.2,6883.2
6458464.0,2102192.0,6896.0
6458464.0,2102192.0,6896.0
6458464.0,2102192.0,6896.0
6458464.0,2102192.0,6896.0
6458464.0,2102192.0,6896.0
6458464.0,2102192.0,6896.0
6458464.0,2102192.0,6896.0
6458464.0,2102192.0,6896.0
6458464.0,2102192.0,6896.0
6458464.0,2102192.0,6896.0
6458464.0,2102192.0,6896.0
6458761.6,2102230.4,7084.8
6458836.0,2102240.0,7132.0
6458836.0,2102240.0,7132.0
6458836.0,2102240.0,7132.0
6458836.0,2102240.0,7132.0
6458836.0,2102240.0,7132.0
6458836.0,2102240.0,7132.0
6458836.0,2102240.0,7132.0
6458836.0,2102240.0,7132.0
6458836.0,2102240.0,7132.0
6458836.0,2102240.0,7132.0
6458836.0,2102240.0,7132.0
6458817.3333,2102261.3333,7334.6666667
6458808.0,2102272.0,7436.0
6458808.0,2102272.0,7436.0
6458808.0,2102272.0,7436.0
6458808.0,2102272.0,7436.0
6458808.0,2102272.0,7436.0
6458808.0,2102272.0,7436.0
6458808.0,2102272.0,7436.0
6458808.0,2102272.0,7436.0
6458808.0,2102272.0,7436.0
6458808.0,2102272.0,7436.0
6458808.0,2102272.0,7436.0
6458459.2,2102281.6,7621.6
6458372.0,2102284.0,7668.0
6458372.0,2102284.0,7668.0
6458372.0,2102284.0,7668.0
6458372.0,2102284.0,7668.0
6458372.0,2102284.0,7668.0
6458372.0,2102284.0,7668.0
6457037.6,2102360.8,7808.8
6456704.0,2102380.0,7844.0
6456704.0,2102380.0,7844.0
6456704.0,2102380.0,7844.0
6456704.0,2102380.0,7844.0
6456704.0,2102380.0,7844.0
6456704.0,2102380.0,7844.0
6456704.0,2102380.0,7844.0
6456704.0,2102380.0,7844.0
6456704.0,2102380.0,7844.0
6456704.0,2102380.0,7844.0
6456704.0,2102380.0,7844.0
6457924.8,2102417.3333,8075.4666667
6458012.0,2102420.0,8092.0
6458012.0,2102420.0,8092.0
6458012.0,2102420.0,8092.0
6458012.0,2102420.0,8092.0
6458012.0,2102420.0,8092.0
6458012.0,2102420.0,8092.0
6458012.0,2102420.0,8092.0
6458012.0,2102420.0,8092.0
6458012.0,2102420.0,8092.0
6458012.0,2102420.0,8092.0
6458012.0,2102420.0,8092.0
6457538.4,2102548.0,8335.2
6457420.0,2102580.0,8396.0
6457420.0,2102580.0,8396.0
6457420.0,2102580.0,8396.0
6457420.0,2102580.0,8396.0
6456725.6,2102576.8,8504.8
6456552.0,2102576.0,8532.0
6456552.0,2102576.0,8532.0
6456552.0,2102576.0,8532.0
6456552.0,2102576.0,8532.0
6456552.0,2102576.0,8532.0
6456552.0,2102576.0,8532.0
6456552.0,2102576.0,8532.0
6456552.0,2102576.0,8532.0
6456552.0,2102576.0,8532.0
6456552.0,2102576.0,8532.0
6456552.0,2102576.0,8532.0
6457436.0,2102610.6667,8753.8666667
6457572.0,2102616.0,8788.0
6457572.0,2102616.0,8788.0
6457572.0,2102616.0,8788.0
6457572.0,2102616.0,8788.0
6457572.0,2102616.0,8788.0
6457572.0,2102616.0,8788.0
6457572.0,2102616.0,8788.0
6457572.0,2102616.0,8788.0
6457572.0,2102616.0,8788.0
6457572.0,2102616.0,8788.0
6457572.0,2102616.0,8788.0
6456705.8667,2102627.2,9094.1333333
6456644.0,2102628.0,9116.0
6456644.0,2102628.0,9116.0
6454269.6,2104505.8667,9489.3333333
6454100.0,2104640.0,9516.0
6454100.0,2104640.0,9516.0
6454100.0,2104640.0,9516.0
6454100.0,2104640.0,9516.0
6454100.0,2104640.0,9516.0
6454100.0,2104640.0,9516.0
6454100.0,2104640.0,9516.0
6454100.0,2104640.0,9516.0
6454100.0,2104640.0,9516.0
6454100.0,2104640.0,9516.0
6454100.0,2104640.0,9516.0
6453840.0,2104660.0,9756.0
6453840.0,2104660.0,9756.0
6453840.0,2104660.0,9756.0
6453840.0,2104660.0,9756.0
6477340.0,2104676.0,9884.0
6477340.0,2104676.0,9884.0
6477340.0,2104676.0,9884.0
6477340.0,2104676.0,9884.0
6477340.0,2104676.0,9884.0
6477340.0,2104676.0,9884.0
6477340.0,2104676.0,9884.0
6477340.0,2104676.0,9884.0
6477340.0,2104676.0,9884.0
6477340.0,2104676.0,9884.0
6477340.0,2104676.0,9884.0
6477339.4667,2104676.8,9900.0
6477332.0,2104688.0,10124.0
6477332.0,2104688.0,10124.0
6477332.0,2104688.0,10124.0
6477332.0,2104688.0,10124.0
6477332.0,2104688.0,10124.0
6477332.0,2104688.0,10124.0
6477332.0,2104688.0,10124.0
6477332.0,2104688.0,10124.0
6477332.0,2104688.0,10124.0
6477332.0,2104688.0,10124.0
6477332.0,2104688.0,10124.0
6477265.8667,2104697.6,10198.666667
6477084.0,2104724.0,10404.0
6477084.0,2104724.0,10404.0
6477084.0,2104724.0,10404.0
6477084.0,2104724.0,10404.0
6477084.0,2104724.0,10404.0
6477084.0,2104724.0,10404.0
6477084.0,2104724.0,10404.0
6477084.0,2104724.0,10404.0
6477084.0,2104724.0,10404.0
6477084.0,2104724.0,10404.0
6477084.0,2104724.0,10404.0
6476916.8,2104730.4,10444.0
6476248.0,2104756.0,10604.0
6476248.0,2104756.0,10604.0
6476248.0,2104756.0,10604.0
6476248.0,2104756.0,10604.0
6476248.0,2104756.0,10604.0
6476248.0,2104756.0,10604.0
6476248.0,2104756.0,10604.0
6476248.0,2104756.0,10604.0
6476248.0,2104756.0,10604.0
6476248.0,2104756.0,10604.0
6476248.0,2104756.0,10604.0
6476288.8,2104756.8,10622.666667
6476860.0,2104768.0,10884.0
6476860.0,2104768.0,10884.0
6476860.0,2104768.0,10884.0
6476860.0,2104768.0,10884.0
6476860.0,2104768.0,10884.0
6476860.0,2104768.0,10884.0
6476860.0,2104768.0,10884.0
6476860.0,2104768.0,10884.0
6476860.0,2104768.0,10884.0
6476860.0,2104768.0,10884.0
6476860.0,2104768.0,10884.0
6476860.0,2104768.0,10884.0
6475684.8,2104788.8,11078.133333
6475504.0,2104792.0,11108.0
6475504.0,2104792.0,11108.0
6475504.0,2104792.0,11108.0
6475504.0,2104792.0,11108.0
6475504.0,2104792.0,11108.0
6475504.0,2104792.0,11108.0
6475504.0,2104792.0,11108.0
6475504.0,2104792.0,11108.0
6475504.0,2104792.0,11108.0
6475504.0,2104792.0,11108.0
6475504.0,2104792.0,11108.0
6475564.8,2104817.6,11364.0
6475580.0,2104824.0,11428.0
6475580.0,2104824.0,11428.0
6475580.0,2104824.0,11428.0
6475580.0,2104824.0,11428.0
6475580.0,2104824.0,11428.0
6475580.0,2104824.0,11428.0
6475580.0,2104824.0,11428.0
6475580.0,2104824.0,11428.0
6475580.0,2104824.0,11428.0
6475580.0,2104824.0,11428.0
6475580.0,2104824.0,11428.0
6474856.8,2104833.6,11639.2
6473578.4,2104836.0,11749.6
6473304.0,2104836.0,11764.0
6473304.0,2104836.0,11764.0
6474673.8667,2104844.8,11810.933333
6475172.0,2104848.0,11828.0
6475172.0,2104848.0,11828.0
6475172.0,2104848.0,11828.0
6475172.0,2104848.0,11828.0
6475172.0,2104848.0,11828.0
6475172.0,2104848.0,11828.0
6475172.0,2104848.0,11828.0
6475172.0,2104848.0,11828.0
6475172.0,2104848.0,11828.0
6475172.0,2104848.0,11828.0
6475172.0,2104848.0,11828.0
6474983.2,2104867.2,12013.6
6474936.0,2104872.0,12060.0
6474936.0,2104872.0,12060.0
6474936.0,2104872.0,12060.0
6474936.0,2104872.0,12060.0
6474936.0,2104872.0,12060.0
6474936.0,2104872.0,12060.0
6474936.0,2104872.0,12060.0
6474936.0,2104872.0,12060.0
6474936.0,2104872.0,12060.0
6474936.0,2104872.0,12060.0
6474544.8,2104886.4,12252.0
6474284.0,2104896.0,12380.0
6474284.0,2104896.0,12380.0
6474284.0,2104896.0,12380.0
6474284.0,2104896.0,12380.0
6474284.0,2104896.0,12380.0
6474284.0,2104896.0,12380.0
6474284.0,2104896.0,12380.0
6474284.0,2104896.0,12380.0
6474284.0,2104896.0,12380.0
6474284.0,2104896.0,12380.0
6474284.0,2104896.0,12380.0
6474021.3333,2104904.0,12465.333333
6473496.0,2104920.0,12636.0
6473496.0,2104920.0,12636.0
6473496.0,2104920.0,12636.0
6473496.0,2104920.0,12636.0
6473496.0,2104920.0,12636.0
6473496.0,2104920.0,12636.0
6473496.0,2104920.0,12636.0
6473496.0,2104920.0,12636.0
6473496.0,2104920.0,12636.0
6473496.0,2104920.0,12636.0
6473496.0,2104920.0,12636.0
6473848.8,2104938.6667,12774.133333
6474252.0,2104960.0,12932.0
6474252.0,2104960.0,12932.0
6474252.0,2104960.0,12932.0
6474252.0,2104960.0,12932.0
6474252.0,2104960.0,12932.0
6474252.0,2104960.0,12932.0
6474252.0,2104960.0,12932.0
6474252.0,2104960.0,12932.0
6474252.0,2104960.0,12932.0
6474252.0,2104960.0,12932.0
6474252.0,2104960.0,12932.0
6473956.0,2104998.4,13018.4
6473512.0,2105056.0,13148.0
6473512.0,2105056.0,13148.0
6473512.0,2105056.0,13148.0
6472768.0,2105057.6,13196.0
6471652.0,2105060.0,13268.0
6471652.0,2105060.0,13268.0
6472224.8,2105063.2,13290.4
6473084.0,2105068.0,13324.0
6473084.0,2105068.0,13324.0
6473084.0,2105068.0,13324.0
6473084.0,2105068.0,13324.0
6473084.0,2105068.0,13324.0
6473084.0,2105068.0,13324.0
6473084.0,2105068.0,13324.0
6473084.0,2105068.0,13324.0
6473084.0,2105068.0,13324.0
6473084.0,2105068.0,13324.0
6473084.0,2105068.0,13324.0
6472417.6,2105174.4,13436.0
6471656.0,2105296.0,13564.0
6471656.0,2105296.0,13564.0
6471656.0,2105296.0,13564.0
6471656.0,2105296.0,13564.0
6471656.0,2105296.0,13564.0
6471656.0,2105296.0,13564.0
6471656.0,2105296.0,13564.0
6471656.0,2105296.0,13564.0
6471656.0,2105296.0,13564.0
6471656.0,2105296.0,13564.0
6471656.0,2105296.0,13564.0
6556051.7333,2105309.0667,13698.4
6652504.0,2105324.0,13852.0
6652504.0,2105324.0,13852.0
6651784.0,2105327.2,13877.6
6650704.0,2105332.0,13916.0
6650704.0,2105332.0,13916.0
6650704.0,2105332.0,13916.0
6650704.0,2105332.0,13916.0
6650704.0,2105332.0,13916.0
6650704.0,2105332.0,13916.0
6650704.0,2105332.0,13916.0
6650704.0,2105332.0,13916.0
6650704.0,2105332.0,13916.0
6650704.0,2105332.0,13916.0
6650704.0,2105332.0,13916.0
6650714.6667,2105364.0,13998.666667
6650736.0,2105428.0,14164.0
6650736.0,2105428.0,14164.0
6650736.0,2105428.0,14164.0
6650736.0,2105428.0,14164.0
6650736.0,2105428.0,14164.0
6650736.0,2105428.0,14164.0
6650736.0,2105428.0,14164.0
6650736.0,2105428.0,14164.0
6650736.0,2105428.0,14164.0
6650736.0,2105428.0,14164.0
6650736.0,2105428.0,14164.0
6650601.3333,2105441.3333,14270.666667
6650332.0,2105468.0,14484.0
6650332.0,2105468.0,14484.0
6650332.0,2105468.0,14484.0
6650332.0,2105468.0,14484.0
6650332.0,2105468.0,14484.0
6650332.0,2105468.0,14484.0
6650332.0,2105468.0,14484.0
6650332.0,2105468.0,14484.0
6650332.0,2105468.0,14484.0
6650332.0,2105468.0,14484.0
6650209.8667,2105480.2667,14513.866667
6649416.0,2105560.0,14708.0
6649416.0,2105560.0,14708.0
6649416.0,2105560.0,14708.0
6649416.0,2105560.0,14708.0
6649416.0,2105560.0,14708.0
6649416.0,2105560.0,14708.0
6649229.6,2105590.4,14744.8
6648484.0,2105712.0,14892.0
6648484.0,2105712.0,14892.0
6648725.6,2105712.0,14903.2
6649692.0,2105712.0,14948.0
6649692.0,2105712.0,14948.0
6649692.0,2105712.0,14948.0
6649692.0,2105712.0,14948.0
6649692.0,2105712.0,14948.0
6649692.0,2105712.0,14948.0
6649692.0,2105712.0,14948.0
6649692.0,2105712.0,14948.0
6649692.0,2105712.0,14948.0
6649692.0,2105712.0,14948.0
6649692.0,2105712.0,14948.0
6649528.8,2105715.2,15005.6
6649080.0,2105724.0,15164.0
6649080.0,2105724.0,15164.0
6649080.0,2105724.0,15164.0
6649080.0,2105724.0,15164.0
6649080.0,2105724.0,15164.0
6649080.0,2105724.0,15164.0
6649080.0,2105724.0,15164.0
6649080.0,2105724.0,15164.0
6649080.0,2105724.0,15164.0
6649080.0,2105724.0,15164.0
6649080.0,2105724.0,15164.0
6649077.6,2105729.6,15220.0
6649068.0,2105752.0,15444.0
6649068.0,2105752.0,15444.0
6649068.0,2105752.0,15444.0
6649068.0,2105752.0,15444.0
6649068.0,2105752.0,15444.0
6649068.0,2105752.0,15444.0
6649068.0,2105752.0,15444.0
6649068.0,2105752.0,15444.0
6649068.0,2105752.0,15444.0
6649068.0,2105752.0,15444.0
6649068.0,2105752.0,15444.0
6648821.3333,2105758.6667,15521.333333
6648328.0,2105772.0,15676.0
6648328.0,2105772.0,15676.0
6648328.0,2105772.0,15676.0
6648328.0,2105772.0,15676.0
6648328.0,2105772.0,15676.0
6648328.0,2105772.0,15676.0
6648328.0,2105772.0,15676.0
6648328.0,2105772.0,15676.0
6648328.0,2105772.0,15676.0
6648328.0,2105772.0,15676.0
6648328.0,2105772.0,15676.0
6648260.0,2105779.2,15730.4
6647988.0,2105808.0,15948.0
6647988.0,2105808.0,15948.0
6647988.0,2105808.0,15948.0
6647988.0,2105808.0,15948.0
6647988.0,2105808.0,15948.0
6647988.0,2105808.0,15948.0
6647988.0,2105808.0,15948.0
6647988.0,2105808.0,15948.0
6647988.0,2105808.0,15948.0
6647988.0,2105808.0,15948.0
6647988.0,2105808.0,15948.0
6647962.9333,2105813.8667,15981.066667
6647800.0,2105852.0,16196.0
6647800.0,2105852.0,16196.0
6647800.0,2105852.0,16196.0
6647800.0,2105852.0,16196.0
6647800.0,2105852.0,16196.0
6647800.0,2105852.0,16196.0
6647800.0,2105852.0,16196.0
6647800.0,2105852.0,16196.0
6647800.0,2105852.0,16196.0
6647800.0,2105852.0,16196.0
6647800.0,2105852.0,16196.0
6647720.0,2105853.6,16256.8
6647400.0,2105860.0,16500.0
6647400.0,2105860.0,16500.0
6647545.0667,2105861.0667,16506.4
6648488.0,2105868.0,16548.0
6648488.0,2105868.0,16548.0
6648488.0,2105868.0,16548.0
6648488.0,2105868.0,16548.0
6648488.0,2105868.0,16548.0
6648488.0,2105868.0,16548.0
6648488.0,2105868.0,16548.0
6648488.0,2105868.0,16548.0
6648488.0,2105868.0,16548.0
6648488.0,2105868.0,16548.0
6648432.2667,2105869.8667,16564.533333
6647652.0,2105896.0,16796.0
6647652.0,2105896.0,16796.0
6647652.0,2105896.0,16796.0
6647652.0,2105896.0,16796.0
6647652.0,2105896.0,16796.0
6647652.0,2105896.0,16796.0
6647652.0,2105896.0,16796.0
6647652.0,2105896.0,16796.0
6647652.0,2105896.0,16796.0
6647652.0,2105896.0,16796.0
6647652.0,2105896.0,16796.0
6647652.0,2105896.0,16796.0
6647599.7333,2105898.1333,16837.6
6647260.0,2105912.0,17108.0
6647260.0,2105912.0,17108.0
6647260.0,2105912.0,17108.0
6647260.0,2105912.0,17108.0
6647260.0,2105912.0,17108.0
6647260.0,2105912.0,17108.0
6647260.0,2105912.0,17108.0
6647260.0,2105912.0,17108.0
6647260.0,2105912.0,17108.0
6647260.0,2105912.0,17108.0
6647260.0,2105912.0,17108.0
6647191.2,2105914.4,17159.2
6646916.0,2105924.0,17364.0
6646916.0,2105924.0,17364.0
6646916.0,2105924.0,17364.0
6646916.0,2105924.0,17364.0
6646916.0,2105924.0,17364.0
6646916.0,2105924.0,17364.0
6646916.0,2105924.0,17364.0
6646916.0,2105924.0,17364.0
6646916.0,2105924.0,17364.0
6646916.0,2105924.0,17364.0
6646916.0,2105924.0,17364.0
6646945.3333,2105928.8,17406.666667
6647136.0,2105960.0,17684.0
6647136.0,2105960.0,17684.0
6647136.0,2105960.0,17684.0
6647136.0,2105960.0,17684.0
6647136.0,2105960.0,17684.0
6647136.0,2105960.0,17684.0
6647136.0,2105960.0,17684.0
6728884.0,2105972.0,17844.0
6728884.0,2105972.0,17844.0
6728884.0,2105972.0,17844.0
6937392.0,2105976.0,17908.0
6937392.0,2105976.0,17908.0
6937392.0,2105976.0,17908.0
6937392.0,2105976.0,17908.0
6937392.0,2105976.0,17908.0
6937392.0,2105976.0,17908.0
6937392.0,2105976.0,17908.0
6937209.6,2105977.6,17932.533333
6936024.0,2105988.0,18092.0
6936024.0,2105988.0,18092.0
6936132.8,2105988.0,18096.266667
6937656.0,2105988.0,18156.0
6937656.0,2105988.0,18156.0
6937656.0,2105988.0,18156.0
6937656.0,2105988.0,18156.0
6937656.0,2105988.0,18156.0
6937656.0,2105988.0,18156.0
6937656.0,2105988.0,18156.0
6937656.0,2105988.0,18156.0
6937656.0,2105988.0,18156.0
6937656.0,2105988.0,18156.0
6937332.8,2105992.8,18188.0
6935232.0,2106024.0,18396.0
6935593.6,2106024.0,18407.2
6937040.0,2106024.0,18452.0
6937040.0,2106024.0,18452.0
6937040.0,2106024.0,18452.0
6937040.0,2106024.0,18452.0
6937040.0,2106024.0,18452.0
6937040.0,2106024.0,18452.0
6937040.0,2106024.0,18452.0
6937040.0,2106024.0,18452.0
6937040.0,2106024.0,18452.0
6937040.0,2106024.0,18452.0
6937040.0,2106024.0,18452.0
6937157.6,2106028.8,18500.0
6937628.0,2106048.0,18692.0
6937628.0,2106048.0,18692.0
6937628.0,2106048.0,18692.0
6937628.0,2106048.0,18692.0
6937628.0,2106048.0,18692.0
6937628.0,2106048.0,18692.0
6937628.0,2106048.0,18692.0
6937628.0,2106048.0,18692.0
6937628.0,2106048.0,18692.0
6937628.0,2106048.0,18692.0
6937628.0,2106048.0,18692.0
6937562.6667,2106057.6,18711.2
6936648.0,2106192.0,18980.0
6936648.0,2106192.0,18980.0
6936648.0,2106192.0,18980.0
6936648.0,2106192.0,18980.0
6936648.0,2106192.0,18980.0
6936648.0,2106192.0,18980.0
6936648.0,2106192.0,18980.0
6936648.0,2106192.0,18980.0
6936648.0,2106192.0,18980.0
6936648.0,2106192.0,18980.0
6936648.0,2106192.0,18980.0
6936680.2667,2106194.4,18995.466667
6937132.0,2106228.0,19212.0
6937132.0,2106228.0,19212.0
6937132.0,2106228.0,19212.0
6937132.0,2106228.0,19212.0
6937132.0,2106228.0,19212.0
6937132.0,2106228.0,19212.0
6937132.0,2106228.0,19212.0
6937132.0,2106228.0,19212.0
6937132.0,2106228.0,19212.0
6937132.0,2106228.0,19212.0
6937132.0,2106228.0,19212.0
6936939.2,2106232.8,19272.8
6936168.0,2106252.0,19516.0
6936168.0,2106252.0,19516.0
6936168.0,2106252.0,19516.0
6936168.0,2106252.0,19516.0
6936168.0,2106252.0,19516.0
6936168.0,2106252.0,19516.0
6936168.0,2106252.0,19516.0
6936168.0,2106252.0,19516.0
6936168.0,2106252.0,19516.0
6936168.0,2106252.0,19516.0
6936168.0,2106252.0,19516.0
6936122.1333,2106255.7333,19550.133333
6935824.0,2106280.0,19772.0
6935824.0,2106280.0,19772.0
6935824.0,2106280.0,19772.0
6935824.0,2106280.0,19772.0
6935824.0,2106280.0,19772.0
6935824.0,2106280.0,19772.0
6935824.0,2106280.0,19772.0
6935824.0,2106280.0,19772.0
6935824.0,2106280.0,19772.0
6935824.0,2106280.0,19772.0
6935824.0,2106280.0,19772.0
6935931.7333,2106284.8,19815.733333
6936632.0,2106316.0,20100.0
6936632.0,2106316.0,20100.0
6936632.0,2106316.0,20100.0
6936632.0,2106316.0,20100.0
6936632.0,2106316.0,20100.0
6936632.0,2106316.0,20100.0
6936632.0,2106316.0,20100.0
6936261.6,2106328.8,20140.0
6934780.0,2106380.0,20300.0
6934780.0,2106380.0,20300.0
6934780.0,2106380.0,20300.0
6934780.0,2106380.0,20300.0
6934780.0,2106380.0,20300.0
6934780.0,2106380.0,20300.0
6934780.0,2106380.0,20300.0
6934780.0,2106380.0,20300.0
6934780.0,2106380.0,20300.0
6934780.0,2106380.0,20300.0
6934780.0,2106380.0,20300.0
6934767.7333,2106381.6,20332.0
6934688.0,2106392.0,20540.0
6934688.0,2106392.0,20540.0
6934688.0,2106392.0,20540.0
6934688.0,2106392.0,20540.0
6934688.0,2106392.0,20540.0
6934688.0,2106392.0,20540.0
6934688.0,2106392.0,20540.0
6934688.0,2106392.0,20540.0
6934688.0,2106392.0,20540.0
6934688.0,2106392.0,20540.0
6934688.0,2106392.0,20540.0
6934633.6,2106396.2667,20579.466667
6934280.0,2106424.0,20836.0
6934280.0,2106424.0,20836.0
6934280.0,2106424.0,20836.0
6934280.0,2106424.0,20836.0
6934280.0,2106424.0,20836.0
6934280.0,2106424.0,20836.0
6934280.0,2106424.0,20836.0
6934280.0,2106424.0,20836.0
6934280.0,2106424.0,20836.0
6934280.0,2106424.0,20836.0
6934280.0,2106424.0,20836.0
6934282.1333,2106425.0667,20852.0
6934312.0,2106440.0,21076.0
6934312.0,2106440.0,21076.0
6934312.0,2106440.0,21076.0
6934414.4,2106444.2667,21122.933333
6934414.4,2106444.2667,21122.933333
6934504.0,2106448.0,21164.0
6934504.0,2106448.0,21164.0
6934504.0,2106448.0,21164.0
6934504.0,2106448.0,21164.0
6934432.0,2106448.2667,21169.6
6933424.0,2106452.0,21248.0
6933516.8,2106452.8,21250.933333
6934816.0,2106464.0,21292.0
6934816.0,2106464.0,21292.0
6934816.0,2106464.0,21292.0
6934816.0,2106464.0,21292.0
6934816.0,2106464.0,21292.0
6934816.0,2106464.0,21292.0
6934816.0,2106464.0,21292.0
6934816.0,2106464.0,21292.0
6934816.0,2106464.0,21292.0
6934816.0,2106464.0,21292.0
6934389.6,2106468.8,21330.4
6932684.0,2106488.0,21484.0
6932684.0,2106488.0,21484.0
6933073.3333,2106491.2,21496.8
6934144.0,2106500.0,21532.0
6934144.0,2106500.0,21532.0
6934144.0,2106500.0,21532.0
6934144.0,2106500.0,21532.0
6934144.0,2106500.0,21532.0
6934144.0,2106500.0,21532.0
6934144.0,2106500.0,21532.0
6934144.0,2106500.0,21532.0
6934144.0,2106500.0,21532.0
6934144.0,2106500.0,21532.0
6934144.0,2106500.0,21532.0
6934083.2,2106503.2,21553.866667
6958456.5333,2106524.8,21699.466667
7305216.0,2106536.0,21748.0
7305216.0,2106536.0,21748.0
7305216.0,2106536.0,21748.0
7305216.0,2106536.0,21748.0
7305216.0,2106536.0,21748.0
7305216.0,2106536.0,21748.0
7305216.0,2106536.0,21748.0
7305200.5333,2106537.6,21770.4
7305100.0,2106548.0,21916.0
7305100.0,2106548.0,21916.0
7305100.0,2106548.0,21916.0
7305100.0,2106548.0,21916.0
7305100.0,2106548.0,21916.0
7305100.0,2106548.0,21916.0
7305100.0,2106548.0,21916.0
7305100.0,2106548.0,21916.0
7305100.0,2106548.0,21916.0
7305100.0,2106548.0,21916.0
7305100.0,2106548.0,21916.0
7305100.0,2106548.0,21916.0
7305425.8667,2106558.4,22058.133333
7305476.0,2106560.0,22080.0
7305476.0,2106560.0,22080.0
7305476.0,2106560.0,22080.0
7305476.0,2106560.0,22080.0
7305476.0,2106560.0,22080.0
7305476.0,2106560.0,22080.0
7305476.0,2106560.0,22080.0
7305476.0,2106560.0,22080.0
7305476.0,2106560.0,22080.0
7305476.0,2106560.0,22080.0
7305476.0,2106560.0,22080.0
7305927.2,2106585.6,22259.2
7306040.0,2106592.0,22304.0
7306040.0,2106592.0,22304.0
7306040.0,2106592.0,22304.0
7306040.0,2106592.0,22304.0
7306040.0,2106592.0,22304.0
7306040.0,2106592.0,22304.0
7306040.0,2106592.0,22304.0
7304941.0667,2106612.8,22442.666667
7304772.0,2106616.0,22464.0
7304772.0,2106616.0,22464.0
7304772.0,2106616.0,22464.0
7304772.0,2106616.0,22464.0
7304772.0,2106616.0,22464.0
7304772.0,2106616.0,22464.0
7304772.0,2106616.0,22464.0
7304772.0,2106616.0,22464.0
7304772.0,2106616.0,22464.0
7304772.0,2106616.0,22464.0
7304772.0,2106616.0,22464.0
7304884.0,2106645.8667,22646.933333
7304892.0,2106648.0,22660.0
7304892.0,2106648.0,22660.0
7304892.0,2106648.0,22660.0
7304892.0,2106648.0,22660.0
7304892.0,2106648.0,22660.0
7304892.0,2106648.0,22660.0
7304892.0,2106648.0,22660.0
7304892.0,2106648.0,22660.0
7304892.0,2106648.0,22660.0
7304892.0,2106648.0,22660.0
7304892.0,2106648.0,22660.0
7304840.0,2106688.0,22888.0
7304840.0,2106688.0,22888.0
7304840.0,2106688.0,22888.0
7304840.0,2106688.0,22888.0
7304840.0,2106688.0,22888.0
7304840.0,2106688.0,22888.0
7304840.0,2106688.0,22888.0
7304840.0,2106688.0,22888.0
7304840.0,2106688.0,22888.0
7304840.0,2106688.0,22888.0
7304840.0,2106688.0,22888.0
7304840.0,2106688.0,22888.0
7305211.2,2106691.2,23019.2
7305304.0,2106692.0,23052.0
7305304.0,2106692.0,23052.0
7305304.0,2106692.0,23052.0
7305304.0,2106692.0,23052.0
7305304.0,2106692.0,23052.0
7305454.4,2106701.6,23176.8
7305492.0,2106704.0,23208.0
7305492.0,2106704.0,23208.0
7305492.0,2106704.0,23208.0
7305492.0,2106704.0,23208.0
7305492.0,2106704.0,23208.0
7305492.0,2106704.0,23208.0
7305492.0,2106704.0,23208.0
7305492.0,2106704.0,23208.0
7305492.0,2106704.0,23208.0
7305492.0,2106704.0,23208.0
7305492.0,2106704.0,23208.0
7305021.6,2106726.4,23380.8
7304904.0,2106732.0,23424.0
7304904.0,2106732.0,23424.0
7304904.0,2106732.0,23424.0
7304904.0,2106732.0,23424.0
7304904.0,2106732.0,23424.0
7304904.0,2106732.0,23424.0
7304904.0,2106732.0,23424.0
7304904.0,2106732.0,23424.0
7304904.0,2106732.0,23424.0
7304904.0,2106732.0,23424.0
7304904.0,2106732.0,23424.0
7304325.3333,2106846.6667,23576.0
7304036.0,2106904.0,23652.0
7304036.0,2106904.0,23652.0
7304036.0,2106904.0,23652.0
7304036.0,2106904.0,23652.0
7304036.0,2106904.0,23652.0
7304036.0,2106904.0,23652.0
7304036.0,2106904.0,23652.0
7304036.0,2106904.0,23652.0
7304036.0,2106904.0,23652.0
7304036.0,2106904.0,23652.0
7304036.0,2106904.0,23652.0
7304191.4667,2106918.6667,23792.8
7304248.0,2106924.0,23844.0
7304248.0,2106924.0,23844.0
7304248.0,2106924.0,23844.0
7304248.0,2106924.0,23844.0
7304248.0,2106924.0,23844.0
7304248.0,2106924.0,23844.0
7304248.0,2106924.0,23844.0
7304248.0,2106924.0,23844.0
7304248.0,2106924.0,23844.0
7304248.0,2106924.0,23844.0
7304248.0,2106924.0,23844.0
7304385.8667,2106950.4,24037.6
7304436.0,2106960.0,24108.0
7304436.0,2106960.0,24108.0
7304436.0,2106960.0,24108.0
7304436.0,2106960.0,24108.0
7304436.0,2106960.0,24108.0
7304436.0,2106960.0,24108.0
7304436.0,2106960.0,24108.0
7304436.0,2106960.0,24108.0
7304436.0,2106960.0,24108.0
7304436.0,2106960.0,24108.0
7304436.0,2106960.0,24108.0
7303628.0,2106984.0,24238.666667
7303224.0,2106996.0,24304.0
7303224.0,2106996.0,24304.0
7303224.0,2106996.0,24304.0
7303224.0,2106996.0,24304.0
7303224.0,2106996.0,24304.0
7303224.0,2106996.0,24304.0
7303224.0,2106996.0,24304.0
7303224.0,2106996.0,24304.0
7303224.0,2106996.0,24304.0
7303224.0,2106996.0,24304.0
7303224.0,2106996.0,24304.0
7303253.8667,2107003.4667,24406.666667
7303288.0,2107012.0,24524.0
7303288.0,2107012.0,24524.0
7303288.0,2107012.0,24524.0
7303288.0,2107012.0,24524.0
7303288.0,2107012.0,24524.0
7303288.0,2107012.0,24524.0
7303288.0,2107012.0,24524.0
7303288.0,2107012.0,24524.0
7303288.0,2107012.0,24524.0
7303288.0,2107012.0,24524.0
7302832.0,2107020.0,24578.666667
7301920.0,2107036.0,24688.0
7301920.0,2107036.0,24688.0
7301920.0,2107036.0,24688.0
7301920.0,2107036.0,24688.0
7301920.0,2107036.0,24688.0
7301920.0,2107036.0,24688.0
7301920.0,2107036.0,24688.0
7301920.0,2107036.0,24688.0
7301920.0,2107036.0,24688.0
7301920.0,2107036.0,24688.0
7301920.0,2107036.0,24688.0
7302404.8,2107048.8,24766.4
7303132.0,2107068.0,24884.0
7303132.0,2107068.0,24884.0
7303132.0,2107068.0,24884.0
7493197.6,2107077.6,24930.4
7778296.0,2107092.0,25000.0
7778296.0,2107092.0,25000.0
7778296.0,2107092.0,25000.0
7778296.0,2107092.0,25000.0
7778296.0,2107092.0,25000.0
7778296.0,2107092.0,25000.0
7778296.0,2107092.0,25000.0
7778296.0,2107092.0,25000.0
7778296.0,2107092.0,25000.0
7778296.0,2107092.0,25000.0
7778296.0,2107092.0,25000.0
7778838.4,2107118.4,25115.2
7779200.0,2107136.0,25192.0
7779200.0,2107136.0,25192.0
7779200.0,2107136.0,25192.0
7779200.0,2107136.0,25192.0
7779200.0,2107136.0,25192.0
7779200.0,2107136.0,25192.0
7779200.0,2107136.0,25192.0
7779200.0,2107136.0,25192.0
7779200.0,2107136.0,25192.0
7779200.0,2107136.0,25192.0
7779200.0,2107136.0,25192.0
7778774.4,2107626.9333,25294.666667
7778288.0,2108188.0,25412.0
7778288.0,2108188.0,25412.0
7778288.0,2108188.0,25412.0
7778288.0,2108188.0,25412.0
7778288.0,2108188.0,25412.0
7778288.0,2108188.0,25412.0
7778288.0,2108188.0,25412.0
7778288.0,2108188.0,25412.0
7778288.0,2108188.0,25412.0
7777408.0,2108322.6667,25470.666667
7775648.0,2108592.0,25588.0
7775648.0,2108592.0,25588.0
7775989.3333,2108588.0,25602.666667
7776672.0,2108580.0,25632.0
7776672.0,2108580.0,25632.0
7776672.0,2108580.0,25632.0
7776672.0,2108580.0,25632.0
7776672.0,2108580.0,25632.0
7776672.0,2108580.0,25632.0
7776672.0,2108580.0,25632.0
7776672.0,2108580.0,25632.0
7776672.0,2108580.0,25632.0
7776672.0,2108580.0,25632.0
7776672.0,2108580.0,25632.0
7776762.6667,2108582.1333,25678.933333
7777012.0,2108588.0,25808.0
7777012.0,2108588.0,25808.0
7777012.0,2108588.0,25808.0
7777012.0,2108588.0,25808.0
7777012.0,2108588.0,25808.0
7777012.0,2108588.0,25808.0
7777012.0,2108588.0,25808.0
7777012.0,2108588.0,25808.0
7777012.0,2108588.0,25808.0
7777012.0,2108588.0,25808.0
7777012.0,2108588.0,25808.0
7776926.4,2108596.8,25851.2
7776584.0,2108632.0,26024.0
7776584.0,2108632.0,26024.0
7776584.0,2108632.0,26024.0
7776584.0,2108632.0,26024.0
7776584.0,2108632.0,26024.0
7776584.0,2108632.0,26024.0
7776584.0,2108632.0,26024.0
7776584.0,2108632.0,26024.0
7776584.0,2108632.0,26024.0
7776584.0,2108632.0,26024.0
7776584.0,2108632.0,26024.0
7776460.2667,2108648.0,26067.733333
7776120.0,2108692.0,26188.0
7776120.0,2108692.0,26188.0
7776120.0,2108692.0,26188.0
7776120.0,2108692.0,26188.0
7776120.0,2108692.0,26188.0
7776120.0,2108692.0,26188.0
7776120.0,2108692.0,26188.0
7776120.0,2108692.0,26188.0
7776120.0,2108692.0,26188.0
7776120.0,2108692.0,26188.0
7776120.0,2108692.0,26188.0
7776182.6667,2108698.6667,26250.666667
7776308.0,2108712.0,26376.0
7776308.0,2108712.0,26376.0
7776308.0,2108712.0,26376.0
7776308.0,2108712.0,26376.0
7776308.0,2108712.0,26376.0
7776308.0,2108712.0,26376.0
7776308.0,2108712.0,26376.0
7775988.0,2108718.6667,26420.0
7775348.0,2108732.0,26508.0
7775348.0,2108732.0,26508.0
7775348.0,2108732.0,26508.0
7775348.0,2108732.0,26508.0
7775348.0,2108732.0,26508.0
7775348.0,2108732.0,26508.0
7775348.0,2108732.0,26508.0
7775348.0,2108732.0,26508.0
7775348.0,2108732.0,26508.0
7775348.0,2108732.0,26508.0
7775348.0,2108732.0,26508.0
7775460.0,2108764.8,26542.4
7775908.0,2108896.0,26680.0
7775908.0,2108896.0,26680.0
7775908.0,2108896.0,26680.0
7775908.0,2108896.0,26680.0
7775908.0,2108896.0,26680.0
7775908.0,2108896.0,26680.0
7775908.0,2108896.0,26680.0
7775908.0,2108896.0,26680.0
7775908.0,2108896.0,26680.0
7775908.0,2108896.0,26680.0
7775908.0,2108896.0,26680.0
7775882.4,2108900.2667,26749.333333
7775812.0,2108912.0,26940.0
7775812.0,2108912.0,26940.0
7775812.0,2108912.0,26940.0
7775812.0,2108912.0,26940.0
7775812.0,2108912.0,26940.0
7775812.0,2108912.0,26940.0
7775812.0,2108912.0,26940.0
7775812.0,2108912.0,26940.0
7775812.0,2108912.0,26940.0
7775812.0,2108912.0,26940.0
7775812.0,2108912.0,26940.0
7775829.0667,2108919.4667,26990.133333
7775876.0,2108940.0,27128.0
7775876.0,2108940.0,27128.0
7775876.0,2108940.0,27128.0
7775632.0,2108941.6,27146.4
7774656.0,2108948.0,27220.0
7774656.0,2108948.0,27220.0
7775005.8667,2108951.2,27234.933333
7775968.0,2108960.0,27276.0
7775968.0,2108960.0,27276.0
7775968.0,2108960.0,27276.0
7775968.0,2108960.0,27276.0
7775968.0,2108960.0,27276.0
7775968.0,2108960.0,27276.0
7775968.0,2108960.0,27276.0
7775968.0,2108960.0,27276.0
7775968.0,2108960.0,27276.0
7775583.2,2108963.2,27308.8
7774044.0,2108976.0,27440.0
7774044.0,2108976.0,27440.0
7774354.4,2108979.2,27451.2
7775596.0,2108992.0,27496.0
7775596.0,2108992.0,27496.0
7775596.0,2108992.0,27496.0
7775596.0,2108992.0,27496.0
7775596.0,2108992.0,27496.0
7775596.0,2108992.0,27496.0
7775596.0,2108992.0,27496.0
7775316.8,2108994.4,27520.8
7774200.0,2109004.0,27620.0
7774200.0,2109004.0,27620.0
7774200.0,2109004.0,27620.0
7774200.0,2109004.0,27620.0
7774200.0,2109004.0,27620.0
7774200.0,2109004.0,27620.0
7774200.0,2109004.0,27620.0
7774200.0,2109004.0,27620.0
7774200.0,2109004.0,27620.0
7774200.0,2109004.0,27620.0
7774200.0,2109004.0,27620.0
7774353.3333,2109013.3333,27680.0
7774660.0,2109032.0,27800.0
7774660.0,2109032.0,27800.0
7774660.0,2109032.0,27800.0
7774660.0,2109032.0,27800.0
7774660.0,2109032.0,27800.0
7774660.0,2109032.0,27800.0
7774660.0,2109032.0,27800.0
7774660.0,2109032.0,27800.0
7774660.0,2109032.0,27800.0
7854882.6667,2109084.0,27856.0
8015328.0,2109188.0,27968.0
8068151.4667,2109186.9333,27976.533333
8213416.0,2109184.0,28000.0
8213416.0,2109184.0,28000.0
8213416.0,2109184.0,28000.0
8213416.0,2109184.0,28000.0
8213416.0,2109184.0,28000.0
8213416.0,2109184.0,28000.0
8213416.0,2109184.0,28000.0
8213416.0,2109184.0,28000.0
8213416.0,2109184.0,28000.0
8213416.0,2109184.0,28000.0
8213416.0,2109184.0,28000.0
8213353.3333,2109189.3333,28061.333333
8213228.0,2109200.0,28184.0
8213228.0,2109200.0,28184.0
8213228.0,2109200.0,28184.0
8213228.0,2109200.0,28184.0
8213228.0,2109200.0,28184.0
8213228.0,2109200.0,28184.0
8213228.0,2109200.0,28184.0
8213228.0,2109200.0,28184.0
8213228.0,2109200.0,28184.0
8213228.0,2109200.0,28184.0
8213228.0,2109200.0,28184.0
8213362.4,2109214.4,28283.2
8213564.0,2109236.0,28432.0
8213564.0,2109236.0,28432.0
8213564.0,2109236.0,28432.0
8213564.0,2109236.0,28432.0
8213564.0,2109236.0,28432.0
8213564.0,2109236.0,28432.0
8213564.0,2109236.0,28432.0
8213564.0,2109236.0,28432.0
8213564.0,2109236.0,28432.0
8213564.0,2109236.0,28432.0
8213564.0,2109236.0,28432.0
8213191.2,2109248.8,28512.0
8212632.0,2109268.0,28632.0
8212632.0,2109268.0,28632.0
8212632.0,2109268.0,28632.0
8212632.0,2109268.0,28632.0
8212632.0,2109268.0,28632.0
8212632.0,2109268.0,28632.0
8212632.0,2109268.0,28632.0
8212632.0,2109268.0,28632.0
8212632.0,2109268.0,28632.0
8212632.0,2109268.0,28632.0
8212632.0,2109268.0,28632.0
8212632.0,2109268.0,28632.0
8212693.8667,2109310.6667,28757.866667
8212748.0,2109348.0,28868.0
8212025.6,2109352.8,28899.2
8211544.0,2109356.0,28920.0
8211544.0,2109356.0,28920.0
8211544.0,2109356.0,28920.0
8211544.0,2109356.0,28920.0
8211544.0,2109356.0,28920.0
8211544.0,2109356.0,28920.0
8211544.0,2109356.0,28920.0
8211544.0,2109356.0,28920.0
8211544.0,2109356.0,28920.0
8211544.0,2109356.0,28920.0
8211544.0,2109356.0,28920.0
8211624.0,2109377.3333,29050.666667
8211664.0,2109388.0,29116.0
8211664.0,2109388.0,29116.0
8211664.0,2109388.0,29116.0
8211664.0,2109388.0,29116.0
8211664.0,2109388.0,29116.0
8211664.0,2109388.0,29116.0
8211664.0,2109388.0,29116.0
8211664.0,2109388.0,29116.0
8211664.0,2109388.0,29116.0
8211664.0,2109388.0,29116.0
8211664.0,2109388.0,29116.0
8211672.5333,2109400.8,29222.666667
8211680.0,2109412.0,29316.0
8211680.0,2109412.0,29316.0
8211680.0,2109412.0,29316.0
8211680.0,2109412.0,29316.0
8211680.0,2109412.0,29316.0
8211680.0,2109412.0,29316.0
8211680.0,2109412.0,29316.0
8211680.0,2109412.0,29316.0
8211680.0,2109412.0,29316.0
8211680.0,2109412.0,29316.0
8211680.0,2109412.0,29316.0
8211613.8667,2109422.6667,29412.0
8211556.0,2109432.0,29496.0
8211556.0,2109432.0,29496.0
8211556.0,2109432.0,29496.0
8210444.8,2109446.4,29548.8
8209704.0,2109456.0,29584.0
8209704.0,2109456.0,29584.0
8210427.2,2109453.8667,29609.6
8211060.0,2109452.0,29632.0
8211060.0,2109452.0,29632.0
8211060.0,2109452.0,29632.0
8211060.0,2109452.0,29632.0
8211060.0,2109452.0,29632.0
8211060.0,2109452.0,29632.0
8211060.0,2109452.0,29632.0
8211060.0,2109452.0,29632.0
8211060.0,2109452.0,29632.0
8211060.0,2109452.0,29632.0
8209314.6667,2109463.7333,29758.133333
8208680.0,2109468.0,29804.0
8210248.0,2109470.6667,29825.333333
8211032.0,2109472.0,29836.0
8211032.0,2109472.0,29836.0
8211032.0,2109472.0,29836.0
8211032.0,2109472.0,29836.0
8211032.0,2109472.0,29836.0
8211032.0,2109472.0,29836.0
8211032.0,2109472.0,29836.0
8211032.0,2109472.0,29836.0
8211032.0,2109472.0,29836.0
8211032.0,2109472.0,29836.0
8211032.0,2109472.0,29836.0
8211440.0,2109490.6667,29950.666667
8211644.0,2109500.0,30008.0
8210209.3333,2109502.6667,30029.333333
8209492.0,2109504.0,30040.0
8210313.3333,2109504.0,30074.666667
8210724.0,2109504.0,30092.0
8210724.0,2109504.0,30092.0
8210724.0,2109504.0,30092.0
8210724.0,2109504.0,30092.0
8210724.0,2109504.0,30092.0
8210724.0,2109504.0,30092.0
8210724.0,2109504.0,30092.0
8210724.0,2109504.0,30092.0
8210724.0,2109504.0,30092.0
8210724.0,2109504.0,30092.0
8210724.0,2109504.0,30092.0
8211199.7333,2109518.9333,30181.6
8211616.0,2109532.0,30260.0
8211616.0,2109532.0,30260.0
8211616.0,2109532.0,30260.0
8211616.0,2109532.0,30260.0
8211616.0,2109532.0,30260.0
8211616.0,2109532.0,30260.0
8211616.0,2109532.0,30260.0
8211616.0,2109532.0,30260.0
8211616.0,2109532.0,30260.0
8211616.0,2109532.0,30260.0
8211616.0,2109532.0,30260.0
8211280.0,2109544.0,30341.333333
8210608.0,2109568.0,30504.0
8210608.0,2109568.0,30504.0
8210608.0,2109568.0,30504.0
8210608.0,2109568.0,30504.0
8210608.0,2109568.0,30504.0
8210608.0,2109568.0,30504.0
8210608.0,2109568.0,30504.0
8210608.0,2109568.0,30504.0
8210608.0,2109568.0,30504.0
8210608.0,2109568.0,30504.0
8210608.0,2109568.0,30504.0
8210443.7333,2109572.2667,30548.8
8210202.4,2109585.6,30682.4
8211044.0,2109592.0,30724.0
8211044.0,2109592.0,30724.0
8211044.0,2109592.0,30724.0
8211044.0,2109592.0,30724.0
8211044.0,2109592.0,30724.0
8211044.0,2109592.0,30724.0
8211044.0,2109592.0,30724.0
8211044.0,2109592.0,30724.0
8211044.0,2109592.0,30724.0
8211044.0,2109592.0,30724.0
8211044.0,2109592.0,30724.0
8210734.6667,2109598.6667,30781.333333
8210116.0,2109612.0,30896.0
8210116.0,2109612.0,30896.0
8210116.0,2109612.0,30896.0
8210116.0,2109612.0,30896.0
8210116.0,2109612.0,30896.0
8210116.0,2109612.0,30896.0
8292831.7333,2109618.4,30928.0
8520300.0,2109636.0,31016.0
8520300.0,2109636.0,31016.0
8520723.4667,2109637.0667,31028.8
8521888.0,2109640.0,31064.0
8521888.0,2109640.0,31064.0
8521888.0,2109640.0,31064.0
8521888.0,2109640.0,31064.0
8521888.0,2109640.0,31064.0
8521888.0,2109640.0,31064.0
8521888.0,2109640.0,31064.0
8521888.0,2109640.0,31064.0
8521888.0,2109640.0,31064.0
8521888.0,2109640.0,31064.0
8521888.0,2109640.0,31064.0
8521392.0,2109652.8,31150.4
8520648.0,2109672.0,31280.0
8520648.0,2109672.0,31280.0
8520648.0,2109672.0,31280.0
8520648.0,2109672.0,31280.0
8520648.0,2109672.0,31280.0
8520648.0,2109672.0,31280.0
8521194.9333,2109679.4667,31349.066667
8521820.0,2109688.0,31428.0
8521820.0,2109688.0,31428.0
8521820.0,2109688.0,31428.0
8521820.0,2109688.0,31428.0
8521820.0,2109688.0,31428.0
8521820.0,2109688.0,31428.0
8521820.0,2109688.0,31428.0
8521820.0,2109688.0,31428.0
8521820.0,2109688.0,31428.0
8521820.0,2109688.0,31428.0
8521820.0,2109688.0,31428.0
8521338.4,2109691.7333,31525.066667
8520788.0,2109696.0,31636.0
8520788.0,2109696.0,31636.0
8520788.0,2109696.0,31636.0
8520788.0,2109696.0,31636.0
8520788.0,2109696.0,31636.0
8520788.0,2109696.0,31636.0
8520788.0,2109696.0,31636.0
8520788.0,2109696.0,31636.0
8520788.0,2109696.0,31636.0
8520788.0,2109696.0,31636.0
8520487.2,2109758.4,31735.2
8520036.0,2109852.0,31884.0
8520036.0,2109852.0,31884.0
8520036.0,2109852.0,31884.0
8520036.0,2109852.0,31884.0
8520036.0,2109852.0,31884.0
8520036.0,2109852.0,31884.0
8520036.0,2109852.0,31884.0
8520036.0,2109852.0,31884.0
8520036.0,2109852.0,31884.0
8520036.0,2109852.0,31884.0
8520036.0,2109852.0,31884.0
8519982.6667,2109858.4,31933.066667
8519836.0,2109876.0,32068.0
8519836.0,2109876.0,32068.0
8519836.0,2109876.0,32068.0
8519836.0,2109876.0,32068.0
8519836.0,2109876.0,32068.0
8519836.0,2109876.0,32068.0
8519836.0,2109876.0,32068.0
8519836.0,2109876.0,32068.0
8519836.0,2109876.0,32068.0
8519836.0,2109876.0,32068.0
8519836.0,2109876.0,32068.0
8519708.0,2109882.4,32124.533333
8519356.0,2109900.0,32280.0
8519356.0,2109900.0,32280.0
8519356.0,2109900.0,32280.0
8519356.0,2109900.0,32280.0
8519356.0,2109900.0,32280.0
8519356.0,2109900.0,32280.0
8519356.0,2109900.0,32280.0
8518885.6,2109906.4,32306.666667
8517592.0,2109924.0,32380.0
8517592.0,2109924.0,32380.0
8518063.4667,2109925.0667,32394.933333
8519360.0,2109928.0,32436.0
8519360.0,2109928.0,32436.0
8519360.0,2109928.0,32436.0
8519360.0,2109928.0,32436.0
8519360.0,2109928.0,32436.0
8519360.0,2109928.0,32436.0
8519360.0,2109928.0,32436.0
8519360.0,2109928.0,32436.0
8519360.0,2109928.0,32436.0
8519360.0,2109928.0,32436.0
8519360.0,2109928.0,32436.0
8519169.3333,2109934.6667,32494.666667
8518788.0,2109948.0,32612.0
8518183.2,2109951.2,32624.8
8517276.0,2109956.0,32644.0
8517817.3333,2109957.8667,32658.933333
8518436.0,2109960.0,32676.0
8518436.0,2109960.0,32676.0
8518436.0,2109960.0,32676.0
8518436.0,2109960.0,32676.0
8518436.0,2109960.0,32676.0
8518436.0,2109960.0,32676.0
8518436.0,2109960.0,32676.0
8518436.0,2109960.0,32676.0
8518436.0,2109960.0,32676.0
8518436.0,2109960.0,32676.0
8518436.0,2109960.0,32676.0
8518592.8,2109974.9333,32756.266667
8518772.0,2109992.0,32848.0
8518275.4667,2109995.7333,32874.133333
8517708.0,2110000.0,32904.0
8518480.8,2110001.8667,32924.533333
8519364.0,2110004.0,32948.0
8519364.0,2110004.0,32948.0
8519364.0,2110004.0,32948.0
8519364.0,2110004.0,32948.0
8519364.0,2110004.0,32948.0
8519364.0,2110004.0,32948.0
8519364.0,2110004.0,32948.0
8519364.0,2110004.0,32948.0
8519364.0,2110004.0,32948.0
8519364.0,2110004.0,32948.0
8519364.0,2110004.0,32948.0
8519021.3333,2110016.0,33005.333333
8518336.0,2110040.0,33120.0
8518336.0,2110040.0,33120.0
8518336.0,2110040.0,33120.0
8518336.0,2110040.0,33120.0
8518336.0,2110040.0,33120.0
8518336.0,2110040.0,33120.0
8518336.0,2110040.0,33120.0
8518336.0,2110040.0,33120.0
8518336.0,2110040.0,33120.0
8518336.0,2110040.0,33120.0
8518336.0,2110040.0,33120.0
8518136.0,2110054.6667,33184.0
8517736.0,2110084.0,33312.0
8517736.0,2110084.0,33312.0
8517736.0,2110084.0,33312.0
8517736.0,2110084.0,33312.0
8517347.7333,2110089.3333,33333.333333
8516280.0,2110104.0,33392.0
8516280.0,2110104.0,33392.0
8516693.3333,2110108.0,33404.0
8517520.0,2110116.0,33428.0
8517520.0,2110116.0,33428.0
8517520.0,2110116.0,33428.0
8517520.0,2110116.0,33428.0
8517520.0,2110116.0,33428.0
8517520.0,2110116.0,33428.0
8517520.0,2110116.0,33428.0
8517520.0,2110116.0,33428.0
8517520.0,2110116.0,33428.0
8517520.0,2110116.0,33428.0
8516491.4667,2110127.2,33489.6
8515316.0,2110140.0,33560.0
8515316.0,2110140.0,33560.0
8516069.6,2110141.6,33579.2
8517200.0,2110144.0,33608.0
8517200.0,2110144.0,33608.0
8517200.0,2110144.0,33608.0
8517200.0,2110144.0,33608.0
8517200.0,2110144.0,33608.0
8517200.0,2110144.0,33608.0
8517200.0,2110144.0,33608.0
8517200.0,2110144.0,33608.0
8517200.0,2110144.0,33608.0
8517200.0,2110144.0,33608.0
8517200.0,2110144.0,33608.0
8516997.3333,2110162.6667,33706.666667
8516896.0,2110172.0,33756.0
8516896.0,2110172.0,33756.0
8516896.0,2110172.0,33756.0
8516896.0,2110172.0,33756.0
8516896.0,2110172.0,33756.0
8516896.0,2110172.0,33756.0
8516896.0,2110172.0,33756.0
8516896.0,2110172.0,33756.0
8808909.3333,2110174.9333,33858.666667
8915096.0,2110176.0,33896.0
8915096.0,2110176.0,33896.0
8988513.6,2110179.2,33924.8
9006868.0,2110180.0,33932.0
9006868.0,2110180.0,33932.0
9006868.0,2110180.0,33932.0
9006868.0,2110180.0,33932.0
9006868.0,2110180.0,33932.0
9006868.0,2110180.0,33932.0
9006868.0,2110180.0,33932.0
9006868.0,2110180.0,33932.0
9006868.0,2110180.0,33932.0
9006868.0,2110180.0,33932.0
9006868.0,2110180.0,33932.0
9007454.6667,2110200.5333,34031.733333
9007668.0,2110208.0,34068.0
9007668.0,2110208.0,34068.0
9007668.0,2110208.0,34068.0
9007668.0,2110208.0,34068.0
9007668.0,2110208.0,34068.0
9007668.0,2110208.0,34068.0
9007668.0,2110208.0,34068.0
9007668.0,2110208.0,34068.0
9007668.0,2110208.0,34068.0
9007668.0,2110208.0,34068.0
9007668.0,2110208.0,34068.0
9006823.2,2110233.6,34218.4
9006612.0,2110240.0,34256.0
9006612.0,2110240.0,34256.0
9006612.0,2110240.0,34256.0
9006612.0,2110240.0,34256.0
9006612.0,2110240.0,34256.0
9006612.0,2110240.0,34256.0
9006612.0,2110240.0,34256.0
9005509.0667,2110254.6667,34329.333333
9005108.0,2110260.0,34356.0
9005108.0,2110260.0,34356.0
9006221.6,2110260.0,34381.6
9006500.0,2110260.0,34388.0
9006500.0,2110260.0,34388.0
9006500.0,2110260.0,34388.0
9006500.0,2110260.0,34388.0
9006500.0,2110260.0,34388.0
9006500.0,2110260.0,34388.0
9006500.0,2110260.0,34388.0
9006500.0,2110260.0,34388.0
9006500.0,2110260.0,34388.0
9006500.0,2110260.0,34388.0
9006500.0,2110260.0,34388.0
9006731.7333,2110295.2,34473.066667
9006816.0,2110308.0,34504.0
9006816.0,2110308.0,34504.0
9006816.0,2110308.0,34504.0
9006816.0,2110308.0,34504.0
9006816.0,2110308.0,34504.0
9006816.0,2110308.0,34504.0
9006816.0,2110308.0,34504.0
9006816.0,2110308.0,34504.0
9006816.0,2110308.0,34504.0
9006816.0,2110308.0,34504.0
9006816.0,2110308.0,34504.0
9007058.4,2110317.6,34607.2
9007220.0,2110324.0,34676.0
9007220.0,2110324.0,34676.0
9007220.0,2110324.0,34676.0
9007220.0,2110324.0,34676.0
9007220.0,2110324.0,34676.0
9007220.0,2110324.0,34676.0
9007220.0,2110324.0,34676.0
9007220.0,2110324.0,34676.0
9007220.0,2110324.0,34676.0
9007220.0,2110324.0,34676.0
9007220.0,2110324.0,34676.0
9006990.6667,2110329.3333,34764.0
9006876.0,2110332.0,34808.0
9006876.0,2110332.0,34808.0
9006876.0,2110332.0,34808.0
9006876.0,2110332.0,34808.0
9006876.0,2110332.0,34808.0
9006876.0,2110332.0,34808.0
9006876.0,2110332.0,34808.0
9006876.0,2110332.0,34808.0
9006876.0,2110332.0,34808.0
9006876.0,2110332.0,34808.0
9006876.0,2110332.0,34808.0
9006465.3333,2110352.5333,34931.2
9006316.0,2110360.0,34976.0
9006316.0,2110360.0,34976.0
9006316.0,2110360.0,34976.0
9006316.0,2110360.0,34976.0
9006316.0,2110360.0,34976.0
9006316.0,2110360.0,34976.0
9006316.0,2110360.0,34976.0
9006316.0,2110360.0,34976.0
9006316.0,2110360.0,34976.0
9006316.0,2110360.0,34976.0
9006316.0,2110360.0,34976.0
9006431.2,2110453.6,35062.4
9006508.0,2110516.0,35120.0
9006508.0,2110516.0,35120.0
9006508.0,2110516.0,35120.0
9005626.9333,2110520.2667,35162.666667
9004856.0,2110524.0,35200.0
9005835.2,2110526.1333,35227.733333
9006692.0,2110528.0,35252.0
9006692.0,2110528.0,35252.0
9006692.0,2110528.0,35252.0
9006692.0,2110528.0,35252.0
9006692.0,2110528.0,35252.0
9006692.0,2110528.0,35252.0
9006692.0,2110528.0,35252.0
9006692.0,2110528.0,35252.0
9006692.0,2110528.0,35252.0
9006692.0,2110528.0,35252.0
9006692.0,2110528.0,35252.0
9006543.2,2110544.0,35304.8
9006320.0,2110568.0,35384.0
9006320.0,2110568.0,35384.0
9006320.0,2110568.0,35384.0
9006320.0,2110568.0,35384.0
9006320.0,2110568.0,35384.0
9006320.0,2110568.0,35384.0
9006320.0,2110568.0,35384.0
9006320.0,2110568.0,35384.0
9006320.0,2110568.0,35384.0
9006320.0,2110568.0,35384.0
9006320.0,2110568.0,35384.0
9005547.2,2110574.4,35467.2
9004388.0,2110584.0,35592.0
9004388.0,2110584.0,35592.0
9004928.0,2110584.0,35604.0
9006008.0,2110584.0,35628.0
9006008.0,2110584.0,35628.0
9006008.0,2110584.0,35628.0
9006008.0,2110584.0,35628.0
9006008.0,2110584.0,35628.0
9006008.0,2110584.0,35628.0
9006008.0,2110584.0,35628.0
9006008.0,2110584.0,35628.0
9006008.0,2110584.0,35628.0
9006008.0,2110584.0,35628.0
9006008.0,2110584.0,35628.0
9005636.8,2110588.8,35701.6
9005080.0,2110596.0,35812.0
9005080.0,2110596.0,35812.0
9005080.0,2110596.0,35812.0
9005080.0,2110596.0,35812.0
9005080.0,2110596.0,35812.0
9005080.0,2110596.0,35812.0
9005080.0,2110596.0,35812.0
9005080.0,2110596.0,35812.0
9005080.0,2110596.0,35812.0
9005080.0,2110596.0,35812.0
9005080.0,2110596.0,35812.0
9005050.1333,2110614.6667,35879.2
9005016.0,2110636.0,35956.0
9005016.0,2110636.0,35956.0
9005016.0,2110636.0,35956.0
9005016.0,2110636.0,35956.0
9005016.0,2110636.0,35956.0
9005016.0,2110636.0,35956.0
9005016.0,2110636.0,35956.0
9005016.0,2110636.0,35956.0
9005016.0,2110636.0,35956.0
9005016.0,2110636.0,35956.0
9005016.0,2110636.0,35956.0
9004610.6667,2110665.3333,36041.333333
9004408.0,2110680.0,36084.0
9004408.0,2110680.0,36084.0
9004408.0,2110680.0,36084.0
9004408.0,2110680.0,36084.0
9004408.0,2110680.0,36084.0
9004408.0,2110680.0,36084.0
9004800.0,2110682.6667,36150.666667
9004996.0,2110684.0,36184.0
9004996.0,2110684.0,36184.0
9004996.0,2110684.0,36184.0
9004996.0,2110684.0,36184.0
9122436.0,2110697.3333,36218.666667
9181156.0,2110704.0,36236.0
9181156.0,2110704.0,36236.0
9299360.5333,2110715.7333,36274.133333
9342344.0,2110720.0,36288.0
9342344.0,2110720.0,36288.0
9342344.0,2110720.0,36288.0
9342344.0,2110720.0,36288.0
9342344.0,2110720.0,36288.0
9342344.0,2110720.0,36288.0
9342344.0,2110720.0,36288.0
9342344.0,2110720.0,36288.0
9342344.0,2110720.0,36288.0
9342344.0,2110720.0,36288.0
9342344.0,2110720.0,36288.0
9342466.6667,2110738.6667,36373.333333
9342528.0,2110748.0,36416.0
9342528.0,2110748.0,36416.0
9342528.0,2110748.0,36416.0
9342528.0,2110748.0,36416.0
9342528.0,2110748.0,36416.0
9342528.0,2110748.0,36416.0
9342528.0,2110748.0,36416.0
9342528.0,2110748.0,36416.0
9342528.0,2110748.0,36416.0
9342528.0,2110748.0,36416.0
9342528.0,2110748.0,36416.0
9342165.3333,2110762.9333,36469.333333
9341848.0,2110776.0,36516.0
9341848.0,2110776.0,36516.0
9341848.0,2110776.0,36516.0
9341848.0,2110776.0,36516.0
9341086.4,2110790.9333,36552.266667
9340420.0,2110804.0,36584.0
9340420.0,2110804.0,36584.0
9341258.1333,2110804.0,36604.533333
9342216.0,2110804.0,36628.0
9342216.0,2110804.0,36628.0
9342216.0,2110804.0,36628.0
9342216.0,2110804.0,36628.0
9342216.0,2110804.0,36628.0
9342216.0,2110804.0,36628.0
9342216.0,2110804.0,36628.0
9342216.0,2110804.0,36628.0
9342216.0,2110804.0,36628.0
9342216.0,2110804.0,36628.0
9342216.0,2110804.0,36628.0
9341919.4667,2110882.9333,36698.4
9341660.0,2110952.0,36760.0
9341660.0,2110952.0,36760.0
9341660.0,2110952.0,36760.0
9341660.0,2110952.0,36760.0
9341660.0,2110952.0,36760.0
9341660.0,2110952.0,36760.0
9341660.0,2110952.0,36760.0
9341660.0,2110952.0,36760.0
9341660.0,2110952.0,36760.0
9341660.0,2110952.0,36760.0
9341660.0,2110952.0,36760.0
9341355.2,2110971.2,36868.0
9341152.0,2110984.0,36940.0
9341152.0,2110984.0,36940.0
9341152.0,2110984.0,36940.0
9341152.0,2110984.0,36940.0
9341152.0,2110984.0,36940.0
9341152.0,2110984.0,36940.0
9341152.0,2110984.0,36940.0
9341152.0,2110984.0,36940.0
9341152.0,2110984.0,36940.0
9341152.0,2110984.0,36940.0
9341152.0,2110984.0,36940.0
9341352.5333,2111001.0667,37018.933333
9341528.0,2111016.0,37088.0
9341528.0,2111016.0,37088.0
9341528.0,2111016.0,37088.0
9341528.0,2111016.0,37088.0
9341528.0,2111016.0,37088.0
9341528.0,2111016.0,37088.0
9341528.0,2111016.0,37088.0
9341528.0,2111016.0,37088.0
9341528.0,2111016.0,37088.0
9341528.0,2111016.0,37088.0
9341403.2,2111024.0,37169.6
9341216.0,2111036.0,37292.0
9341216.0,2111036.0,37292.0
9341216.0,2111036.0,37292.0
9341216.0,2111036.0,37292.0
9341216.0,2111036.0,37292.0
9341421.3333,2111043.4667,37327.466667
9341656.0,2111052.0,37368.0
9341656.0,2111052.0,37368.0
9341656.0,2111052.0,37368.0
9341656.0,2111052.0,37368.0
9341656.0,2111052.0,37368.0
9341656.0,2111052.0,37368.0
9341656.0,2111052.0,37368.0
9341656.0,2111052.0,37368.0
9341656.0,2111052.0,37368.0
9341656.0,2111052.0,37368.0
9340227.4667,2111066.6667,37467.733333
9339708.0,2111072.0,37504.0
9340860.0,2111077.3333,37528.0
9341436.0,2111080.0,37540.0
9341436.0,2111080.0,37540.0
9341436.0,2111080.0,37540.0
9341436.0,2111080.0,37540.0
9341436.0,2111080.0,37540.0
9341436.0,2111080.0,37540.0
9341436.0,2111080.0,37540.0
9341436.0,2111080.0,37540.0
9339982.6667,2111082.6667,37628.0
9339256.0,2111084.0,37672.0
9339256.0,2111084.0,37672.0
9339256.0,2111084.0,37672.0
9339256.0,2111084.0,37672.0
9339256.0,2111084.0,37672.0
9339256.0,2111084.0,37672.0
9339256.0,2111084.0,37672.0
9339256.0,2111084.0,37672.0
9339256.0,2111084.0,37672.0
9339256.0,2111084.0,37672.0
9339256.0,2111084.0,37672.0
9340017.6,2111096.8,37800.0
9340208.0,2111100.0,37832.0
9340208.0,2111100.0,37832.0
9340208.0,2111100.0,37832.0
9340208.0,2111100.0,37832.0
9340208.0,2111100.0,37832.0
9340208.0,2111100.0,37832.0
9340208.0,2111100.0,37832.0
9340208.0,2111100.0,37832.0
9340208.0,2111100.0,37832.0
9340208.0,2111100.0,37832.0
9340208.0,2111100.0,37832.0
9340013.8667,2111148.5333,37996.266667
9340000.0,2111152.0,38008.0
9340000.0,2111152.0,38008.0
9340000.0,2111152.0,38008.0
9340000.0,2111152.0,38008.0
9340000.0,2111152.0,38008.0
9340000.0,2111152.0,38008.0
9340000.0,2111152.0,38008.0
9338183.4667,2111155.4667,38098.133333
9337904.0,2111156.0,38112.0
9339424.0,2111162.4,38144.0
9339804.0,2111164.0,38152.0
9339804.0,2111164.0,38152.0
9339804.0,2111164.0,38152.0
9339804.0,2111164.0,38152.0
9339804.0,2111164.0,38152.0
9339804.0,2111164.0,38152.0
9339804.0,2111164.0,38152.0
9339804.0,2111164.0,38152.0
9339804.0,2111164.0,38152.0
9339804.0,2111164.0,38152.0
9338714.4,2111176.0,38231.2
9337988.0,2111184.0,38284.0
9339178.4,2111186.4,38298.4
9339972.0,2111188.0,38308.0
9339972.0,2111188.0,38308.0
9339972.0,2111188.0,38308.0
9339972.0,2111188.0,38308.0
9339972.0,2111188.0,38308.0
9339972.0,2111188.0,38308.0
9339972.0,2111188.0,38308.0
9339972.0,2111188.0,38308.0
9339972.0,2111188.0,38308.0
9339972.0,2111188.0,38308.0
9339972.0,2111188.0,38308.0
9339482.4,2111202.4,38392.0
9339156.0,2111212.0,38448.0
9339156.0,2111212.0,38448.0
9339156.0,2111212.0,38448.0
9339156.0,2111212.0,38448.0
9339156.0,2111212.0,38448.0
9339156.0,2111212.0,38448.0
9339156.0,2111212.0,38448.0
9339156.0,2111212.0,38448.0
9339156.0,2111212.0,38448.0
9339156.0,2111212.0,38448.0
9339156.0,2111212.0,38448.0
10930190.667,2109040.0,38512.0
14112260.0,2104696.0,38640.0
