data_points,dimensions,k,time
25000,10,10,5
25000,10,100,11
25000,10,200,15
25000,10,300,20
25000,10,400,24
25000,10,500,32
25000,10,600,36
25000,10,700,43
25000,10,800,47
25000,10,900,52
25000,10,1000,59
25000,10,1200,71
25000,10,1400,76
25000,10,1600,88
25000,50,10,15
25000,50,100,31
25000,50,200,56
25000,50,300,79
25000,50,400,101
25000,50,500,124
25000,50,600,143
25000,50,700,170
25000,50,800,189
25000,50,900,208
25000,50,1000,232
25000,50,1200,290
25000,50,1400,335
25000,50,1600,374
25000,100,10,24
25000,100,100,65
25000,100,200,101
25000,100,300,144
25000,100,400,197
25000,100,500,239
25000,100,600,269
25000,100,700,323
25000,100,800,372
25000,100,900,398
25000,100,1000,448
25000,100,1200,548
25000,100,1400,643
25000,100,1600,708
25000,250,10,57
25000,250,100,139
25000,250,200,259
25000,250,300,347
25000,250,400,454
25000,250,500,570
25000,250,600,686
25000,250,700,761
25000,250,800,908
25000,250,900,986
25000,250,1000,1061
25000,250,1200,1404
25000,250,1400,1545
25000,250,1600,1754
25000,500,10,113
25000,500,100,300
25000,500,200,512
25000,500,300,701
25000,500,400,918
25000,500,500,1159
25000,500,600,1349
25000,500,700,1531
25000,500,800,1724
25000,500,900,1941
25000,500,1000,2393
25000,500,1200,2651
25000,500,1400,3064
25000,500,1600,3496
25000,750,10,183
25000,750,100,466
25000,750,200,774
25000,750,300,1091
25000,750,400,1387
25000,750,500,1740
25000,750,600,2016
25000,750,700,2298
25000,750,800,2615
25000,750,900,3041
25000,750,1000,3302
25000,750,1200,3845
25000,750,1400,4104
25000,750,1600,4723
25000,1000,10,256
25000,1000,100,550
25000,1000,200,957
25000,1000,300,1338
25000,1000,400,1785
25000,1000,500,2305
25000,1000,600,2782
25000,1000,700,3160
25000,1000,800,3578
25000,1000,900,4018
25000,1000,1000,4442
25000,1000,1200,6394
25000,1000,1400,4913
25000,1000,1600,4692
