data_points,dimensions,k,mem_used_kb
25000,10,10,144351.555543
25000,10,100,149009.066666
25000,10,200,145107.288901
25000,10,300,219041.955554
25000,10,400,138119.933349
25000,10,500,177389.066651
25000,10,600,181934.666673
25000,10,700,181218.719987
25000,10,800,181868.106667
25000,10,900,176714.666673
25000,10,1000,202892.000006
25000,10,1200,204498.266661
25000,10,1400,217780.419042
25000,10,1600,209944.60953
25000,50,10,135472.355546
25000,50,100,288059.133342
25000,50,200,259253.866661
25000,50,300,268764.495234
25000,50,400,427299.288897
25000,50,500,394227.680004
25000,50,600,370868.177781
25000,50,700,369417.497436
25000,50,800,410898.876189
25000,50,900,406546.9
25000,50,1000,419884.651851
25000,50,1200,431445.155557
25000,50,1400,423385.909336
25000,50,1600,473485.323458
25000,100,10,136857.511111
25000,100,100,496721.142857
25000,100,200,468273.659259
25000,100,300,600703.636364
25000,100,400,587054.41778
25000,100,500,547611.051848
25000,100,600,557399.079996
25000,100,700,598421.811112
25000,100,800,597829.88642
25000,100,900,638836.885718
25000,100,1000,606765.041664
25000,100,1200,650016.314527
25000,100,1400,656415.940741
25000,100,1600,667872.995921
25000,250,10,664754.0
25000,250,100,802166.666663
25000,250,200,1190432.15439
25000,250,300,957489.237333
25000,250,400,1052200.44445
25000,250,500,1052180.24666
25000,250,600,1055644.93889
25000,250,700,1086486.0
25000,250,800,1073304.88172
25000,250,900,1101419.92549
25000,250,1000,1091095.3242
25000,250,1200,1119519.05833
25000,250,1400,1128083.49206
25000,250,1600,1144174.59048
25000,500,10,1153856.94814
25000,500,100,1437851.27273
25000,500,200,1448574.7964
25000,500,300,1506186.98333
25000,500,400,1706570.775
25000,500,500,1551433.41097
25000,500,600,1776514.57101
25000,500,700,1568087.75128
25000,500,800,1636105.71624
25000,500,900,1636326.20808
25000,500,1000,1630430.2294
25000,500,1200,1693804.03146
25000,500,1400,1677509.17745
25000,500,1600,1652703.4122
25000,750,10,1750532.0381
25000,750,100,1737778.6101
25000,750,200,1947866.42012
25000,750,300,1945936.17778
25000,750,400,1890504.26386
25000,750,500,2006026.54011
25000,750,600,1987891.96275
25000,750,700,1976077.30581
25000,750,800,2018255.29697
25000,750,900,1980067.27545
25000,750,1000,2061402.83003
25000,750,1200,1996753.24067
25000,750,1400,1987947.91273
25000,750,1600,2055876.76456
25000,1000,10,1957164.18245
25000,1000,100,2345839.18597
25000,1000,200,2199822.27692
25000,1000,300,2275479.2058
25000,1000,400,2211492.01983
25000,1000,500,2355305.96239
25000,1000,600,2355392.6631
25000,1000,700,2358554.4964
25000,1000,800,2442683.4899
25000,1000,900,2496694.36049
25000,1000,1000,2365790.31767
25000,1000,1200,2457132.40436
25000,1000,1400,2427553.64929
25000,1000,1600,2415149.1564
