vda,60.80,0.24,0.00,1,0
vda,76.80,0.53,0.02,2,0
vda,78.60,0.16,0.19,0,0
vda,0.00,0.00,0.00,0,0
vda,2.80,0.00,0.01,0,0
vda,1.20,0.00,0.00,0,0
vda,197.80,6.91,0.00,34,0
vda,104.60,1.19,0.07,5,0
vda,32.60,0.00,0.13,0,0
vda,36.40,0.37,1.41,1,7
vda,4.20,0.00,0.02,0,0
vda,2.00,0.00,0.01,0,0
vda,3.00,0.00,0.01,0,0
vda,0.00,0.00,0.00,0,0
vda,44.60,0.00,0.19,0,0
vda,0.80,0.00,0.00,0,0
vda,2.20,0.00,0.01,0,0
vda,35.40,0.00,0.15,0,0
vda,3.40,0.00,0.01,0,0
vda,2.20,0.00,0.01,0,0
vda,52.80,0.00,0.22,0,1
vda,6.20,0.00,0.02,0,0
vda,0.00,0.00,0.00,0,0
vda,43.20,0.00,0.18,0,0
vda,0.80,0.00,0.00,0,0
vda,2.20,0.00,0.01,0,0
