vda,34.00,0.07,0.07,0,0
vda,90.40,0.32,0.09,1,0
vda,17.60,0.02,0.05,0,0
vda,23.00,0.01,0.09,0,0
vda,161.60,1.01,0.14,5,0
vda,56.00,0.54,0.09,2,0
vda,142.60,4.00,0.07,19,0
vda,114.60,3.95,0.97,19,4
vda,111.00,12.65,0.51,63,2
vda,117.20,14.22,0.01,71,0
vda,68.80,8.60,0.00,43,0
vda,137.00,12.50,0.15,62,0
vda,94.40,9.03,0.09,45,0
vda,112.60,12.12,0.06,60,0
vda,117.20,12.12,0.08,60,0
vda,115.00,9.65,0.15,48,0
vda,114.60,13.25,0.03,66,0
vda,103.00,10.17,0.09,50,0
vda,136.00,13.95,0.10,69,0
vda,112.60,13.78,0.01,68,0
vda,109.00,11.82,0.06,59,0
vda,2.00,0.00,0.01,0,0
vda,64.00,4.88,0.10,24,0
vda,101.40,12.68,0.00,63,0
vda,72.60,8.97,0.00,44,0
vda,26.40,3.02,0.01,15,0
vda,38.40,1.12,0.12,5,0
vda,13.60,0.90,0.02,4,0
vda,35.80,1.75,0.09,8,0
vda,27.20,0.07,0.11,0,0
vda,48.60,2.62,0.11,13,0
vda,58.80,3.95,0.11,19,0
vda,47.80,5.35,0.02,26,0
vda,68.80,8.38,0.01,41,0
vda,90.20,7.20,0.13,36,0
vda,66.40,7.78,0.02,38,0
vda,70.40,5.92,0.10,29,0
vda,88.60,7.92,0.10,39,0
vda,51.20,4.80,0.05,24,0
vda,87.20,9.85,0.04,49,0
vda,67.86,2.60,0.19,13,0
vda,8.20,0.00,0.03,0,0
vda,108.80,12.33,0.04,61,0
vda,103.40,9.43,0.11,47,0
vda,98.00,11.92,0.01,59,0
vda,84.80,10.50,0.00,52,0
vda,119.40,10.17,0.15,50,0
vda,125.00,15.38,0.01,76,0
vda,132.00,14.50,0.07,72,0
vda,116.80,11.05,0.11,55,0
vda,98.60,11.05,0.04,55,0
vda,126.80,15.85,0.00,79,0
vda,132.40,11.41,0.17,57,0
vda,15.40,0.00,0.06,0,0
vda,15.60,0.00,0.07,0,0
vda,31.00,0.00,0.13,0,0
vda,18.40,0.00,0.07,0,0
vda,8.40,0.00,0.03,0,0
vda,28.60,0.00,0.11,0,0
vda,16.60,0.00,0.07,0,0
vda,1.60,0.00,0.01,0,0
vda,28.00,0.00,0.12,0,0
vda,22.80,0.00,0.09,0,0
vda,1.40,0.00,0.01,0,0
vda,30.60,0.00,0.13,0,0
vda,34.20,0.00,0.14,0,0
vda,2.80,0.00,0.01,0,0
vda,35.40,0.00,0.14,0,0
vda,2.20,0.00,0.01,0,0
vda,15.00,0.00,0.06,0,0
vda,31.00,0.00,0.12,0,0
vda,0.00,0.00,0.00,0,0
vda,14.60,0.00,0.06,0,0
vda,31.40,0.00,0.13,0,0
vda,16.20,0.02,0.04,0,0
vda,39.20,0.03,0.13,0,0
vda,6.40,0.02,0.01,0,0
vda,52.80,0.00,0.21,0,1
vda,2.00,0.00,0.01,0,0
vda,36.40,0.00,0.14,0,0
vda,15.40,0.00,0.06,0,0
vda,1.60,0.00,0.01,0,0
vda,31.20,0.00,0.13,0,0
vda,2.20,0.00,0.01,0,0
vda,22.20,0.00,0.09,0,0
vda,35.40,0.00,0.14,0,0
vda,2.80,0.00,0.01,0,0
vda,21.00,0.00,0.09,0,0
vda,33.80,0.00,0.13,0,0
vda,23.60,0.00,0.09,0,0
vda,2.80,0.00,0.01,0,0
vda,27.40,0.00,0.11,0,0
vda,18.00,0.00,0.07,0,0
vda,11.60,0.00,0.05,0,0
vda,38.00,0.00,0.15,0,0
vda,13.60,0.00,0.06,0,0
vda,1.60,0.00,0.01,0,0
vda,31.00,0.00,0.13,0,0
vda,19.80,0.00,0.08,0,0
vda,1.40,0.00,0.01,0,0
vda,41.20,0.00,0.17,0,0
vda,13.80,0.00,0.05,0,0
vda,11.00,0.00,0.05,0,0
vda,32.40,0.00,0.13,0,0
vda,14.60,0.00,0.06,0,0
vda,24.80,0.00,0.10,0,0
vda,9.00,0.00,0.04,0,0
vda,14.40,0.00,0.06,0,0
vda,24.80,0.00,0.10,0,0
vda,8.40,0.00,0.04,0,0
vda,27.40,0.00,0.11,0,0
vda,35.00,0.00,0.14,0,0
vda,8.20,0.00,0.03,0,0
vda,14.60,0.00,0.06,0,0
vda,24.20,0.00,0.10,0,0
vda,3.00,0.00,0.01,0,0
vda,17.00,0.00,0.07,0,0
vda,25.40,0.00,0.10,0,0
vda,1.40,0.00,0.01,0,0
vda,21.80,0.00,0.09,0,0
vda,3.00,0.00,0.01,0,0
vda,30.60,0.00,0.13,0,0
vda,19.60,0.00,0.08,0,0
vda,2.40,0.00,0.01,0,0
vda,38.60,0.00,0.16,0,0
vda,5.00,0.00,0.02,0,0
vda,32.00,0.00,0.13,0,0
vda,9.20,0.00,0.04,0,0
vda,13.97,0.00,0.05,0,0
vda,2.80,0.00,0.01,0,0
vda,18.40,0.00,0.08,0,0
vda,24.00,0.00,0.10,0,0
vda,14.00,0.00,0.05,0,0
vda,20.00,0.00,0.08,0,0
vda,0.00,0.00,0.00,0,0
vda,21.20,0.00,0.08,0,0
vda,28.40,0.00,0.11,0,0
vda,9.80,0.00,0.04,0,0
vda,21.20,0.00,0.09,0,0
vda,2.60,0.00,0.01,0,0
vda,37.00,0.00,0.15,0,0
vda,0.00,0.00,0.00,0,0
vda,37.20,0.00,0.15,0,0
vda,2.00,0.00,0.01,0,0
vda,14.40,0.00,0.06,0,0
vda,25.40,0.00,0.10,0,0
vda,0.00,0.00,0.00,0,0
vda,20.20,0.00,0.08,0,0
vda,30.20,0.00,0.12,0,0
vda,16.60,0.00,0.07,0,0
vda,0.00,0.00,0.00,0,0
vda,43.80,0.00,0.18,0,0
vda,1.40,0.00,0.01,0,0
vda,1.60,0.00,0.00,0,0
vda,28.20,0.00,0.12,0,0
vda,9.80,0.00,0.04,0,0
vda,14.40,0.00,0.06,0,0
vda,31.20,0.00,0.13,0,0
vda,1.40,0.00,0.01,0,0
vda,29.60,0.00,0.12,0,0
vda,42.60,0.00,0.17,0,0
vda,2.80,0.00,0.01,0,0
vda,1.20,0.00,0.00,0,0
vda,28.80,0.00,0.12,0,0
vda,8.40,0.00,0.03,0,0
vda,1.20,0.00,0.00,0,0
vda,37.40,0.00,0.15,0,0
vda,22.60,0.00,0.09,0,0
vda,9.40,0.00,0.04,0,0
vda,2.20,0.00,0.01,0,0
vda,38.60,0.00,0.16,0,0
vda,5.40,0.00,0.02,0,0
vda,41.60,0.00,0.16,0,0
vda,14.60,0.00,0.06,0,0
vda,2.60,0.00,0.01,0,0
vda,31.20,0.00,0.13,0,0
vda,20.60,0.00,0.08,0,0
vda,1.60,0.00,0.01,0,0
vda,16.60,0.00,0.07,0,0
vda,23.40,0.00,0.09,0,0
vda,22.60,0.00,0.09,0,0
vda,23.40,0.00,0.10,0,0
vda,1.20,0.00,0.00,0,0
vda,25.60,0.00,0.10,0,0
vda,26.00,0.00,0.11,0,0
vda,7.60,0.00,0.03,0,0
vda,22.00,0.00,0.09,0,0
vda,31.20,0.00,0.12,0,0
vda,0.20,0.00,0.00,0,0
vda,14.40,0.00,0.06,0,0
vda,31.20,0.00,0.13,0,0
vda,1.60,0.00,0.01,0,0
vda,14.20,0.00,0.06,0,0
vda,34.20,0.00,0.14,0,0
vda,1.40,0.00,0.01,0,0
vda,25.80,0.00,0.10,0,0
vda,36.80,0.00,0.15,0,0
vda,28.20,0.00,0.11,0,0
vda,1.20,0.00,0.00,0,0
vda,37.20,0.00,0.15,0,0
vda,0.00,0.00,0.00,0,0
vda,14.80,0.00,0.06,0,0
vda,30.80,0.00,0.12,0,0
vda,2.40,0.00,0.01,0,0
vda,14.37,0.00,0.06,0,0
vda,32.80,0.00,0.13,0,0
vda,7.20,0.00,0.03,0,0
vda,26.80,0.00,0.11,0,0
vda,33.80,0.00,0.13,0,0
vda,10.40,0.00,0.04,0,0
vda,14.40,0.00,0.06,0,0
vda,29.60,0.00,0.12,0,0
vda,4.00,0.00,0.02,0,0
vda,14.40,0.00,0.06,0,0
vda,29.60,0.00,0.12,0,0
vda,12.40,0.00,0.05,0,0
vda,20.40,0.00,0.08,0,0
vda,29.00,0.00,0.12,0,0
vda,2.40,0.00,0.01,0,0
vda,20.20,0.00,0.08,0,0
vda,35.40,0.00,0.14,0,0
vda,10.80,0.00,0.05,0,0
vda,14.20,0.00,0.06,0,0
vda,29.40,0.00,0.12,0,0
vda,2.60,0.00,0.01,0,0
vda,23.00,0.00,0.10,0,0
vda,3.20,0.00,0.01,0,0
vda,35.40,0.00,0.14,0,0
vda,1.40,0.00,0.01,0,0
vda,0.80,0.00,0.00,0,0
vda,41.80,0.00,0.17,0,0
vda,3.40,0.00,0.01,0,0
vda,2.20,0.00,0.01,0,0
vda,37.80,0.00,0.15,0,0
vda,10.60,0.00,0.04,0,0
vda,29.60,0.00,0.12,0,0
vda,4.40,0.00,0.02,0,0
vda,1.60,0.00,0.01,0,0
vda,40.80,0.00,0.17,0,0
vda,5.80,0.00,0.02,0,0
vda,12.80,0.00,0.05,0,0
vda,1.20,0.00,0.00,0,0
vda,15.20,0.00,0.06,0,0
vda,27.20,0.00,0.11,0,0
vda,3.00,0.00,0.01,0,0
vda,50.60,0.00,0.21,0,1
vda,4.80,0.00,0.02,0,0
vda,2.20,0.00,0.01,0,0
vda,35.60,0.00,0.14,0,0
vda,1.40,0.00,0.01,0,0
vda,33.20,0.00,0.13,0,0
vda,5.20,0.00,0.02,0,0
vda,16.60,0.00,0.07,0,0
vda,32.00,0.00,0.13,0,0
vda,1.20,0.00,0.00,0,0
vda,26.60,0.00,0.11,0,0
vda,0.00,0.00,0.00,0,0
vda,40.80,0.00,0.16,0,0
vda,7.20,0.00,0.03,0,0
vda,1.00,0.00,0.00,0,0
vda,35.40,0.00,0.14,0,0
vda,14.40,0.00,0.06,0,0
vda,35.00,0.00,0.14,0,0
vda,8.40,0.00,0.04,0,0
vda,13.80,0.00,0.05,0,0
vda,28.20,0.00,0.11,0,0
vda,5.40,0.00,0.03,0,0
vda,22.20,0.00,0.09,0,0
vda,34.40,0.00,0.14,0,0
vda,17.56,0.00,0.07,0,0
vda,1.00,0.00,0.00,0,0
vda,37.60,0.00,0.15,0,0
vda,1.60,0.00,0.01,0,0
vda,40.80,0.00,0.16,0,0
vda,2.40,0.00,0.01,0,0
vda,1.20,0.00,0.00,0,0
