vda,14.00,0.06,0.00,0,0
vda,2.40,0.00,0.01,0,0
vda,69.60,0.27,0.00,1,0
vda,2.20,0.00,0.01,0,0
vda,1.20,0.00,0.00,0,0
vda,82.80,0.58,0.03,2,0
vda,295.40,13.47,0.12,67,0
vda,97.40,12.14,0.00,60,0
vda,50.00,0.00,0.20,0,1
vda,3.40,0.00,0.01,0,0
vda,1.20,0.00,0.00,0,0
vda,0.40,0.00,0.00,0,0
vda,5.80,0.00,1.29,0,6
vda,7.00,0.00,0.03,0,0
vda,19.00,0.00,0.07,0,0
vda,3.60,0.00,0.01,0,0
vda,1.60,0.00,0.01,0,0
vda,49.20,0.00,0.20,0,0
vda,2.60,0.00,0.01,0,0
vda,1.20,0.00,0.00,0,0
vda,9.80,0.00,0.04,0,0
vda,2.00,0.00,0.01,0,0
vda,12.60,0.00,0.05,0,0
vda,1.20,0.00,0.00,0,0
vda,2.00,0.00,0.01,0,0
vda,3.60,0.00,0.01,0,0
vda,2.60,0.00,0.01,0,0
vda,49.20,0.00,0.20,0,0
vda,2.40,0.00,0.01,0,0
vda,18.60,0.00,0.07,0,0
vda,2.00,0.00,0.01,0,0
vda,1.60,0.00,0.01,0,0
vda,8.80,0.00,0.04,0,0
vda,2.20,0.00,0.01,0,0
vda,1.60,0.00,0.01,0,0
vda,2.80,0.00,0.02,0,0
vda,35.80,0.00,0.15,0,0
vda,12.80,0.00,0.05,0,0
vda,2.20,0.00,0.01,0,0
vda,0.00,0.00,0.00,0,0
vda,1.20,0.00,0.00,0,0
vda,1.40,0.00,0.01,0,0
vda,10.20,0.00,0.05,0,0
vda,1.60,0.00,0.01,0,0
vda,68.80,0.00,0.28,0,1
vda,4.60,0.00,0.02,0,0
vda,1.60,0.00,0.01,0,0
vda,0.00,0.00,0.00,0,0
vda,2.00,0.00,0.01,0,0
vda,1.20,0.00,0.00,0,0
vda,2.80,0.00,0.01,0,0
vda,49.60,0.00,0.20,0,0
vda,27.20,0.00,0.11,0,0
vda,1.20,0.00,0.00,0,0
vda,2.00,0.00,0.01,0,0
vda,2.40,0.00,0.01,0,0
vda,3.20,0.00,0.01,0,0
vda,0.00,0.00,0.00,0,0
vda,1.60,0.00,0.01,0,0
vda,14.40,0.00,0.06,0,0
vda,34.00,0.00,0.14,0,0
vda,7.20,0.00,0.03,0,0
vda,41.80,0.23,0.01,1,0
vda,10.80,0.02,0.02,0,0
vda,1.60,0.00,0.01,0,0
vda,0.20,0.00,0.00,0,0
vda,3.80,0.00,0.02,0,0
vda,24.20,0.00,0.09,0,0
vda,1.40,0.00,0.01,0,0
vda,81.40,0.00,0.33,0,1
vda,2.00,0.00,0.01,0,0
vda,1.20,0.00,0.00,0,0
vda,2.20,0.00,0.01,0,0
vda,2.60,0.00,0.01,0,0
vda,14.17,0.00,0.05,0,0
vda,10.40,0.00,0.04,0,0
vda,1.20,0.00,0.00,0,0
vda,71.00,0.00,0.28,0,1
vda,0.40,0.00,0.00,0,0
vda,1.20,0.00,0.00,0,0
vda,2.20,0.00,0.01,0,0
vda,0.00,0.00,0.00,0,0
vda,1.20,0.00,0.00,0,0
vda,3.20,0.00,0.01,0,0
vda,34.40,0.00,0.14,0,0
vda,12.80,0.00,0.05,0,0
vda,2.20,0.00,0.01,0,0
vda,2.20,0.00,0.01,0,0
vda,75.40,0.00,0.31,0,1
vda,1.80,0.00,0.01,0,0
vda,2.20,0.00,0.01,0,0
vda,0.20,0.00,0.00,0,0
vda,1.20,0.00,0.00,0,0
vda,3.40,0.00,0.01,0,0
vda,1.60,0.00,0.01,0,0
vda,15.40,0.00,0.06,0,0
vda,32.00,0.00,0.13,0,0
vda,1.20,0.00,0.00,0,0
vda,1.20,0.00,0.00,0,0
vda,77.00,0.00,0.31,0,1
vda,1.60,0.00,0.01,0,0
vda,2.20,0.00,0.01,0,0
vda,45.00,0.00,0.18,0,0
vda,2.60,0.00,0.01,0,0
vda,2.60,0.00,0.01,0,0
vda,54.20,0.00,0.22,0,1
vda,0.00,0.00,0.00,0,0
vda,1.20,0.00,0.00,0,0
vda,41.20,0.00,0.17,0,0
vda,0.00,0.00,0.00,0,0
vda,1.20,0.00,0.00,0,0
vda,64.40,0.00,0.26,0,1
vda,0.00,0.00,0.00,0,0
vda,2.40,0.00,0.01,0,0
vda,61.20,0.00,0.25,0,1
vda,1.20,0.00,0.00,0,0
vda,2.20,0.00,0.01,0,0
vda,45.60,0.00,0.19,0,0
vda,1.40,0.00,0.01,0,0
vda,1.40,0.00,0.01,0,0
vda,47.00,0.00,0.19,0,0
vda,0.00,0.00,0.00,0,0
vda,1.20,0.00,0.00,0,0
vda,79.40,0.00,0.32,0,1
vda,2.00,0.00,0.01,0,0
vda,1.40,0.00,0.01,0,0
vda,2.20,0.00,0.01,0,0
vda,0.00,0.00,0.00,0,0
vda,1.20,0.00,0.00,0,0
vda,2.80,0.00,0.01,0,0
vda,11.80,0.00,0.05,0,0
vda,2.40,0.00,0.01,0,0
vda,34.00,0.00,0.14,0,0
vda,3.00,0.00,0.01,0,0
vda,1.80,0.00,0.01,0,0
vda,2.80,0.00,0.01,0,0
vda,0.00,0.00,0.00,0,0
vda,19.00,0.00,0.07,0,0
vda,3.20,0.00,0.01,0,0
vda,6.80,0.00,0.03,0,0
vda,63.60,0.00,0.26,0,1
vda,2.40,0.00,0.01,0,0
vda,0.00,0.00,0.00,0,0
vda,46.20,0.00,0.19,0,0
vda,13.00,0.00,0.05,0,0
vda,0.00,0.00,0.00,0,0
vda,1.20,0.00,0.00,0,0
vda,2.00,0.00,0.01,0,0
vda,1.20,0.00,0.00,0,0
vda,1.60,0.00,0.01,0,0
vda,69.20,0.00,0.27,0,1
vda,3.00,0.00,0.02,0,0
vda,1.20,0.00,0.00,0,0
vda,0.80,0.00,0.00,0,0
vda,3.80,0.00,0.01,0,0
vda,1.80,0.00,0.01,0,0
vda,2.80,0.00,0.01,0,0
vda,0.20,0.00,0.00,0,0
vda,14.20,0.00,0.06,0,0
vda,52.00,0.00,0.21,0,1
vda,0.60,0.00,0.00,0,0
vda,9.00,0.00,0.04,0,0
vda,0.00,0.00,0.00,0,0
vda,2.20,0.00,0.01,0,0
vda,1.40,0.00,0.01,0,0
vda,20.20,0.00,0.08,0,0
vda,2.60,0.00,0.01,0,0
vda,1.80,0.00,0.01,0,0
vda,32.20,0.00,0.13,0,0
vda,2.20,0.00,0.01,0,0
vda,1.20,0.00,0.00,0,0
vda,7.40,0.00,0.03,0,0
vda,3.00,0.00,0.01,0,0
vda,20.20,0.00,0.09,0,0
vda,3.80,0.00,0.01,0,0
vda,1.00,0.00,0.00,0,0
vda,0.00,0.00,0.00,0,0
vda,50.80,0.00,0.20,0,1
vda,2.40,0.00,0.01,0,0
vda,1.60,0.00,0.01,0,0
vda,9.00,0.00,0.04,0,0
vda,14.00,0.00,0.05,0,0
vda,1.20,0.00,0.00,0,0
vda,1.40,0.00,0.01,0,0
vda,2.20,0.00,0.01,0,0
vda,2.60,0.00,0.01,0,0
vda,70.00,0.00,0.28,0,1
vda,2.80,0.00,0.01,0,0
vda,23.20,0.00,0.09,0,0
vda,13.60,0.00,0.06,0,0
vda,3.20,0.00,0.01,0,0
vda,1.60,0.00,0.01,0,0
vda,1.00,0.00,0.00,0,0
vda,2.20,0.00,0.01,0,0
vda,4.80,0.00,0.02,0,0
vda,52.00,0.00,0.21,0,1
vda,18.60,0.00,0.07,0,0
vda,0.40,0.00,0.00,0,0
vda,2.40,0.00,0.01,0,0
vda,1.80,0.00,0.01,0,0
vda,9.20,0.00,0.04,0,0
vda,3.20,0.00,0.02,0,0
vda,1.20,0.00,0.00,0,0
vda,14.80,0.00,0.06,0,0
vda,34.80,0.00,0.14,0,0
vda,0.00,0.00,0.00,0,0
vda,0.80,0.00,0.00,0,0
vda,2.20,0.00,0.01,0,0
vda,77.20,0.00,0.31,0,1
vda,0.00,0.00,0.00,0,0
vda,1.20,0.00,0.00,0,0
vda,2.20,0.00,0.01,0,0
vda,47.60,0.00,0.19,0,0
vda,0.20,0.00,0.00,0,0
vda,10.80,0.00,0.04,0,0
vda,0.00,0.00,0.00,0,0
vda,1.20,0.00,0.00,0,0
vda,47.60,0.00,0.19,0,0
vda,1.40,0.00,0.01,0,0
vda,68.40,0.00,0.27,0,1
vda,2.40,0.00,0.01,0,0
vda,1.20,0.00,0.00,0,0
vda,49.00,0.00,0.20,0,0
vda,0.00,0.00,0.00,0,0
vda,1.00,0.00,0.00,0,0
vda,55.20,0.00,0.23,0,1
vda,1.60,0.00,0.01,0,0
vda,0.00,0.00,0.00,0,0
vda,46.60,0.00,0.19,0,0
vda,3.00,0.00,0.01,0,0
vda,1.00,0.00,0.00,0,0
vda,69.80,0.00,0.28,0,1
vda,3.80,0.00,0.01,0,0
vda,1.60,0.00,0.01,0,0
vda,52.60,0.00,0.21,0,1
vda,2.60,0.00,0.01,0,0
vda,0.00,0.00,0.00,0,0
vda,46.40,0.00,0.19,0,0
vda,2.40,0.00,0.01,0,0
vda,0.80,0.00,0.00,0,0
vda,46.00,0.00,0.18,0,0
vda,2.40,0.00,0.01,0,0
vda,2.60,0.00,0.01,0,0
vda,78.00,0.00,0.31,0,1
vda,1.20,0.00,0.00,0,0
vda,0.00,0.00,0.00,0,0
vda,47.70,0.00,0.19,0,0
vda,1.40,0.00,0.01,0,0
vda,0.00,0.00,0.00,0,0
vda,47.20,0.00,0.19,0,0
vda,1.40,0.00,0.01,0,0
vda,3.60,0.00,0.01,0,0
vda,54.00,0.00,0.22,0,1
vda,0.20,0.00,0.00,0,0
vda,0.80,0.00,0.00,0,0
vda,71.00,0.00,0.29,0,1
vda,1.40,0.00,0.01,0,0
vda,0.60,0.00,0.00,0,0
vda,47.20,0.00,0.19,0,0
vda,2.00,0.00,0.01,0,0
vda,1.00,0.00,0.00,0,0
vda,4.00,0.00,0.02,0,0
vda,1.60,0.00,0.01,0,0
vda,0.00,0.00,0.00,0,0
vda,2.60,0.00,0.01,0,0
vda,14.40,0.00,0.06,0,0
vda,7.20,0.00,0.03,0,0
vda,52.00,0.00,0.21,0,1
vda,1.20,0.00,0.00,0,0
vda,0.60,0.00,0.00,0,0
vda,2.60,0.00,0.01,0,0
vda,2.80,0.00,0.01,0,0
vda,18.40,0.00,0.07,0,0
vda,2.60,0.00,0.01,0,0
vda,1.20,0.00,0.00,0,0
vda,0.60,0.00,0.00,0,0
vda,35.00,0.00,0.14,0,0
vda,8.60,0.00,0.04,0,0
vda,0.80,0.00,0.00,0,0
vda,2.60,0.00,0.02,0,0
vda,22.20,0.00,0.09,0,0
vda,1.00,0.00,0.00,0,0
vda,10.60,0.00,0.04,0,0
vda,1.20,0.00,0.00,0,0
vda,49.80,0.00,0.20,0,0
vda,2.80,0.00,0.02,0,0
vda,5.40,0.00,0.02,0,0
vda,11.60,0.00,0.04,0,0
