vda,55.40,0.22,0.00,1,0
vda,5.80,0.01,0.01,0,0
vda,4.20,0.01,0.00,0,0
vda,38.00,0.00,0.16,0,0
vda,2.60,0.00,0.01,0,0
vda,0.60,0.00,0.00,0,0
vda,284.00,10.29,0.03,51,0
vda,8.00,0.02,0.01,0,0
vda,0.00,0.00,0.00,0,0
vda,12.80,0.05,0.00,0,0
vda,2.40,0.00,0.01,0,0
vda,3.40,0.00,0.02,0,0
vda,18.20,0.00,0.07,0,0
vda,46.60,0.00,1.46,0,7
vda,2.60,0.00,0.01,0,0
vda,3.40,0.00,0.01,0,0
vda,0.20,0.00,0.00,0,0
vda,1.80,0.00,0.01,0,0
vda,26.60,0.00,0.11,0,0
vda,19.20,0.00,0.08,0,0
vda,1.80,0.00,0.01,0,0
vda,0.00,0.00,0.00,0,0
vda,2.40,0.00,0.01,0,0
vda,1.20,0.00,0.00,0,0
vda,3.20,0.00,0.01,0,0
vda,29.00,0.00,0.12,0,0
vda,1.80,0.00,0.01,0,0
vda,7.00,0.00,0.03,0,0
vda,27.80,0.00,0.11,0,0
vda,1.20,0.00,0.00,0,0
vda,0.80,0.00,0.01,0,0
vda,2.40,0.00,0.01,0,0
vda,18.20,0.00,0.07,0,0
vda,5.40,0.00,0.03,0,0
vda,9.40,0.00,0.04,0,0
vda,0.00,0.00,0.00,0,0
vda,1.80,0.00,0.01,0,0
vda,27.60,0.00,0.11,0,0
vda,1.40,0.00,0.01,0,0
vda,0.60,0.00,0.00,0,0
vda,21.40,0.00,0.09,0,0
vda,1.20,0.00,0.00,0,0
vda,0.80,0.00,0.01,0,0
vda,7.80,0.00,0.03,0,0
vda,2.60,0.00,0.01,0,0
vda,0.20,0.00,0.00,0,0
vda,27.80,0.00,0.11,0,0
vda,19.40,0.00,0.08,0,0
vda,0.40,0.00,0.00,0,0
vda,2.40,0.00,0.01,0,0
vda,0.60,0.00,0.00,0,0
vda,8.00,0.00,0.03,0,0
vda,10.60,0.00,0.04,0,0
vda,0.60,0.00,0.00,0,0
vda,5.60,0.00,0.03,0,0
vda,29.20,0.00,0.12,0,0
vda,16.20,0.14,0.00,0,0
vda,13.80,0.05,0.01,0,0
vda,2.20,0.00,0.01,0,0
vda,0.60,0.00,0.00,0,0
vda,12.20,0.00,0.05,0,0
vda,15.20,0.00,0.06,0,0
vda,24.40,0.00,0.10,0,0
vda,38.00,0.00,0.15,0,0
vda,4.40,0.00,0.02,0,0
vda,0.00,0.00,0.00,0,0
vda,2.60,0.00,0.01,0,0
vda,1.20,0.00,0.00,0,0
vda,3.40,0.00,0.02,0,0
vda,10.00,0.00,0.05,0,0
vda,19.60,0.00,0.08,0,0
