7919125.8667,96590.133333,4210.9333333
7827956.0,93016.0,3632.0
7819288.5333,93661.066667,3645.0666667
7697944.0,102692.0,3828.0
7697944.0,102692.0,3828.0
7697750.4,102693.6,3834.4
7696492.0,102704.0,3876.0
7696492.0,102704.0,3876.0
7672999.2,102723.2,3888.8
7579028.0,102800.0,3940.0
7577540.0,102800.0,3957.0666667
7573448.0,102800.0,4004.0
7573448.0,102800.0,4004.0
7572992.5333,102801.06667,4021.0666667
7571740.0,102804.0,4068.0
7571740.0,102804.0,4068.0
7565717.3333,102804.0,4089.3333333
7553672.0,102804.0,4132.0
7549443.2,103122.4,4213.6
7543100.0,103600.0,4336.0
7543100.0,103600.0,4336.0
