16223496.0,42972.0,3140.0
16223496.0,42972.0,3140.0
16196643.2,49792.8,3237.6
16022100.0,94128.0,3872.0
16014678.667,94129.066667,3878.4
15966440.0,94136.0,3920.0
15966440.0,94136.0,3920.0
15966440.0,94136.0,3920.0
15966440.0,94136.0,3920.0
15966440.0,94136.0,3920.0
15964674.667,94137.066667,3931.7333333
15953200.0,94144.0,4008.0
15953200.0,94144.0,4008.0
15953200.0,94144.0,4008.0
15953200.0,94144.0,4008.0
15953200.0,94144.0,4008.0
15906294.933,94149.511111,4038.3111111
15906294.933,94149.511111,4038.3111111
15906294.933,94149.511111,4038.3111111
15885112.0,94152.0,4052.0
15885112.0,94152.0,4052.0
