7416184.0,163196.0,3900.0
7416184.0,163196.0,3900.0
7416098.1333,163212.53333,3904.2666667
7414896.0,163444.0,3964.0
7414896.0,163444.0,3964.0
7414085.3333,163452.53333,3971.4666667
7408816.0,163508.0,4020.0
7402776.5333,163512.53333,4023.7333333
7318224.0,163576.0,4076.0
7318224.0,163576.0,4076.0
7318224.0,163576.0,4076.0
7318224.0,163576.0,4076.0
7318224.0,163576.0,4076.0
7318224.0,163576.0,4076.0
7318224.0,163576.0,4076.0
7318076.8,163576.26667,4087.7333333
7316016.0,163580.0,4252.0
7316016.0,163580.0,4252.0
7316016.0,163580.0,4252.0
7316016.0,163580.0,4252.0
7316016.0,163580.0,4252.0
7316016.0,163580.0,4252.0
7316016.0,163580.0,4252.0
7312465.6,163581.06667,4261.6
7262760.0,163596.0,4396.0
7262760.0,163596.0,4396.0
7343222.4,162827.46667,4423.2
7866228.0,157832.0,4600.0
