vda,26.20,0.11,0.00,0,0
vda,37.00,0.13,0.01,0,0
vda,3.20,0.00,0.01,0,0
vda,14.00,0.05,0.00,0,0
vda,87.00,0.60,0.02,3,0
vda,11.40,0.00,0.05,0,0
vda,284.80,13.14,0.09,65,0
vda,92.80,11.58,0.00,57,0
vda,59.00,0.89,0.21,4,1
vda,2.59,0.00,0.01,0,0
vda,2.20,0.00,0.01,0,0
vda,0.20,0.00,0.00,0,0
vda,1.40,0.00,0.01,0,0
vda,5.00,0.00,1.29,0,6
vda,7.40,0.00,0.04,0,0
vda,13.60,0.00,0.06,0,0
vda,35.00,0.00,0.14,0,0
vda,0.00,0.00,0.00,0,0
vda,1.20,0.00,0.00,0,0
vda,1.40,0.00,0.01,0,0
vda,2.40,0.00,0.01,0,0
vda,9.40,0.00,0.04,0,0
vda,18.00,0.00,0.07,0,0
vda,51.80,0.00,0.21,0,1
vda,3.20,0.00,0.01,0,0
vda,0.40,0.00,0.00,0,0
vda,2.60,0.00,0.01,0,0
vda,9.80,0.00,0.04,0,0
vda,70.80,0.00,0.29,0,1
vda,0.00,0.00,0.00,0,0
vda,145.80,2.10,0.03,10,0
vda,4.80,0.00,0.02,0,0
vda,12.40,0.74,0.01,3,0
vda,48.40,0.00,0.20,0,1
vda,2.60,0.00,0.01,0,0
vda,1.40,0.00,0.01,0,0
vda,53.60,0.00,0.22,0,1
vda,2.20,0.00,0.01,0,0
vda,0.00,0.00,0.00,0,0
vda,45.80,0.00,0.19,0,0
vda,1.40,0.00,0.01,0,0
vda,2.00,0.00,0.01,0,0
vda,68.40,0.00,0.28,0,1
vda,2.40,0.00,0.01,0,0
vda,2.00,0.00,0.01,0,0
vda,0.00,0.00,0.00,0,0
vda,1.60,0.00,0.01,0,0
vda,2.00,0.00,0.01,0,0
vda,29.00,0.59,0.01,2,0
vda,46.00,0.00,0.19,0,0
vda,2.00,0.00,0.01,0,0
vda,8.60,0.00,0.04,0,0
vda,1.20,0.00,0.00,0,0
vda,2.20,0.00,0.01,0,0
vda,2.20,0.00,0.01,0,0
vda,2.00,0.00,0.01,0,0
vda,70.00,0.00,0.28,0,1
vda,0.00,0.00,0.00,0,0
vda,1.20,0.00,0.00,0,0
vda,2.20,0.00,0.01,0,0
vda,8.40,0.00,0.03,0,0
vda,1.40,0.00,0.01,0,0
vda,2.20,0.00,0.01,0,0
vda,1.40,0.00,0.01,0,0
vda,19.60,0.00,0.08,0,0
vda,52.40,0.00,0.21,0,1
vda,0.40,0.00,0.00,0,0
vda,1.40,0.00,0.01,0,0
vda,2.00,0.00,0.01,0,0
vda,1.40,0.00,0.00,0,0
vda,14.40,0.00,0.07,0,0
vda,13.40,0.00,0.05,0,0
vda,0.60,0.00,0.00,0,0
vda,4.60,0.00,0.02,0,0
vda,32.20,0.00,0.13,0,0
vda,1.60,0.00,0.01,0,0
vda,2.20,0.00,0.01,0,0
vda,1.20,0.00,0.01,0,0
