vda,101.00,0.26,0.16,1,0
vda,3.80,0.00,0.40,0,2
vda,6.60,0.02,0.39,0,1
vda,14.80,0.00,0.45,0,2
vda,29.80,0.00,0.12,0,0
vda,1.80,0.00,0.39,0,1
vda,116.00,2.94,0.54,14,2
vda,77.40,1.15,0.44,5,2
vda,44.80,1.24,1.33,6,6
vda,58.40,0.39,0.44,1,2
vda,25.60,0.19,0.41,0,2
vda,38.00,2.30,0.40,11,2
vda,25.00,1.07,0.08,5,0
vda,26.80,0.00,0.51,0,2
vda,25.80,0.00,0.49,0,2
vda,3.60,0.00,0.40,0,2
vda,31.20,0.00,0.13,0,0
vda,14.60,0.00,0.45,0,2
vda,27.20,0.00,0.50,0,2
vda,29.80,0.13,0.46,0,2
vda,36.20,0.01,0.53,0,2
vda,45.00,0.05,0.13,0,0
vda,9.60,0.00,0.43,0,2
vda,22.20,0.00,0.48,0,2
vda,1.40,0.00,0.01,0,0
vda,31.40,0.00,0.52,0,2
vda,14.20,0.00,0.44,0,2
vda,4.80,0.00,0.41,0,2
vda,33.60,0.00,0.52,0,2
vda,9.60,0.00,0.05,0,0
vda,0.80,0.00,0.39,0,1
vda,38.00,0.00,0.16,0,0
vda,24.80,0.00,0.49,0,2
vda,18.20,0.00,0.46,0,2
vda,21.00,0.00,0.47,0,2
