vda,25.40,0.11,0.00,0,0
vda,101.80,0.61,0.01,3,0
vda,11.60,0.10,0.01,0,0
vda,1.00,0.00,0.00,0,0
vda,2.20,0.00,0.01,0,0
vda,9.20,0.00,0.04,0,0
vda,282.00,13.17,0.05,65,0
vda,94.40,11.22,0.02,56,0
vda,45.80,1.24,0.14,6,0
vda,5.80,0.02,0.00,0,0
vda,18.60,0.07,0.00,0,0
vda,3.80,0.00,0.01,0,0
vda,4.00,0.02,0.01,0,0
vda,7.00,0.00,1.30,0,6
vda,3.80,0.00,0.01,0,0
vda,18.00,0.00,0.07,0,0
vda,1.40,0.00,0.01,0,0
vda,52.20,0.00,0.21,0,1
vda,7.80,0.00,0.03,0,0
vda,1.40,0.00,0.01,0,0
vda,3.80,0.00,0.02,0,0
vda,1.40,0.00,0.00,0,0
vda,21.80,0.06,0.08,0,0
vda,3.00,0.00,0.01,0,0
vda,0.00,0.00,0.00,0,0
vda,1.60,0.00,0.01,0,0
vda,52.40,0.00,0.21,0,1
vda,2.20,0.00,0.01,0,0
vda,8.40,0.00,0.04,0,0
vda,12.40,0.00,0.05,0,0
vda,2.40,0.00,0.01,0,0
vda,3.00,0.00,0.01,0,0
vda,2.60,0.00,0.01,0,0
vda,32.40,0.00,0.13,0,0
vda,5.40,0.00,0.02,0,0
vda,1.80,0.00,0.01,0,0
vda,2.00,0.00,0.01,0,0
vda,25.00,0.00,0.10,0,0
vda,1.20,0.00,0.00,0,0
vda,4.60,0.01,0.02,0,0
vda,2.20,0.00,0.03,0,0
vda,3.40,0.00,0.02,0,0
