7965420.0,66408.0,1792.0
7965420.0,66408.0,1792.0
6881487.7333,256442.13333,3837.8666667
6804064.0,270016.0,3984.0
5495844.0,601820.0,4032.0
5495844.0,601820.0,4032.0
5495844.0,601820.0,4032.0
5495844.0,601820.0,4032.0
5495844.0,601820.0,4032.0
5495844.0,601820.0,4032.0
5495649.8667,602457.86667,4257.3333333
5495620.0,602556.0,4292.0
5495620.0,602556.0,4292.0
5495620.0,602556.0,4292.0
5495620.0,602556.0,4292.0
5495620.0,602556.0,4292.0
5495620.0,602556.0,4292.0
5495620.0,602556.0,4292.0
5495620.0,602556.0,4292.0
5495620.0,602556.0,4292.0
5495620.0,602556.0,4292.0
5495620.0,602556.0,4292.0
5494441.3333,602822.93333,5099.7333333
5494260.0,602864.0,5224.0
5494260.0,602864.0,5224.0
5494260.0,602864.0,5224.0
5494260.0,602864.0,5224.0
5494260.0,602864.0,5224.0
5494260.0,602864.0,5224.0
5494260.0,602864.0,5224.0
5494260.0,602864.0,5224.0
5494260.0,602864.0,5224.0
5494260.0,602864.0,5224.0
5492963.4667,602884.53333,5441.0666667
5492492.0,602892.0,5520.0
5492492.0,602892.0,5520.0
5492492.0,602892.0,5520.0
5492492.0,602892.0,5520.0
5492492.0,602892.0,5520.0
5493427.7333,602897.86667,5613.8666667
5493768.0,602900.0,5648.0
5493768.0,602900.0,5648.0
5493768.0,602900.0,5648.0
5493768.0,602900.0,5648.0
5493768.0,602900.0,5648.0
5493768.0,602900.0,5648.0
5493768.0,602900.0,5648.0
5493768.0,602900.0,5648.0
5493768.0,602900.0,5648.0
5493768.0,602900.0,5648.0
5493768.0,602900.0,5648.0
5493950.9333,602926.13333,5886.9333333
5493964.0,602928.0,5904.0
5493964.0,602928.0,5904.0
5493964.0,602928.0,5904.0
5086468.0,602932.0,6016.0
5086468.0,602932.0,6016.0
5086360.8,602932.53333,6020.2666667
5084860.0,602940.0,6080.0
5084860.0,602940.0,6080.0
5084860.0,602940.0,6080.0
5084860.0,602940.0,6080.0
5084860.0,602940.0,6080.0
5084860.0,602940.0,6080.0
5084860.0,602940.0,6080.0
5084860.0,602940.0,6080.0
5084860.0,602940.0,6080.0
5084860.0,602940.0,6080.0
5084860.0,602940.0,6080.0
5084793.6,602950.66667,6096.5333333
5083864.0,603100.0,6328.0
5083864.0,603100.0,6328.0
5083864.0,603100.0,6328.0
5083864.0,603100.0,6328.0
5083864.0,603100.0,6328.0
5083864.0,603100.0,6328.0
5083864.0,603100.0,6328.0
5083864.0,603100.0,6328.0
5083864.0,603100.0,6328.0
5083864.0,603100.0,6328.0
5083864.0,603100.0,6328.0
5083426.6667,603146.93333,6490.1333333
5083426.6667,603146.93333,6490.1333333
5083044.0,603188.0,6632.0
5083044.0,603188.0,6632.0
5083044.0,603188.0,6632.0
5083044.0,603188.0,6632.0
5083044.0,603188.0,6632.0
5083044.0,603188.0,6632.0
5083044.0,603188.0,6632.0
5083044.0,603188.0,6632.0
5083044.0,603188.0,6632.0
5081750.9333,603208.8,6846.9333333
5081552.0,603212.0,6880.0
5081552.0,603212.0,6880.0
5080439.4667,605254.13333,7074.1333333
5080360.0,605400.0,7088.0
5080360.0,605400.0,7088.0
5080360.0,605400.0,7088.0
5080360.0,605400.0,7088.0
5080360.0,605400.0,7088.0
5080360.0,605400.0,7088.0
5080360.0,605400.0,7088.0
5080360.0,605400.0,7088.0
5080360.0,605400.0,7088.0
5080360.0,605400.0,7088.0
5079121.6,605409.6,7286.4
5078812.0,605412.0,7336.0
5078812.0,605412.0,7336.0
5078812.0,605412.0,7336.0
5078812.0,605412.0,7336.0
5078812.0,605412.0,7336.0
5078812.0,605412.0,7336.0
5078812.0,605412.0,7336.0
5078812.0,605412.0,7336.0
5078812.0,605412.0,7336.0
5078812.0,605412.0,7336.0
5078246.6667,605425.33333,7496.0
5077964.0,605432.0,7576.0
5077964.0,605432.0,7576.0
5077964.0,605432.0,7576.0
5077964.0,605432.0,7576.0
5077964.0,605432.0,7576.0
5077964.0,605432.0,7576.0
5077964.0,605432.0,7576.0
5077964.0,605432.0,7576.0
5077964.0,605432.0,7576.0
5077964.0,605432.0,7576.0
5077964.0,605432.0,7576.0
5077964.0,605432.0,7576.0
5077628.0,605451.2,7832.0
5077544.0,605456.0,7896.0
5077544.0,605456.0,7896.0
5077544.0,605456.0,7896.0
5077544.0,605456.0,7896.0
5077544.0,605456.0,7896.0
5077544.0,605456.0,7896.0
5077544.0,605456.0,7896.0
5076521.3333,605473.33333,8055.4666667
5076364.0,605476.0,8080.0
5077317.6,605466.4,8131.2
5077556.0,605464.0,8144.0
5077556.0,605464.0,8144.0
5077556.0,605464.0,8144.0
5077556.0,605464.0,8144.0
5077556.0,605464.0,8144.0
5077556.0,605464.0,8144.0
5077556.0,605464.0,8144.0
5077556.0,605464.0,8144.0
5077556.0,605464.0,8144.0
5077556.0,605464.0,8144.0
5062196.0,605476.8,8336.0
5058356.0,605480.0,8384.0
5058356.0,605480.0,8384.0
5058356.0,605480.0,8384.0
5058356.0,605480.0,8384.0
5058356.0,605480.0,8384.0
5058356.0,605480.0,8384.0
5058356.0,605480.0,8384.0
5058356.0,605480.0,8384.0
5058356.0,605480.0,8384.0
5058356.0,605480.0,8384.0
5058356.0,605480.0,8384.0
5057551.7333,605500.8,8592.0
5057428.0,605504.0,8624.0
5057428.0,605504.0,8624.0
5057428.0,605504.0,8624.0
5056498.4,605507.73333,8728.5333333
5056432.0,605508.0,8736.0
5056432.0,605508.0,8736.0
5057413.0667,605514.93333,8784.5333333
5057564.0,605516.0,8792.0
5057564.0,605516.0,8792.0
5057564.0,605516.0,8792.0
5057564.0,605516.0,8792.0
5057564.0,605516.0,8792.0
5057564.0,605516.0,8792.0
5057564.0,605516.0,8792.0
5057564.0,605516.0,8792.0
5057564.0,605516.0,8792.0
5057564.0,605516.0,8792.0
5057564.0,605516.0,8792.0
5057422.1333,605680.26667,9030.9333333
5057412.0,605692.0,9048.0
5057412.0,605692.0,9048.0
5057412.0,605692.0,9048.0
5057412.0,605692.0,9048.0
5057412.0,605692.0,9048.0
5057412.0,605692.0,9048.0
5057412.0,605692.0,9048.0
5057412.0,605692.0,9048.0
5057412.0,605692.0,9048.0
5057412.0,605692.0,9048.0
5057412.0,605692.0,9048.0
5056900.5333,605774.13333,9339.2
5056864.0,605780.0,9360.0
5056864.0,605780.0,9360.0
5056864.0,605780.0,9360.0
5056864.0,605780.0,9360.0
5056864.0,605780.0,9360.0
5056864.0,605780.0,9360.0
5056864.0,605780.0,9360.0
5056864.0,605780.0,9360.0
5056864.0,605780.0,9360.0
5056864.0,605780.0,9360.0
5056864.0,605780.0,9360.0
5056432.0,605812.0,9584.0
5056432.0,605812.0,9584.0
5056432.0,605812.0,9584.0
5056432.0,605812.0,9584.0
5056432.0,605812.0,9584.0
5056432.0,605812.0,9584.0
5056432.0,605812.0,9584.0
5056432.0,605812.0,9584.0
5056432.0,605812.0,9584.0
5056432.0,605812.0,9584.0
5056432.0,605812.0,9584.0
5056432.0,605812.0,9584.0
5055683.2,605825.86667,9847.4666667
5055568.0,605828.0,9888.0
5055568.0,605828.0,9888.0
5055568.0,605828.0,9888.0
5055568.0,605828.0,9888.0
5055568.0,605828.0,9888.0
5055568.0,605828.0,9888.0
5055568.0,605828.0,9888.0
5055568.0,605828.0,9888.0
5055568.0,605828.0,9888.0
5055568.0,605828.0,9888.0
5055568.0,605828.0,9888.0
5055448.5333,605958.66667,10126.933333
5055440.0,605968.0,10144.0
5055440.0,605968.0,10144.0
5055440.0,605968.0,10144.0
5055440.0,605968.0,10144.0
5055440.0,605968.0,10144.0
5055440.0,605968.0,10144.0
5055440.0,605968.0,10144.0
5055440.0,605968.0,10144.0
5055440.0,605968.0,10144.0
5055440.0,605968.0,10144.0
5055440.0,605968.0,10144.0
5048174.9333,605997.86667,10442.666667
5047656.0,606000.0,10464.0
5047656.0,606000.0,10464.0
5047656.0,606000.0,10464.0
5047656.0,606000.0,10464.0
5047656.0,606000.0,10464.0
5047656.0,606000.0,10464.0
5047656.0,606000.0,10464.0
5047656.0,606000.0,10464.0
5047656.0,606000.0,10464.0
5047656.0,606000.0,10464.0
5047656.0,606000.0,10464.0
5047595.2,606016.0,10662.4
5047580.0,606020.0,10712.0
5047580.0,606020.0,10712.0
5047580.0,606020.0,10712.0
5047580.0,606020.0,10712.0
5047580.0,606020.0,10712.0
5047580.0,606020.0,10712.0
5047580.0,606020.0,10712.0
5047580.0,606020.0,10712.0
5047580.0,606020.0,10712.0
5047580.0,606020.0,10712.0
5047580.0,606020.0,10712.0
5047231.2,606032.8,10955.2
5047144.0,606036.0,11016.0
5047144.0,606036.0,11016.0
5047144.0,606036.0,11016.0
5047144.0,606036.0,11016.0
5047144.0,606036.0,11016.0
5047144.0,606036.0,11016.0
5047144.0,606036.0,11016.0
5047144.0,606036.0,11016.0
5047144.0,606036.0,11016.0
5047144.0,606036.0,11016.0
5047144.0,606036.0,11016.0
5047135.2,606047.73333,11209.6
5047132.0,606052.0,11280.0
5047132.0,606052.0,11280.0
5047132.0,606052.0,11280.0
5047132.0,606052.0,11280.0
5047132.0,606052.0,11280.0
5047132.0,606052.0,11280.0
5047132.0,606052.0,11280.0
5047132.0,606052.0,11280.0
5047132.0,606052.0,11280.0
5047132.0,606052.0,11280.0
5047132.0,606052.0,11280.0
5046642.1333,606116.53333,11485.333333
5046464.0,606140.0,11560.0
5046464.0,606140.0,11560.0
5046464.0,606140.0,11560.0
5046464.0,606140.0,11560.0
5046464.0,606140.0,11560.0
5046464.0,606140.0,11560.0
5046464.0,606140.0,11560.0
5046464.0,606140.0,11560.0
5046464.0,606140.0,11560.0
5046464.0,606140.0,11560.0
5046464.0,606140.0,11560.0
5046689.8667,606251.46667,11753.6
5046772.0,606292.0,11824.0
5046772.0,606292.0,11824.0
5046772.0,606292.0,11824.0
5046772.0,606292.0,11824.0
5046772.0,606292.0,11824.0
5046772.0,606292.0,11824.0
5046772.0,606292.0,11824.0
5046772.0,606292.0,11824.0
5046772.0,606292.0,11824.0
5046772.0,606292.0,11824.0
5046772.0,606292.0,11824.0
5046316.0,606311.2,12011.2
5046012.0,606324.0,12136.0
5046012.0,606324.0,12136.0
5046012.0,606324.0,12136.0
5046012.0,606324.0,12136.0
5046012.0,606324.0,12136.0
5046012.0,606324.0,12136.0
5046012.0,606324.0,12136.0
5046012.0,606324.0,12136.0
5046012.0,606324.0,12136.0
5046012.0,606324.0,12136.0
5046012.0,606324.0,12136.0
5045969.3333,606337.33333,12285.333333
5045948.0,606344.0,12360.0
5045948.0,606344.0,12360.0
5045948.0,606344.0,12360.0
5045948.0,606344.0,12360.0
5045948.0,606344.0,12360.0
5044473.3333,606370.66667,12466.666667
5043736.0,606384.0,12520.0
5043736.0,606384.0,12520.0
5043736.0,606384.0,12520.0
5043736.0,606384.0,12520.0
5043736.0,606384.0,12520.0
5043736.0,606384.0,12520.0
5043736.0,606384.0,12520.0
5043736.0,606384.0,12520.0
5043736.0,606384.0,12520.0
5043736.0,606384.0,12520.0
5041582.9333,606486.66667,12713.6
5040800.0,606524.0,12784.0
5040800.0,606524.0,12784.0
5040800.0,606524.0,12784.0
5040800.0,606524.0,12784.0
5040800.0,606524.0,12784.0
5040800.0,606524.0,12784.0
5040800.0,606524.0,12784.0
5040800.0,606524.0,12784.0
5040800.0,606524.0,12784.0
5040800.0,606524.0,12784.0
5036557.3333,611217.33333,13562.666667
5034436.0,613564.0,13952.0
5034436.0,613564.0,13952.0
5034436.0,613564.0,13952.0
5034436.0,613564.0,13952.0
5034436.0,613564.0,13952.0
5034436.0,613564.0,13952.0
5034436.0,613564.0,13952.0
5034436.0,613564.0,13952.0
5034436.0,613564.0,13952.0
5034436.0,613564.0,13952.0
5034436.0,613564.0,13952.0
5034397.6,613576.0,14096.0
5033467.2,613588.8,14220.8
5032864.0,613592.0,14240.0
5032864.0,613592.0,14240.0
5033711.2,613594.4,14278.4
5034276.0,613596.0,14304.0
5034276.0,613596.0,14304.0
5034276.0,613596.0,14304.0
5034276.0,613596.0,14304.0
5034276.0,613596.0,14304.0
5034276.0,613596.0,14304.0
5034276.0,613596.0,14304.0
5034276.0,613596.0,14304.0
5034276.0,613596.0,14304.0
5034276.0,613596.0,14304.0
5034276.0,613596.0,14304.0
5034091.2,613603.2,14433.6
5033968.0,613608.0,14520.0
5033968.0,613608.0,14520.0
5033968.0,613608.0,14520.0
5033968.0,613608.0,14520.0
5033968.0,613608.0,14520.0
5033968.0,613608.0,14520.0
5033968.0,613608.0,14520.0
5033968.0,613608.0,14520.0
5033968.0,613608.0,14520.0
5033968.0,613608.0,14520.0
5033968.0,613608.0,14520.0
5033854.9333,613625.06667,14648.0
5033756.0,613640.0,14760.0
5033756.0,613640.0,14760.0
5033756.0,613640.0,14760.0
5033756.0,613640.0,14760.0
5033756.0,613640.0,14760.0
5033756.0,613640.0,14760.0
5033756.0,613640.0,14760.0
5033756.0,613640.0,14760.0
5033756.0,613640.0,14760.0
5033756.0,613640.0,14760.0
5033756.0,613640.0,14760.0
5033496.8,613649.6,14894.4
5033324.0,613656.0,14984.0
5033324.0,613656.0,14984.0
5033324.0,613656.0,14984.0
5033324.0,613656.0,14984.0
5033324.0,613656.0,14984.0
5033324.0,613656.0,14984.0
5033324.0,613656.0,14984.0
5033324.0,613656.0,14984.0
5032342.6667,613666.66667,15099.2
5031484.0,613676.0,15200.0
5031484.0,613676.0,15200.0
5032139.2,613678.4,15233.6
5032576.0,613680.0,15256.0
5032576.0,613680.0,15256.0
5032576.0,613680.0,15256.0
5032576.0,613680.0,15256.0
5023372.0,613684.8,15332.8
5017236.0,613688.0,15384.0
5017236.0,613688.0,15384.0
5016160.8,613683.73333,15422.4
5015220.0,613680.0,15456.0
5015220.0,613680.0,15456.0
5015220.0,613680.0,15456.0
5015220.0,613680.0,15456.0
5015220.0,613680.0,15456.0
5015220.0,613680.0,15456.0
5015220.0,613680.0,15456.0
5015220.0,613680.0,15456.0
5015220.0,613680.0,15456.0
5015220.0,613680.0,15456.0
5015220.0,613680.0,15456.0
5014624.8,613726.93333,15584.0
5014104.0,613768.0,15696.0
5014104.0,613768.0,15696.0
5014104.0,613768.0,15696.0
5014104.0,613768.0,15696.0
5014104.0,613768.0,15696.0
5014104.0,613768.0,15696.0
5014104.0,613768.0,15696.0
5014104.0,613768.0,15696.0
5014104.0,613768.0,15696.0
5014104.0,613768.0,15696.0
5014000.0,613784.0,15794.666667
5013792.0,613816.0,15992.0
5013792.0,613816.0,15992.0
5013792.0,613816.0,15992.0
5013792.0,613816.0,15992.0
5013792.0,613816.0,15992.0
5013792.0,613816.0,15992.0
5013792.0,613816.0,15992.0
5013792.0,613816.0,15992.0
5013792.0,613816.0,15992.0
5013792.0,613816.0,15992.0
5013213.3333,613829.06667,16104.0
5012552.0,613844.0,16232.0
5012552.0,613844.0,16232.0
5013160.0,613844.0,16254.4
5014072.0,613844.0,16288.0
5014072.0,613844.0,16288.0
5014072.0,613844.0,16288.0
5014072.0,613844.0,16288.0
6131333.6,610793.86667,16344.0
7408204.0,607308.0,16408.0
