vda,46.20,0.17,0.01,0,0
vda,22.20,0.00,0.09,0,0
vda,35.20,0.00,0.14,0,0
vda,2.00,0.00,0.01,0,0
vda,0.00,0.00,0.00,0,0
vda,1.00,0.00,0.00,0,0
vda,96.20,2.94,0.01,14,0
vda,77.20,1.04,0.01,5,0
vda,94.60,2.22,0.03,11,0
vda,83.20,5.73,0.12,28,0
vda,23.60,1.85,0.03,9,0
vda,59.80,7.28,0.00,36,0
vda,10.40,0.00,0.86,0,4
vda,24.00,0.00,0.55,0,2
vda,1.00,0.00,0.00,0,0
vda,0.20,0.00,0.00,0,0
vda,2.00,0.00,0.01,0,0
vda,1.00,0.00,0.00,0,0
vda,38.40,0.00,0.16,0,0
vda,0.00,0.00,0.00,0,0
vda,16.40,0.00,0.07,0,0
vda,0.60,0.00,0.00,0,0
vda,2.00,0.00,0.01,0,0
vda,1.20,0.00,0.00,0,0
vda,1.00,0.00,0.00,0,0
vda,8.40,0.00,0.04,0,0
vda,1.00,0.00,0.00,0,0
vda,52.20,0.00,0.21,0,1
vda,159.00,1.45,0.03,7,0
vda,7.60,0.00,0.03,0,0
vda,6.80,0.39,0.01,1,0
vda,25.60,0.00,0.10,0,0
vda,19.80,0.00,0.09,0,0
vda,28.40,0.00,0.13,0,0
vda,7.20,0.00,0.03,0,0
vda,21.00,0.00,0.09,0,0
vda,38.00,0.00,0.15,0,0
vda,7.00,0.00,0.03,0,0
vda,13.80,0.00,0.06,0,0
vda,29.60,0.00,0.12,0,0
vda,4.00,0.00,0.02,0,0
vda,20.20,0.00,0.09,0,0
vda,26.00,0.00,0.10,0,0
vda,5.60,0.00,0.02,0,0
vda,1.00,0.00,0.00,0,0
vda,34.40,0.00,0.14,0,0
vda,3.00,0.00,0.01,0,0
vda,19.80,0.00,0.08,0,0
vda,40.60,0.00,0.16,0,0
vda,10.00,0.00,0.04,0,0
vda,1.40,0.00,0.01,0,0
vda,35.80,0.00,0.14,0,0
vda,2.20,0.00,0.01,0,0
vda,1.00,0.00,0.00,0,0
vda,26.40,0.00,0.11,0,0
vda,11.20,0.00,0.04,0,0
vda,1.00,0.00,0.00,0,0
vda,38.40,0.00,0.15,0,0
vda,1.60,0.00,0.01,0,0
vda,2.60,0.00,0.01,0,0
vda,2.40,0.00,0.01,0,0
vda,0.80,0.00,0.00,0,0
vda,0.00,0.00,0.00,0,0
vda,1.40,0.00,0.01,0,0
vda,4.00,0.00,0.02,0,0
vda,8.58,0.00,0.03,0,0
vda,48.00,0.00,0.20,0,0
vda,4.80,0.00,0.02,0,0
vda,18.20,0.00,0.08,0,0
vda,39.00,0.00,0.16,0,0
vda,1.60,0.00,0.01,0,0
vda,19.60,0.00,0.08,0,0
vda,28.00,0.00,0.11,0,0
vda,21.40,0.00,0.08,0,0
vda,0.20,0.00,0.00,0,0
vda,29.40,0.00,0.12,0,0
vda,2.20,0.00,0.01,0,0
vda,14.00,0.00,0.06,0,0
vda,31.40,0.00,0.13,0,0
vda,1.20,0.00,0.00,0,0
vda,3.20,0.00,0.01,0,0
vda,35.40,0.00,0.15,0,0
vda,16.00,0.00,0.06,0,0
vda,1.00,0.00,0.00,0,0
vda,32.40,0.00,0.13,0,0
vda,22.00,0.00,0.09,0,0
vda,1.00,0.00,0.00,0,0
vda,13.60,0.00,0.06,0,0
vda,32.20,0.00,0.13,0,0
vda,13.80,0.00,0.05,0,0
vda,4.20,0.00,0.02,0,0
vda,36.20,0.00,0.15,0,0
vda,2.60,0.00,0.01,0,0
vda,1.80,0.00,0.02,0,0
vda,38.00,0.00,0.16,0,0
vda,17.40,0.11,0.03,0,0
vda,13.20,0.05,0.01,0,0
vda,36.40,0.00,0.15,0,0
vda,42.60,0.00,0.17,0,0
vda,1.80,0.00,0.01,0,0
vda,2.40,0.00,0.01,0,0
vda,1.40,0.00,0.01,0,0
vda,0.40,0.00,0.00,0,0
vda,2.40,0.00,0.01,0,0
vda,13.00,0.00,0.05,0,0
vda,24.00,0.00,0.10,0,0
vda,8.20,0.00,0.04,0,0
vda,1.20,0.00,0.00,0,0
vda,0.20,0.00,0.00,0,0
vda,2.60,0.00,0.01,0,0
vda,37.60,0.00,0.15,0,0
vda,18.00,0.00,0.07,0,0
vda,2.60,0.00,0.01,0,0
vda,1.00,0.00,0.00,0,0
vda,26.00,0.00,0.11,0,0
vda,18.40,0.00,0.07,0,0
vda,1.20,0.00,0.00,0,0
vda,0.00,0.00,0.00,0,0
vda,2.80,0.00,0.01,0,0
vda,0.20,0.00,0.00,0,0
vda,4.60,0.00,0.02,0,0
vda,3.60,0.00,0.02,0,0
vda,18.80,0.00,0.07,0,0
vda,33.60,0.00,0.13,0,0
vda,2.00,0.00,0.01,0,0
vda,6.20,0.00,0.03,0,0
vda,1.00,0.00,0.00,0,0
vda,2.00,0.00,0.01,0,0
vda,1.60,0.00,0.01,0,0
vda,15.20,0.00,0.06,0,0
vda,1.40,0.00,0.01,0,0
vda,0.00,0.00,0.00,0,0
vda,35.00,0.00,0.14,0,0
vda,4.80,0.00,0.02,0,0
vda,0.60,0.00,0.00,0,0
vda,10.40,0.00,0.05,0,0
vda,2.20,0.00,0.01,0,0
vda,18.00,0.00,0.07,0,0
vda,1.80,0.00,0.01,0,0
vda,2.40,0.00,0.01,0,0
vda,40.20,0.00,0.17,0,0
