16227592.0,41748.0,1504.0
16089916.0,75252.8,2547.4666667
15932572.0,113544.0,3740.0
15932572.0,113544.0,3740.0
15661668.267,132447.73333,3771.7333333
15352064.0,154052.0,3808.0
15350664.0,154053.6,3833.6
15348564.0,154056.0,3872.0
15348564.0,154056.0,3872.0
15344002.667,156597.33333,4518.6666667
15334880.0,161680.0,5812.0
15334880.0,161680.0,5812.0
15334880.0,161680.0,5812.0
15334880.0,161680.0,5812.0
15330532.533,161683.73333,5871.7333333
15325564.0,161688.0,5940.0
15325564.0,161688.0,5940.0
15325564.0,161688.0,5940.0
15325564.0,161688.0,5940.0
15325564.0,161688.0,5940.0
15325564.0,161688.0,5940.0
15325564.0,161688.0,5940.0
15325564.0,161688.0,5940.0
15325564.0,161688.0,5940.0
15325564.0,161688.0,5940.0
15325564.0,161688.0,5940.0
15324949.867,161693.6,6055.7333333
15324248.0,161700.0,6188.0
15323441.6,161703.73333,6217.8666667
15322520.0,161708.0,6252.0
15265688.0,162024.8,6288.8
15180440.0,162500.0,6344.0
15180440.0,162500.0,6344.0
15180440.0,162500.0,6344.0
15180440.0,162500.0,6344.0
15180440.0,162500.0,6344.0
15164121.6,162509.6,6388.8
15139644.0,162524.0,6456.0
15139644.0,162524.0,6456.0
15139644.0,162524.0,6456.0
15139644.0,162524.0,6456.0
15139644.0,162524.0,6456.0
15139644.0,162524.0,6456.0
15139644.0,162524.0,6456.0
