vda,65.00,0.25,0.01,1,0
vda,41.40,0.04,0.13,0,0
vda,19.60,0.00,0.08,0,0
vda,2.20,0.00,0.01,0,0
vda,0.00,0.00,0.00,0,0
vda,34.80,0.00,0.14,0,0
vda,211.60,7.90,0.01,39,0
vda,37.60,0.00,1.42,0,7
vda,58.80,0.44,0.01,2,0
vda,0.20,0.00,0.00,0,0
vda,8.00,0.02,0.01,0,0
vda,51.40,0.00,0.21,0,1
vda,1.60,0.00,0.01,0,0
vda,1.80,0.00,0.01,0,0
vda,46.80,0.00,0.19,0,0
vda,1.40,0.00,0.01,0,0
vda,2.20,0.00,0.01,0,0
vda,35.40,0.00,0.14,0,0
vda,2.40,0.00,0.01,0,0
vda,2.80,0.00,0.01,0,0
vda,0.00,0.00,0.00,0,0
vda,43.40,0.00,0.18,0,0
vda,2.00,0.00,0.01,0,0
vda,1.20,0.00,0.00,0,0
vda,1.40,0.00,0.01,0,0
vda,1.60,0.00,0.01,0,0
vda,1.20,0.00,0.00,0,0
vda,3.00,0.00,0.01,0,0
vda,79.80,0.19,0.15,0,0
vda,18.40,0.00,0.07,0,0
vda,1.60,0.00,0.01,0,0
vda,2.20,0.00,0.01,0,0
vda,0.00,0.00,0.00,0,0
vda,9.00,0.00,0.04,0,0
vda,2.00,0.00,0.01,0,0
vda,8.20,0.00,0.04,0,0
vda,18.40,0.00,0.07,0,0
vda,37.20,0.00,0.15,0,0
vda,1.60,0.00,0.01,0,0
vda,0.20,0.00,0.00,0,0
vda,10.80,0.00,0.05,0,0
vda,1.20,0.00,0.00,0,0
vda,2.60,0.00,0.01,0,0
