16200992.0,61620.0,1232.0
15723341.6,134044.8,2444.0
15404908.0,182328.0,3252.0
15404908.0,182328.0,3252.0
14333895.733,429041.6,3286.1333333
13396760.0,644916.0,3316.0
12437091.2,915448.8,3354.4
11797312.0,1095804.0,3380.0
11797312.0,1095804.0,3380.0
10961429.333,1312124.0,3409.8666667
10230032.0,1501404.0,3436.0
10230032.0,1501404.0,3436.0
9239252.2667,1780796.0,3470.1333333
8372320.0,2025264.0,3500.0
7751378.9333,2055694.4,3529.8666667
7041732.0,2090472.0,3564.0
7041732.0,2090472.0,3564.0
6811650.6667,2090474.6667,3585.3333333
6351488.0,2090480.0,3628.0
6351488.0,2090480.0,3628.0
6350967.2,2090481.8667,3661.6
6350372.0,2090484.0,3700.0
6350372.0,2090484.0,3700.0
6350372.0,2090484.0,3700.0
6350372.0,2090484.0,3700.0
6350372.0,2090484.0,3700.0
6350372.0,2090484.0,3700.0
6350372.0,2090484.0,3700.0
6350372.0,2090484.0,3700.0
6350372.0,2090484.0,3700.0
6350372.0,2090484.0,3700.0
6350372.0,2090484.0,3700.0
6349888.8,2090493.6,3799.2
6349164.0,2090508.0,3948.0
6349164.0,2090508.0,3948.0
6349164.0,2090508.0,3948.0
6349164.0,2090508.0,3948.0
6349164.0,2090508.0,3948.0
6349164.0,2090508.0,3948.0
6349164.0,2090508.0,3948.0
6349164.0,2090508.0,3948.0
6349164.0,2090508.0,3948.0
6349164.0,2090508.0,3948.0
6349164.0,2090508.0,3948.0
6349186.4,2090664.8,4076.0
6349220.0,2090900.0,4268.0
6349220.0,2090900.0,4268.0
6349220.0,2090900.0,4268.0
6349220.0,2090900.0,4268.0
6349220.0,2090900.0,4268.0
6349220.0,2090900.0,4268.0
6349220.0,2090900.0,4268.0
6349220.0,2090900.0,4268.0
6349220.0,2090900.0,4268.0
6349220.0,2090900.0,4268.0
6349220.0,2090900.0,4268.0
6349146.4,2090909.6,4373.6
6349036.0,2090924.0,4532.0
6349036.0,2090924.0,4532.0
6349036.0,2090924.0,4532.0
6349036.0,2090924.0,4532.0
6349036.0,2090924.0,4532.0
6349036.0,2090924.0,4532.0
6349036.0,2090924.0,4532.0
6349036.0,2090924.0,4532.0
6349098.6667,2090932.0,4617.3333333
6349224.0,2090948.0,4788.0
6349224.0,2090948.0,4788.0
6349224.0,2090948.0,4788.0
6349224.0,2090948.0,4788.0
6349224.0,2090948.0,4788.0
6349224.0,2090948.0,4788.0
6349224.0,2090948.0,4788.0
6349224.0,2090948.0,4788.0
6349224.0,2090948.0,4788.0
6349224.0,2090948.0,4788.0
6349224.0,2090948.0,4788.0
6348660.0,2091002.6667,4870.6666667
6347532.0,2091112.0,5036.0
6347532.0,2091112.0,5036.0
6347532.0,2091112.0,5036.0
6347532.0,2091112.0,5036.0
6347532.0,2091112.0,5036.0
6347532.0,2091112.0,5036.0
6347532.0,2091112.0,5036.0
6347532.0,2091112.0,5036.0
6347532.0,2091112.0,5036.0
6347532.0,2091112.0,5036.0
6347532.0,2091112.0,5036.0
6347449.8667,2091120.5333,5110.6666667
6347224.0,2091144.0,5316.0
6347224.0,2091144.0,5316.0
6347224.0,2091144.0,5316.0
6347224.0,2091144.0,5316.0
6347224.0,2091144.0,5316.0
6347224.0,2091144.0,5316.0
6347224.0,2091144.0,5316.0
6347224.0,2091144.0,5316.0
6347224.0,2091144.0,5316.0
6347224.0,2091144.0,5316.0
6347224.0,2091144.0,5316.0
6347066.1333,2091152.5333,5384.2666667
6346632.0,2091176.0,5572.0
6346632.0,2091176.0,5572.0
6346632.0,2091176.0,5572.0
6346632.0,2091176.0,5572.0
6346632.0,2091176.0,5572.0
6346632.0,2091176.0,5572.0
6346632.0,2091176.0,5572.0
6346632.0,2091176.0,5572.0
6346632.0,2091176.0,5572.0
6346632.0,2091176.0,5572.0
6346632.0,2091176.0,5572.0
6346632.0,2091176.0,5572.0
6346266.1333,2091213.3333,5870.6666667
6346240.0,2091216.0,5892.0
6346240.0,2091216.0,5892.0
6346240.0,2091216.0,5892.0
6346240.0,2091216.0,5892.0
6346240.0,2091216.0,5892.0
6346240.0,2091216.0,5892.0
6346240.0,2091216.0,5892.0
6346240.0,2091216.0,5892.0
6346240.0,2091216.0,5892.0
6346240.0,2091216.0,5892.0
6346240.0,2091216.0,5892.0
6345380.2667,2091229.8667,6113.8666667
6345248.0,2091232.0,6148.0
6345248.0,2091232.0,6148.0
6345248.0,2091232.0,6148.0
6345248.0,2091232.0,6148.0
6345248.0,2091232.0,6148.0
6343377.6,2091254.4,6327.2
6343244.0,2091256.0,6340.0
6343244.0,2091256.0,6340.0
6344495.4667,2091276.8,6388.5333333
6344688.0,2091280.0,6396.0
6344688.0,2091280.0,6396.0
6344688.0,2091280.0,6396.0
6344688.0,2091280.0,6396.0
6344688.0,2091280.0,6396.0
6344688.0,2091280.0,6396.0
6344688.0,2091280.0,6396.0
6344688.0,2091280.0,6396.0
6344688.0,2091280.0,6396.0
6344688.0,2091280.0,6396.0
6344688.0,2091280.0,6396.0
6344803.7333,2091410.6667,6612.5333333
6343388.0,2091436.0,6692.0
6343388.0,2091436.0,6692.0
6343388.0,2091436.0,6692.0
6344908.0,2091440.0,6756.0
6344908.0,2091440.0,6756.0
6344908.0,2091440.0,6756.0
6344908.0,2091440.0,6756.0
6344908.0,2091440.0,6756.0
6344908.0,2091440.0,6756.0
6344908.0,2091440.0,6756.0
6344908.0,2091440.0,6756.0
6344908.0,2091440.0,6756.0
6344908.0,2091440.0,6756.0
6344696.8,2091600.2667,6805.8666667
6341740.0,2093844.0,7504.0
6341632.5333,2093844.2667,7507.7333333
6340128.0,2093848.0,7560.0
6340128.0,2093848.0,7560.0
6340230.9333,2093847.4667,7564.8
6341672.0,2093840.0,7632.0
6341672.0,2093840.0,7632.0
6341672.0,2093840.0,7632.0
6341672.0,2093840.0,7632.0
6341672.0,2093840.0,7632.0
6341672.0,2093840.0,7632.0
6341672.0,2093840.0,7632.0
6341672.0,2093840.0,7632.0
6341672.0,2093840.0,7632.0
6341672.0,2093840.0,7632.0
6341672.0,2093840.0,7632.0
6341569.6,2093864.8,7686.4
6341160.0,2093964.0,7904.0
6341160.0,2093964.0,7904.0
6341160.0,2093964.0,7904.0
6341160.0,2093964.0,7904.0
6341160.0,2093964.0,7904.0
6341160.0,2093964.0,7904.0
6341293.6,2093967.2,7942.4
6341828.0,2093980.0,8096.0
6341828.0,2093980.0,8096.0
6341828.0,2093980.0,8096.0
6341828.0,2093980.0,8096.0
6341828.0,2093980.0,8096.0
6341828.0,2093980.0,8096.0
6341828.0,2093980.0,8096.0
6341828.0,2093980.0,8096.0
6341828.0,2093980.0,8096.0
6341828.0,2093980.0,8096.0
6341828.0,2093980.0,8096.0
6341622.1333,2093984.2667,8164.2666667
6341056.0,2093996.0,8352.0
6341056.0,2093996.0,8352.0
6341056.0,2093996.0,8352.0
6341056.0,2093996.0,8352.0
6341056.0,2093996.0,8352.0
6341056.0,2093996.0,8352.0
6341056.0,2093996.0,8352.0
6341056.0,2093996.0,8352.0
6341056.0,2093996.0,8352.0
6341056.0,2093996.0,8352.0
6341056.0,2093996.0,8352.0
6340942.6667,2094037.3333,8445.3333333
6340716.0,2094120.0,8632.0
6340716.0,2094120.0,8632.0
6340716.0,2094120.0,8632.0
6340716.0,2094120.0,8632.0
6340716.0,2094120.0,8632.0
6340716.0,2094120.0,8632.0
6340716.0,2094120.0,8632.0
6340716.0,2094120.0,8632.0
6340716.0,2094120.0,8632.0
6340716.0,2094120.0,8632.0
6340716.0,2094120.0,8632.0
6340126.6667,2094129.3333,8717.3333333
6338948.0,2094148.0,8888.0
6338948.0,2094148.0,8888.0
6338948.0,2094148.0,8888.0
6338948.0,2094148.0,8888.0
6338948.0,2094148.0,8888.0
6338948.0,2094148.0,8888.0
6338948.0,2094148.0,8888.0
6338948.0,2094148.0,8888.0
6339341.3333,2094190.6667,8962.6666667
6340128.0,2094276.0,9112.0
6340128.0,2094276.0,9112.0
6340128.0,2094276.0,9112.0
6340128.0,2094276.0,9112.0
6340128.0,2094276.0,9112.0
6340128.0,2094276.0,9112.0
6340128.0,2094276.0,9112.0
6340128.0,2094276.0,9112.0
6340128.0,2094276.0,9112.0
6340128.0,2094276.0,9112.0
6340128.0,2094276.0,9112.0
6339960.8,2094280.0,9161.6
6339292.0,2094296.0,9360.0
6339292.0,2094296.0,9360.0
6339292.0,2094296.0,9360.0
6339292.0,2094296.0,9360.0
6339292.0,2094296.0,9360.0
6339292.0,2094296.0,9360.0
6339292.0,2094296.0,9360.0
6339292.0,2094296.0,9360.0
6339292.0,2094296.0,9360.0
6339292.0,2094296.0,9360.0
6339292.0,2094296.0,9360.0
6339155.2,2094302.4,9419.2
6338608.0,2094328.0,9656.0
6338608.0,2094328.0,9656.0
6338608.0,2094328.0,9656.0
6338608.0,2094328.0,9656.0
6338608.0,2094328.0,9656.0
6338608.0,2094328.0,9656.0
6338608.0,2094328.0,9656.0
6338608.0,2094328.0,9656.0
6338608.0,2094328.0,9656.0
6338608.0,2094328.0,9656.0
6338608.0,2094328.0,9656.0
6338598.4,2094356.0,9705.6
6338560.0,2094468.0,9904.0
6338340.8,2094467.2,9918.4
6337464.0,2094464.0,9976.0
6337464.0,2094464.0,9976.0
6337464.0,2094464.0,9976.0
6337464.0,2094464.0,9976.0
6337464.0,2094464.0,9976.0
6337464.0,2094464.0,9976.0
6337464.0,2094464.0,9976.0
6337464.0,2094464.0,9976.0
6337464.0,2094464.0,9976.0
6337464.0,2094464.0,9976.0
6337464.0,2094464.0,9976.0
6337583.4667,2094470.4,10042.133333
6337912.0,2094488.0,10224.0
6337912.0,2094488.0,10224.0
6337912.0,2094488.0,10224.0
6337912.0,2094488.0,10224.0
6337912.0,2094488.0,10224.0
6337912.0,2094488.0,10224.0
6337912.0,2094488.0,10224.0
6337912.0,2094488.0,10224.0
6337912.0,2094488.0,10224.0
6337912.0,2094488.0,10224.0
6337912.0,2094488.0,10224.0
6337630.4,2094524.2667,10309.333333
6336856.0,2094624.0,10544.0
6336856.0,2094624.0,10544.0
6336856.0,2094624.0,10544.0
6336856.0,2094624.0,10544.0
6336856.0,2094624.0,10544.0
6336856.0,2094624.0,10544.0
6336856.0,2094624.0,10544.0
6336856.0,2094624.0,10544.0
6336856.0,2094624.0,10544.0
6336856.0,2094624.0,10544.0
6336856.0,2094624.0,10544.0
6336792.0,2094672.0,10621.333333
6336664.0,2094768.0,10776.0
6336664.0,2094768.0,10776.0
6336664.0,2094768.0,10776.0
6336664.0,2094768.0,10776.0
6336664.0,2094768.0,10776.0
6336664.0,2094768.0,10776.0
6336664.0,2094768.0,10776.0
6336664.0,2094768.0,10776.0
6336664.0,2094768.0,10776.0
6336664.0,2094768.0,10776.0
6336664.0,2094768.0,10776.0
6336178.6667,2094801.0667,10857.066667
6334844.0,2094892.0,11080.0
6335122.4,2094893.0667,11097.066667
6335888.0,2094896.0,11144.0
6335888.0,2094896.0,11144.0
6335888.0,2094896.0,11144.0
6335888.0,2094896.0,11144.0
6335888.0,2094896.0,11144.0
6335888.0,2094896.0,11144.0
6335888.0,2094896.0,11144.0
6335888.0,2094896.0,11144.0
6335888.0,2094896.0,11144.0
6335888.0,2094896.0,11144.0
6335888.0,2094896.0,11144.0
6335842.4,2094898.4,11161.6
6335204.0,2094932.0,11408.0
6335204.0,2094932.0,11408.0
6335204.0,2094932.0,11408.0
6335204.0,2094932.0,11408.0
6335204.0,2094932.0,11408.0
6335204.0,2094932.0,11408.0
6335204.0,2094932.0,11408.0
6335204.0,2094932.0,11408.0
6335204.0,2094932.0,11408.0
6335204.0,2094932.0,11408.0
6335204.0,2094932.0,11408.0
6335207.2,2094938.4,11468.8
6335220.0,2094964.0,11712.0
6335220.0,2094964.0,11712.0
6335220.0,2094964.0,11712.0
6335220.0,2094964.0,11712.0
6335220.0,2094964.0,11712.0
6335220.0,2094964.0,11712.0
6335220.0,2094964.0,11712.0
6335220.0,2094964.0,11712.0
6335220.0,2094964.0,11712.0
6335220.0,2094964.0,11712.0
6335220.0,2094964.0,11712.0
6335220.0,2094964.0,11712.0
6335320.2667,2094973.6,11778.133333
6335596.0,2095000.0,11960.0
6335596.0,2095000.0,11960.0
6335596.0,2095000.0,11960.0
6335596.0,2095000.0,11960.0
6335596.0,2095000.0,11960.0
6335596.0,2095000.0,11960.0
6335596.0,2095000.0,11960.0
6335596.0,2095000.0,11960.0
6335596.0,2095000.0,11960.0
6335596.0,2095000.0,11960.0
6335596.0,2095000.0,11960.0
6335301.0667,2095046.6667,12105.6
6334964.0,2095100.0,12272.0
6334964.0,2095100.0,12272.0
6334964.0,2095100.0,12272.0
6334964.0,2095100.0,12272.0
6334964.0,2095100.0,12272.0
6334964.0,2095100.0,12272.0
6334964.0,2095100.0,12272.0
6334964.0,2095100.0,12272.0
6334964.0,2095100.0,12272.0
6334964.0,2095100.0,12272.0
6334964.0,2095100.0,12272.0
6334642.9333,2095133.6,12391.466667
6334276.0,2095172.0,12528.0
6334276.0,2095172.0,12528.0
6334276.0,2095172.0,12528.0
6334276.0,2095172.0,12528.0
6334276.0,2095172.0,12528.0
6334276.0,2095172.0,12528.0
6334276.0,2095172.0,12528.0
6334276.0,2095172.0,12528.0
6333555.4667,2095181.3333,12643.733333
6332732.0,2095192.0,12776.0
6332732.0,2095192.0,12776.0
6332732.0,2095192.0,12776.0
6332732.0,2095192.0,12776.0
6333487.2,2095200.0,12824.0
6334620.0,2095212.0,12896.0
6334620.0,2095212.0,12896.0
6334620.0,2095212.0,12896.0
6334620.0,2095212.0,12896.0
6334620.0,2095212.0,12896.0
6334620.0,2095212.0,12896.0
6334620.0,2095212.0,12896.0
6333727.7333,2095243.7333,12989.333333
6332708.0,2095280.0,13096.0
6332708.0,2095280.0,13096.0
6332708.0,2095280.0,13096.0
6332708.0,2095280.0,13096.0
6332708.0,2095280.0,13096.0
6332708.0,2095280.0,13096.0
6332708.0,2095280.0,13096.0
6332708.0,2095280.0,13096.0
6332708.0,2095280.0,13096.0
6332708.0,2095280.0,13096.0
6332708.0,2095280.0,13096.0
6333051.4667,2095299.2,13232.533333
6333352.0,2095316.0,13352.0
6333352.0,2095316.0,13352.0
6333352.0,2095316.0,13352.0
6333352.0,2095316.0,13352.0
6333352.0,2095316.0,13352.0
6333352.0,2095316.0,13352.0
6333352.0,2095316.0,13352.0
6333352.0,2095316.0,13352.0
6333352.0,2095316.0,13352.0
6333352.0,2095316.0,13352.0
6333352.0,2095316.0,13352.0
6333437.8667,2095319.7333,13497.6
6333536.0,2095324.0,13664.0
6333536.0,2095324.0,13664.0
6333536.0,2095324.0,13664.0
6333536.0,2095324.0,13664.0
6333536.0,2095324.0,13664.0
6333536.0,2095324.0,13664.0
6333536.0,2095324.0,13664.0
6333536.0,2095324.0,13664.0
6333536.0,2095324.0,13664.0
6333536.0,2095324.0,13664.0
6333536.0,2095324.0,13664.0
6333414.4,2095330.4,13769.6
6333232.0,2095340.0,13928.0
6333232.0,2095340.0,13928.0
6333232.0,2095340.0,13928.0
6333232.0,2095340.0,13928.0
6333232.0,2095340.0,13928.0
6333232.0,2095340.0,13928.0
6333232.0,2095340.0,13928.0
6333232.0,2095340.0,13928.0
6333232.0,2095340.0,13928.0
6333232.0,2095340.0,13928.0
6333232.0,2095340.0,13928.0
6332752.0,2095354.4,14052.8
6332032.0,2095376.0,14240.0
6332032.0,2095376.0,14240.0
6332032.0,2095376.0,14240.0
6332032.0,2095376.0,14240.0
6332032.0,2095376.0,14240.0
6332032.0,2095376.0,14240.0
6332032.0,2095376.0,14240.0
6331199.4667,2095389.0667,14318.4
6330248.0,2095404.0,14408.0
6330248.0,2095404.0,14408.0
6331267.2,2095402.1333,14437.866667
6332432.0,2095400.0,14472.0
6332432.0,2095400.0,14472.0
6332432.0,2095400.0,14472.0
6332432.0,2095400.0,14472.0
6332432.0,2095400.0,14472.0
6332432.0,2095400.0,14472.0
6332432.0,2095400.0,14472.0
6332432.0,2095400.0,14472.0
6332432.0,2095400.0,14472.0
6332432.0,2095400.0,14472.0
6332432.0,2095400.0,14472.0
6332150.1333,2095407.4667,14591.466667
6331828.0,2095416.0,14728.0
6331828.0,2095416.0,14728.0
6331828.0,2095416.0,14728.0
6331828.0,2095416.0,14728.0
6331828.0,2095416.0,14728.0
6331828.0,2095416.0,14728.0
6331828.0,2095416.0,14728.0
6331828.0,2095416.0,14728.0
6331828.0,2095416.0,14728.0
6331828.0,2095416.0,14728.0
6331828.0,2095416.0,14728.0
6331525.6,2095427.2,14873.6
6331180.0,2095440.0,15040.0
6331180.0,2095440.0,15040.0
6331180.0,2095440.0,15040.0
6331180.0,2095440.0,15040.0
6331180.0,2095440.0,15040.0
6331180.0,2095440.0,15040.0
6331180.0,2095440.0,15040.0
6331180.0,2095440.0,15040.0
6331180.0,2095440.0,15040.0
6331180.0,2095440.0,15040.0
6331180.0,2095440.0,15040.0
6330844.0,2095452.0,15193.6
6330620.0,2095460.0,15296.0
6330620.0,2095460.0,15296.0
6330620.0,2095460.0,15296.0
6330620.0,2095460.0,15296.0
6330620.0,2095460.0,15296.0
6330620.0,2095460.0,15296.0
6330620.0,2095460.0,15296.0
6330620.0,2095460.0,15296.0
6330620.0,2095460.0,15296.0
6330620.0,2095460.0,15296.0
6330620.0,2095460.0,15296.0
6330622.4,2095476.8,15492.8
6330624.0,2095488.0,15624.0
6330624.0,2095488.0,15624.0
6330624.0,2095488.0,15624.0
6330624.0,2095488.0,15624.0
6330624.0,2095488.0,15624.0
6330624.0,2095488.0,15624.0
6330624.0,2095488.0,15624.0
6330997.3333,2095501.0667,15709.866667
6331424.0,2095516.0,15808.0
6331424.0,2095516.0,15808.0
6331424.0,2095516.0,15808.0
6331424.0,2095516.0,15808.0
6331424.0,2095516.0,15808.0
6649595.7333,2095513.8667,15876.266667
6927996.0,2095512.0,15936.0
6927996.0,2095512.0,15936.0
6927996.0,2095512.0,15936.0
6927996.0,2095512.0,15936.0
6927996.0,2095512.0,15936.0
6927996.0,2095512.0,15936.0
6927996.0,2095512.0,15936.0
6927996.0,2095512.0,15936.0
6927996.0,2095512.0,15936.0
6927996.0,2095512.0,15936.0
6928158.6667,2095564.0,16026.666667
6928484.0,2095668.0,16208.0
6928484.0,2095668.0,16208.0
6928484.0,2095668.0,16208.0
6928484.0,2095668.0,16208.0
6928484.0,2095668.0,16208.0
6928484.0,2095668.0,16208.0
6928484.0,2095668.0,16208.0
6928484.0,2095668.0,16208.0
6928484.0,2095668.0,16208.0
6928484.0,2095668.0,16208.0
6928484.0,2095668.0,16208.0
6928484.0,2095668.0,16208.0
6928277.0667,2095700.0,16374.4
6928096.0,2095728.0,16520.0
6928096.0,2095728.0,16520.0
6928096.0,2095728.0,16520.0
6928096.0,2095728.0,16520.0
6928096.0,2095728.0,16520.0
6928096.0,2095728.0,16520.0
6928096.0,2095728.0,16520.0
6928096.0,2095728.0,16520.0
6928096.0,2095728.0,16520.0
6928096.0,2095728.0,16520.0
6928096.0,2095728.0,16520.0
6927532.2667,2095735.4667,16639.466667
6926888.0,2095744.0,16776.0
6926888.0,2095744.0,16776.0
6926888.0,2095744.0,16776.0
6926888.0,2095744.0,16776.0
6926888.0,2095744.0,16776.0
6926888.0,2095744.0,16776.0
6926888.0,2095744.0,16776.0
6926888.0,2095744.0,16776.0
6926161.8667,2095751.4667,16891.733333
6925332.0,2095760.0,17024.0
6925332.0,2095760.0,17024.0
6925332.0,2095760.0,17024.0
6925332.0,2095760.0,17024.0
6925332.0,2095760.0,17024.0
6925332.0,2095760.0,17024.0
6925332.0,2095760.0,17024.0
6925332.0,2095760.0,17024.0
6925332.0,2095760.0,17024.0
6925332.0,2095760.0,17024.0
6925332.0,2095760.0,17024.0
6925901.6,2095772.8,17164.8
6926400.0,2095784.0,17288.0
6926400.0,2095784.0,17288.0
6926400.0,2095784.0,17288.0
6926400.0,2095784.0,17288.0
6926400.0,2095784.0,17288.0
6926400.0,2095784.0,17288.0
6926400.0,2095784.0,17288.0
6926400.0,2095784.0,17288.0
6926400.0,2095784.0,17288.0
6926400.0,2095784.0,17288.0
6926400.0,2095784.0,17288.0
6925637.3333,2095816.0,17496.0
6925256.0,2095832.0,17600.0
6925256.0,2095832.0,17600.0
6923853.8667,2095840.8,17652.8
6923344.0,2095844.0,17672.0
6923344.0,2095844.0,17672.0
6925016.0,2095844.0,17713.066667
6925624.0,2095844.0,17728.0
6925624.0,2095844.0,17728.0
6925624.0,2095844.0,17728.0
6925624.0,2095844.0,17728.0
6925624.0,2095844.0,17728.0
6925624.0,2095844.0,17728.0
6925624.0,2095844.0,17728.0
6925624.0,2095844.0,17728.0
6925624.0,2095844.0,17728.0
6925624.0,2095844.0,17728.0
6925588.0,2095860.8,17881.6
6925564.0,2095872.0,17984.0
6926197.6,2095874.4,18027.2
6926620.0,2095876.0,18056.0
6926620.0,2095876.0,18056.0
6926620.0,2095876.0,18056.0
6926620.0,2095876.0,18056.0
6926620.0,2095876.0,18056.0
6926620.0,2095876.0,18056.0
6926620.0,2095876.0,18056.0
6926620.0,2095876.0,18056.0
6926620.0,2095876.0,18056.0
7297578.4,2095890.4,18204.8
7544884.0,2095900.0,18304.0
7544884.0,2095900.0,18304.0
7544884.0,2095900.0,18304.0
7544884.0,2095900.0,18304.0
7544884.0,2095900.0,18304.0
7544884.0,2095900.0,18304.0
7544884.0,2095900.0,18304.0
7544884.0,2095900.0,18304.0
7544884.0,2095900.0,18304.0
7544884.0,2095900.0,18304.0
7544884.0,2095900.0,18304.0
7544881.6,2095916.8,18457.6
7544880.0,2095928.0,18560.0
7544880.0,2095928.0,18560.0
7544880.0,2095928.0,18560.0
7544880.0,2095928.0,18560.0
7544880.0,2095928.0,18560.0
7544880.0,2095928.0,18560.0
7544500.2667,2095930.1333,18662.4
7544168.0,2095932.0,18752.0
7544168.0,2095932.0,18752.0
7544168.0,2095932.0,18752.0
7544168.0,2095932.0,18752.0
7544168.0,2095932.0,18752.0
7544168.0,2095932.0,18752.0
7544168.0,2095932.0,18752.0
7544168.0,2095932.0,18752.0
7544168.0,2095932.0,18752.0
7544168.0,2095932.0,18752.0
7543743.2,2095948.8,18891.2
7543460.0,2095960.0,18984.0
7543460.0,2095960.0,18984.0
7543460.0,2095960.0,18984.0
7543460.0,2095960.0,18984.0
7543460.0,2095960.0,18984.0
7543460.0,2095960.0,18984.0
7543460.0,2095960.0,18984.0
7543460.0,2095960.0,18984.0
7543460.0,2095960.0,18984.0
7543460.0,2095960.0,18984.0
7543460.0,2095960.0,18984.0
7543978.4,2095988.8,19182.4
7544108.0,2095996.0,19232.0
7544108.0,2095996.0,19232.0
7544108.0,2095996.0,19232.0
7544108.0,2095996.0,19232.0
7544108.0,2095996.0,19232.0
7544108.0,2095996.0,19232.0
7544108.0,2095996.0,19232.0
7544108.0,2095996.0,19232.0
7544108.0,2095996.0,19232.0
7544108.0,2095996.0,19232.0
7544108.0,2095996.0,19232.0
7542857.3333,2096017.3333,19429.333333
7542232.0,2096028.0,19528.0
7542232.0,2096028.0,19528.0
7542232.0,2096028.0,19528.0
7542232.0,2096028.0,19528.0
7543162.6667,2096038.6667,19608.0
7543628.0,2096044.0,19648.0
7543628.0,2096044.0,19648.0
7543628.0,2096044.0,19648.0
7543628.0,2096044.0,19648.0
7543628.0,2096044.0,19648.0
7543628.0,2096044.0,19648.0
7543628.0,2096044.0,19648.0
7543628.0,2096044.0,19648.0
7543628.0,2096044.0,19648.0
7543628.0,2096044.0,19648.0
7543628.0,2096044.0,19648.0
7543416.8,2096052.5333,19765.333333
7543232.0,2096060.0,19868.0
7543232.0,2096060.0,19868.0
7543232.0,2096060.0,19868.0
7543232.0,2096060.0,19868.0
7543232.0,2096060.0,19868.0
7543232.0,2096060.0,19868.0
7543232.0,2096060.0,19868.0
7543232.0,2096060.0,19868.0
7543232.0,2096060.0,19868.0
7543232.0,2096060.0,19868.0
7543232.0,2096060.0,19868.0
7543364.2667,2096072.8,19993.866667
7543480.0,2096084.0,20104.0
7543480.0,2096084.0,20104.0
7543480.0,2096084.0,20104.0
7543480.0,2096084.0,20104.0
7543480.0,2096084.0,20104.0
7543480.0,2096084.0,20104.0
7543480.0,2096084.0,20104.0
7543480.0,2096084.0,20104.0
7543480.0,2096084.0,20104.0
7543480.0,2096084.0,20104.0
7543480.0,2096084.0,20104.0
7542850.6667,2096103.2,20208.533333
7542300.0,2096120.0,20300.0
7542300.0,2096120.0,20300.0
7542300.0,2096120.0,20300.0
7715074.9333,2096125.6,20339.2
7912532.0,2096132.0,20384.0
7912532.0,2096132.0,20384.0
7993082.4,2096135.7333,20402.666667
8085140.0,2096140.0,20424.0
8085140.0,2096140.0,20424.0
8085140.0,2096140.0,20424.0
8085140.0,2096140.0,20424.0
8085140.0,2096140.0,20424.0
8085140.0,2096140.0,20424.0
8085140.0,2096140.0,20424.0
8085140.0,2096140.0,20424.0
8085140.0,2096140.0,20424.0
8085364.0,2096152.8,20505.6
8085700.0,2096172.0,20628.0
8085700.0,2096172.0,20628.0
8085700.0,2096172.0,20628.0
8085700.0,2096172.0,20628.0
8085700.0,2096172.0,20628.0
8084949.6,2096179.4667,20676.533333
8084092.0,2096188.0,20732.0
8084092.0,2096188.0,20732.0
8084092.0,2096188.0,20732.0
8084092.0,2096188.0,20732.0
8084092.0,2096188.0,20732.0
8084092.0,2096188.0,20732.0
8084092.0,2096188.0,20732.0
8084092.0,2096188.0,20732.0
8084092.0,2096188.0,20732.0
8084092.0,2096188.0,20732.0
8084092.0,2096188.0,20732.0
8084888.8,2096197.6,20844.8
8085420.0,2096204.0,20920.0
8085420.0,2096204.0,20920.0
8085420.0,2096204.0,20920.0
8085420.0,2096204.0,20920.0
8085420.0,2096204.0,20920.0
8085420.0,2096204.0,20920.0
8085420.0,2096204.0,20920.0
8085420.0,2096204.0,20920.0
8085420.0,2096204.0,20920.0
8085420.0,2096204.0,20920.0
8085420.0,2096204.0,20920.0
8084594.4,2096285.0667,21033.066667
8083872.0,2096356.0,21132.0
8083872.0,2096356.0,21132.0
8083872.0,2096356.0,21132.0
8083872.0,2096356.0,21132.0
8083872.0,2096356.0,21132.0
8083872.0,2096356.0,21132.0
8083872.0,2096356.0,21132.0
8083872.0,2096356.0,21132.0
8083872.0,2096356.0,21132.0
8083872.0,2096356.0,21132.0
8083872.0,2096356.0,21132.0
8084133.6,2096377.6,21242.4
8084308.0,2096392.0,21316.0
8084308.0,2096392.0,21316.0
8084308.0,2096392.0,21316.0
8084308.0,2096392.0,21316.0
8084308.0,2096392.0,21316.0
8084308.0,2096392.0,21316.0
8084308.0,2096392.0,21316.0
8084308.0,2096392.0,21316.0
8084308.0,2096392.0,21316.0
8084308.0,2096392.0,21316.0
8084308.0,2096392.0,21316.0
8084204.0,2096400.0,21500.0
8084152.0,2096404.0,21592.0
8084152.0,2096404.0,21592.0
8084152.0,2096404.0,21592.0
8084152.0,2096404.0,21592.0
8084152.0,2096404.0,21592.0
8084152.0,2096404.0,21592.0
8084152.0,2096404.0,21592.0
8084152.0,2096404.0,21592.0
8084152.0,2096404.0,21592.0
8084152.0,2096404.0,21592.0
8084152.0,2096404.0,21592.0
8083981.6,2096411.2,21685.6
8083868.0,2096416.0,21748.0
8083868.0,2096416.0,21748.0
8083868.0,2096416.0,21748.0
8083868.0,2096416.0,21748.0
8083868.0,2096416.0,21748.0
8083868.0,2096416.0,21748.0
8083868.0,2096416.0,21748.0
8083868.0,2096416.0,21748.0
8082965.6,2096437.3333,21837.6
8082176.0,2096456.0,21916.0
8082176.0,2096456.0,21916.0
8082798.9333,2096466.6667,21941.6
8083344.0,2096476.0,21964.0
8083344.0,2096476.0,21964.0
8083344.0,2096476.0,21964.0
8083344.0,2096476.0,21964.0
8083344.0,2096476.0,21964.0
8083344.0,2096476.0,21964.0
8083344.0,2096476.0,21964.0
8083344.0,2096476.0,21964.0
8083344.0,2096476.0,21964.0
8083344.0,2096476.0,21964.0
8329517.8667,2096497.3333,22085.6
8544920.0,2096516.0,22192.0
8618342.9333,2096516.0,22213.333333
8682588.0,2096516.0,22232.0
8682588.0,2096516.0,22232.0
8682588.0,2096516.0,22232.0
8682588.0,2096516.0,22232.0
8682588.0,2096516.0,22232.0
8682588.0,2096516.0,22232.0
8682588.0,2096516.0,22232.0
8682588.0,2096516.0,22232.0
8682588.0,2096516.0,22232.0
8682588.0,2096516.0,22232.0
8682588.0,2096516.0,22232.0
8682357.6,2096532.8,22342.4
8682204.0,2096544.0,22416.0
8682204.0,2096544.0,22416.0
8682204.0,2096544.0,22416.0
8682204.0,2096544.0,22416.0
8682204.0,2096544.0,22416.0
8682204.0,2096544.0,22416.0
8682204.0,2096544.0,22416.0
8682204.0,2096544.0,22416.0
8682204.0,2096544.0,22416.0
8682201.3333,2096560.0,22546.666667
8682200.0,2096568.0,22612.0
8682200.0,2096568.0,22612.0
8682200.0,2096568.0,22612.0
8682200.0,2096568.0,22612.0
8681416.0,2096573.3333,22676.0
8681024.0,2096576.0,22708.0
8681024.0,2096576.0,22708.0
8682162.6667,2096578.6667,22742.666667
8682732.0,2096580.0,22760.0
8682732.0,2096580.0,22760.0
8682732.0,2096580.0,22760.0
8682732.0,2096580.0,22760.0
8682732.0,2096580.0,22760.0
8682732.0,2096580.0,22760.0
8682732.0,2096580.0,22760.0
8682732.0,2096580.0,22760.0
8682732.0,2096580.0,22760.0
8682732.0,2096580.0,22760.0
8682732.0,2096580.0,22760.0
8682695.7333,2096590.6667,22860.266667
8681772.2667,2096606.4,22965.066667
8680992.0,2096612.0,22980.0
8681992.5333,2096617.6,23000.533333
8683136.0,2096624.0,23024.0
8683136.0,2096624.0,23024.0
8683136.0,2096624.0,23024.0
8683136.0,2096624.0,23024.0
8683136.0,2096624.0,23024.0
8683136.0,2096624.0,23024.0
8683136.0,2096624.0,23024.0
8683136.0,2096624.0,23024.0
8683136.0,2096624.0,23024.0
8683136.0,2096624.0,23024.0
8683136.0,2096624.0,23024.0
8682969.3333,2096628.0,23077.333333
8682636.0,2096636.0,23184.0
8682034.4,2096639.2,23203.2
8681132.0,2096644.0,23232.0
8681132.0,2096644.0,23232.0
8681132.0,2096644.0,23232.0
8681132.0,2096644.0,23232.0
8681132.0,2096644.0,23232.0
8681132.0,2096644.0,23232.0
8681132.0,2096644.0,23232.0
8681132.0,2096644.0,23232.0
8681132.0,2096644.0,23232.0
8681132.0,2096644.0,23232.0
8681132.0,2096644.0,23232.0
8681137.6,2096648.8,23265.6
8681160.0,2096668.0,23400.0
8681160.0,2096668.0,23400.0
8681160.0,2096668.0,23400.0
8681160.0,2096668.0,23400.0
8681160.0,2096668.0,23400.0
8681160.0,2096668.0,23400.0
8681160.0,2096668.0,23400.0
8681160.0,2096668.0,23400.0
8681160.0,2096668.0,23400.0
8681160.0,2096668.0,23400.0
8681160.0,2096668.0,23400.0
8681261.8667,2096673.3333,23430.4
8681924.0,2096708.0,23628.0
8681924.0,2096708.0,23628.0
8681924.0,2096708.0,23628.0
8681924.0,2096708.0,23628.0
8681924.0,2096708.0,23628.0
8681924.0,2096708.0,23628.0
8681924.0,2096708.0,23628.0
8681924.0,2096708.0,23628.0
8681924.0,2096708.0,23628.0
8681924.0,2096708.0,23628.0
8681924.0,2096708.0,23628.0
8681691.4667,2096715.4667,23667.466667
8681052.0,2096736.0,23776.0
8681052.0,2096736.0,23776.0
8681052.0,2096736.0,23776.0
8806933.6,2096739.2,23803.733333
9153108.0,2096748.0,23880.0
9153733.0667,2096752.2667,23892.8
9155452.0,2096764.0,23928.0
9155452.0,2096764.0,23928.0
9155452.0,2096764.0,23928.0
9155452.0,2096764.0,23928.0
9155452.0,2096764.0,23928.0
9155452.0,2096764.0,23928.0
9155452.0,2096764.0,23928.0
9155452.0,2096764.0,23928.0
9155452.0,2096764.0,23928.0
9155452.0,2096764.0,23928.0
9155452.0,2096764.0,23928.0
9155480.8,2096765.8667,23942.4
9155884.0,2096792.0,24144.0
9155884.0,2096792.0,24144.0
9155884.0,2096792.0,24144.0
9155884.0,2096792.0,24144.0
9155884.0,2096792.0,24144.0
9155884.0,2096792.0,24144.0
9155884.0,2096792.0,24144.0
9155884.0,2096792.0,24144.0
9155884.0,2096792.0,24144.0
9155884.0,2096792.0,24144.0
9155884.0,2096792.0,24144.0
9155884.0,2096792.0,24144.0
9155012.0,2096812.0,24400.0
9155012.0,2096812.0,24400.0
9155012.0,2096812.0,24400.0
9155012.0,2096812.0,24400.0
9155012.0,2096812.0,24400.0
9155012.0,2096812.0,24400.0
9155012.0,2096812.0,24400.0
9155012.0,2096812.0,24400.0
9155012.0,2096812.0,24400.0
9155012.0,2096812.0,24400.0
9155012.0,2096812.0,24400.0
9155012.0,2096812.0,24400.0
9154984.0,2096836.0,24600.0
9154984.0,2096836.0,24600.0
9154984.0,2096836.0,24600.0
9154984.0,2096836.0,24600.0
9154984.0,2096836.0,24600.0
9154984.0,2096836.0,24600.0
9154984.0,2096836.0,24600.0
9154984.0,2096836.0,24600.0
9154984.0,2096836.0,24600.0
9154984.0,2096836.0,24600.0
9154984.0,2096836.0,24600.0
9154984.0,2096836.0,24600.0
9153942.4,2096869.6,24827.733333
9153868.0,2096872.0,24844.0
9153868.0,2096872.0,24844.0
9153868.0,2096872.0,24844.0
9153868.0,2096872.0,24844.0
9153868.0,2096872.0,24844.0
9153868.0,2096872.0,24844.0
9153868.0,2096872.0,24844.0
9153868.0,2096872.0,24844.0
9153868.0,2096872.0,24844.0
9153868.0,2096872.0,24844.0
9153868.0,2096872.0,24844.0
9154648.2667,2096890.6667,24985.866667
9154704.0,2096892.0,24996.0
9154704.0,2096892.0,24996.0
9154704.0,2096892.0,24996.0
9154704.0,2096892.0,24996.0
9154704.0,2096892.0,24996.0
9154704.0,2096892.0,24996.0
9154704.0,2096892.0,24996.0
9154704.0,2096892.0,24996.0
9154704.0,2096892.0,24996.0
9154704.0,2096892.0,24996.0
9154704.0,2096892.0,24996.0
9154252.2667,2097006.4,25180.8
9154088.0,2097048.0,25248.0
9154088.0,2097048.0,25248.0
9154088.0,2097048.0,25248.0
9154088.0,2097048.0,25248.0
9154088.0,2097048.0,25248.0
9154088.0,2097048.0,25248.0
9154088.0,2097048.0,25248.0
9154088.0,2097048.0,25248.0
9154088.0,2097048.0,25248.0
9152530.6667,2097053.3333,25357.333333
9151752.0,2097056.0,25412.0
9151752.0,2097056.0,25412.0
9152916.5333,2097070.6667,25444.266667
9153340.0,2097076.0,25456.0
9153340.0,2097076.0,25456.0
9153340.0,2097076.0,25456.0
9153340.0,2097076.0,25456.0
9153340.0,2097076.0,25456.0
9153340.0,2097076.0,25456.0
9153340.0,2097076.0,25456.0
9153340.0,2097076.0,25456.0
9153340.0,2097076.0,25456.0
9153340.0,2097076.0,25456.0
9229090.4,2097099.4667,25564.533333
9256636.0,2097108.0,25604.0
9256636.0,2097108.0,25604.0
12839470.933,2092297.3333,25636.266667
