7949940.0,63952.0,1388.0
7550788.0,143138.66667,2069.3333333
6752484.0,301512.0,3432.0
6097586.6667,468264.0,3456.0
4787792.0,801768.0,3504.0
4787792.0,801768.0,3504.0
4298978.1333,934545.6,3516.8
2954740.0,1299684.0,3552.0
2954740.0,1299684.0,3552.0
2522794.6667,1397944.0,3573.3333333
1658904.0,1594464.0,3616.0
1658409.3333,1594465.3333,3634.6666667
1657420.0,1594468.0,3672.0
1657420.0,1594468.0,3672.0
1657420.0,1594468.0,3672.0
1657420.0,1594468.0,3672.0
1657420.0,1594468.0,3672.0
1657420.0,1594468.0,3672.0
1657420.0,1594468.0,3672.0
1657420.0,1594468.0,3672.0
1657420.0,1594468.0,3672.0
1657420.0,1594468.0,3672.0
1657420.0,1594468.0,3672.0
1657364.0,1594472.8,3712.0
1657140.0,1594492.0,3872.0
1657140.0,1594492.0,3872.0
1657140.0,1594492.0,3872.0
1656886.1333,1594588.0,3899.7333333
1656188.0,1594852.0,3976.0
1656188.0,1594852.0,3976.0
1656188.0,1594852.0,3976.0
1656188.0,1594852.0,3976.0
1656188.0,1594852.0,3976.0
1656188.0,1594852.0,3976.0
1656188.0,1594852.0,3976.0
1656188.0,1594852.0,3976.0
1656188.0,1594852.0,3976.0
1656188.0,1594852.0,3976.0
1655742.1333,1594856.2667,4045.3333333
1654516.0,1594868.0,4236.0
1654516.0,1594868.0,4236.0
1654243.2,1594868.8,4248.8
1653152.0,1594872.0,4300.0
1653152.0,1594872.0,4300.0
1653152.0,1594872.0,4300.0
1653152.0,1594872.0,4300.0
1653152.0,1594872.0,4300.0
1653152.0,1594872.0,4300.0
1653152.0,1594872.0,4300.0
1678878.9333,1594878.4,4353.3333333
1749628.0,1594896.0,4500.0
1749628.0,1594896.0,4500.0
1749628.0,1594896.0,4500.0
1749628.0,1594896.0,4500.0
1749628.0,1594896.0,4500.0
1749628.0,1594896.0,4500.0
1749628.0,1594896.0,4500.0
1749628.0,1594896.0,4500.0
1749628.0,1594896.0,4500.0
1749628.0,1594896.0,4500.0
1749628.0,1594896.0,4500.0
1749762.4,1594899.2,4602.4
1749125.6,1594904.0,4775.2
1747868.0,1594904.0,4804.0
1747868.0,1594904.0,4804.0
1808340.0,1594932.8,4829.6
1899048.0,1594976.0,4868.0
1929990.4,1594982.4,4893.6
1976404.0,1594992.0,4932.0
1976404.0,1594992.0,4932.0
1976404.0,1594992.0,4932.0
1976404.0,1594992.0,4932.0
1976404.0,1594992.0,4932.0
1977773.6,1595342.9333,5026.9333333
1981540.0,1596308.0,5288.0
1981540.0,1596308.0,5288.0
1981540.0,1596308.0,5288.0
1981540.0,1596308.0,5288.0
1981540.0,1596308.0,5288.0
1981540.0,1596308.0,5288.0
1981540.0,1596308.0,5288.0
1981540.0,1596308.0,5288.0
1981540.0,1596308.0,5288.0
2036678.1333,1596314.4,5353.0666667
2188308.0,1596332.0,5532.0
2188308.0,1596332.0,5532.0
2205849.3333,1596335.2,5546.9333333
2254088.0,1596344.0,5588.0
2254088.0,1596344.0,5588.0
2254088.0,1596344.0,5588.0
2254088.0,1596344.0,5588.0
2254088.0,1596344.0,5588.0
2254088.0,1596344.0,5588.0
2254088.0,1596344.0,5588.0
2254088.0,1596344.0,5588.0
2254088.0,1596344.0,5588.0
2254088.0,1596344.0,5588.0
2254088.0,1596344.0,5588.0
2253877.6,1596345.6,5642.4
2253036.0,1596352.0,5860.0
2253036.0,1596352.0,5860.0
2253036.0,1596352.0,5860.0
2283763.4667,1596353.0667,5877.0666667
2483492.0,1596360.0,5988.0
2483492.0,1596360.0,5988.0
2483492.0,1596360.0,5988.0
2483492.0,1596360.0,5988.0
2483492.0,1596360.0,5988.0
2483492.0,1596360.0,5988.0
2483492.0,1596360.0,5988.0
2483492.0,1596360.0,5988.0
2483492.0,1596360.0,5988.0
2483492.0,1596360.0,5988.0
2483492.0,1596360.0,5988.0
2483492.0,1596360.0,5988.0
2482736.0,1596360.0,6220.0
2482736.0,1596360.0,6220.0
2482736.0,1596360.0,6220.0
2482736.0,1596360.0,6220.0
2482736.0,1596360.0,6220.0
2557136.0,1596364.2667,6322.4
2557136.0,1596364.2667,6322.4
2622236.0,1596368.0,6412.0
2622236.0,1596368.0,6412.0
2622236.0,1596368.0,6412.0
2622236.0,1596368.0,6412.0
2622236.0,1596368.0,6412.0
2622236.0,1596368.0,6412.0
2622236.0,1596368.0,6412.0
2622236.0,1596368.0,6412.0
2622236.0,1596368.0,6412.0
2622236.0,1596368.0,6412.0
2622236.0,1596368.0,6412.0
2622024.5333,1596416.5333,6626.9333333
2621992.0,1596424.0,6660.0
2621992.0,1596424.0,6660.0
2621992.0,1596424.0,6660.0
2661367.4667,1596420.2667,6764.5333333
2664180.0,1596420.0,6772.0
2664180.0,1596420.0,6772.0
2756604.8,1596537.8667,6834.4
2770824.0,1596556.0,6844.0
2770824.0,1596556.0,6844.0
2770824.0,1596556.0,6844.0
2770824.0,1596556.0,6844.0
2770824.0,1596556.0,6844.0
2770824.0,1596556.0,6844.0
2770824.0,1596556.0,6844.0
2770824.0,1596556.0,6844.0
2770824.0,1596556.0,6844.0
2770824.0,1596556.0,6844.0
2770824.0,1596556.0,6844.0
2770670.4,1596562.4,7042.4
2770632.0,1596564.0,7092.0
2770632.0,1596564.0,7092.0
2770632.0,1596564.0,7092.0
2770632.0,1596564.0,7092.0
2770632.0,1596564.0,7092.0
2770632.0,1596564.0,7092.0
2836989.8667,1596596.2667,7218.1333333
2861120.0,1596608.0,7264.0
2861120.0,1596608.0,7264.0
2861120.0,1596608.0,7264.0
2861120.0,1596608.0,7264.0
2861120.0,1596608.0,7264.0
2861120.0,1596608.0,7264.0
2861120.0,1596608.0,7264.0
2861120.0,1596608.0,7264.0
2861120.0,1596608.0,7264.0
2861120.0,1596608.0,7264.0
2861120.0,1596608.0,7264.0
2860856.5333,1596614.9333,7492.8
2860816.0,1596616.0,7528.0
2860816.0,1596616.0,7528.0
2860816.0,1596616.0,7528.0
2879971.2,1596625.6,7630.4
2884760.0,1596628.0,7656.0
2937758.4,1596634.4,7700.8
2951008.0,1596636.0,7712.0
2951008.0,1596636.0,7712.0
2951008.0,1596636.0,7712.0
2951008.0,1596636.0,7712.0
2951008.0,1596636.0,7712.0
2951008.0,1596636.0,7712.0
2951008.0,1596636.0,7712.0
2951008.0,1596636.0,7712.0
2951008.0,1596636.0,7712.0
2951008.0,1596636.0,7712.0
2951008.0,1596636.0,7712.0
2951088.0,1596646.6667,7872.0
2949776.0,1597718.6667,8168.0
2949100.0,1598252.0,8276.0
2949100.0,1598252.0,8276.0
2958865.6,1598249.6,8314.4
2965376.0,1598248.0,8340.0
2965376.0,1598248.0,8340.0
4808791.4667,1594783.4667,8369.8666667
