vda,81.60,0.31,0.01,1,0
vda,0.00,0.00,0.00,0,0
vda,1.60,0.00,0.01,0,0
vda,70.20,0.45,0.00,2,0
vda,21.40,0.10,0.05,0,0
vda,132.60,1.42,0.03,7,0
vda,241.00,9.67,0.20,48,1
vda,93.00,10.55,0.03,52,0
vda,42.60,4.99,0.01,24,0
vda,0.00,0.00,0.00,0,0
vda,2.20,0.00,0.01,0,0
vda,2.00,0.00,0.01,0,0
vda,10.40,0.00,1.32,0,6
vda,21.00,0.00,0.08,0,0
vda,2.20,0.00,0.01,0,0
vda,14.20,0.00,0.06,0,0
vda,22.20,0.00,0.09,0,0
vda,2.20,0.00,0.01,0,0
vda,0.00,0.00,0.00,0,0
vda,44.20,0.00,0.18,0,0
vda,2.60,0.00,0.01,0,0
vda,0.60,0.00,0.00,0,0
vda,35.80,0.00,0.15,0,0
vda,2.40,0.00,0.01,0,0
vda,0.60,0.00,0.00,0,0
vda,55.60,0.00,0.22,0,1
vda,1.60,0.00,0.01,0,0
vda,0.00,0.00,0.00,0,0
vda,21.80,0.00,0.09,0,0
vda,13.40,0.05,0.01,0,0
vda,0.00,0.00,0.00,0,0
vda,35.80,0.00,0.15,0,0
vda,2.40,0.00,0.01,0,0
vda,0.60,0.00,0.00,0,0
vda,36.80,0.00,0.15,0,0
vda,3.40,0.00,0.01,0,0
vda,1.60,0.00,0.01,0,0
vda,0.00,0.00,0.00,0,0
vda,2.20,0.00,0.01,0,0
vda,0.00,0.00,0.00,0,0
vda,2.60,0.00,0.01,0,0
vda,20.00,0.00,0.08,0,0
vda,7.80,0.00,0.03,0,0
vda,35.60,0.00,0.14,0,0
vda,1.20,0.00,0.00,0,0
vda,2.00,0.00,0.01,0,0
vda,2.60,0.00,0.01,0,0
vda,1.40,0.00,0.01,0,0
vda,42.20,0.00,0.18,0,0
vda,2.60,0.00,0.01,0,0
vda,1.40,0.00,0.01,0,0
vda,0.60,0.00,0.00,0,0
vda,2.20,0.00,0.01,0,0
vda,1.20,0.00,0.00,0,0
vda,3.20,0.00,0.01,0,0
vda,53.60,0.00,0.21,0,1
vda,0.00,0.00,0.00,0,0
vda,1.20,0.00,0.00,0,0
vda,2.20,0.00,0.01,0,0
vda,1.20,0.00,0.00,0,0
vda,8.40,0.00,0.03,0,0
vda,2.40,0.00,0.01,0,0
vda,19.80,0.00,0.08,0,0
vda,4.20,0.00,0.02,0,0
vda,34.60,0.00,0.14,0,0
vda,1.20,0.00,0.02,0,0
vda,25.40,0.00,0.11,0,0
vda,3.00,0.00,0.01,0,0
vda,0.00,0.00,0.00,0,0
vda,1.20,0.00,0.00,0,0
vda,2.20,0.00,0.01,0,0
vda,0.00,0.00,0.00,0,0
vda,2.00,0.00,0.01,0,0
vda,53.40,0.00,0.21,0,1
vda,12.40,0.00,0.05,0,0
vda,0.00,0.00,0.00,0,0
vda,2.20,0.00,0.01,0,0
vda,35.40,0.00,0.14,0,0
vda,1.60,0.00,0.01,0,0
vda,2.20,0.00,0.01,0,0
vda,34.80,0.00,0.14,0,0
vda,1.80,0.00,0.01,0,0
vda,2.20,0.00,0.01,0,0
vda,50.60,0.00,0.21,0,1
vda,1.60,0.00,0.00,0,0
vda,2.20,0.00,0.01,0,0
vda,0.20,0.00,0.00,0,0
vda,1.20,0.00,0.00,0,0
vda,2.40,0.00,0.01,0,0
vda,0.40,0.00,0.00,0,0
vda,9.80,0.00,0.04,0,0
vda,47.40,0.00,0.19,0,0
vda,1.00,0.00,0.00,0,0
vda,2.20,0.00,0.01,0,0
vda,2.60,0.00,0.01,0,0
vda,0.80,0.00,0.00,0,0
vda,1.60,0.00,0.01,0,0
vda,2.40,0.00,0.01,0,0
vda,19.20,0.00,0.08,0,0
vda,8.20,0.00,0.03,0,0
vda,34.60,0.00,0.14,0,0
vda,2.00,0.00,0.01,0,0
vda,2.60,0.00,0.01,0,0
vda,2.60,0.00,0.01,0,0
vda,0.20,0.00,0.00,0,0
vda,43.20,0.00,0.18,0,0
vda,1.60,0.00,0.01,0,0
vda,11.60,0.11,0.01,0,0
vda,56.80,0.00,0.23,0,1
vda,14.40,0.05,0.01,0,0
vda,0.00,0.00,0.00,0,0
vda,1.20,0.00,0.00,0,0
vda,3.60,0.00,0.01,0,0
vda,1.00,0.00,0.00,0,0
vda,1.80,0.00,0.01,0,0
vda,57.60,0.00,0.23,0,1
vda,3.00,0.00,0.01,0,0
vda,1.20,0.00,0.00,0,0
vda,7.00,0.00,0.03,0,0
vda,37.80,0.00,0.15,0,0
vda,1.40,0.00,0.01,0,0
vda,48.40,0.00,0.19,0,0
vda,8.60,0.00,0.03,0,0
vda,20.80,0.00,0.09,0,0
vda,1.40,0.00,0.01,0,0
vda,33.00,0.00,0.15,0,0
vda,3.80,0.00,0.01,0,0
vda,0.00,0.00,0.00,0,0
vda,38.40,0.00,0.16,0,0
vda,2.20,0.00,0.01,0,0
vda,0.60,0.00,0.00,0,0
vda,3.60,0.00,0.01,0,0
vda,1.60,0.00,0.01,0,0
vda,0.20,0.00,0.00,0,0
vda,2.60,0.00,0.01,0,0
vda,20.40,0.00,0.09,0,0
vda,34.40,0.00,0.14,0,0
vda,9.20,0.00,0.04,0,0
vda,1.20,0.00,0.00,0,0
vda,0.60,0.00,0.00,0,0
vda,2.60,0.00,0.01,0,0
vda,2.60,0.00,0.01,0,0
vda,11.80,0.00,0.05,0,0
vda,12.80,0.00,0.05,0,0
vda,1.20,0.00,0.00,0,0
vda,21.80,0.00,0.09,0,0
vda,2.60,0.00,0.01,0,0
vda,1.40,0.00,0.01,0,0
vda,0.00,0.00,0.00,0,0
vda,19.60,0.00,0.08,0,0
vda,3.40,0.00,0.01,0,0
vda,3.20,0.00,0.01,0,0
vda,34.00,0.00,0.14,0,0
vda,1.40,0.00,0.01,0,0
vda,0.00,0.00,0.00,0,0
vda,2.60,0.00,0.01,0,0
vda,8.60,0.00,0.04,0,0
vda,18.00,0.00,0.07,0,0
vda,4.00,0.00,0.02,0,0
vda,2.60,0.00,0.01,0,0
vda,36.20,0.00,0.14,0,0
vda,0.00,0.00,0.00,0,0
vda,1.20,0.00,0.00,0,0
vda,0.20,0.00,0.00,0,0
vda,2.60,0.00,0.01,0,0
vda,21.20,0.00,0.09,0,0
vda,0.80,0.00,0.00,0,0
vda,2.20,0.00,0.01,0,0
vda,1.20,0.00,0.00,0,0
vda,33.80,0.00,0.13,0,0
vda,4.00,0.00,0.02,0,0
vda,1.80,0.00,0.01,0,0
vda,17.20,0.00,0.07,0,0
vda,3.80,0.00,0.02,0,0
vda,1.20,0.00,0.00,0,0
vda,0.00,0.00,0.00,0,0
vda,9.40,0.00,0.04,0,0
vda,2.20,0.00,0.01,0,0
vda,1.40,0.00,0.01,0,0
vda,24.20,0.00,0.10,0,0
vda,18.40,0.00,0.07,0,0
vda,4.20,0.00,0.02,0,0
vda,2.00,0.00,0.01,0,0
vda,1.80,0.00,0.01,0,0
vda,0.20,0.00,0.00,0,0
vda,4.60,0.00,0.03,0,0
vda,4.00,0.00,0.02,0,0
vda,57.00,0.37,0.21,1,1
vda,4.20,0.00,0.02,0,0
vda,1.80,0.00,0.01,0,0
vda,0.00,0.00,0.00,0,0
vda,2.80,0.00,0.01,0,0
vda,3.40,0.00,0.01,0,0
vda,31.40,0.00,0.12,0,0
vda,18.80,0.00,0.07,0,0
vda,1.80,0.00,0.01,0,0
vda,1.40,0.00,0.01,0,0
vda,6.40,0.00,0.03,0,0
vda,7.80,0.00,0.03,0,0
vda,1.20,0.00,0.00,0,0
vda,2.20,0.00,0.01,0,0
vda,12.40,0.00,0.05,0,0
vda,24.60,0.00,0.10,0,0
vda,1.20,0.00,0.00,0,0
vda,0.00,0.00,0.00,0,0
vda,5.80,0.00,0.02,0,0
vda,2.80,0.00,0.01,0,0
vda,3.80,0.00,0.01,0,0
vda,24.80,0.00,0.10,0,0
vda,5.80,0.00,0.03,0,0
vda,2.40,0.00,0.01,0,0
vda,29.40,0.00,0.12,0,0
vda,3.00,0.00,0.01,0,0
vda,3.20,0.00,0.01,0,0
vda,5.40,0.00,0.02,0,0
