7972580.0,62848.0,2016.0
7606918.6667,129377.86667,3542.9333333
7189020.0,205412.0,5288.0
7188298.4,205463.2,5318.4
7187216.0,205540.0,5364.0
7187216.0,205540.0,5364.0
7187216.0,205540.0,5364.0
7187216.0,205540.0,5364.0
7187216.0,205540.0,5364.0
7105625.8667,205558.66667,5513.3333333
7012380.0,205580.0,5684.0
7011620.5333,205582.13333,5713.8666667
7010956.0,205584.0,5740.0
7010956.0,205584.0,5740.0
7010956.0,205584.0,5740.0
7010956.0,205584.0,5740.0
7010956.0,205584.0,5740.0
7010956.0,205584.0,5740.0
7010956.0,205584.0,5740.0
7010956.0,205584.0,5740.0
7008992.8,205593.6,5850.4
7007684.0,205600.0,5924.0
7007684.0,205600.0,5924.0
7007684.0,205600.0,5924.0
7007684.0,205600.0,5924.0
7007684.0,205600.0,5924.0
7007684.0,205600.0,5924.0
7007684.0,205600.0,5924.0
6957616.2667,205618.66667,6013.6
6900396.0,205640.0,6116.0
6900396.0,205640.0,6116.0
6900396.0,205640.0,6116.0
6900396.0,205640.0,6116.0
6900396.0,205640.0,6116.0
6900396.0,205640.0,6116.0
6900396.0,205640.0,6116.0
6900396.0,205640.0,6116.0
6900396.0,205640.0,6116.0
6899407.2,205966.4,6220.0
6897924.0,206456.0,6376.0
6897924.0,206456.0,6376.0
6897924.0,206456.0,6376.0
6897924.0,206456.0,6376.0
6897924.0,206456.0,6376.0
6897924.0,206456.0,6376.0
6897924.0,206456.0,6376.0
6897376.0,206456.8,6412.8
6895184.0,206460.0,6560.0
6895184.0,206460.0,6560.0
6894886.4,206495.2,6574.9333333
6894068.0,206592.0,6616.0
6894068.0,206592.0,6616.0
6894068.0,206592.0,6616.0
6894068.0,206592.0,6616.0
6894068.0,206592.0,6616.0
6894068.0,206592.0,6616.0
6894068.0,206592.0,6616.0
6894068.0,206592.0,6616.0
6894068.0,206592.0,6616.0
6893178.4,206598.4,6661.6
6889620.0,206624.0,6844.0
6889620.0,206624.0,6844.0
6889735.2,207000.8,6856.8
6890196.0,208508.0,6908.0
6890196.0,208508.0,6908.0
6890196.0,208508.0,6908.0
6890196.0,208508.0,6908.0
7077108.0,207198.4,6933.6
7824756.0,201960.0,7036.0
