vda,20.20,0.09,0.00,0,0
vda,42.40,0.16,0.01,0,0
vda,2.20,0.00,0.01,0,0
vda,0.60,0.00,0.00,0,0
vda,1.20,0.00,0.00,0,0
vda,4.00,0.00,0.02,0,0
vda,345.20,10.69,0.11,53,0
vda,76.80,0.09,0.21,0,1
vda,0.00,0.00,0.00,0,0
vda,0.60,0.00,0.00,0,0
vda,173.60,2.17,0.06,10,0
vda,4.40,0.00,0.02,0,0
vda,5.80,0.57,0.00,2,0
vda,59.80,0.00,1.52,0,7
vda,5.20,0.00,0.02,0,0
vda,4.60,0.02,0.02,0,0
vda,2.40,0.00,0.01,0,0
vda,11.60,0.02,0.07,0,0
vda,0.00,0.00,0.00,0,0
vda,57.20,0.00,0.33,0,1
vda,3.20,0.00,0.01,0,0
vda,1.40,0.01,0.00,0,0
vda,72.20,0.00,0.29,0,1
vda,4.59,0.10,0.01,0,0
