16222132.0,41792.0,1684.0
15918918.4,102368.0,2864.8
15716776.0,142752.0,3652.0
14816736.0,298392.0,3700.0
14366716.0,376212.0,3724.0
14366716.0,376212.0,3724.0
14108269.6,424305.6,3846.4
13935972.0,456368.0,3928.0
13935972.0,456368.0,3928.0
13736810.4,498693.33333,3951.4666667
13562544.0,535728.0,3972.0
13471189.333,583938.4,4001.8666667
13366784.0,639036.0,4036.0
13366784.0,639036.0,4036.0
13083054.933,697653.6,4063.7333333
12834792.0,748944.0,4088.0
12834792.0,748944.0,4088.0
12690043.2,781797.33333,4110.4
12524616.0,819344.0,4136.0
12306360.0,822404.8,4147.2
11978976.0,826996.0,4164.0
11978976.0,826996.0,4164.0
11978976.0,826996.0,4164.0
11978976.0,826996.0,4164.0
11978976.0,826996.0,4164.0
11978976.0,826996.0,4164.0
11978976.0,826996.0,4164.0
11978976.0,826996.0,4164.0
11978976.0,826996.0,4164.0
11978976.0,826996.0,4164.0
11978976.0,826996.0,4164.0
11978845.333,827018.66667,4208.0
11978584.0,827064.0,4296.0
11978584.0,827064.0,4296.0
11978584.0,827064.0,4296.0
11977889.6,827073.6,4315.2
11976848.0,827088.0,4344.0
11976848.0,827088.0,4344.0
11976848.0,827088.0,4344.0
11976848.0,827088.0,4344.0
11976848.0,827088.0,4344.0
11976848.0,827088.0,4344.0
11976848.0,827088.0,4344.0
11976848.0,827088.0,4344.0
11976848.0,827088.0,4344.0
11976848.0,827088.0,4344.0
11976848.0,827088.0,4344.0
11976874.667,827108.26667,4367.4666667
11977048.0,827240.0,4520.0
11977048.0,827240.0,4520.0
11977048.0,827240.0,4520.0
11977048.0,827240.0,4520.0
11977048.0,827240.0,4520.0
11977048.0,827240.0,4520.0
11977048.0,827240.0,4520.0
11975560.0,827324.0,4684.0
11975560.0,827324.0,4684.0
11976708.0,827328.0,4732.0
11976708.0,827328.0,4732.0
11976708.0,827328.0,4732.0
11976708.0,827328.0,4732.0
11976708.0,827328.0,4732.0
11976708.0,827328.0,4732.0
11976708.0,827328.0,4732.0
11976708.0,827328.0,4732.0
11976708.0,827328.0,4732.0
11976708.0,827328.0,4732.0
11976708.0,827328.0,4732.0
11974582.933,827428.53333,4901.8666667
11974256.0,827444.0,4928.0
11975722.4,827444.0,4983.4666667
11975948.0,827444.0,4992.0
11975948.0,827444.0,4992.0
11975948.0,827444.0,4992.0
11975948.0,827444.0,4992.0
11975948.0,827444.0,4992.0
11975948.0,827444.0,4992.0
11975948.0,827444.0,4992.0
11976335.2,827450.4,5126.4
11976432.0,827452.0,5160.0
11976432.0,827452.0,5160.0
11976432.0,827452.0,5160.0
11976432.0,827452.0,5160.0
11976432.0,827452.0,5160.0
11975785.6,827461.6,5224.0
11975624.0,827464.0,5240.0
11975624.0,827464.0,5240.0
11975624.0,827464.0,5240.0
11975624.0,827464.0,5240.0
11975624.0,827464.0,5240.0
11975624.0,827464.0,5240.0
11975624.0,827464.0,5240.0
11975624.0,827464.0,5240.0
11975624.0,827464.0,5240.0
11975441.6,827476.8,5419.2
11975396.0,827480.0,5464.0
11975396.0,827480.0,5464.0
11975396.0,827480.0,5464.0
11975396.0,827480.0,5464.0
11975396.0,827480.0,5464.0
11961518.933,827504.26667,5568.0
11959384.0,827508.0,5584.0
11959384.0,827508.0,5584.0
11957737.6,827508.0,5643.7333333
11957620.0,827508.0,5648.0
11957620.0,827508.0,5648.0
11957620.0,827508.0,5648.0
11957620.0,827508.0,5648.0
11957620.0,827508.0,5648.0
11957620.0,827508.0,5648.0
11957620.0,827508.0,5648.0
11957620.0,827508.0,5648.0
11957620.0,827508.0,5648.0
11957620.0,827508.0,5648.0
11957620.0,827508.0,5648.0
11958500.0,827540.0,5892.0
11956376.0,827548.0,5940.0
11956376.0,827548.0,5940.0
11956376.0,827548.0,5940.0
11958252.0,827552.0,5988.0
11958252.0,827552.0,5988.0
11958252.0,827552.0,5988.0
11958252.0,827552.0,5988.0
11958252.0,827552.0,5988.0
11958252.0,827552.0,5988.0
11958252.0,827552.0,5988.0
11958252.0,827552.0,5988.0
11958252.0,827552.0,5988.0
11957716.533,827896.53333,6062.1333333
11954236.0,830136.0,6544.0
11954236.0,830136.0,6544.0
11954236.0,830136.0,6544.0
11954236.0,830136.0,6544.0
11954236.0,830136.0,6544.0
11954236.0,830136.0,6544.0
11954236.0,830136.0,6544.0
11954236.0,830136.0,6544.0
11954236.0,830136.0,6544.0
11954236.0,830136.0,6544.0
11954236.0,830136.0,6544.0
11954236.0,830136.0,6544.0
11954448.0,830280.0,6776.0
11954448.0,830280.0,6776.0
11954448.0,830280.0,6776.0
11954448.0,830280.0,6776.0
11951965.333,830283.73333,6869.3333333
11951788.0,830284.0,6876.0
11951788.0,830284.0,6876.0
11951788.0,830284.0,6876.0
11951788.0,830284.0,6876.0
11951788.0,830284.0,6876.0
11951788.0,830284.0,6876.0
11951788.0,830284.0,6876.0
11951788.0,830284.0,6876.0
11951788.0,830284.0,6876.0
11951788.0,830284.0,6876.0
11951788.0,830284.0,6876.0
11951569.6,830297.86667,7073.6
11951536.0,830300.0,7104.0
11951536.0,830300.0,7104.0
11951536.0,830300.0,7104.0
11951536.0,830300.0,7104.0
11951536.0,830300.0,7104.0
11951536.0,830300.0,7104.0
11951536.0,830300.0,7104.0
11951536.0,830300.0,7104.0
11951536.0,830300.0,7104.0
11951536.0,830300.0,7104.0
11951536.0,830300.0,7104.0
11951443.2,830392.8,7292.8
11951420.0,830416.0,7340.0
11951420.0,830416.0,7340.0
11951420.0,830416.0,7340.0
11951420.0,830416.0,7340.0
11951420.0,830416.0,7340.0
11951420.0,830416.0,7340.0
11951420.0,830416.0,7340.0
11951420.0,830416.0,7340.0
11951420.0,830416.0,7340.0
11951420.0,830416.0,7340.0
11951420.0,830416.0,7340.0
11950845.067,830453.33333,7545.3333333
11950804.0,830456.0,7560.0
11950804.0,830456.0,7560.0
11950804.0,830456.0,7560.0
11950804.0,830456.0,7560.0
11950804.0,830456.0,7560.0
11950804.0,830456.0,7560.0
11950804.0,830456.0,7560.0
11950804.0,830456.0,7560.0
11950804.0,830456.0,7560.0
11950804.0,830456.0,7560.0
11950804.0,830456.0,7560.0
11950800.8,830481.6,7732.8
11950800.0,830488.0,7776.0
11950800.0,830488.0,7776.0
11950800.0,830488.0,7776.0
11950800.0,830488.0,7776.0
11950800.0,830488.0,7776.0
11950800.0,830488.0,7776.0
11950800.0,830488.0,7776.0
11950800.0,830488.0,7776.0
11950800.0,830488.0,7776.0
11950800.0,830488.0,7776.0
11950800.0,830488.0,7776.0
11950937.6,830494.4,7955.2
11950972.0,830496.0,8000.0
11950972.0,830496.0,8000.0
11950972.0,830496.0,8000.0
11950972.0,830496.0,8000.0
11950972.0,830496.0,8000.0
11950972.0,830496.0,8000.0
11950972.0,830496.0,8000.0
11950972.0,830496.0,8000.0
11950972.0,830496.0,8000.0
11950972.0,830496.0,8000.0
11950972.0,830496.0,8000.0
11950514.4,830521.6,8236.8
11950400.0,830528.0,8296.0
11950400.0,830528.0,8296.0
11950400.0,830528.0,8296.0
11950400.0,830528.0,8296.0
11950898.667,830528.0,8389.8666667
11951080.0,830528.0,8424.0
11951080.0,830528.0,8424.0
11951080.0,830528.0,8424.0
11951080.0,830528.0,8424.0
11951080.0,830528.0,8424.0
11951080.0,830528.0,8424.0
11951080.0,830528.0,8424.0
11951080.0,830528.0,8424.0
11951080.0,830528.0,8424.0
11951080.0,830528.0,8424.0
11948206.133,830534.93333,8632.0
11947764.0,830536.0,8664.0
11947764.0,830536.0,8664.0
11949445.333,830549.86667,8712.5333333
11949704.0,830552.0,8720.0
11949704.0,830552.0,8720.0
11949704.0,830552.0,8720.0
11949704.0,830552.0,8720.0
11949704.0,830552.0,8720.0
11949704.0,830552.0,8720.0
11949704.0,830552.0,8720.0
11949704.0,830552.0,8720.0
11949704.0,830552.0,8720.0
11949704.0,830552.0,8720.0
11949704.0,830552.0,8720.0
11948610.133,830626.66667,8973.8666667
11936152.533,830628.53333,9040.5333333
11934248.0,830628.0,9048.0
11934248.0,830628.0,9048.0
11932829.333,830646.66667,9107.7333333
11932728.0,830648.0,9112.0
11932728.0,830648.0,9112.0
11932728.0,830648.0,9112.0
11932728.0,830648.0,9112.0
11932728.0,830648.0,9112.0
11932728.0,830648.0,9112.0
11932728.0,830648.0,9112.0
11932728.0,830648.0,9112.0
11932728.0,830648.0,9112.0
11932728.0,830648.0,9112.0
11932728.0,830648.0,9112.0
11931608.0,830664.0,9360.0
11931608.0,830664.0,9360.0
11931608.0,830664.0,9360.0
11931608.0,830664.0,9360.0
11931608.0,830664.0,9360.0
11931608.0,830664.0,9360.0
11931608.0,830664.0,9360.0
11931608.0,830664.0,9360.0
11931608.0,830664.0,9360.0
11931608.0,830664.0,9360.0
11931608.0,830664.0,9360.0
11931586.133,830666.13333,9398.4
11931444.0,830680.0,9648.0
11931444.0,830680.0,9648.0
11931444.0,830680.0,9648.0
11931444.0,830680.0,9648.0
11931444.0,830680.0,9648.0
11931444.0,830680.0,9648.0
11931444.0,830680.0,9648.0
11931444.0,830680.0,9648.0
11931444.0,830680.0,9648.0
11931444.0,830680.0,9648.0
11931444.0,830680.0,9648.0
11931444.0,830680.0,9648.0
11931088.0,830720.0,9896.0
11931088.0,830720.0,9896.0
11931088.0,830720.0,9896.0
11931088.0,830720.0,9896.0
11931088.0,830720.0,9896.0
11931088.0,830720.0,9896.0
11931088.0,830720.0,9896.0
11931088.0,830720.0,9896.0
11931088.0,830720.0,9896.0
11931088.0,830720.0,9896.0
11931088.0,830720.0,9896.0
11931088.0,830720.0,9896.0
11931036.8,830752.0,10126.4
11931024.0,830760.0,10184.0
11931024.0,830760.0,10184.0
11931024.0,830760.0,10184.0
11931024.0,830760.0,10184.0
11931024.0,830760.0,10184.0
11931024.0,830760.0,10184.0
11931024.0,830760.0,10184.0
11931024.0,830760.0,10184.0
11931024.0,830760.0,10184.0
11931024.0,830760.0,10184.0
11930096.0,830769.6,10369.6
11929864.0,830772.0,10416.0
11929864.0,830772.0,10416.0
11929864.0,830772.0,10416.0
11929864.0,830772.0,10416.0
11929864.0,830772.0,10416.0
11929864.0,830772.0,10416.0
11929864.0,830772.0,10416.0
11929864.0,830772.0,10416.0
11929864.0,830772.0,10416.0
11929864.0,830772.0,10416.0
11930535.733,830792.53333,10550.933333
11930780.0,830800.0,10600.0
11930780.0,830800.0,10600.0
11930780.0,830800.0,10600.0
11930780.0,830800.0,10600.0
11930780.0,830800.0,10600.0
11930780.0,830800.0,10600.0
11930780.0,830800.0,10600.0
11930780.0,830800.0,10600.0
11930780.0,830800.0,10600.0
11930780.0,830800.0,10600.0
11930780.0,830800.0,10600.0
11929990.4,830819.2,10772.8
11929464.0,830832.0,10888.0
11929464.0,830832.0,10888.0
11929464.0,830832.0,10888.0
11929464.0,830832.0,10888.0
11929464.0,830832.0,10888.0
11929464.0,830832.0,10888.0
11929464.0,830832.0,10888.0
11929464.0,830832.0,10888.0
11929464.0,830832.0,10888.0
11929464.0,830832.0,10888.0
11929464.0,830832.0,10888.0
11929171.733,830844.8,11003.2
11928916.0,830856.0,11104.0
11928916.0,830856.0,11104.0
11928916.0,830856.0,11104.0
11928916.0,830856.0,11104.0
11928916.0,830856.0,11104.0
11928916.0,830856.0,11104.0
11928916.0,830856.0,11104.0
11928916.0,830856.0,11104.0
11928916.0,830856.0,11104.0
11928916.0,830856.0,11104.0
11928916.0,830856.0,11104.0
11928901.067,830874.66667,11242.133333
11928884.0,830896.0,11400.0
11928884.0,830896.0,11400.0
11928884.0,830896.0,11400.0
11928884.0,830896.0,11400.0
11928884.0,830896.0,11400.0
11928884.0,830896.0,11400.0
11928884.0,830896.0,11400.0
11928884.0,830896.0,11400.0
11928884.0,830896.0,11400.0
11928884.0,830896.0,11400.0
11928884.0,830896.0,11400.0
11928762.667,830949.33333,11485.333333
11927972.0,831056.0,11677.333333
11926876.0,831056.0,11720.0
11926876.0,831056.0,11720.0
11927309.333,831054.66667,11738.666667
11928176.0,831052.0,11776.0
11928176.0,831052.0,11776.0
11928176.0,831052.0,11776.0
11928176.0,831052.0,11776.0
11928176.0,831052.0,11776.0
11928176.0,831052.0,11776.0
11928176.0,831052.0,11776.0
11928176.0,831052.0,11776.0
11928176.0,831052.0,11776.0
11928176.0,831052.0,11776.0
11928176.0,831052.0,11776.0
11928312.533,831058.4,11833.6
11928688.0,831076.0,11992.0
11928688.0,831076.0,11992.0
11928688.0,831076.0,11992.0
11928688.0,831076.0,11992.0
11928688.0,831076.0,11992.0
11928688.0,831076.0,11992.0
11928688.0,831076.0,11992.0
11928688.0,831076.0,11992.0
11928688.0,831076.0,11992.0
11928688.0,831076.0,11992.0
11928688.0,831076.0,11992.0
11928218.667,831084.0,12096.0
11927280.0,831100.0,12304.0
11927280.0,831100.0,12304.0
11927280.0,831100.0,12304.0
11927280.0,831100.0,12304.0
11927280.0,831100.0,12304.0
11927280.0,831100.0,12304.0
11927280.0,831100.0,12304.0
11927280.0,831100.0,12304.0
11927280.0,831100.0,12304.0
11927280.0,831100.0,12304.0
11927280.0,831100.0,12304.0
11926693.333,831110.66667,12427.733333
11926180.0,831120.0,12536.0
11926180.0,831120.0,12536.0
11926180.0,831120.0,12536.0
11926180.0,831120.0,12536.0
11926180.0,831120.0,12536.0
11926180.0,831120.0,12536.0
11926180.0,831120.0,12536.0
11926180.0,831120.0,12536.0
11926180.0,831120.0,12536.0
11925599.2,831136.8,12675.2
11925212.0,831148.0,12768.0
11924460.0,831153.33333,12805.333333
11924084.0,831156.0,12824.0
11924084.0,831156.0,12824.0
11925044.0,831165.6,12857.6
11925684.0,831172.0,12880.0
11925684.0,831172.0,12880.0
11925684.0,831172.0,12880.0
11925684.0,831172.0,12880.0
11925684.0,831172.0,12880.0
11925684.0,831172.0,12880.0
11925684.0,831172.0,12880.0
11925684.0,831172.0,12880.0
11925684.0,831172.0,12880.0
11925684.0,831172.0,12880.0
11924713.333,831185.33333,13040.0
11924228.0,831192.0,13120.0
11924228.0,831192.0,13120.0
11925441.333,831194.66667,13157.333333
11926048.0,831196.0,13176.0
11926048.0,831196.0,13176.0
11926048.0,831196.0,13176.0
11926048.0,831196.0,13176.0
11926048.0,831196.0,13176.0
11926048.0,831196.0,13176.0
11926048.0,831196.0,13176.0
11926048.0,831196.0,13176.0
11926048.0,831196.0,13176.0
11926048.0,831196.0,13176.0
11925630.4,831212.8,13305.6
11925352.0,831224.0,13392.0
11925352.0,831224.0,13392.0
11925352.0,831224.0,13392.0
11925352.0,831224.0,13392.0
11925352.0,831224.0,13392.0
11925352.0,831224.0,13392.0
11925352.0,831224.0,13392.0
11925352.0,831224.0,13392.0
11925352.0,831224.0,13392.0
11925352.0,831224.0,13392.0
11925352.0,831224.0,13392.0
11925234.667,831232.53333,13554.133333
11925132.0,831240.0,13696.0
11925132.0,831240.0,13696.0
11925132.0,831240.0,13696.0
11925132.0,831240.0,13696.0
11925132.0,831240.0,13696.0
11925132.0,831240.0,13696.0
11925132.0,831240.0,13696.0
11925132.0,831240.0,13696.0
11925132.0,831240.0,13696.0
11925132.0,831240.0,13696.0
11925132.0,831240.0,13696.0
11925132.0,831240.0,13696.0
11925941.6,831259.2,13875.2
11926144.0,831264.0,13920.0
11926144.0,831264.0,13920.0
11926144.0,831264.0,13920.0
11926144.0,831264.0,13920.0
11926144.0,831264.0,13920.0
11926144.0,831264.0,13920.0
11926144.0,831264.0,13920.0
11926144.0,831264.0,13920.0
11926144.0,831264.0,13920.0
11926144.0,831264.0,13920.0
11926144.0,831264.0,13920.0
11925336.267,831281.33333,14197.333333
11925212.0,831284.0,14240.0
11925212.0,831284.0,14240.0
11925212.0,831284.0,14240.0
11925212.0,831284.0,14240.0
11925212.0,831284.0,14240.0
11925212.0,831284.0,14240.0
11925212.0,831284.0,14240.0
11925212.0,831284.0,14240.0
11925212.0,831284.0,14240.0
11925212.0,831284.0,14240.0
11925212.0,831284.0,14240.0
11924996.0,831308.0,14456.0
11924996.0,831308.0,14456.0
11924996.0,831308.0,14456.0
11924996.0,831308.0,14456.0
11924996.0,831308.0,14456.0
11924996.0,831308.0,14456.0
11923383.2,831314.4,14584.0
11922980.0,831316.0,14616.0
11922980.0,831316.0,14616.0
11924768.8,831319.2,14667.2
11925216.0,831320.0,14680.0
11925216.0,831320.0,14680.0
11925216.0,831320.0,14680.0
11925216.0,831320.0,14680.0
11925216.0,831320.0,14680.0
11925216.0,831320.0,14680.0
11925216.0,831320.0,14680.0
11925216.0,831320.0,14680.0
11925216.0,831320.0,14680.0
11925216.0,831320.0,14680.0
11925216.0,831320.0,14680.0
11924342.4,831345.6,14840.0
11924124.0,831352.0,14880.0
11924124.0,831352.0,14880.0
11924124.0,831352.0,14880.0
11924124.0,831352.0,14880.0
11924124.0,831352.0,14880.0
11924124.0,831352.0,14880.0
11924124.0,831352.0,14880.0
11924124.0,831352.0,14880.0
11924124.0,831352.0,14880.0
11924124.0,831352.0,14880.0
11924124.0,831352.0,14880.0
11923849.333,831365.33333,15082.666667
11923712.0,831372.0,15184.0
11923712.0,831372.0,15184.0
11923712.0,831372.0,15184.0
11923712.0,831372.0,15184.0
11923712.0,831372.0,15184.0
11923712.0,831372.0,15184.0
11923712.0,831372.0,15184.0
11923712.0,831372.0,15184.0
11923712.0,831372.0,15184.0
11923712.0,831372.0,15184.0
11923712.0,831372.0,15184.0
11923522.667,831385.33333,15349.333333
11923428.0,831392.0,15432.0
11923428.0,831392.0,15432.0
11923428.0,831392.0,15432.0
11923428.0,831392.0,15432.0
11923428.0,831392.0,15432.0
11923428.0,831392.0,15432.0
11923428.0,831392.0,15432.0
11923428.0,831392.0,15432.0
11914063.2,831404.0,15590.4
11907820.0,831412.0,15696.0
11907820.0,831412.0,15696.0
11907820.0,831412.0,15696.0
11907820.0,831412.0,15696.0
11907820.0,831412.0,15696.0
11907820.0,831412.0,15696.0
11907820.0,831412.0,15696.0
11907820.0,831412.0,15696.0
11907820.0,831412.0,15696.0
11907820.0,831412.0,15696.0
11907820.0,831412.0,15696.0
11906388.533,831423.73333,15872.0
11905868.0,831428.0,15936.0
11905868.0,831428.0,15936.0
11905868.0,831428.0,15936.0
11905868.0,831428.0,15936.0
11905868.0,831428.0,15936.0
11905868.0,831428.0,15936.0
11905868.0,831428.0,15936.0
11905868.0,831428.0,15936.0
11905868.0,831428.0,15936.0
11905868.0,831428.0,15936.0
11905868.0,831428.0,15936.0
11903421.6,831448.53333,16158.933333
11902532.0,831456.0,16240.0
11902532.0,831456.0,16240.0
11904221.6,831465.6,16297.6
11904644.0,831468.0,16312.0
11904644.0,831468.0,16312.0
11904644.0,831468.0,16312.0
11904644.0,831468.0,16312.0
11904644.0,831468.0,16312.0
11904644.0,831468.0,16312.0
11904644.0,831468.0,16312.0
11904644.0,831468.0,16312.0
11904644.0,831468.0,16312.0
11904644.0,831468.0,16312.0
11904644.0,831468.0,16312.0
11904359.2,831471.2,16516.8
11904288.0,831472.0,16568.0
11904288.0,831472.0,16568.0
11904288.0,831472.0,16568.0
11904288.0,831472.0,16568.0
11904288.0,831472.0,16568.0
11904288.0,831472.0,16568.0
11904288.0,831472.0,16568.0
11904288.0,831472.0,16568.0
11904288.0,831472.0,16568.0
11904288.0,831472.0,16568.0
11904288.0,831472.0,16568.0
11904604.8,831486.66667,16790.933333
11904720.0,831492.0,16872.0
11904720.0,831492.0,16872.0
11903546.667,831500.8,16918.933333
11903120.0,831504.0,16936.0
11903120.0,831504.0,16936.0
11903120.0,831504.0,16936.0
11903120.0,831504.0,16936.0
11903120.0,831504.0,16936.0
11903120.0,831504.0,16936.0
11903120.0,831504.0,16936.0
11903120.0,831504.0,16936.0
11903120.0,831504.0,16936.0
11903120.0,831504.0,16936.0
11903120.0,831504.0,16936.0
11901431.733,831611.46667,17123.2
11901172.0,831628.0,17152.0
11901172.0,831628.0,17152.0
11901172.0,831628.0,17152.0
11901172.0,831628.0,17152.0
11901172.0,831628.0,17152.0
11901172.0,831628.0,17152.0
11901172.0,831628.0,17152.0
11901172.0,831628.0,17152.0
11901172.0,831628.0,17152.0
11901172.0,831628.0,17152.0
11901172.0,831628.0,17152.0
11907580.0,831646.66667,17354.666667
11910784.0,831656.0,17456.0
11910784.0,831656.0,17456.0
11910784.0,831656.0,17456.0
11910784.0,831656.0,17456.0
11910784.0,831656.0,17456.0
11910784.0,831656.0,17456.0
11910784.0,831656.0,17456.0
11910784.0,831656.0,17456.0
11910784.0,831656.0,17456.0
11910784.0,831656.0,17456.0
11910784.0,831656.0,17456.0
11910709.6,831675.2,17600.0
11910660.0,831688.0,17696.0
11910660.0,831688.0,17696.0
11910660.0,831688.0,17696.0
11910660.0,831688.0,17696.0
11910660.0,831688.0,17696.0
11910660.0,831688.0,17696.0
11910660.0,831688.0,17696.0
11910660.0,831688.0,17696.0
11910660.0,831688.0,17696.0
11910660.0,831688.0,17696.0
11909948.8,831744.0,17815.466667
11909136.0,831808.0,17952.0
11909136.0,831808.0,17952.0
11909788.8,831811.2,17971.2
11910768.0,831816.0,18000.0
11910768.0,831816.0,18000.0
11910768.0,831816.0,18000.0
11910768.0,831816.0,18000.0
11910768.0,831816.0,18000.0
11910768.0,831816.0,18000.0
11910768.0,831816.0,18000.0
11910768.0,831816.0,18000.0
11910768.0,831816.0,18000.0
11910768.0,831816.0,18000.0
11910768.0,831816.0,18000.0
11910486.133,832008.26667,18104.533333
11910164.0,832228.0,18224.0
11910164.0,832228.0,18224.0
11910164.0,832228.0,18224.0
11910164.0,832228.0,18224.0
11910164.0,832228.0,18224.0
11910164.0,832228.0,18224.0
11910164.0,832228.0,18224.0
11910164.0,832228.0,18224.0
11910164.0,832228.0,18224.0
11910164.0,832228.0,18224.0
11910164.0,832228.0,18224.0
11910040.267,832233.33333,18302.933333
11909700.0,832248.0,18520.0
11909700.0,832248.0,18520.0
11909700.0,832248.0,18520.0
11909700.0,832248.0,18520.0
11909700.0,832248.0,18520.0
11909700.0,832248.0,18520.0
11909700.0,832248.0,18520.0
11909700.0,832248.0,18520.0
11909700.0,832248.0,18520.0
11909700.0,832248.0,18520.0
11909700.0,832248.0,18520.0
11909737.333,832260.8,18577.6
11909374.667,832320.0,18752.0
11908444.0,832368.0,18784.0
11908444.0,832368.0,18784.0
11908444.0,832368.0,18784.0
11908444.0,832368.0,18784.0
11908444.0,832368.0,18784.0
11908444.0,832368.0,18784.0
11908444.0,832368.0,18784.0
11908444.0,832368.0,18784.0
11908444.0,832368.0,18784.0
11908444.0,832368.0,18784.0
11908172.0,832379.2,18870.4
11907764.0,832396.0,19000.0
11907764.0,832396.0,19000.0
11918989.6,832397.6,19025.6
11935828.0,832400.0,19064.0
11935828.0,832400.0,19064.0
11935828.0,832400.0,19064.0
11935828.0,832400.0,19064.0
11934645.6,832623.2,19479.2
11929916.0,833516.0,21140.0
11929916.0,833516.0,21140.0
11930578.4,833568.26667,21168.8
11932400.0,833712.0,21248.0
11932400.0,833712.0,21248.0
11932400.0,833712.0,21248.0
11932400.0,833712.0,21248.0
11932400.0,833712.0,21248.0
11932400.0,833712.0,21248.0
11932400.0,833712.0,21248.0
11932400.0,833712.0,21248.0
11932400.0,833712.0,21248.0
11932400.0,833712.0,21248.0
11932400.0,833712.0,21248.0
11932364.8,833716.8,21291.2
11932224.0,833736.0,21464.0
11932224.0,833736.0,21464.0
11932224.0,833736.0,21464.0
11932224.0,833736.0,21464.0
11932224.0,833736.0,21464.0
11932224.0,833736.0,21464.0
11932224.0,833736.0,21464.0
11932224.0,833736.0,21464.0
11932224.0,833736.0,21464.0
11932224.0,833736.0,21464.0
11932224.0,833736.0,21464.0
11932025.6,833739.2,21540.8
11931480.0,833748.0,21752.0
11931480.0,833748.0,21752.0
11931480.0,833748.0,21752.0
11931480.0,833748.0,21752.0
11931480.0,833748.0,21752.0
11931480.0,833748.0,21752.0
11931480.0,833748.0,21752.0
11931480.0,833748.0,21752.0
11931480.0,833748.0,21752.0
11931480.0,833748.0,21752.0
11931480.0,833748.0,21752.0
11931565.867,833748.53333,21782.933333
11932124.0,833752.0,21984.0
11932124.0,833752.0,21984.0
11932124.0,833752.0,21984.0
11932124.0,833752.0,21984.0
11932124.0,833752.0,21984.0
11932124.0,833752.0,21984.0
11932124.0,833752.0,21984.0
11932124.0,833752.0,21984.0
11932124.0,833752.0,21984.0
11932124.0,833752.0,21984.0
11932124.0,833752.0,21984.0
11930724.0,833792.0,22296.0
11930724.0,833792.0,22296.0
11930724.0,833792.0,22296.0
11930724.0,833792.0,22296.0
11930724.0,833792.0,22296.0
11930937.333,833800.53333,22355.733333
11930937.333,833800.53333,22355.733333
11931124.0,833808.0,22408.0
11931124.0,833808.0,22408.0
11931124.0,833808.0,22408.0
11931124.0,833808.0,22408.0
11931124.0,833808.0,22408.0
11931124.0,833808.0,22408.0
11931124.0,833808.0,22408.0
11931124.0,833808.0,22408.0
11931124.0,833808.0,22408.0
11931124.0,833808.0,22408.0
11931124.0,833808.0,22408.0
11930124.0,833952.0,22656.0
11930124.0,833952.0,22656.0
11930124.0,833952.0,22656.0
