vda,4.00,0.01,0.01,0,0
vda,88.60,0.53,0.00,2,0
vda,46.20,0.08,0.18,0,0
vda,15.20,0.00,0.06,0,0
vda,1.60,0.00,0.01,0,0
vda,25.80,0.00,0.10,0,0
vda,114.60,3.41,0.04,17,0
vda,38.20,0.67,0.01,3,0
vda,104.40,5.68,0.13,28,0
vda,92.20,10.53,0.83,52,4
vda,97.60,10.37,0.51,51,2
vda,64.60,7.95,0.00,39,0
vda,114.20,14.03,0.01,70,0
vda,97.40,12.17,0.00,60,0
vda,107.20,8.50,0.16,42,0
vda,126.40,12.70,0.10,63,0
vda,51.40,6.35,0.00,31,0
vda,110.20,11.18,0.09,55,0
vda,109.40,10.40,0.11,52,0
vda,98.00,11.60,0.02,58,0
vda,118.40,12.90,0.06,64,0
vda,64.80,6.95,0.04,34,0
vda,101.40,12.68,0.00,63,0
vda,50.40,6.17,0.00,30,0
vda,95.40,11.68,0.01,58,0
vda,102.60,12.75,0.00,63,0
vda,101.20,12.47,0.01,62,0
vda,148.20,11.75,0.21,58,1
vda,97.80,12.15,0.00,60,0
vda,115.80,12.30,0.07,61,0
vda,119.60,14.65,0.01,73,0
vda,64.00,8.00,0.00,40,0
vda,103.00,12.70,0.00,63,0
vda,0.00,0.00,0.00,0,0
vda,45.00,5.35,0.01,26,0
vda,111.40,13.75,0.01,68,0
vda,107.00,5.68,0.25,28,1
vda,1.00,0.00,0.00,0,0
vda,3.60,0.00,0.01,0,0
vda,2.37,0.00,0.01,0,0
vda,0.00,0.00,0.00,0,0
vda,1.40,0.00,0.01,0,0
vda,2.20,0.00,0.01,0,0
vda,14.60,0.00,0.06,0,0
vda,18.60,0.05,0.03,0,0
vda,52.60,0.13,0.10,0,0
vda,1.00,0.00,0.00,0,0
vda,4.80,0.00,0.02,0,0
vda,1.20,0.00,0.00,0,0
vda,0.20,0.00,0.00,0,0
vda,3.00,0.00,0.02,0,0
vda,18.60,0.00,0.07,0,0
vda,1.80,0.00,0.01,0,0
vda,1.20,0.00,0.01,0,0
vda,42.20,0.00,0.17,0,0
vda,0.80,0.00,0.00,0,0
vda,3.00,0.00,0.01,0,0
vda,3.80,0.00,0.01,0,0
vda,17.40,0.00,0.07,0,0
vda,1.40,0.00,0.01,0,0
vda,2.20,0.00,0.01,0,0
vda,0.60,0.00,0.00,0,0
vda,7.00,0.00,0.03,0,0
vda,36.40,0.00,0.14,0,0
vda,4.20,0.00,0.02,0,0
vda,2.80,0.00,0.01,0,0
vda,11.80,0.00,0.05,0,0
vda,1.20,0.00,0.00,0,0
vda,1.20,0.00,0.00,0,0
vda,2.00,0.00,0.01,0,0
vda,22.80,0.14,0.03,0,0
vda,4.00,0.00,0.02,0,0
vda,58.40,0.05,0.18,0,0
vda,26.80,0.00,0.10,0,0
vda,1.00,0.00,0.00,0,0
vda,2.00,0.00,0.01,0,0
vda,0.00,0.00,0.00,0,0
vda,12.00,0.00,0.05,0,0
vda,4.00,0.00,0.02,0,0
vda,0.00,0.00,0.00,0,0
vda,1.00,0.00,0.00,0,0
vda,48.40,0.00,0.19,0,0
vda,1.40,0.00,0.01,0,0
vda,0.40,0.00,0.00,0,0
vda,3.20,0.00,0.01,0,0
vda,2.40,0.00,0.01,0,0
vda,1.40,0.00,0.01,0,0
vda,6.00,0.00,0.03,0,0
vda,19.20,0.00,0.07,0,0
vda,2.80,0.00,0.01,0,0
vda,26.40,0.00,0.10,0,0
vda,2.60,0.00,0.01,0,0
vda,0.20,0.00,0.00,0,0
vda,1.00,0.00,0.00,0,0
vda,1.80,0.00,0.01,0,0
vda,24.80,0.00,0.10,0,0
vda,1.20,0.00,0.00,0,0
vda,1.80,0.00,0.01,0,0
vda,2.00,0.00,0.01,0,0
vda,37.80,0.00,0.15,0,0
vda,1.20,0.00,0.00,0,0
vda,13.00,0.00,0.05,0,0
vda,2.40,0.00,0.01,0,0
vda,0.00,0.00,0.00,0,0
vda,1.00,0.00,0.00,0,0
vda,7.60,0.00,0.03,0,0
vda,2.40,0.00,0.01,0,0
vda,1.40,0.00,0.01,0,0
vda,55.60,0.00,0.22,0,1
vda,1.60,0.00,0.01,0,0
vda,1.00,0.00,0.00,0,0
vda,0.00,0.00,0.00,0,0
vda,2.20,0.00,0.01,0,0
vda,3.00,0.00,0.01,0,0
vda,0.20,0.00,0.00,0,0
vda,8.20,0.00,0.03,0,0
vda,12.60,0.00,0.05,0,0
vda,0.60,0.00,0.00,0,0
vda,37.80,0.00,0.15,0,0
vda,1.80,0.00,0.01,0,0
vda,1.80,0.00,0.01,0,0
vda,2.20,0.00,0.01,0,0
vda,1.20,0.00,0.00,0,0
vda,1.00,0.00,0.00,0,0
vda,19.20,0.00,0.07,0,0
vda,7.00,0.00,0.03,0,0
vda,1.80,0.00,0.01,0,0
vda,24.40,0.00,0.10,0,0
vda,3.80,0.00,0.02,0,0
vda,1.40,0.00,0.01,0,0
vda,2.20,0.00,0.01,0,0
vda,17.40,0.00,0.07,0,0
vda,1.40,0.00,0.01,0,0
vda,2.20,0.00,0.01,0,0
vda,7.20,0.00,0.03,0,0
vda,3.20,0.00,0.01,0,0
vda,34.00,0.00,0.13,0,0
vda,2.40,0.00,0.01,0,0
vda,14.60,0.00,0.06,0,0
vda,0.00,0.00,0.00,0,0
vda,1.20,0.00,0.00,0,0
vda,1.20,0.00,0.00,0,0
vda,3.20,0.00,0.02,0,0
vda,1.00,0.00,0.00,0,0
vda,8.60,0.00,0.04,0,0
vda,34.00,0.00,0.13,0,0
vda,18.40,0.00,0.07,0,0
vda,3.20,0.00,0.01,0,0
vda,2.60,0.00,0.01,0,0
vda,1.00,0.00,0.00,0,0
vda,10.60,0.00,0.05,0,0
vda,0.00,0.00,0.00,0,0
vda,1.00,0.00,0.00,0,0
vda,36.00,0.00,0.14,0,0
vda,0.20,0.00,0.00,0,0
vda,2.00,0.00,0.01,0,0
vda,3.20,0.00,0.01,0,0
vda,2.20,0.00,0.01,0,0
vda,1.00,0.00,0.00,0,0
vda,2.20,0.00,0.01,0,0
vda,0.00,0.00,0.00,0,0
vda,18.60,0.00,0.07,0,0
vda,42.40,0.00,0.17,0,0
vda,1.00,0.00,0.00,0,0
vda,2.20,0.00,0.01,0,0
vda,2.00,0.00,0.01,0,0
vda,0.00,0.00,0.00,0,0
vda,2.20,0.00,0.01,0,0
vda,20.40,0.00,0.08,0,0
vda,1.20,0.00,0.00,0,0
vda,1.00,0.00,0.00,0,0
vda,37.00,0.00,0.15,0,0
vda,0.00,0.00,0.00,0,0
vda,7.20,0.00,0.03,0,0
vda,2.40,0.00,0.01,0,0
vda,1.60,0.00,0.01,0,0
vda,12.60,0.00,0.05,0,0
vda,3.40,0.00,0.01,0,0
vda,2.60,0.00,0.01,0,0
vda,1.00,0.00,0.00,0,0
vda,36.60,0.00,0.14,0,0
vda,0.00,0.00,0.00,0,0
vda,1.20,0.00,0.00,0,0
vda,25.60,0.00,0.10,0,0
vda,0.00,0.00,0.00,0,0
vda,2.60,0.00,0.01,0,0
vda,3.00,0.00,0.01,0,0
vda,1.40,0.00,0.01,0,0
vda,1.40,0.00,0.01,0,0
vda,24.60,0.00,0.10,0,0
vda,0.00,0.00,0.00,0,0
vda,24.20,0.00,0.09,0,0
vda,3.00,0.00,0.01,0,0
vda,13.00,0.00,0.06,0,0
vda,1.00,0.00,0.00,0,0
vda,4.60,0.00,0.02,0,0
vda,0.40,0.00,0.00,0,0
vda,2.00,0.00,0.01,0,0
vda,62.20,0.00,0.25,0,1
vda,1.00,0.00,0.00,0,0
vda,5.40,0.00,0.03,0,0
vda,2.40,0.00,0.01,0,0
vda,0.00,0.00,0.00,0,0
vda,1.40,0.00,0.01,0,0
