vda,22.60,0.09,0.01,0,0
vda,34.60,0.13,0.00,0,0
vda,7.00,0.02,0.01,0,0
vda,1.20,0.00,0.00,0,0
vda,1.40,0.00,0.00,0,0
vda,9.40,0.01,0.03,0,0
vda,299.20,10.28,0.06,51,0
vda,25.20,0.04,0.10,0,0
vda,2.40,0.00,0.01,0,0
vda,0.00,0.00,0.00,0,0
vda,12.80,0.05,0.00,0,0
vda,7.40,0.02,0.01,0,0
vda,13.20,0.00,1.33,0,6
vda,3.20,0.00,0.01,0,0
vda,19.00,0.00,0.07,0,0
vda,5.40,0.00,0.02,0,0
vda,35.20,0.00,0.14,0,0
vda,2.20,0.00,0.01,0,0
vda,0.00,0.00,0.00,0,0
vda,4.80,0.00,0.02,0,0
vda,2.60,0.00,0.01,0,0
vda,17.80,0.00,0.08,0,0
vda,0.20,0.00,0.00,0,0
