7971652.0,59424.0,1484.0
7150679.4667,199456.53333,3636.8
7024376.0,221000.0,3968.0
5140197.6,682610.93333,4030.4
4850324.0,753628.0,4040.0
4850324.0,753628.0,4040.0
3864874.4,1025336.8,4104.0
3618512.0,1093264.0,4120.0
3618512.0,1093264.0,4120.0
3617248.0,1093267.2,4158.4
3616932.0,1093268.0,4168.0
3616932.0,1093268.0,4168.0
3616932.0,1093268.0,4168.0
3616932.0,1093268.0,4168.0
3616932.0,1093268.0,4168.0
3616932.0,1093268.0,4168.0
3616932.0,1093268.0,4168.0
3616932.0,1093268.0,4168.0
3616932.0,1093268.0,4168.0
3616932.0,1093268.0,4168.0
3616932.0,1093268.0,4168.0
3616189.6,1093296.8,4353.6
3616004.0,1093304.0,4400.0
3616004.0,1093304.0,4400.0
3616004.0,1093304.0,4400.0
3616004.0,1093304.0,4400.0
3616004.0,1093304.0,4400.0
3616004.0,1093304.0,4400.0
3616004.0,1093304.0,4400.0
3616004.0,1093304.0,4400.0
3616004.0,1093304.0,4400.0
3616004.0,1093304.0,4400.0
3616004.0,1093304.0,4400.0
3615642.4,1093355.2,4624.0
3615552.0,1093368.0,4680.0
3615552.0,1093368.0,4680.0
3615552.0,1093368.0,4680.0
3615552.0,1093368.0,4680.0
3615552.0,1093368.0,4680.0
3615552.0,1093368.0,4680.0
3615552.0,1093368.0,4680.0
3612612.2667,1095926.4,5265.8666667
3612160.0,1096320.0,5356.0
3612160.0,1096320.0,5356.0
3612160.0,1096320.0,5356.0
3612160.0,1096320.0,5356.0
3612160.0,1096320.0,5356.0
3612160.0,1096320.0,5356.0
3612160.0,1096320.0,5356.0
3612160.0,1096320.0,5356.0
3612160.0,1096320.0,5356.0
3612160.0,1096320.0,5356.0
3612160.0,1096320.0,5356.0
3610742.1333,1096330.4,5557.0666667
3610524.0,1096332.0,5588.0
3610524.0,1096332.0,5588.0
3610524.0,1096332.0,5588.0
3610524.0,1096332.0,5588.0
3610524.0,1096332.0,5588.0
3610524.0,1096332.0,5588.0
3610524.0,1096332.0,5588.0
3610524.0,1096332.0,5588.0
3610524.0,1096332.0,5588.0
3610524.0,1096332.0,5588.0
3610524.0,1096332.0,5588.0
3610492.0,1096376.8,5792.8
3610484.0,1096388.0,5844.0
3610484.0,1096388.0,5844.0
3610484.0,1096388.0,5844.0
3610484.0,1096388.0,5844.0
3610484.0,1096388.0,5844.0
3610484.0,1096388.0,5844.0
3610484.0,1096388.0,5844.0
3610484.0,1096388.0,5844.0
3610484.0,1096388.0,5844.0
3541040.8,1096388.0,6023.2
3523680.0,1096388.0,6068.0
3523680.0,1096388.0,6068.0
3521968.0,1096394.4,6106.4
3521540.0,1096396.0,6116.0
3521540.0,1096396.0,6116.0
3522449.3333,1096396.0,6157.0666667
3522780.0,1096396.0,6172.0
3522780.0,1096396.0,6172.0
3522780.0,1096396.0,6172.0
3522780.0,1096396.0,6172.0
3522780.0,1096396.0,6172.0
3522780.0,1096396.0,6172.0
3522780.0,1096396.0,6172.0
3522780.0,1096396.0,6172.0
3522780.0,1096396.0,6172.0
3522780.0,1096396.0,6172.0
3522780.0,1096396.0,6172.0
3522621.6,1096516.2667,6336.2666667
3522564.0,1096560.0,6396.0
3522564.0,1096560.0,6396.0
3522564.0,1096560.0,6396.0
3521676.5333,1096570.4,6486.1333333
3521540.0,1096572.0,6500.0
3521540.0,1096572.0,6500.0
3521540.0,1096572.0,6500.0
3521540.0,1096572.0,6500.0
3521540.0,1096572.0,6500.0
3521540.0,1096572.0,6500.0
3521540.0,1096572.0,6500.0
3521006.1333,1096592.8,6649.0666667
3520924.0,1096596.0,6672.0
3521998.6667,1096602.9333,6713.6
3522164.0,1096604.0,6720.0
3522164.0,1096604.0,6720.0
3522164.0,1096604.0,6720.0
3522164.0,1096604.0,6720.0
3522164.0,1096604.0,6720.0
3522164.0,1096604.0,6720.0
3522164.0,1096604.0,6720.0
3522164.0,1096604.0,6720.0
3522164.0,1096604.0,6720.0
3522164.0,1096604.0,6720.0
3520685.6,1096629.6,6905.6
3520316.0,1096636.0,6952.0
3520316.0,1096636.0,6952.0
3521410.1333,1096638.9333,6993.0666667
3521808.0,1096640.0,7008.0
3521808.0,1096640.0,7008.0
3521808.0,1096640.0,7008.0
3521808.0,1096640.0,7008.0
3521808.0,1096640.0,7008.0
3521808.0,1096640.0,7008.0
3521808.0,1096640.0,7008.0
3521808.0,1096640.0,7008.0
3521808.0,1096640.0,7008.0
3521808.0,1096640.0,7008.0
3521808.0,1096640.0,7008.0
3521311.4667,1096699.7333,7239.4666667
3521276.0,1096704.0,7256.0
3521276.0,1096704.0,7256.0
3521276.0,1096704.0,7256.0
3521276.0,1096704.0,7256.0
3521276.0,1096704.0,7256.0
3521276.0,1096704.0,7256.0
3521276.0,1096704.0,7256.0
3521276.0,1096704.0,7256.0
3521276.0,1096704.0,7256.0
3521276.0,1096704.0,7256.0
3521276.0,1096704.0,7256.0
3520500.0,1096756.0,7560.0
3520500.0,1096756.0,7560.0
3520500.0,1096756.0,7560.0
3520500.0,1096756.0,7560.0
3520500.0,1096756.0,7560.0
3520500.0,1096756.0,7560.0
3520500.0,1096756.0,7560.0
3520500.0,1096756.0,7560.0
3520500.0,1096756.0,7560.0
3520500.0,1096756.0,7560.0
3520500.0,1096756.0,7560.0
3520434.1333,1096756.8,7576.8
3519512.0,1096768.0,7812.0
3519512.0,1096768.0,7812.0
3519512.0,1096768.0,7812.0
3519512.0,1096768.0,7812.0
3519512.0,1096768.0,7812.0
3519512.0,1096768.0,7812.0
3519512.0,1096768.0,7812.0
3519512.0,1096768.0,7812.0
3519512.0,1096768.0,7812.0
3519512.0,1096768.0,7812.0
3519512.0,1096768.0,7812.0
3519512.0,1096769.0667,7854.6666667
3519512.0,1096776.0,8132.0
3519512.0,1096776.0,8132.0
3519512.0,1096776.0,8132.0
3519512.0,1096776.0,8132.0
3519512.0,1096776.0,8132.0
3519512.0,1096776.0,8132.0
3519512.0,1096776.0,8132.0
3519512.0,1096776.0,8132.0
3519512.0,1096776.0,8132.0
3519512.0,1096776.0,8132.0
3519512.0,1096776.0,8132.0
3518942.4,1096793.0667,8255.7333333
3518942.4,1096793.0667,8255.7333333
3518444.0,1096808.0,8364.0
3518444.0,1096808.0,8364.0
3518444.0,1096808.0,8364.0
3518444.0,1096808.0,8364.0
3518444.0,1096808.0,8364.0
3518444.0,1096808.0,8364.0
3518444.0,1096808.0,8364.0
3518444.0,1096808.0,8364.0
3518444.0,1096808.0,8364.0
3518444.0,1096808.0,8364.0
3518444.0,1096808.0,8364.0
3517693.6,1096927.4667,8588.0
3517640.0,1096936.0,8604.0
3517640.0,1096936.0,8604.0
3517640.0,1096936.0,8604.0
3517640.0,1096936.0,8604.0
3517640.0,1096936.0,8604.0
3517640.0,1096936.0,8604.0
3517640.0,1096936.0,8604.0
3517640.0,1096936.0,8604.0
3517640.0,1096936.0,8604.0
3517640.0,1096936.0,8604.0
3517453.6,1096939.2,8647.2
3516708.0,1096952.0,8820.0
3516708.0,1096952.0,8820.0
3516708.0,1096952.0,8820.0
3516708.0,1096952.0,8820.0
3516708.0,1096952.0,8820.0
3516708.0,1096952.0,8820.0
3516219.4667,1096954.1333,8918.1333333
3516219.4667,1096954.1333,8918.1333333
3515792.0,1096956.0,9004.0
3515792.0,1096956.0,9004.0
3515792.0,1096956.0,9004.0
3515792.0,1096956.0,9004.0
3515792.0,1096956.0,9004.0
3515792.0,1096956.0,9004.0
3515792.0,1096956.0,9004.0
3515792.0,1096956.0,9004.0
3515792.0,1096956.0,9004.0
3515792.0,1096956.0,9004.0
3515792.0,1096956.0,9004.0
3516028.8,1096965.6,9176.8
3514795.2,1096971.2,9258.4
3514472.0,1096972.0,9268.0
3514472.0,1096972.0,9268.0
3514472.0,1096972.0,9268.0
3514472.0,1096972.0,9268.0
3514472.0,1096972.0,9268.0
3514472.0,1096972.0,9268.0
3514472.0,1096972.0,9268.0
3514472.0,1096972.0,9268.0
3514472.0,1096972.0,9268.0
3514472.0,1096972.0,9268.0
3514472.0,1096972.0,9268.0
3515384.2667,1097065.8667,9449.8666667
3515716.0,1097100.0,9516.0
3515716.0,1097100.0,9516.0
3515716.0,1097100.0,9516.0
3515716.0,1097100.0,9516.0
3515716.0,1097100.0,9516.0
3515716.0,1097100.0,9516.0
3515716.0,1097100.0,9516.0
3515716.0,1097100.0,9516.0
3515716.0,1097100.0,9516.0
3515716.0,1097100.0,9516.0
3515716.0,1097100.0,9516.0
3515540.0,1097125.6,9752.8
3515496.0,1097132.0,9812.0
3515496.0,1097132.0,9812.0
3515496.0,1097132.0,9812.0
3515496.0,1097132.0,9812.0
3515496.0,1097132.0,9812.0
3515496.0,1097132.0,9812.0
3515496.0,1097132.0,9812.0
3515496.0,1097132.0,9812.0
3515496.0,1097132.0,9812.0
3515496.0,1097132.0,9812.0
3515485.6,1097133.8667,9828.5333333
3515340.0,1097160.0,10060.0
3515340.0,1097160.0,10060.0
3515340.0,1097160.0,10060.0
3515340.0,1097160.0,10060.0
3515340.0,1097160.0,10060.0
3515340.0,1097160.0,10060.0
3515340.0,1097160.0,10060.0
3515340.0,1097160.0,10060.0
3515340.0,1097160.0,10060.0
3515340.0,1097160.0,10060.0
3515340.0,1097160.0,10060.0
3515340.0,1097160.0,10060.0
3514573.8667,1097170.4,10344.266667
3514456.0,1097172.0,10388.0
3514456.0,1097172.0,10388.0
3514456.0,1097172.0,10388.0
3514456.0,1097172.0,10388.0
3514456.0,1097172.0,10388.0
3514456.0,1097172.0,10388.0
3514456.0,1097172.0,10388.0
3514456.0,1097172.0,10388.0
3514456.0,1097172.0,10388.0
3514456.0,1097172.0,10388.0
3514456.0,1097172.0,10388.0
3514593.8667,1097315.7333,10602.133333
3514644.0,1097368.0,10680.0
3514644.0,1097368.0,10680.0
3514644.0,1097368.0,10680.0
3514644.0,1097368.0,10680.0
3514644.0,1097368.0,10680.0
3514644.0,1097368.0,10680.0
3514644.0,1097368.0,10680.0
3514644.0,1097368.0,10680.0
3514644.0,1097368.0,10680.0
3514644.0,1097368.0,10680.0
3514644.0,1097368.0,10680.0
3513898.4,1097425.6,10929.6
3513712.0,1097440.0,10992.0
3513712.0,1097440.0,10992.0
3513712.0,1097440.0,10992.0
3513712.0,1097440.0,10992.0
3513712.0,1097440.0,10992.0
3513712.0,1097440.0,10992.0
3513712.0,1097440.0,10992.0
3513712.0,1097440.0,10992.0
3513712.0,1097440.0,10992.0
3513712.0,1097440.0,10992.0
3513712.0,1097440.0,10992.0
3513993.6,1097448.5333,11132.8
3514240.0,1097456.0,11256.0
3514240.0,1097456.0,11256.0
3514240.0,1097456.0,11256.0
3514240.0,1097456.0,11256.0
3514240.0,1097456.0,11256.0
3514240.0,1097456.0,11256.0
3514240.0,1097456.0,11256.0
3514240.0,1097456.0,11256.0
3514240.0,1097456.0,11256.0
3514240.0,1097456.0,11256.0
3514240.0,1097456.0,11256.0
3513532.0,1097484.8,11419.2
3513060.0,1097504.0,11528.0
3513060.0,1097504.0,11528.0
3513060.0,1097504.0,11528.0
3513060.0,1097504.0,11528.0
3513060.0,1097504.0,11528.0
3513060.0,1097504.0,11528.0
3513060.0,1097504.0,11528.0
3513060.0,1097504.0,11528.0
3513060.0,1097504.0,11528.0
3513060.0,1097504.0,11528.0
3513060.0,1097504.0,11528.0
3512988.0,1097520.8,11686.4
3512940.0,1097532.0,11792.0
3512940.0,1097532.0,11792.0
3512940.0,1097532.0,11792.0
3512940.0,1097532.0,11792.0
3512940.0,1097532.0,11792.0
3512940.0,1097532.0,11792.0
3512940.0,1097532.0,11792.0
3512940.0,1097532.0,11792.0
3512940.0,1097532.0,11792.0
3512940.0,1097532.0,11792.0
3512940.0,1097532.0,11792.0
3512687.7333,1097549.6,12003.2
3512596.0,1097556.0,12080.0
3512596.0,1097556.0,12080.0
3512596.0,1097556.0,12080.0
3512596.0,1097556.0,12080.0
3511726.6667,1097558.6667,12165.333333
3511292.0,1097560.0,12208.0
3511292.0,1097560.0,12208.0
3511292.0,1097560.0,12208.0
3511292.0,1097560.0,12208.0
3511436.0,1097573.3333,12282.666667
3511508.0,1097580.0,12320.0
3511508.0,1097580.0,12320.0
3511508.0,1097580.0,12320.0
3511508.0,1097580.0,12320.0
3511508.0,1097580.0,12320.0
3511508.0,1097580.0,12320.0
3511508.0,1097580.0,12320.0
3511508.0,1097580.0,12320.0
3511508.0,1097580.0,12320.0
3511508.0,1097580.0,12320.0
3511508.0,1097580.0,12320.0
3511508.0,1097580.0,12320.0
3511672.2667,1097594.6667,12501.866667
3511732.0,1097600.0,12568.0
3511732.0,1097600.0,12568.0
3511732.0,1097600.0,12568.0
3511732.0,1097600.0,12568.0
3511732.0,1097600.0,12568.0
3511732.0,1097600.0,12568.0
3511732.0,1097600.0,12568.0
3511732.0,1097600.0,12568.0
3511732.0,1097600.0,12568.0
3511732.0,1097600.0,12568.0
3511732.0,1097600.0,12568.0
3511261.6,1097628.8,12811.2
3511144.0,1097636.0,12872.0
3511144.0,1097636.0,12872.0
3511144.0,1097636.0,12872.0
3511144.0,1097636.0,12872.0
3511144.0,1097636.0,12872.0
3511144.0,1097636.0,12872.0
3511144.0,1097636.0,12872.0
3511144.0,1097636.0,12872.0
3511144.0,1097636.0,12872.0
3511144.0,1097636.0,12872.0
3511144.0,1097636.0,12872.0
3511029.6,1097644.8,13048.0
3510988.0,1097648.0,13112.0
3510988.0,1097648.0,13112.0
3510988.0,1097648.0,13112.0
3510988.0,1097648.0,13112.0
3510988.0,1097648.0,13112.0
3510988.0,1097648.0,13112.0
3510988.0,1097648.0,13112.0
3510988.0,1097648.0,13112.0
3510988.0,1097648.0,13112.0
3510988.0,1097648.0,13112.0
3510988.0,1097648.0,13112.0
3510738.6667,1097680.2667,13317.333333
3510648.0,1097692.0,13392.0
3510648.0,1097692.0,13392.0
3510648.0,1097692.0,13392.0
3510648.0,1097692.0,13392.0
3510648.0,1097692.0,13392.0
3510648.0,1097692.0,13392.0
3510648.0,1097692.0,13392.0
3510648.0,1097692.0,13392.0
3510648.0,1097692.0,13392.0
3510648.0,1097692.0,13392.0
3510648.0,1097692.0,13392.0
3510736.0,1097703.7333,13544.533333
3510768.0,1097708.0,13600.0
3510768.0,1097708.0,13600.0
3510768.0,1097708.0,13600.0
3510768.0,1097708.0,13600.0
3510768.0,1097708.0,13600.0
3510768.0,1097708.0,13600.0
3510768.0,1097708.0,13600.0
3510768.0,1097708.0,13600.0
3510768.0,1097708.0,13600.0
3510768.0,1097708.0,13600.0
3510108.0,1097720.0,13768.0
3509668.0,1097728.0,13880.0
3509668.0,1097728.0,13880.0
3509668.0,1097728.0,13880.0
3509668.0,1097728.0,13880.0
3509668.0,1097728.0,13880.0
3510102.6667,1097738.6667,13954.666667
3510320.0,1097744.0,13992.0
3510320.0,1097744.0,13992.0
3510320.0,1097744.0,13992.0
3510320.0,1097744.0,13992.0
3510320.0,1097744.0,13992.0
3510320.0,1097744.0,13992.0
3510320.0,1097744.0,13992.0
3510320.0,1097744.0,13992.0
3510320.0,1097744.0,13992.0
3510320.0,1097744.0,13992.0
3510320.0,1097744.0,13992.0
3510219.7333,1097784.5333,14128.533333
3510132.0,1097820.0,14248.0
3510132.0,1097820.0,14248.0
3510132.0,1097820.0,14248.0
3510132.0,1097820.0,14248.0
3510132.0,1097820.0,14248.0
3510132.0,1097820.0,14248.0
3510132.0,1097820.0,14248.0
3510132.0,1097820.0,14248.0
3510132.0,1097820.0,14248.0
3510132.0,1097820.0,14248.0
3510132.0,1097820.0,14248.0
3508886.1333,1097834.9333,14397.333333
3507796.0,1097848.0,14528.0
3508751.2,1097852.8,14576.0
3509388.0,1097856.0,14608.0
3509388.0,1097856.0,14608.0
3509388.0,1097856.0,14608.0
3509388.0,1097856.0,14608.0
3509388.0,1097856.0,14608.0
3509388.0,1097856.0,14608.0
3509388.0,1097856.0,14608.0
3509388.0,1097856.0,14608.0
3509388.0,1097856.0,14608.0
3509388.0,1097856.0,14608.0
3509388.0,1097856.0,14608.0
3509388.0,1097856.0,14608.0
3509004.0,1097866.6667,14762.666667
3508812.0,1097872.0,14840.0
3508812.0,1097872.0,14840.0
3508812.0,1097872.0,14840.0
3508812.0,1097872.0,14840.0
3508812.0,1097872.0,14840.0
3508812.0,1097872.0,14840.0
3508812.0,1097872.0,14840.0
3508812.0,1097872.0,14840.0
3508812.0,1097872.0,14840.0
3508812.0,1097872.0,14840.0
3508812.0,1097872.0,14840.0
3508191.2,1097897.6,15083.2
3508036.0,1097904.0,15144.0
3508036.0,1097904.0,15144.0
3508036.0,1097904.0,15144.0
3508036.0,1097904.0,15144.0
3508036.0,1097904.0,15144.0
3508036.0,1097904.0,15144.0
3508036.0,1097904.0,15144.0
3508036.0,1097904.0,15144.0
3508036.0,1097904.0,15144.0
3508036.0,1097904.0,15144.0
3508036.0,1097904.0,15144.0
3508892.8,1097918.4,15288.0
3508552.0,1097932.8,15422.4
3507944.0,1097936.0,15448.0
3507944.0,1097936.0,15448.0
3507944.0,1097936.0,15448.0
3507944.0,1097936.0,15448.0
3507944.0,1097936.0,15448.0
3507944.0,1097936.0,15448.0
3507944.0,1097936.0,15448.0
3507944.0,1097936.0,15448.0
3507944.0,1097936.0,15448.0
3507944.0,1097936.0,15448.0
3507944.0,1097936.0,15448.0
3507946.4,1097960.0,15596.8
3507948.0,1097976.0,15696.0
3507948.0,1097976.0,15696.0
3507948.0,1097976.0,15696.0
3507948.0,1097976.0,15696.0
3507948.0,1097976.0,15696.0
3507948.0,1097976.0,15696.0
3507948.0,1097976.0,15696.0
3507948.0,1097976.0,15696.0
3507948.0,1097976.0,15696.0
3507948.0,1097976.0,15696.0
3507948.0,1097976.0,15696.0
3507520.8,1098062.4,15878.4
3507236.0,1098120.0,16000.0
3507236.0,1098120.0,16000.0
3507236.0,1098120.0,16000.0
3507236.0,1098120.0,16000.0
3507236.0,1098120.0,16000.0
3507236.0,1098120.0,16000.0
3507236.0,1098120.0,16000.0
3507236.0,1098120.0,16000.0
3507236.0,1098120.0,16000.0
3507236.0,1098120.0,16000.0
3507236.0,1098120.0,16000.0
3507067.4667,1098128.5333,16119.466667
3506920.0,1098136.0,16224.0
3506920.0,1098136.0,16224.0
3506920.0,1098136.0,16224.0
3506920.0,1098136.0,16224.0
3506920.0,1098136.0,16224.0
3506920.0,1098136.0,16224.0
3506920.0,1098136.0,16224.0
3506920.0,1098136.0,16224.0
3506920.0,1098136.0,16224.0
3506920.0,1098136.0,16224.0
3506920.0,1098136.0,16224.0
3506944.0,1098173.3333,16405.333333
3506956.0,1098192.0,16496.0
3506956.0,1098192.0,16496.0
3506956.0,1098192.0,16496.0
3506956.0,1098192.0,16496.0
3505938.4,1098196.8,16548.8
3505260.0,1098200.0,16584.0
3505260.0,1098200.0,16584.0
3505260.0,1098200.0,16584.0
3505260.0,1098200.0,16584.0
3505260.0,1098200.0,16584.0
3505260.0,1098200.0,16584.0
3505260.0,1098200.0,16584.0
3505260.0,1098200.0,16584.0
3505260.0,1098200.0,16584.0
3505260.0,1098200.0,16584.0
3505260.0,1098200.0,16584.0
3505015.2,1098214.4,16673.6
3504648.0,1098236.0,16808.0
3504648.0,1098236.0,16808.0
3504648.0,1098236.0,16808.0
3504648.0,1098236.0,16808.0
3504648.0,1098236.0,16808.0
3504648.0,1098236.0,16808.0
3504648.0,1098236.0,16808.0
3504648.0,1098236.0,16808.0
3504648.0,1098236.0,16808.0
3504648.0,1098236.0,16808.0
3504648.0,1098236.0,16808.0
3504088.0,1098253.6,16926.4
3503248.0,1098280.0,17104.0
3503248.0,1098280.0,17104.0
3503248.0,1098280.0,17104.0
3503248.0,1098280.0,17104.0
3503248.0,1098280.0,17104.0
3503248.0,1098280.0,17104.0
3503248.0,1098280.0,17104.0
3503248.0,1098280.0,17104.0
3503248.0,1098280.0,17104.0
3503248.0,1098280.0,17104.0
3503248.0,1098280.0,17104.0
3503224.0,1098276.8,17200.0
3503188.0,1098272.0,17344.0
3503188.0,1098272.0,17344.0
3503188.0,1098272.0,17344.0
3503188.0,1098272.0,17344.0
3503188.0,1098272.0,17344.0
3503188.0,1098272.0,17344.0
3503188.0,1098272.0,17344.0
3503188.0,1098272.0,17344.0
3503188.0,1098272.0,17344.0
3503188.0,1098272.0,17344.0
3503188.0,1098272.0,17344.0
3503273.8667,1098286.9333,17493.333333
3503372.0,1098304.0,17664.0
3503372.0,1098304.0,17664.0
3503372.0,1098304.0,17664.0
3503372.0,1098304.0,17664.0
3503372.0,1098304.0,17664.0
3503372.0,1098304.0,17664.0
3503372.0,1098304.0,17664.0
3503372.0,1098304.0,17664.0
3503372.0,1098304.0,17664.0
3503372.0,1098304.0,17664.0
3503372.0,1098304.0,17664.0
3503429.6,1098314.6667,17728.0
3503588.0,1098344.0,17904.0
3503588.0,1098344.0,17904.0
3503588.0,1098344.0,17904.0
3503588.0,1098344.0,17904.0
3503588.0,1098344.0,17904.0
3503588.0,1098344.0,17904.0
3503588.0,1098344.0,17904.0
3503588.0,1098344.0,17904.0
3503588.0,1098344.0,17904.0
3503588.0,1098344.0,17904.0
3503588.0,1098344.0,17904.0
3503489.6,1098349.6,17960.0
3503096.0,1098372.0,18184.0
3503096.0,1098372.0,18184.0
3503096.0,1098372.0,18184.0
3503096.0,1098372.0,18184.0
3503096.0,1098372.0,18184.0
3503096.0,1098372.0,18184.0
3503096.0,1098372.0,18184.0
3503096.0,1098372.0,18184.0
3503096.0,1098372.0,18184.0
3503096.0,1098372.0,18184.0
3503096.0,1098372.0,18184.0
3503124.8,1098376.8,18214.933333
3503312.0,1098408.0,18416.0
3503312.0,1098408.0,18416.0
3503312.0,1098408.0,18416.0
3503312.0,1098408.0,18416.0
3503312.0,1098408.0,18416.0
3503312.0,1098408.0,18416.0
3503312.0,1098408.0,18416.0
3503312.0,1098408.0,18416.0
3503312.0,1098408.0,18416.0
3503312.0,1098408.0,18416.0
3503312.0,1098408.0,18416.0
3503113.6,1098408.8,18476.8
3502320.0,1098412.0,18720.0
3502320.0,1098412.0,18720.0
3502320.0,1098412.0,18720.0
3502320.0,1098412.0,18720.0
3502320.0,1098412.0,18720.0
3502320.0,1098412.0,18720.0
3502320.0,1098412.0,18720.0
3502320.0,1098412.0,18720.0
3502320.0,1098412.0,18720.0
3502320.0,1098412.0,18720.0
3501802.6667,1098418.6667,18805.333333
3500768.0,1098432.0,18976.0
3501189.3333,1098434.1333,18990.933333
3502348.0,1098440.0,19032.0
3502348.0,1098440.0,19032.0
3502348.0,1098440.0,19032.0
3502348.0,1098440.0,19032.0
3502348.0,1098440.0,19032.0
3502348.0,1098440.0,19032.0
3502348.0,1098440.0,19032.0
3502348.0,1098440.0,19032.0
3502348.0,1098440.0,19032.0
3502348.0,1098440.0,19032.0
3502348.0,1098440.0,19032.0
3502317.3333,1098449.3333,19109.333333
3502256.0,1098468.0,19264.0
3502256.0,1098468.0,19264.0
3502256.0,1098468.0,19264.0
3502256.0,1098468.0,19264.0
3502256.0,1098468.0,19264.0
3502256.0,1098468.0,19264.0
3502256.0,1098468.0,19264.0
3502256.0,1098468.0,19264.0
3502256.0,1098468.0,19264.0
3502256.0,1098468.0,19264.0
3502256.0,1098468.0,19264.0
3502050.6667,1098478.6667,19365.333333
3501640.0,1098500.0,19568.0
3501640.0,1098500.0,19568.0
4413083.2,1096756.0,19582.933333
6919552.0,1091960.0,19624.0
