7963280.0,66576.0,1488.0
7399436.0,165573.6,2956.8
7023540.0,231572.0,3936.0
5911327.2,517368.8,3972.0
5169852.0,707900.0,3996.0
5169852.0,707900.0,3996.0
4501965.6,794136.8,4039.2
4056708.0,851628.0,4068.0
4056708.0,851628.0,4068.0
4056708.0,851628.0,4068.0
4056708.0,851628.0,4068.0
4055580.5333,851639.2,4112.8
4054292.0,851652.0,4164.0
4054292.0,851652.0,4164.0
4054880.8,851654.13333,4193.8666667
4055396.0,851656.0,4220.0
4055396.0,851656.0,4220.0
4055396.0,851656.0,4220.0
4055396.0,851656.0,4220.0
4055396.0,851656.0,4220.0
4055396.0,851656.0,4220.0
4055396.0,851656.0,4220.0
4055396.0,851656.0,4220.0
4055396.0,851656.0,4220.0
4055396.0,851656.0,4220.0
4055396.0,851656.0,4220.0
4055041.3333,851714.66667,4390.6666667
4054864.0,851744.0,4476.0
4054080.8,852321.86667,4625.6
4053796.0,852532.0,4680.0
4053796.0,852532.0,4680.0
4053796.0,852532.0,4680.0
4053796.0,852532.0,4680.0
4053796.0,852532.0,4680.0
4053796.0,852532.0,4680.0
4053796.0,852532.0,4680.0
4052792.8,852546.66667,4803.2
4052428.0,852552.0,4848.0
4052428.0,852552.0,4848.0
4052428.0,852552.0,4848.0
4052428.0,852552.0,4848.0
4052428.0,852552.0,4848.0
4052428.0,852552.0,4848.0
4052428.0,852552.0,4848.0
4051612.0,852612.8,4995.2
4051408.0,852628.0,5032.0
4052422.4,852634.4,5083.2
4052676.0,852636.0,5096.0
4052676.0,852636.0,5096.0
4052676.0,852636.0,5096.0
4052676.0,852636.0,5096.0
4052676.0,852636.0,5096.0
4052676.0,852636.0,5096.0
4052676.0,852636.0,5096.0
4052676.0,852636.0,5096.0
4052676.0,852636.0,5096.0
4052676.0,852636.0,5096.0
4052676.0,852636.0,5096.0
4052648.2667,852660.26667,5317.8666667
4052644.0,852664.0,5352.0
4051624.8,852664.0,5414.4
4051468.0,852664.0,5424.0
4049903.7333,852664.0,5483.7333333
4049792.0,852664.0,5488.0
4049792.0,852664.0,5488.0
4049792.0,852664.0,5488.0
4049792.0,852664.0,5488.0
4049792.0,852664.0,5488.0
4049792.0,852664.0,5488.0
4049792.0,852664.0,5488.0
4049792.0,852664.0,5488.0
4049792.0,852664.0,5488.0
4049792.0,852664.0,5488.0
4049792.0,852664.0,5488.0
4049566.1333,852722.66667,5652.2666667
4049484.0,852744.0,5712.0
4049484.0,852744.0,5712.0
4049484.0,852744.0,5712.0
4049484.0,852744.0,5712.0
4049484.0,852744.0,5712.0
4049484.0,852744.0,5712.0
4049484.0,852744.0,5712.0
4049484.0,852744.0,5712.0
4049484.0,852744.0,5712.0
4049484.0,852744.0,5712.0
4049484.0,852744.0,5712.0
4049539.4667,852782.13333,5947.7333333
4049548.0,852788.0,5984.0
4049548.0,852788.0,5984.0
4049548.0,852788.0,5984.0
4049548.0,852788.0,5984.0
4049548.0,852788.0,5984.0
4047102.6667,852791.73333,6103.4666667
4046928.0,852792.0,6112.0
4048026.9333,852798.93333,6160.5333333
4048196.0,852800.0,6168.0
4048196.0,852800.0,6168.0
4048196.0,852800.0,6168.0
4048196.0,852800.0,6168.0
4048196.0,852800.0,6168.0
4048196.0,852800.0,6168.0
4048196.0,852800.0,6168.0
4048196.0,852800.0,6168.0
4048196.0,852800.0,6168.0
4048196.0,852800.0,6168.0
4048196.0,852800.0,6168.0
4048494.1333,852865.86667,6362.1333333
4048540.0,852876.0,6392.0
4048540.0,852876.0,6392.0
4048540.0,852876.0,6392.0
4048540.0,852876.0,6392.0
4048540.0,852876.0,6392.0
4048540.0,852876.0,6392.0
4048540.0,852876.0,6392.0
4048540.0,852876.0,6392.0
4048540.0,852876.0,6392.0
4048540.0,852876.0,6392.0
4048540.0,852876.0,6392.0
4048422.1333,852886.4,6652.0
4048404.0,852888.0,6692.0
4048404.0,852888.0,6692.0
4048404.0,852888.0,6692.0
4048404.0,852888.0,6692.0
4048404.0,852888.0,6692.0
4048404.0,852888.0,6692.0
4048404.0,852888.0,6692.0
4048404.0,852888.0,6692.0
4048404.0,852888.0,6692.0
4048404.0,852888.0,6692.0
4048404.0,852888.0,6692.0
4047717.0667,852970.13333,6908.5333333
4047668.0,852976.0,6924.0
4047668.0,852976.0,6924.0
4047668.0,852976.0,6924.0
4047668.0,852976.0,6924.0
4047668.0,852976.0,6924.0
4047668.0,852976.0,6924.0
4047668.0,852976.0,6924.0
4047668.0,852976.0,6924.0
4047668.0,852976.0,6924.0
4047668.0,852976.0,6924.0
4047668.0,852976.0,6924.0
4047817.3333,852994.66667,7207.7333333
4047828.0,852996.0,7228.0
4047828.0,852996.0,7228.0
4047828.0,852996.0,7228.0
4047828.0,852996.0,7228.0
4047828.0,852996.0,7228.0
4047828.0,852996.0,7228.0
4047828.0,852996.0,7228.0
4047828.0,852996.0,7228.0
4047828.0,852996.0,7228.0
4047828.0,852996.0,7228.0
4047828.0,852996.0,7228.0
4047742.9333,853022.4,7418.6666667
4047712.0,853032.0,7488.0
4047712.0,853032.0,7488.0
4047712.0,853032.0,7488.0
4047712.0,853032.0,7488.0
4047712.0,853032.0,7488.0
4047712.0,853032.0,7488.0
4047712.0,853032.0,7488.0
4047712.0,853032.0,7488.0
4047712.0,853032.0,7488.0
4047712.0,853032.0,7488.0
4047712.0,853032.0,7488.0
4047465.6,853061.33333,7710.9333333
4047376.0,853072.0,7792.0
4047376.0,853072.0,7792.0
4047376.0,853072.0,7792.0
4047376.0,853072.0,7792.0
4047376.0,853072.0,7792.0
4047376.0,853072.0,7792.0
4047376.0,853072.0,7792.0
4047376.0,853072.0,7792.0
4047376.0,853072.0,7792.0
4047376.0,853072.0,7792.0
4047376.0,853072.0,7792.0
4047521.6,853089.33333,8013.8666667
4047544.0,853092.0,8048.0
4047544.0,853092.0,8048.0
4047544.0,853092.0,8048.0
4047544.0,853092.0,8048.0
4047544.0,853092.0,8048.0
4047544.0,853092.0,8048.0
4047544.0,853092.0,8048.0
4047544.0,853092.0,8048.0
4047544.0,853092.0,8048.0
4047544.0,853092.0,8048.0
4047544.0,853092.0,8048.0
4047429.6,853182.93333,8259.2
4047388.0,853216.0,8336.0
4047388.0,853216.0,8336.0
4047388.0,853216.0,8336.0
4047388.0,853216.0,8336.0
4047388.0,853216.0,8336.0
4047388.0,853216.0,8336.0
4047388.0,853216.0,8336.0
4047388.0,853216.0,8336.0
4047388.0,853216.0,8336.0
4047388.0,853216.0,8336.0
4047388.0,853216.0,8336.0
4047038.6667,853258.66667,8512.0
4046864.0,853280.0,8600.0
4046864.0,853280.0,8600.0
4046864.0,853280.0,8600.0
4046864.0,853280.0,8600.0
4046864.0,853280.0,8600.0
4046864.0,853280.0,8600.0
4046864.0,853280.0,8600.0
4046864.0,853280.0,8600.0
4046864.0,853280.0,8600.0
4046864.0,853280.0,8600.0
4046864.0,853280.0,8600.0
4073290.4,853288.8,8817.0666667
4082900.0,853292.0,8896.0
4082900.0,853292.0,8896.0
4082900.0,853292.0,8896.0
4082900.0,853292.0,8896.0
4082900.0,853292.0,8896.0
4082900.0,853292.0,8896.0
4082900.0,853292.0,8896.0
4082900.0,853292.0,8896.0
4082900.0,853292.0,8896.0
4082900.0,853292.0,8896.0
4082900.0,853292.0,8896.0
4082260.5333,853309.6,9077.8666667
4082028.0,853316.0,9144.0
4082028.0,853316.0,9144.0
4082028.0,853316.0,9144.0
4082028.0,853316.0,9144.0
4082028.0,853316.0,9144.0
4082028.0,853316.0,9144.0
4079948.2667,854900.0,9540.0
4079192.0,855476.0,9684.0
4079192.0,855476.0,9684.0
4079192.0,855476.0,9684.0
4079192.0,855476.0,9684.0
4079192.0,855476.0,9684.0
4079192.0,855476.0,9684.0
4079192.0,855476.0,9684.0
4188578.6667,855492.0,9801.3333333
4243272.0,855500.0,9860.0
4243272.0,855500.0,9860.0
4243272.0,855500.0,9860.0
4243272.0,855500.0,9860.0
4243272.0,855500.0,9860.0
4243272.0,855500.0,9860.0
4243272.0,855500.0,9860.0
4242649.0667,855506.4,9958.1333333
4242104.0,855512.0,10044.0
4242104.0,855512.0,10044.0
4242946.4,855516.8,10077.6
4243508.0,855520.0,10100.0
4243508.0,855520.0,10100.0
4243508.0,855520.0,10100.0
4243508.0,855520.0,10100.0
4243508.0,855520.0,10100.0
4243508.0,855520.0,10100.0
4243508.0,855520.0,10100.0
4243508.0,855520.0,10100.0
4243508.0,855520.0,10100.0
4243508.0,855520.0,10100.0
4243550.9333,855527.46667,10212.0
4243600.0,855536.0,10340.0
5609300.0,852476.53333,10362.4
7170100.0,848980.0,10388.0
