7948888.0,80448.0,3372.0
6970116.8,264200.8,3844.2666667
6614200.0,331020.0,4016.0
6614200.0,331020.0,4016.0
6157353.8667,447546.66667,4051.2
5991228.0,489920.0,4064.0
5989726.1333,489969.86667,4099.2
5989180.0,489988.0,4112.0
5989180.0,489988.0,4112.0
5989180.0,489988.0,4112.0
5989180.0,489988.0,4112.0
5989180.0,489988.0,4112.0
5989180.0,489988.0,4112.0
5989180.0,489988.0,4112.0
5989180.0,489988.0,4112.0
5989180.0,489988.0,4112.0
5989180.0,489988.0,4112.0
5989180.0,489988.0,4112.0
5989180.0,489988.0,4112.0
5988094.9333,490012.26667,4323.4666667
5987928.0,490016.0,4356.0
5987928.0,490016.0,4356.0
5987928.0,490016.0,4356.0
5987928.0,490016.0,4356.0
5987928.0,490016.0,4356.0
5987928.0,490016.0,4356.0
5987928.0,490016.0,4356.0
5987928.0,490016.0,4356.0
5987928.0,490016.0,4356.0
5987928.0,490016.0,4356.0
5987928.0,490016.0,4356.0
5988237.8667,490852.26667,4777.8666667
5988260.0,490912.0,4808.0
5697320.0,490922.4,4856.5333333
5652560.0,490924.0,4864.0
5652560.0,490924.0,4864.0
5650781.6,490930.93333,4912.5333333
5650508.0,490932.0,4920.0
5650508.0,490932.0,4920.0
5650508.0,490932.0,4920.0
5650508.0,490932.0,4920.0
5648616.0,490932.0,5056.0
5648616.0,490932.0,5056.0
5648616.0,490932.0,5056.0
5648616.0,490932.0,5056.0
5648616.0,490932.0,5056.0
5648616.0,490932.0,5056.0
5648616.0,490932.0,5056.0
5648616.0,490932.0,5056.0
5648616.0,490932.0,5056.0
5648616.0,490932.0,5056.0
5648616.0,490932.0,5056.0
5648616.0,490932.0,5056.0
5649441.0667,490956.26667,5264.0
5649568.0,490960.0,5296.0
5649568.0,490960.0,5296.0
5649568.0,490960.0,5296.0
5649568.0,490960.0,5296.0
5649568.0,490960.0,5296.0
5649568.0,490960.0,5296.0
5649568.0,490960.0,5296.0
5649568.0,490960.0,5296.0
5649568.0,490960.0,5296.0
5649568.0,490960.0,5296.0
5649568.0,490960.0,5296.0
5648413.6,491050.13333,5583.7333333
5648236.0,491064.0,5628.0
5648236.0,491064.0,5628.0
5647317.6,491064.0,5672.8
5647088.0,491064.0,5684.0
5647088.0,491064.0,5684.0
5647088.0,491064.0,5684.0
5647088.0,491064.0,5684.0
5646204.8,491172.8,5786.4
5645984.0,491200.0,5812.0
5645984.0,491200.0,5812.0
5645984.0,491200.0,5812.0
5645984.0,491200.0,5812.0
5645984.0,491200.0,5812.0
5645984.0,491200.0,5812.0
5645984.0,491200.0,5812.0
5645984.0,491200.0,5812.0
5645984.0,491200.0,5812.0
5645984.0,491200.0,5812.0
5645984.0,491200.0,5812.0
5646133.3333,491212.8,5948.5333333
5646264.0,491224.0,6068.0
5646264.0,491224.0,6068.0
5646264.0,491224.0,6068.0
5646264.0,491224.0,6068.0
5646264.0,491224.0,6068.0
5646264.0,491224.0,6068.0
5646264.0,491224.0,6068.0
5646264.0,491224.0,6068.0
5632288.8,491315.2,6212.0
5622972.0,491376.0,6308.0
5622972.0,491376.0,6308.0
5621760.0,491373.6,6346.4
5620952.0,491372.0,6372.0
5620952.0,491372.0,6372.0
5620952.0,491372.0,6372.0
5620952.0,491372.0,6372.0
5620952.0,491372.0,6372.0
5620952.0,491372.0,6372.0
5620952.0,491372.0,6372.0
5620952.0,491372.0,6372.0
5620952.0,491372.0,6372.0
5620952.0,491372.0,6372.0
5620952.0,491372.0,6372.0
5620340.0,491412.8,6511.2
5620666.4,491444.8,6642.4
5621156.0,491448.0,6668.0
5621156.0,491448.0,6668.0
5621156.0,491448.0,6668.0
5621156.0,491448.0,6668.0
5621156.0,491448.0,6668.0
5619816.2667,492597.86667,6921.8666667
5618644.0,493604.0,7144.0
5618644.0,493604.0,7144.0
5618644.0,493604.0,7144.0
5618644.0,493604.0,7144.0
5618644.0,493604.0,7144.0
5618644.0,493604.0,7144.0
5618644.0,493604.0,7144.0
5618644.0,493604.0,7144.0
5618644.0,493604.0,7144.0
5618644.0,493604.0,7144.0
5618644.0,493604.0,7144.0
5618169.3333,493606.66667,7293.3333333
5617932.0,493608.0,7368.0
5617932.0,493608.0,7368.0
5617932.0,493608.0,7368.0
5617932.0,493608.0,7368.0
5617932.0,493608.0,7368.0
5617932.0,493608.0,7368.0
5617932.0,493608.0,7368.0
5617932.0,493608.0,7368.0
5617932.0,493608.0,7368.0
5617932.0,493608.0,7368.0
5617932.0,493608.0,7368.0
5617468.0,493624.0,7560.0
5617236.0,493632.0,7656.0
5617236.0,493632.0,7656.0
5617236.0,493632.0,7656.0
5617236.0,493632.0,7656.0
5617236.0,493632.0,7656.0
5617236.0,493632.0,7656.0
5617236.0,493632.0,7656.0
5617236.0,493632.0,7656.0
5617236.0,493632.0,7656.0
5617236.0,493632.0,7656.0
5617236.0,493632.0,7656.0
5617329.3333,493656.0,7805.3333333
5617376.0,493668.0,7880.0
5617376.0,493668.0,7880.0
5617376.0,493668.0,7880.0
5612434.6667,493716.0,7970.6666667
5609964.0,493740.0,8016.0
5609964.0,493740.0,8016.0
5609964.0,493740.0,8016.0
5609964.0,493740.0,8016.0
5609964.0,493740.0,8016.0
5609964.0,493740.0,8016.0
5609964.0,493740.0,8016.0
5609964.0,493740.0,8016.0
5609964.0,493740.0,8016.0
5609964.0,493740.0,8016.0
5609964.0,493740.0,8016.0
5610025.3333,493756.0,8144.0
5610056.0,493764.0,8208.0
5610056.0,493764.0,8208.0
5610056.0,493764.0,8208.0
5610056.0,493764.0,8208.0
5610056.0,493764.0,8208.0
5610056.0,493764.0,8208.0
5610056.0,493764.0,8208.0
5610056.0,493764.0,8208.0
5610056.0,493764.0,8208.0
5610056.0,493764.0,8208.0
5610056.0,493764.0,8208.0
5610182.1333,493772.8,8425.0666667
5610228.0,493776.0,8504.0
5610228.0,493776.0,8504.0
5610228.0,493776.0,8504.0
5610228.0,493776.0,8504.0
5589856.0,493781.86667,8592.0
5582448.0,493784.0,8624.0
5582448.0,493784.0,8624.0
5583562.6667,493784.0,8665.0666667
5583968.0,493784.0,8680.0
5583968.0,493784.0,8680.0
5582416.0,493905.6,8724.8
5582028.0,493936.0,8736.0
5582028.0,493936.0,8736.0
5582028.0,493936.0,8736.0
5582028.0,493936.0,8736.0
5582028.0,493936.0,8736.0
5582028.0,493936.0,8736.0
5582028.0,493936.0,8736.0
5582028.0,493936.0,8736.0
5582028.0,493936.0,8736.0
5582028.0,493936.0,8736.0
5582236.2667,493941.86667,8917.8666667
5582312.0,493944.0,8984.0
5582312.0,493944.0,8984.0
5582312.0,493944.0,8984.0
5582312.0,493944.0,8984.0
5582312.0,493944.0,8984.0
5582312.0,493944.0,8984.0
5582312.0,493944.0,8984.0
5582312.0,493944.0,8984.0
5582312.0,493944.0,8984.0
5582312.0,493944.0,8984.0
5582312.0,493944.0,8984.0
5582338.4,493963.2,9147.2
5582356.0,493976.0,9256.0
5582356.0,493976.0,9256.0
5582356.0,493976.0,9256.0
5582356.0,493976.0,9256.0
5582356.0,493976.0,9256.0
5582356.0,493976.0,9256.0
5582356.0,493976.0,9256.0
5582356.0,493976.0,9256.0
5582356.0,493976.0,9256.0
5582356.0,493976.0,9256.0
5582356.0,493976.0,9256.0
5581860.0,493989.33333,9410.6666667
5581612.0,493996.0,9488.0
5581612.0,493996.0,9488.0
5581612.0,493996.0,9488.0
5581612.0,493996.0,9488.0
5581612.0,493996.0,9488.0
5581612.0,493996.0,9488.0
5581612.0,493996.0,9488.0
5581612.0,493996.0,9488.0
5581612.0,493996.0,9488.0
5581612.0,493996.0,9488.0
5581612.0,493996.0,9488.0
5581612.0,493996.0,9488.0
5581374.4,494066.4,9687.4666667
5581288.0,494092.0,9760.0
5581288.0,494092.0,9760.0
5581288.0,494092.0,9760.0
5581288.0,494092.0,9760.0
5566532.8,494092.0,9868.8
5562844.0,494092.0,9896.0
5562844.0,494092.0,9896.0
5562844.0,494092.0,9896.0
5562844.0,494092.0,9896.0
5562844.0,494092.0,9896.0
5562844.0,494092.0,9896.0
5562844.0,494092.0,9896.0
5562844.0,494092.0,9896.0
5562844.0,494092.0,9896.0
5562844.0,494092.0,9896.0
5562844.0,494092.0,9896.0
5562335.2,494098.4,10100.8
5562208.0,494100.0,10152.0
5562208.0,494100.0,10152.0
5562208.0,494100.0,10152.0
5562208.0,494100.0,10152.0
5562208.0,494100.0,10152.0
5562208.0,494100.0,10152.0
5562208.0,494100.0,10152.0
5562208.0,494100.0,10152.0
5562208.0,494100.0,10152.0
5562208.0,494100.0,10152.0
5562208.0,494100.0,10152.0
5562369.3333,494132.26667,10374.933333
5562428.0,494144.0,10456.0
5562428.0,494144.0,10456.0
5562428.0,494144.0,10456.0
5562428.0,494144.0,10456.0
7009632.0,489532.8,10544.0
7535888.0,487856.0,10576.0
