vda,0.80,0.01,0.00,0,0
vda,36.00,0.07,0.07,0,0
vda,36.40,0.14,0.01,0,0
vda,30.20,0.00,0.12,0,0
vda,0.60,0.00,0.00,0,0
vda,87.60,0.53,0.07,2,0
vda,230.60,12.52,0.02,62,0
vda,71.20,3.07,1.46,15,7
vda,3.80,0.00,0.01,0,0
vda,2.20,0.00,0.01,0,0
vda,6.40,0.02,0.00,0,0
vda,54.60,0.05,0.18,0,0
vda,131.60,1.35,0.04,6,0
vda,7.80,0.37,0.02,1,0
vda,64.40,0.03,0.28,0,1
vda,2.40,0.03,0.00,0,0
vda,1.60,0.00,0.01,0,0
vda,1.40,0.00,0.01,0,0
vda,12.80,0.05,0.01,0,0
vda,0.00,0.00,0.00,0,0
vda,1.60,0.00,0.01,0,0
vda,47.40,0.00,0.20,0,1
vda,1.40,0.00,0.01,0,0
vda,0.00,0.00,0.00,0,0
vda,2.20,0.00,0.01,0,0
vda,2.40,0.00,0.01,0,0
vda,9.00,0.00,0.04,0,0
vda,2.40,0.00,0.01,0,0
vda,18.00,0.00,0.07,0,0
vda,3.40,0.00,0.02,0,0
vda,35.60,0.00,0.14,0,0
vda,0.00,0.00,0.00,0,0
vda,1.80,0.00,0.01,0,0
vda,4.60,0.00,0.02,0,0
vda,1.80,0.00,0.01,0,0
vda,0.20,0.00,0.00,0,0
vda,19.60,0.00,0.08,0,0
vda,2.60,0.00,0.01,0,0
vda,0.20,0.00,0.00,0,0
vda,42.60,0.00,0.17,0,0
vda,0.80,0.00,0.00,0,0
vda,1.20,0.00,0.00,0,0
vda,2.40,0.00,0.01,0,0
vda,13.80,0.00,0.05,0,0
vda,2.20,0.00,0.01,0,0
vda,2.40,0.00,0.01,0,0
vda,5.80,0.02,0.00,0,0
vda,17.00,0.13,0.00,0,0
vda,47.80,0.00,0.19,0,0
vda,12.00,0.00,0.05,0,0
vda,1.40,0.00,0.01,0,0
vda,25.60,0.00,0.10,0,0
vda,2.60,0.00,0.01,0,0
vda,1.80,0.00,0.01,0,0
vda,5.00,0.00,0.02,0,0
vda,0.20,0.00,0.00,0,0
vda,1.60,0.00,0.01,0,0
vda,27.60,0.00,0.12,0,0
vda,25.20,0.00,0.10,0,0
vda,1.40,0.00,0.01,0,0
vda,2.80,0.00,0.01,0,0
vda,3.00,0.00,0.01,0,0
vda,0.00,0.00,0.00,0,0
