vda,0.80,0.01,0.00,0,0
vda,21.80,0.08,0.01,0,0
vda,37.00,0.14,0.00,0,0
vda,2.20,0.00,0.01,0,0
vda,0.00,0.00,0.00,0,0
vda,5.60,0.00,0.02,0,0
vda,275.60,8.57,0.03,42,0
vda,207.80,8.96,0.09,44,0
vda,26.60,0.01,0.10,0,0
vda,3.60,0.37,0.00,1,0
vda,0.80,0.00,0.00,0,0
vda,18.40,0.07,0.00,0,0
vda,18.20,0.00,1.35,0,6
vda,3.20,0.00,0.01,0,0
vda,19.80,0.00,0.08,0,0
vda,2.20,0.00,0.01,0,0
vda,0.00,0.00,0.00,0,0
vda,36.40,0.00,0.15,0,0
vda,3.00,0.00,0.01,0,0
vda,1.80,0.00,0.01,0,0
vda,1.60,0.00,0.01,0,0
vda,2.40,0.00,0.01,0,0
vda,18.80,0.00,0.07,0,0
vda,1.40,0.00,0.01,0,0
vda,2.40,0.00,0.01,0,0
vda,0.80,0.00,0.00,0,0
vda,27.40,0.00,0.11,0,0
vda,11.00,0.00,0.04,0,0
vda,1.60,0.00,0.01,0,0
vda,0.80,0.00,0.00,0,0
vda,19.20,0.00,0.07,0,0
vda,0.00,0.00,0.00,0,0
vda,1.40,0.00,0.01,0,0
vda,2.20,0.00,0.01,0,0
vda,9.60,0.00,0.04,0,0
vda,1.60,0.00,0.01,0,0
vda,35.60,0.00,0.14,0,0
vda,11.40,0.00,0.05,0,0
vda,17.40,0.00,0.07,0,0
vda,2.20,0.00,0.01,0,0
vda,0.00,0.00,0.00,0,0
vda,2.80,0.00,0.02,0,0
vda,2.20,0.00,0.01,0,0
vda,1.60,0.00,0.01,0,0
vda,0.80,0.00,0.00,0,0
vda,35.80,0.00,0.14,0,0
vda,1.20,0.00,0.00,0,0
vda,4.60,0.00,0.02,0,0
vda,2.40,0.00,0.01,0,0
vda,0.40,0.00,0.00,0,0
vda,1.60,0.00,0.01,0,0
vda,2.20,0.00,0.01,0,0
vda,18.00,0.00,0.07,0,0
vda,1.20,0.00,0.00,0,0
vda,42.80,0.00,0.17,0,0
vda,2.60,0.00,0.01,0,0
vda,4.40,0.00,0.02,0,0
vda,1.00,0.00,0.00,0,0
vda,0.00,0.00,0.00,0,0
vda,12.80,0.00,0.05,0,0
vda,2.20,0.00,0.01,0,0
vda,0.40,0.00,0.00,0,0
vda,3.00,0.00,0.02,0,0
vda,43.20,0.00,0.17,0,0
vda,0.60,0.00,0.00,0,0
vda,3.60,0.00,0.01,0,0
vda,19.00,0.00,0.07,0,0
vda,0.40,0.00,0.00,0,0
vda,1.40,0.00,0.01,0,0
vda,3.40,0.00,0.01,0,0
vda,0.00,0.00,0.00,0,0
vda,1.20,0.00,0.00,0,0
vda,42.80,0.00,0.17,0,0
vda,1.40,0.00,0.01,0,0
vda,21.20,0.00,0.08,0,0
vda,1.80,0.00,0.01,0,0
vda,1.80,0.00,0.01,0,0
vda,1.40,0.00,0.00,0,0
vda,2.20,0.00,0.01,0,0
vda,0.40,0.00,0.00,0,0
vda,8.60,0.00,0.04,0,0
vda,36.00,0.00,0.14,0,0
vda,0.60,0.00,0.00,0,0
vda,2.40,0.00,0.01,0,0
vda,2.20,0.00,0.01,0,0
vda,2.00,0.00,0.01,0,0
vda,1.80,0.00,0.01,0,0
vda,2.20,0.00,0.01,0,0
vda,0.00,0.00,0.00,0,0
vda,18.80,0.00,0.07,0,0
vda,37.20,0.00,0.15,0,0
vda,8.40,0.00,0.03,0,0
vda,1.60,0.00,0.01,0,0
vda,2.20,0.00,0.01,0,0
vda,0.00,0.00,0.00,0,0
vda,1.20,0.00,0.00,0,0
vda,20.40,0.00,0.08,0,0
vda,1.80,0.00,0.01,0,0
vda,3.40,0.00,0.02,0,0
vda,33.20,0.00,0.13,0,0
vda,1.20,0.00,0.00,0,0
vda,2.40,0.00,0.01,0,0
vda,7.00,0.00,0.03,0,0
vda,2.00,0.00,0.01,0,0
vda,15.60,0.00,0.06,0,0
vda,1.00,0.00,0.01,0,0
vda,1.60,0.00,0.01,0,0
vda,10.40,0.00,0.04,0,0
vda,33.20,0.00,0.13,0,0
vda,1.80,0.00,0.01,0,0
vda,1.40,0.00,0.01,0,0
vda,1.80,0.00,0.01,0,0
vda,21.40,0.00,0.09,0,0
vda,3.00,0.00,0.01,0,0
vda,43.60,0.00,0.18,0,0
vda,0.00,0.00,0.00,0,0
vda,1.40,0.00,0.01,0,0
vda,36.60,0.00,0.15,0,0
vda,11.80,0.11,0.01,0,0
vda,14.60,0.05,0.01,0,0
vda,0.00,0.00,0.00,0,0
vda,46.20,0.00,0.19,0,0
vda,34.80,0.00,0.14,0,0
vda,3.80,0.00,0.01,0,0
vda,1.60,0.00,0.01,0,0
vda,26.60,0.00,0.11,0,0
vda,17.60,0.00,0.07,0,0
vda,1.20,0.00,0.00,0,0
vda,1.20,0.00,0.00,0,0
vda,1.60,0.00,0.01,0,0
vda,29.20,0.37,0.02,1,0
vda,2.80,0.00,0.01,0,0
vda,20.80,0.00,0.08,0,0
vda,1.60,0.00,0.01,0,0
vda,33.00,0.00,0.13,0,0
vda,4.60,0.00,0.02,0,0
vda,1.20,0.00,0.00,0,0
vda,33.00,0.00,0.17,0,0
vda,1.80,0.00,0.01,0,0
vda,4.80,0.00,0.03,0,0
vda,13.80,0.00,0.05,0,0
vda,3.40,0.00,0.02,0,0
vda,1.60,0.00,0.01,0,0
