7951392.0,75572.0,2020.0
7588418.6667,138969.33333,4326.6666667
7406932.0,170668.0,5480.0
7406932.0,170668.0,5480.0
7406932.0,170668.0,5480.0
7406932.0,170668.0,5480.0
7406932.0,170668.0,5480.0
7405756.0,170956.0,5557.3333333
7405168.0,171100.0,5596.0
7376752.0,171102.66667,5633.3333333
7362544.0,171104.0,5652.0
7362544.0,171104.0,5652.0
7361702.1333,171104.0,5704.8
7361396.0,171104.0,5724.0
7361396.0,171104.0,5724.0
7322291.7333,171109.86667,5765.0666667
7308072.0,171112.0,5780.0
7308072.0,171112.0,5780.0
7308072.0,171112.0,5780.0
7308072.0,171112.0,5780.0
7308072.0,171112.0,5780.0
7308072.0,171112.0,5780.0
7308072.0,171112.0,5780.0
7306221.0667,171114.93333,5914.9333333
7305548.0,171116.0,5964.0
7305548.0,171116.0,5964.0
7305548.0,171116.0,5964.0
7305548.0,171116.0,5964.0
7305548.0,171116.0,5964.0
7305548.0,171116.0,5964.0
7305548.0,171116.0,5964.0
7304298.4,171177.6,6081.3333333
7303844.0,171200.0,6124.0
7303844.0,171200.0,6124.0
7303844.0,171200.0,6124.0
7303844.0,171200.0,6124.0
7264612.0,171216.0,6220.0
7254804.0,171220.0,6244.0
7254804.0,171220.0,6244.0
7153120.8,171847.2,6301.6
7127700.0,172004.0,6316.0
7127700.0,172004.0,6316.0
7123828.0,173514.4,6552.8
7122860.0,173892.0,6612.0
7708792.8,168644.0,6663.2
