vda,0.80,0.01,0.00,0,0
vda,20.80,0.07,0.01,0,0
vda,40.80,0.15,0.00,0,0
vda,2.20,0.00,0.01,0,0
vda,0.60,0.00,0.00,0,0
vda,5.20,0.00,0.02,0,0
vda,339.40,13.62,0.00,68,0
vda,109.80,11.92,0.03,59,0
vda,41.80,0.71,0.08,3,0
vda,52.00,0.00,0.21,0,1
vda,0.00,0.00,0.00,0,0
vda,1.20,0.00,0.00,0,0
vda,2.40,0.00,0.01,0,0
vda,12.60,0.00,1.32,0,6
vda,5.80,0.00,0.03,0,0
vda,14.40,0.00,0.06,0,0
vda,0.00,0.00,0.00,0,0
vda,1.80,0.00,0.01,0,0
vda,32.40,0.00,0.13,0,0
vda,2.80,0.00,0.01,0,0
vda,1.40,0.00,0.01,0,0
vda,1.40,0.00,0.01,0,0
vda,9.60,0.00,0.04,0,0
vda,18.00,0.00,0.07,0,0
vda,3.40,0.00,0.01,0,0
vda,1.60,0.00,0.01,0,0
vda,1.20,0.00,0.00,0,0
vda,49.80,0.00,0.20,0,0
vda,3.60,0.00,0.01,0,0
vda,1.80,0.00,0.01,0,0
vda,20.00,0.00,0.08,0,0
vda,30.00,0.18,0.01,0,0
vda,2.20,0.00,0.01,0,0
vda,21.60,0.07,0.02,0,0
vda,1.60,0.00,0.01,0,0
vda,2.20,0.00,0.01,0,0
vda,69.60,0.00,0.28,0,1
vda,1.00,0.00,0.00,0,0
vda,37.00,0.00,0.15,0,0
vda,2.20,0.00,0.01,0,0
vda,0.00,0.00,0.00,0,0
vda,1.20,0.00,0.00,0,0
vda,4.40,0.00,0.02,0,0
vda,2.40,0.00,0.01,0,0
vda,0.00,0.00,0.00,0,0
vda,50.40,0.00,0.20,0,1
vda,2.00,0.00,0.01,0,0
vda,1.20,0.00,0.00,0,0
vda,11.80,0.00,0.05,0,0
vda,1.80,0.00,0.01,0,0
vda,1.40,0.00,0.01,0,0
vda,4.40,0.00,0.02,0,0
vda,51.60,0.00,0.20,0,1
vda,10.80,0.00,0.04,0,0
vda,2.20,0.00,0.01,0,0
vda,0.60,0.00,0.00,0,0
vda,2.80,0.00,0.02,0,0
vda,2.60,0.00,0.01,0,0
vda,7.60,0.00,0.03,0,0
vda,1.40,0.00,0.01,0,0
vda,70.20,0.00,0.28,0,1
vda,2.40,0.00,0.01,0,0
vda,0.00,0.00,0.00,0,0
vda,3.80,0.00,0.02,0,0
vda,0.60,0.00,0.00,0,0
vda,1.40,0.00,0.00,0,0
vda,9.20,0.00,0.04,0,0
vda,1.00,0.00,0.00,0,0
vda,18.40,0.00,0.07,0,0
vda,52.60,0.00,0.21,0,1
vda,0.80,0.00,0.00,0,0
vda,3.20,0.00,0.02,0,0
vda,54.00,0.00,0.22,0,1
vda,0.80,0.00,0.00,0,0
vda,1.20,0.00,0.00,0,0
vda,44.60,0.00,0.18,0,0
vda,2.40,0.00,0.01,0,0
vda,1.40,0.00,0.00,0,0
vda,46.40,0.00,0.19,0,0
vda,0.20,0.00,0.00,0,0
vda,2.40,0.00,0.01,0,0
vda,77.60,0.00,0.31,0,1
vda,0.00,0.00,0.00,0,0
vda,1.20,0.00,0.00,0,0
vda,47.40,0.00,0.19,0,0
vda,0.20,0.00,0.00,0,0
vda,1.20,0.00,0.00,0,0
vda,44.40,0.00,0.18,0,0
vda,2.80,0.00,0.01,0,0
vda,2.60,0.00,0.01,0,0
vda,2.80,0.00,0.01,0,0
vda,0.00,0.00,0.00,0,0
vda,59.80,0.00,0.25,0,1
vda,2.20,0.00,0.01,0,0
vda,1.20,0.00,0.00,0,0
vda,62.00,0.00,0.25,0,1
vda,1.60,0.00,0.01,0,0
vda,2.20,0.00,0.01,0,0
vda,46.20,0.00,0.19,0,0
vda,0.20,0.00,0.00,0,0
vda,3.40,0.00,0.01,0,0
vda,54.00,0.00,0.22,0,1
vda,2.40,0.00,0.01,0,0
vda,1.20,0.00,0.00,0,0
vda,68.00,0.00,0.27,0,1
vda,1.60,0.00,0.01,0,0
vda,2.20,0.00,0.01,0,0
vda,49.00,0.00,0.20,0,0
vda,0.20,0.00,0.00,0,0
vda,4.00,0.00,0.02,0,0
vda,56.00,0.00,0.23,0,1
vda,3.20,0.00,0.01,0,0
vda,0.00,0.00,0.00,0,0
vda,1.20,0.00,0.00,0,0
vda,0.20,0.00,0.00,0,0
vda,2.20,0.00,0.01,0,0
