3722002.4,177785.6,5073.0666667
3820932.0,72920.0,2960.0
3730802.4,88612.8,3118.9333333
3144960.0,190616.0,4152.0
3144960.0,190616.0,4152.0
3136955.7333,190620.8,4155.2
3024896.0,190688.0,4200.0
3024896.0,190688.0,4200.0
3024763.7333,190688.26667,4204.2666667
3022912.0,190692.0,4264.0
3022803.2,190753.06667,4294.1333333
3021280.0,191608.0,4716.0
3021280.0,191608.0,4716.0
3021280.0,191608.0,4716.0
3021280.0,191608.0,4716.0
3021280.0,191608.0,4716.0
3021280.0,191608.0,4716.0
3021280.0,191608.0,4716.0
3021016.0,191620.26667,4741.6
3019300.0,191700.0,4908.0
3019300.0,191700.0,4908.0
3015400.8,191700.8,4920.8
2999804.0,191704.0,4972.0
2999804.0,191704.0,4972.0
2999592.8,191705.6,4979.4666667
2998220.0,191716.0,5028.0
2998220.0,191716.0,5028.0
2998220.0,191716.0,5028.0
2998220.0,191716.0,5028.0
2998220.0,191716.0,5028.0
2994360.0,191732.0,5132.0
2994360.0,191732.0,5132.0
2994360.0,191732.0,5132.0
2994360.0,191732.0,5132.0
2994360.0,191732.0,5132.0
3714404.0,185172.0,5252.0
