7953308.0,74508.0,3352.0
6825158.1333,304828.53333,3856.0
6744576.0,321280.0,3892.0
6744576.0,321280.0,3892.0
5006985.6,747805.86667,3974.1333333
4882872.0,778272.0,3980.0
3445020.0,1062427.7333,4028.5333333
3223812.0,1106144.0,4036.0
3223812.0,1106144.0,4036.0
3068576.8,1106780.8,4205.6
3029768.0,1106940.0,4248.0
3029768.0,1106940.0,4248.0
3026769.3333,1108714.9333,4615.4666667
3026308.0,1108988.0,4672.0
3026308.0,1108988.0,4672.0
3026308.0,1108988.0,4672.0
3026308.0,1108988.0,4672.0
3026308.0,1108988.0,4672.0
3026308.0,1108988.0,4672.0
3026308.0,1108988.0,4672.0
3026308.0,1108988.0,4672.0
3026308.0,1108988.0,4672.0
3026308.0,1108988.0,4672.0
3026308.0,1108988.0,4672.0
3026630.4,1109126.6667,4852.2666667
3026680.0,1109148.0,4880.0
3026680.0,1109148.0,4880.0
3026680.0,1109148.0,4880.0
3024316.8,1109151.7333,4992.0
3024148.0,1109152.0,5000.0
3025249.3333,1109155.7333,5052.2666667
3025328.0,1109156.0,5056.0
3025328.0,1109156.0,5056.0
3025328.0,1109156.0,5056.0
3025328.0,1109156.0,5056.0
3025328.0,1109156.0,5056.0
3025328.0,1109156.0,5056.0
3025328.0,1109156.0,5056.0
3025328.0,1109156.0,5056.0
3025328.0,1109156.0,5056.0
3025328.0,1109156.0,5056.0
3025328.0,1109156.0,5056.0
3025841.0667,1109162.9333,5257.0666667
3025920.0,1109164.0,5288.0
3025920.0,1109164.0,5288.0
3025920.0,1109164.0,5288.0
3025920.0,1109164.0,5288.0
3025920.0,1109164.0,5288.0
3025920.0,1109164.0,5288.0
3025920.0,1109164.0,5288.0
3025920.0,1109164.0,5288.0
3025920.0,1109164.0,5288.0
3025920.0,1109164.0,5288.0
3025920.0,1109164.0,5288.0
3025172.0,1109180.0,5616.0
3025172.0,1109180.0,5616.0
3025172.0,1109180.0,5616.0
3025172.0,1109180.0,5616.0
3025172.0,1109180.0,5616.0
3025172.0,1109180.0,5616.0
3025172.0,1109180.0,5616.0
3025172.0,1109180.0,5616.0
3025172.0,1109180.0,5616.0
3025172.0,1109180.0,5616.0
3025172.0,1109180.0,5616.0
3024775.2,1109224.8,5739.7333333
3024775.2,1109224.8,5739.7333333
3024428.0,1109264.0,5848.0
3024428.0,1109264.0,5848.0
3024428.0,1109264.0,5848.0
3024428.0,1109264.0,5848.0
3024428.0,1109264.0,5848.0
3024428.0,1109264.0,5848.0
3024428.0,1109264.0,5848.0
3024428.0,1109264.0,5848.0
3024428.0,1109264.0,5848.0
3024428.0,1109264.0,5848.0
3024428.0,1109264.0,5848.0
2741212.0,1109300.0,6152.0
2741212.0,1109300.0,6152.0
2741212.0,1109300.0,6152.0
2741212.0,1109300.0,6152.0
2741212.0,1109300.0,6152.0
2741212.0,1109300.0,6152.0
2741212.0,1109300.0,6152.0
2741212.0,1109300.0,6152.0
2741212.0,1109300.0,6152.0
2741212.0,1109300.0,6152.0
2741212.0,1109300.0,6152.0
2741212.0,1109300.0,6152.0
2740357.0667,1109438.1333,6376.0
2740296.0,1109448.0,6392.0
2740296.0,1109448.0,6392.0
2740296.0,1109448.0,6392.0
2740296.0,1109448.0,6392.0
2740296.0,1109448.0,6392.0
2740296.0,1109448.0,6392.0
2740296.0,1109448.0,6392.0
2740296.0,1109448.0,6392.0
2740296.0,1109448.0,6392.0
2740296.0,1109448.0,6392.0
2740296.0,1109448.0,6392.0
2739810.6667,1109486.1333,6631.2
2739736.0,1109492.0,6668.0
2739736.0,1109492.0,6668.0
2739736.0,1109492.0,6668.0
2739736.0,1109492.0,6668.0
2739736.0,1109492.0,6668.0
2739736.0,1109492.0,6668.0
2739736.0,1109492.0,6668.0
2739736.0,1109492.0,6668.0
2739736.0,1109492.0,6668.0
2739736.0,1109492.0,6668.0
2739736.0,1109492.0,6668.0
2739385.8667,1109561.3333,6876.0
2739332.0,1109572.0,6908.0
2737799.7333,1109578.9333,6956.5333333
2737564.0,1109580.0,6964.0
2739127.4667,1109580.0,7019.4666667
2739368.0,1109580.0,7028.0
2739368.0,1109580.0,7028.0
2739368.0,1109580.0,7028.0
2739368.0,1109580.0,7028.0
2739368.0,1109580.0,7028.0
2739368.0,1109580.0,7028.0
2739368.0,1109580.0,7028.0
2739368.0,1109580.0,7028.0
2739368.0,1109580.0,7028.0
2739368.0,1109580.0,7028.0
2737773.8667,1109609.8667,7259.4666667
2737660.0,1109612.0,7276.0
2737660.0,1109612.0,7276.0
2737660.0,1109612.0,7276.0
2737660.0,1109612.0,7276.0
2737660.0,1109612.0,7276.0
2737660.0,1109612.0,7276.0
2737660.0,1109612.0,7276.0
2737660.0,1109612.0,7276.0
2737660.0,1109612.0,7276.0
2737660.0,1109612.0,7276.0
2737660.0,1109612.0,7276.0
2738544.0,1109636.0,7508.0
2738544.0,1109636.0,7508.0
2738544.0,1109636.0,7508.0
2738544.0,1109636.0,7508.0
2738544.0,1109636.0,7508.0
2738544.0,1109636.0,7508.0
2738544.0,1109636.0,7508.0
2738544.0,1109636.0,7508.0
2738544.0,1109636.0,7508.0
2738544.0,1109636.0,7508.0
2738544.0,1109636.0,7508.0
2738544.0,1109636.0,7508.0
2738406.4,1109645.6,7744.8
2738372.0,1109648.0,7804.0
2738372.0,1109648.0,7804.0
2738372.0,1109648.0,7804.0
2738372.0,1109648.0,7804.0
2738372.0,1109648.0,7804.0
2738372.0,1109648.0,7804.0
2738372.0,1109648.0,7804.0
2738372.0,1109648.0,7804.0
2738372.0,1109648.0,7804.0
2738372.0,1109648.0,7804.0
2738372.0,1109648.0,7804.0
2737761.8667,1109727.7333,7998.1333333
2737668.0,1109740.0,8028.0
2737668.0,1109740.0,8028.0
2737668.0,1109740.0,8028.0
2737668.0,1109740.0,8028.0
2737668.0,1109740.0,8028.0
2737668.0,1109740.0,8028.0
2737668.0,1109740.0,8028.0
2737668.0,1109740.0,8028.0
2737668.0,1109740.0,8028.0
2737668.0,1109740.0,8028.0
2737668.0,1109740.0,8028.0
2735849.8667,1109762.4,8281.8666667
2735720.0,1109764.0,8300.0
2735720.0,1109764.0,8300.0
2737004.2667,1109771.4667,8352.2666667
2737096.0,1109772.0,8356.0
2737096.0,1109772.0,8356.0
2737096.0,1109772.0,8356.0
2737096.0,1109772.0,8356.0
2737096.0,1109772.0,8356.0
2737096.0,1109772.0,8356.0
2737096.0,1109772.0,8356.0
2737096.0,1109772.0,8356.0
2737096.0,1109772.0,8356.0
2737096.0,1109772.0,8356.0
2737096.0,1109772.0,8356.0
2736995.2,1109790.6667,8550.1333333
2736988.0,1109792.0,8564.0
2736988.0,1109792.0,8564.0
2736988.0,1109792.0,8564.0
2736988.0,1109792.0,8564.0
2736988.0,1109792.0,8564.0
2736988.0,1109792.0,8564.0
2736988.0,1109792.0,8564.0
2736988.0,1109792.0,8564.0
2736988.0,1109792.0,8564.0
2736988.0,1109792.0,8564.0
2736907.2,1109802.6667,8583.7333333
2735776.0,1109952.0,8860.0
2735776.0,1109952.0,8860.0
2735929.0667,1109952.5333,8866.4
2736924.0,1109956.0,8908.0
2736924.0,1109956.0,8908.0
2736924.0,1109956.0,8908.0
2736924.0,1109956.0,8908.0
2736678.1333,1109958.6667,8924.0
2735080.0,1109976.0,9028.0
2735080.0,1109976.0,9028.0
2734885.3333,1109977.0667,9036.5333333
2733620.0,1109984.0,9092.0
2733454.6667,1109985.0667,9100.5333333
2732380.0,1109992.0,9156.0
2732380.0,1109992.0,9156.0
2732280.8,1110058.4,9161.3333333
2730892.0,1110988.0,9236.0
2730892.0,1110988.0,9236.0
2730800.0,1110988.2667,9240.2666667
2729512.0,1110992.0,9300.0
2729512.0,1110992.0,9300.0
2729512.0,1110992.0,9300.0
2729512.0,1110992.0,9300.0
2729512.0,1110992.0,9300.0
2729512.0,1110992.0,9300.0
2729512.0,1110992.0,9300.0
2729512.0,1110992.0,9300.0
2729512.0,1110992.0,9300.0
2729512.0,1110992.0,9300.0
2729512.0,1110992.0,9300.0
2729512.0,1110992.0,9300.0
2730380.0,1110992.0,9500.0
2730380.0,1110992.0,9500.0
2730380.0,1110992.0,9500.0
2730380.0,1110992.0,9500.0
2730380.0,1110992.0,9500.0
2730380.0,1110992.0,9500.0
2730380.0,1110992.0,9500.0
2730380.0,1110992.0,9500.0
2730380.0,1110992.0,9500.0
2730380.0,1110992.0,9500.0
2730380.0,1110992.0,9500.0
2730359.7333,1110993.8667,9518.1333333
2730076.0,1111020.0,9772.0
2730076.0,1111020.0,9772.0
2730076.0,1111020.0,9772.0
2730076.0,1111020.0,9772.0
2729897.3333,1111046.6667,9789.0666667
2728736.0,1111220.0,9900.0
2728736.0,1111220.0,9900.0
2728736.0,1111220.0,9900.0
2728736.0,1111220.0,9900.0
2728812.8,1111220.5333,9914.9333333
2729312.0,1111224.0,10012.0
2729312.0,1111224.0,10012.0
2729312.0,1111224.0,10012.0
2729312.0,1111224.0,10012.0
2729312.0,1111224.0,10012.0
2729312.0,1111224.0,10012.0
2729312.0,1111224.0,10012.0
2729312.0,1111224.0,10012.0
2729312.0,1111224.0,10012.0
2729312.0,1111224.0,10012.0
2729312.0,1111224.0,10012.0
2729312.0,1111224.0,10012.0
2729576.0,1111368.0,10268.0
2729576.0,1111368.0,10268.0
2729576.0,1111368.0,10268.0
2729576.0,1111368.0,10268.0
2729576.0,1111368.0,10268.0
2729576.0,1111368.0,10268.0
2729576.0,1111368.0,10268.0
2729576.0,1111368.0,10268.0
2729576.0,1111368.0,10268.0
2729576.0,1111368.0,10268.0
2729576.0,1111368.0,10268.0
2729398.4,1111372.2667,10310.666667
2728244.0,1111400.0,10588.0
2728244.0,1111400.0,10588.0
2728244.0,1111400.0,10588.0
2728244.0,1111400.0,10588.0
2728244.0,1111400.0,10588.0
2728244.0,1111400.0,10588.0
2728244.0,1111400.0,10588.0
2728244.0,1111400.0,10588.0
2728244.0,1111400.0,10588.0
2728244.0,1111400.0,10588.0
2728244.0,1111400.0,10588.0
2728277.6,1111424.0,10639.2
2728412.0,1111520.0,10844.0
2728412.0,1111520.0,10844.0
2728412.0,1111520.0,10844.0
2728412.0,1111520.0,10844.0
2728412.0,1111520.0,10844.0
2728412.0,1111520.0,10844.0
2728412.0,1111520.0,10844.0
2728412.0,1111520.0,10844.0
2728412.0,1111520.0,10844.0
2728412.0,1111520.0,10844.0
2728412.0,1111520.0,10844.0
2728480.0,1111562.4,10903.2
2728752.0,1111732.0,11140.0
2728752.0,1111732.0,11140.0
2728752.0,1111732.0,11140.0
2728752.0,1111732.0,11140.0
2728752.0,1111732.0,11140.0
2728752.0,1111732.0,11140.0
2728752.0,1111732.0,11140.0
2728752.0,1111732.0,11140.0
2728752.0,1111732.0,11140.0
2728752.0,1111732.0,11140.0
2728493.3333,1111734.1333,11173.066667
2726812.0,1111748.0,11388.0
2726812.0,1111748.0,11388.0
2726948.5333,1111748.0,11396.533333
2727836.0,1111748.0,11452.0
2727836.0,1111748.0,11452.0
2727836.0,1111748.0,11452.0
2727836.0,1111748.0,11452.0
2727836.0,1111748.0,11452.0
2727836.0,1111748.0,11452.0
2727836.0,1111748.0,11452.0
2727836.0,1111748.0,11452.0
2727836.0,1111748.0,11452.0
2727836.0,1111748.0,11452.0
2727836.0,1111748.0,11452.0
2727749.6,1111772.5333,11511.733333
2727512.0,1111840.0,11676.0
2727512.0,1111840.0,11676.0
2727512.0,1111840.0,11676.0
2727512.0,1111840.0,11676.0
2727512.0,1111840.0,11676.0
2727512.0,1111840.0,11676.0
2727512.0,1111840.0,11676.0
2727512.0,1111840.0,11676.0
2727512.0,1111840.0,11676.0
2727512.0,1111840.0,11676.0
2727512.0,1111840.0,11676.0
2727345.6,1111865.6,11763.466667
2726888.0,1111936.0,12004.0
2726888.0,1111936.0,12004.0
2726888.0,1111936.0,12004.0
2726888.0,1111936.0,12004.0
2726888.0,1111936.0,12004.0
2726888.0,1111936.0,12004.0
2726888.0,1111936.0,12004.0
2726888.0,1111936.0,12004.0
2726888.0,1111936.0,12004.0
2726888.0,1111936.0,12004.0
2726888.0,1111936.0,12004.0
2726766.6667,1111950.9333,12116.0
2797919.7333,1111969.8667,12277.6
2879396.0,1111972.0,12316.0
2879396.0,1111972.0,12316.0
2879396.0,1111972.0,12316.0
2879396.0,1111972.0,12316.0
2879396.0,1111972.0,12316.0
2879396.0,1111972.0,12316.0
2879396.0,1111972.0,12316.0
2878985.3333,1111976.2667,12365.066667
2877856.0,1111988.0,12500.0
2877856.0,1111988.0,12500.0
2878171.7333,1112001.8667,12517.066667
2879040.0,1112040.0,12564.0
2879040.0,1112040.0,12564.0
2879040.0,1112040.0,12564.0
2879040.0,1112040.0,12564.0
2879040.0,1112040.0,12564.0
2879040.0,1112040.0,12564.0
2879040.0,1112040.0,12564.0
2879040.0,1112040.0,12564.0
2879040.0,1112040.0,12564.0
2879040.0,1112040.0,12564.0
2879040.0,1112040.0,12564.0
2878900.0,1112068.0,12652.0
2878620.0,1112124.0,12828.0
2878620.0,1112124.0,12828.0
2878620.0,1112124.0,12828.0
2878620.0,1112124.0,12828.0
2878620.0,1112124.0,12828.0
2878620.0,1112124.0,12828.0
2878620.0,1112124.0,12828.0
2878620.0,1112124.0,12828.0
2878620.0,1112124.0,12828.0
2878620.0,1112124.0,12828.0
2878620.0,1112124.0,12828.0
2878657.3333,1112132.5333,12911.2
2878760.0,1112156.0,13140.0
2878760.0,1112156.0,13140.0
2878387.2,1112156.0,13152.8
2876896.0,1112156.0,13204.0
2877123.7333,1112156.0,13211.466667
2878604.0,1112156.0,13260.0
2878604.0,1112156.0,13260.0
2878604.0,1112156.0,13260.0
2878604.0,1112156.0,13260.0
2878604.0,1112156.0,13260.0
2878604.0,1112156.0,13260.0
2878604.0,1112156.0,13260.0
2878604.0,1112156.0,13260.0
2878604.0,1112156.0,13260.0
2878604.0,1112156.0,13260.0
2878604.0,1112156.0,13260.0
2878511.2,1112171.2,13311.2
2878140.0,1112232.0,13516.0
2878140.0,1112232.0,13516.0
2878140.0,1112232.0,13516.0
2878140.0,1112232.0,13516.0
2878140.0,1112232.0,13516.0
2878140.0,1112232.0,13516.0
2878140.0,1112232.0,13516.0
2878140.0,1112232.0,13516.0
2878140.0,1112232.0,13516.0
2878140.0,1112232.0,13516.0
2878140.0,1112232.0,13516.0
2878111.2,1112244.8,13597.066667
2878032.0,1112280.0,13820.0
2878032.0,1112280.0,13820.0
2957184.0,1112281.3333,13838.666667
3115488.0,1112284.0,13876.0
3115488.0,1112284.0,13876.0
3115488.0,1112284.0,13876.0
3115488.0,1112284.0,13876.0
3115488.0,1112284.0,13876.0
3115488.0,1112284.0,13876.0
3115488.0,1112284.0,13876.0
3115488.0,1112284.0,13876.0
3115488.0,1112284.0,13876.0
3115488.0,1112284.0,13876.0
3115488.0,1112284.0,13876.0
3116041.6,1112288.8,13972.0
3116872.0,1112296.0,14116.0
3116872.0,1112296.0,14116.0
3116872.0,1112296.0,14116.0
3116872.0,1112296.0,14116.0
3116872.0,1112296.0,14116.0
3116872.0,1112296.0,14116.0
3116872.0,1112296.0,14116.0
3116872.0,1112296.0,14116.0
3116872.0,1112296.0,14116.0
3116872.0,1112296.0,14116.0
3116872.0,1112296.0,14116.0
3116923.2,1112323.2,14240.8
3117000.0,1112364.0,14428.0
3117000.0,1112364.0,14428.0
3117000.0,1112364.0,14428.0
3117000.0,1112364.0,14428.0
3117000.0,1112364.0,14428.0
3117000.0,1112364.0,14428.0
3117000.0,1112364.0,14428.0
3117000.0,1112364.0,14428.0
3117000.0,1112364.0,14428.0
3117000.0,1112364.0,14428.0
3117000.0,1112364.0,14428.0
3116465.6,1112381.6,14520.8
3115664.0,1112408.0,14660.0
3115664.0,1112408.0,14660.0
3115664.0,1112408.0,14660.0
3115664.0,1112408.0,14660.0
3115664.0,1112408.0,14660.0
3115664.0,1112408.0,14660.0
3115664.0,1112408.0,14660.0
3115664.0,1112408.0,14660.0
3115664.0,1112408.0,14660.0
3115664.0,1112408.0,14660.0
3115664.0,1112408.0,14660.0
3115849.6,1112415.4667,14745.333333
3116360.0,1112436.0,14980.0
3116360.0,1112436.0,14980.0
3116074.1333,1112455.2,14997.066667
3115288.0,1112508.0,15044.0
3115288.0,1112508.0,15044.0
3115288.0,1112508.0,15044.0
3115288.0,1112508.0,15044.0
3115288.0,1112508.0,15044.0
3115288.0,1112508.0,15044.0
3115288.0,1112508.0,15044.0
3115288.0,1112508.0,15044.0
3115288.0,1112508.0,15044.0
3115288.0,1112508.0,15044.0
3115182.4,1112512.0,15085.6
3114760.0,1112528.0,15252.0
3114760.0,1112528.0,15252.0
3114760.0,1112528.0,15252.0
3114760.0,1112528.0,15252.0
3114760.0,1112528.0,15252.0
3114760.0,1112528.0,15252.0
3142933.3333,1112532.2667,15276.533333
3326060.0,1112560.0,15436.0
3326060.0,1112560.0,15436.0
3326060.0,1112560.0,15436.0
3326060.0,1112560.0,15436.0
3326060.0,1112560.0,15436.0
3326060.0,1112560.0,15436.0
3326060.0,1112560.0,15436.0
3326060.0,1112560.0,15436.0
3326060.0,1112560.0,15436.0
3326060.0,1112560.0,15436.0
3326060.0,1112560.0,15436.0
3326121.8667,1112562.6667,15469.066667
3326524.0,1112580.0,15684.0
3326524.0,1112580.0,15684.0
3326524.0,1112580.0,15684.0
3326524.0,1112580.0,15684.0
3326524.0,1112580.0,15684.0
3326524.0,1112580.0,15684.0
3326524.0,1112580.0,15684.0
3326524.0,1112580.0,15684.0
3326524.0,1112580.0,15684.0
3326524.0,1112580.0,15684.0
3326524.0,1112580.0,15684.0
3326405.6,1112610.4,15746.4
3325932.0,1112732.0,15996.0
3325932.0,1112732.0,15996.0
3325932.0,1112732.0,15996.0
3325932.0,1112732.0,15996.0
3325932.0,1112732.0,15996.0
3325932.0,1112732.0,15996.0
3325932.0,1112732.0,15996.0
3325932.0,1112732.0,15996.0
3325932.0,1112732.0,15996.0
3325932.0,1112732.0,15996.0
3325932.0,1112732.0,15996.0
3325926.6667,1112736.2667,16057.866667
3325912.0,1112748.0,16228.0
3325912.0,1112748.0,16228.0
3325912.0,1112748.0,16228.0
3325912.0,1112748.0,16228.0
3325912.0,1112748.0,16228.0
3325912.0,1112748.0,16228.0
3325912.0,1112748.0,16228.0
3325912.0,1112748.0,16228.0
3325912.0,1112748.0,16228.0
3325356.2667,1112756.5333,16292.0
3323828.0,1112780.0,16468.0
3324209.8667,1112780.0,16480.8
3325260.0,1112780.0,16516.0
3325260.0,1112780.0,16516.0
3325260.0,1112780.0,16516.0
3325260.0,1112780.0,16516.0
3325260.0,1112780.0,16516.0
3325260.0,1112780.0,16516.0
3325260.0,1112780.0,16516.0
3325260.0,1112780.0,16516.0
3325260.0,1112780.0,16516.0
3325260.0,1112780.0,16516.0
3325260.0,1112780.0,16516.0
3325200.8,1112783.2,16557.6
3324964.0,1112796.0,16724.0
3324964.0,1112796.0,16724.0
3324964.0,1112796.0,16724.0
3324964.0,1112796.0,16724.0
3324964.0,1112796.0,16724.0
3324964.0,1112796.0,16724.0
3324964.0,1112796.0,16724.0
3324964.0,1112796.0,16724.0
3324964.0,1112796.0,16724.0
3404269.3333,1112805.3333,16847.2
3494904.0,1112816.0,16988.0
3494904.0,1112816.0,16988.0
3494904.0,1112816.0,16988.0
3494904.0,1112816.0,16988.0
3494904.0,1112816.0,16988.0
3494904.0,1112816.0,16988.0
3494904.0,1112816.0,16988.0
3494904.0,1112816.0,16988.0
3494904.0,1112816.0,16988.0
3494904.0,1112816.0,16988.0
3494904.0,1112816.0,16988.0
3494899.7333,1112821.3333,17052.0
3494888.0,1112836.0,17228.0
3494888.0,1112836.0,17228.0
3494888.0,1112836.0,17228.0
3494888.0,1112836.0,17228.0
3494888.0,1112836.0,17228.0
3494888.0,1112836.0,17228.0
3494888.0,1112836.0,17228.0
3494888.0,1112836.0,17228.0
3494888.0,1112836.0,17228.0
3494888.0,1112836.0,17228.0
3494888.0,1112836.0,17228.0
3494616.0,1112842.4,17359.2
3494208.0,1112852.0,17556.0
3494208.0,1112852.0,17556.0
3494208.0,1112852.0,17556.0
3494208.0,1112852.0,17556.0
3494208.0,1112852.0,17556.0
3494208.0,1112852.0,17556.0
3494208.0,1112852.0,17556.0
3494208.0,1112852.0,17556.0
3494208.0,1112852.0,17556.0
3494208.0,1112852.0,17556.0
3494208.0,1112852.0,17556.0
3493924.2667,1112868.8,17668.0
3493600.0,1112888.0,17796.0
3493600.0,1112888.0,17796.0
3493600.0,1112888.0,17796.0
3493600.0,1112888.0,17796.0
3493600.0,1112888.0,17796.0
3493600.0,1112888.0,17796.0
3493600.0,1112888.0,17796.0
3493600.0,1112888.0,17796.0
3493600.0,1112888.0,17796.0
3493600.0,1112888.0,17796.0
3493600.0,1112888.0,17796.0
3493973.3333,1112917.8667,17966.666667
3494300.0,1112944.0,18116.0
3494300.0,1112944.0,18116.0
3493853.6,1112945.6,18138.4
3493184.0,1112948.0,18172.0
3493184.0,1112948.0,18172.0
3493184.0,1112948.0,18172.0
3493184.0,1112948.0,18172.0
3493184.0,1112948.0,18172.0
3493184.0,1112948.0,18172.0
3493490.1333,1112952.2667,18221.066667
3494332.0,1112964.0,18356.0
3494332.0,1112964.0,18356.0
3494332.0,1112964.0,18356.0
3494332.0,1112964.0,18356.0
3494332.0,1112964.0,18356.0
3494332.0,1112964.0,18356.0
3494332.0,1112964.0,18356.0
3509132.0,1112967.2,18409.333333
3549832.0,1112976.0,18556.0
3549832.0,1112976.0,18556.0
3573533.3333,1112976.0,18575.2
3638712.0,1112976.0,18628.0
3638712.0,1112976.0,18628.0
3638712.0,1112976.0,18628.0
3638712.0,1112976.0,18628.0
3638712.0,1112976.0,18628.0
3638712.0,1112976.0,18628.0
3638712.0,1112976.0,18628.0
3638712.0,1112976.0,18628.0
3638712.0,1112976.0,18628.0
3638712.0,1112976.0,18628.0
3638712.0,1112976.0,18628.0
3638452.8,1112984.0,18720.8
3638064.0,1112996.0,18860.0
3638064.0,1112996.0,18860.0
3638064.0,1112996.0,18860.0
3638064.0,1112996.0,18860.0
3638064.0,1112996.0,18860.0
3638064.0,1112996.0,18860.0
3638064.0,1112996.0,18860.0
3638064.0,1112996.0,18860.0
3638064.0,1112996.0,18860.0
3638064.0,1112996.0,18860.0
3638064.0,1112996.0,18860.0
3637607.4667,1112998.1333,19034.933333
3637208.0,1113000.0,19188.0
3637208.0,1113000.0,19188.0
3637208.0,1113000.0,19188.0
3637208.0,1113000.0,19188.0
3637208.0,1113000.0,19188.0
3637208.0,1113000.0,19188.0
3637208.0,1113000.0,19188.0
3637208.0,1113000.0,19188.0
3637208.0,1113000.0,19188.0
3637208.0,1113000.0,19188.0
3637208.0,1113000.0,19188.0
3637300.8,1113009.6,19284.0
3637440.0,1113024.0,19428.0
3637440.0,1113024.0,19428.0
3637440.0,1113024.0,19428.0
3637440.0,1113024.0,19428.0
3637440.0,1113024.0,19428.0
3637440.0,1113024.0,19428.0
3637440.0,1113024.0,19428.0
3637440.0,1113024.0,19428.0
3637440.0,1113024.0,19428.0
3637440.0,1113024.0,19428.0
3637440.0,1113024.0,19428.0
3637320.0,1113037.3333,19526.666667
3637080.0,1113064.0,19724.0
3637080.0,1113064.0,19724.0
3637080.0,1113064.0,19724.0
3637080.0,1113064.0,19724.0
3637080.0,1113064.0,19724.0
3637080.0,1113064.0,19724.0
3637080.0,1113064.0,19724.0
3637080.0,1113064.0,19724.0
3637080.0,1113064.0,19724.0
3637080.0,1113064.0,19724.0
3637080.0,1113064.0,19724.0
3637061.3333,1113065.6,19757.066667
3636940.0,1113076.0,19972.0
3636940.0,1113076.0,19972.0
3636940.0,1113076.0,19972.0
3636940.0,1113076.0,19972.0
3636940.0,1113076.0,19972.0
3636940.0,1113076.0,19972.0
3636940.0,1113076.0,19972.0
3636940.0,1113076.0,19972.0
3636940.0,1113076.0,19972.0
6902552.0,1106544.0,20212.0
6902552.0,1106544.0,20212.0
