vda,26.20,0.11,0.00,0,0
vda,62.20,0.09,0.16,0,0
vda,3.60,0.00,0.01,0,0
vda,0.00,0.00,0.00,0,0
vda,14.00,0.00,0.06,0,0
vda,94.60,0.44,0.09,2,0
vda,88.00,3.06,0.02,15,0
vda,74.80,1.82,0.02,9,0
vda,81.20,3.29,0.13,16,0
vda,84.80,7.92,1.31,39,6
vda,83.00,8.72,0.01,43,0
vda,81.00,9.90,0.01,49,0
vda,82.80,10.18,0.00,50,0
vda,105.20,12.90,0.01,64,0
vda,92.00,7.47,0.15,37,0
vda,108.20,10.57,0.09,52,0
vda,95.80,11.70,0.01,58,0
vda,58.60,7.00,0.01,35,0
vda,103.80,10.65,0.09,53,0
vda,116.20,11.62,0.09,58,0
vda,99.40,12.20,0.01,61,0
vda,114.00,14.12,0.00,70,0
vda,122.20,11.07,0.14,55,0
vda,115.20,11.72,0.09,58,0
vda,32.40,3.92,0.00,19,0
vda,114.60,14.07,0.01,70,0
vda,104.80,12.88,0.01,64,0
vda,109.80,10.38,0.11,51,0
vda,118.80,12.78,0.07,63,0
vda,87.40,10.93,0.00,54,0
vda,18.60,2.20,0.00,11,0
vda,22.80,2.58,0.01,12,0
vda,20.00,2.50,0.00,12,0
vda,27.80,3.30,0.01,16,0
vda,54.60,1.93,0.16,9,0
vda,110.20,13.30,0.01,66,0
vda,57.40,7.05,0.00,35,0
vda,16.00,0.00,0.06,0,0
vda,72.40,8.88,0.00,44,0
vda,132.60,12.70,0.14,63,0
vda,99.80,12.31,0.00,61,0
vda,2.00,0.00,0.01,0,0
vda,2.20,0.00,0.01,0,0
vda,28.20,0.00,0.12,0,0
vda,11.20,0.00,0.04,0,0
vda,1.60,0.00,0.01,0,0
vda,0.00,0.00,0.00,0,0
vda,1.80,0.00,0.01,0,0
vda,1.00,0.00,0.00,0,0
vda,1.60,0.00,0.01,0,0
vda,39.80,0.00,0.16,0,0
vda,5.60,0.00,0.03,0,0
vda,15.40,0.00,0.06,0,0
vda,2.00,0.00,0.01,0,0
vda,2.20,0.00,0.01,0,0
vda,0.40,0.00,0.00,0,0
vda,2.80,0.00,0.01,0,0
vda,1.40,0.00,0.01,0,0
vda,6.40,0.00,0.03,0,0
vda,55.00,0.00,0.23,0,1
vda,0.00,0.00,0.00,0,0
vda,1.40,0.00,0.01,0,0
vda,2.20,0.00,0.01,0,0
vda,36.20,0.00,0.15,0,0
vda,2.00,0.00,0.01,0,0
vda,2.40,0.00,0.01,0,0
vda,18.60,0.00,0.10,0,0
vda,25.40,0.00,0.11,0,0
vda,2.00,0.00,0.01,0,0
vda,6.00,0.02,0.00,0,0
vda,23.00,0.16,0.00,0,0
vda,2.60,0.00,0.01,0,0
vda,1.40,0.00,0.01,0,0
vda,27.54,0.00,0.11,0,0
vda,47.00,0.00,0.19,0,0
vda,1.40,0.00,0.01,0,0
vda,8.40,0.00,0.04,0,0
vda,2.60,0.00,0.01,0,0
vda,2.20,0.00,0.01,0,0
vda,1.20,0.00,0.00,0,0
vda,13.20,0.00,0.05,0,0
vda,3.00,0.00,0.02,0,0
vda,34.40,0.00,0.14,0,0
vda,3.60,0.00,0.01,0,0
vda,0.40,0.00,0.00,0,0
vda,1.60,0.00,0.01,0,0
vda,1.80,0.00,0.01,0,0
vda,1.00,0.00,0.00,0,0
vda,19.60,0.00,0.08,0,0
vda,8.20,0.00,0.03,0,0
vda,1.40,0.00,0.01,0,0
vda,23.00,0.00,0.09,0,0
vda,1.80,0.00,0.01,0,0
vda,1.20,0.00,0.00,0,0
vda,2.40,0.00,0.01,0,0
vda,21.40,0.00,0.09,0,0
vda,1.40,0.00,0.01,0,0
vda,2.20,0.00,0.01,0,0
vda,0.00,0.00,0.00,0,0
vda,7.20,0.00,0.03,0,0
vda,1.40,0.00,0.00,0,0
vda,35.40,0.00,0.14,0,0
vda,14.40,0.00,0.06,0,0
vda,2.60,0.00,0.01,0,0
vda,2.40,0.00,0.01,0,0
vda,0.00,0.00,0.00,0,0
vda,1.40,0.00,0.00,0,0
vda,1.80,0.00,0.01,0,0
vda,1.40,0.00,0.01,0,0
vda,8.60,0.00,0.04,0,0
vda,52.80,0.00,0.21,0,1
vda,1.20,0.00,0.00,0,0
vda,1.00,0.00,0.00,0,0
vda,0.00,0.00,0.00,0,0
vda,3.80,0.00,0.01,0,0
vda,1.60,0.00,0.01,0,0
vda,3.60,0.00,0.01,0,0
vda,17.20,0.00,0.07,0,0
vda,1.00,0.00,0.00,0,0
vda,35.20,0.00,0.14,0,0
vda,7.40,0.00,0.03,0,0
vda,1.40,0.00,0.01,0,0
vda,1.80,0.00,0.01,0,0
vda,4.80,0.00,0.02,0,0
vda,1.40,0.00,0.01,0,0
vda,13.80,0.00,0.05,0,0
vda,1.40,0.00,0.01,0,0
vda,23.80,0.00,0.10,0,0
vda,0.00,0.00,0.00,0,0
vda,1.00,0.00,0.00,0,0
vda,9.00,0.00,0.04,0,0
vda,2.00,0.00,0.01,0,0
vda,18.60,0.00,0.07,0,0
vda,1.20,0.00,0.00,0,0
vda,0.60,0.00,0.00,0,0
vda,3.80,0.00,0.02,0,0
vda,1.60,0.00,0.01,0,0
vda,34.80,0.00,0.14,0,0
vda,2.40,0.00,0.01,0,0
vda,1.20,0.00,0.00,0,0
vda,11.40,0.00,0.05,0,0
vda,8.00,0.00,0.03,0,0
vda,1.20,0.00,0.00,0,0
vda,3.60,0.00,0.01,0,0
vda,3.40,0.00,0.02,0,0
vda,1.40,0.00,0.01,0,0
vda,33.40,0.00,0.13,0,0
vda,19.20,0.00,0.08,0,0
vda,1.00,0.00,0.00,0,0
vda,8.20,0.00,0.03,0,0
vda,1.00,0.00,0.00,0,0
vda,1.60,0.00,0.01,0,0
vda,4.00,0.01,0.02,0,0
vda,1.80,0.00,0.01,0,0
vda,1.40,0.00,0.01,0,0
vda,19.20,0.00,0.08,0,0
vda,33.80,0.00,0.13,0,0
vda,1.60,0.00,0.01,0,0
vda,2.40,0.00,0.01,0,0
vda,7.20,0.00,0.04,0,0
vda,1.20,0.00,0.00,0,0
vda,2.00,0.00,0.01,0,0
vda,0.60,0.00,0.00,0,0
vda,14.20,0.00,0.06,0,0
vda,24.20,0.00,0.10,0,0
vda,0.20,0.00,0.00,0,0
vda,3.00,0.00,0.01,0,0
vda,0.00,0.00,0.00,0,0
vda,2.00,0.00,0.01,0,0
vda,7.40,0.00,0.03,0,0
vda,19.40,0.00,0.08,0,0
vda,0.60,0.00,0.00,0,0
vda,1.40,0.00,0.01,0,0
vda,35.80,0.00,0.14,0,0
vda,3.40,0.00,0.02,0,0
vda,2.00,0.00,0.01,0,0
vda,2.00,0.00,0.01,0,0
vda,0.40,0.00,0.00,0,0
vda,18.80,0.00,0.07,0,0
vda,2.20,0.00,0.01,0,0
vda,6.80,0.00,0.03,0,0
vda,2.60,0.00,0.01,0,0
vda,37.20,0.00,0.15,0,0
vda,9.00,0.00,0.04,0,0
vda,0.20,0.00,0.00,0,0
vda,13.20,0.00,0.05,0,0
vda,1.20,0.00,0.00,0,0
vda,1.40,0.00,0.01,0,0
vda,3.60,0.00,0.01,0,0
vda,5.60,0.00,0.03,0,0
vda,0.00,0.00,0.00,0,0
vda,46.80,0.00,0.19,0,0
vda,2.80,0.00,0.01,0,0
vda,26.00,0.00,0.10,0,0
vda,1.80,0.00,0.01,0,0
vda,1.60,0.00,0.01,0,0
vda,1.80,0.00,0.01,0,0
vda,2.00,0.00,0.01,0,0
vda,0.60,0.00,0.00,0,0
vda,7.40,0.00,0.03,0,0
vda,35.80,0.00,0.14,0,0
vda,2.60,0.00,0.01,0,0
vda,1.00,0.00,0.00,0,0
vda,4.00,0.00,0.02,0,0
vda,1.40,0.00,0.01,0,0
vda,0.40,0.00,0.00,0,0
vda,2.20,0.00,0.01,0,0
vda,0.80,0.00,0.00,0,0
vda,19.60,0.00,0.08,0,0
vda,41.60,0.00,0.17,0,0
vda,0.80,0.00,0.00,0,0
vda,1.60,0.00,0.01,0,0
vda,3.60,0.00,0.01,0,0
vda,1.40,0.00,0.01,0,0
vda,0.20,0.00,0.00,0,0
vda,20.40,0.00,0.08,0,0
vda,0.60,0.00,0.00,0,0
vda,1.40,0.00,0.01,0,0
vda,42.00,0.00,0.17,0,0
vda,0.60,0.00,0.00,0,0
vda,1.40,0.00,0.00,0,0
vda,3.60,0.00,0.01,0,0
vda,12.80,0.00,0.05,0,0
vda,1.60,0.00,0.01,0,0
vda,2.20,0.00,0.01,0,0
vda,0.60,0.00,0.00,0,0
vda,1.00,0.00,0.00,0,0
vda,41.60,0.00,0.17,0,0
vda,1.00,0.00,0.00,0,0
vda,1.80,0.00,0.01,0,0
vda,21.80,0.00,0.09,0,0
vda,1.60,0.00,0.01,0,0
vda,0.00,0.00,0.00,0,0
vda,2.00,0.00,0.01,0,0
vda,0.60,0.00,0.00,0,0
vda,1.20,0.00,0.00,0,0
vda,30.40,0.00,0.13,0,0
vda,19.40,0.00,0.08,0,0
vda,1.00,0.00,0.00,0,0
vda,2.00,0.00,0.01,0,0
vda,2.40,0.00,0.01,0,0
vda,1.40,0.00,0.01,0,0
vda,2.60,0.00,0.01,0,0
vda,0.00,0.00,0.00,0,0
vda,2.40,0.00,0.01,0,0
vda,46.80,0.00,0.19,0,0
vda,6.20,0.00,0.03,0,0
vda,1.00,0.00,0.00,0,0
vda,3.80,0.00,0.01,0,0
vda,2.80,0.00,0.01,0,0
vda,0.00,0.00,0.00,0,0
vda,1.40,0.00,0.01,0,0
vda,20.60,0.00,0.09,0,0
vda,1.00,0.00,0.00,0,0
vda,33.80,0.00,0.14,0,0
vda,8.20,0.00,0.03,0,0
vda,1.40,0.00,0.00,0,0
vda,2.00,0.00,0.01,0,0
vda,0.20,0.00,0.00,0,0
vda,3.80,0.00,0.01,0,0
vda,13.20,0.00,0.05,0,0
vda,1.20,0.00,0.00,0,0
vda,1.00,0.00,0.00,0,0
vda,34.80,0.00,0.14,0,0
vda,2.20,0.00,0.01,0,0
vda,7.20,0.00,0.03,0,0
vda,1.60,0.00,0.01,0,0
vda,20.40,0.00,0.08,0,0
vda,1.00,0.00,0.00,0,0
vda,3.60,0.00,0.01,0,0
vda,1.60,0.00,0.01,0,0
vda,0.00,0.00,0.00,0,0
vda,23.20,0.00,0.09,0,0
vda,2.00,0.00,0.01,0,0
vda,19.40,0.00,0.08,0,0
vda,7.60,0.00,0.03,0,0
vda,1.80,0.00,0.01,0,0
vda,1.20,0.00,0.00,0,0
vda,2.40,0.00,0.01,0,0
vda,3.00,0.00,0.01,0,0
vda,1.00,0.00,0.00,0,0
vda,37.60,0.00,0.15,0,0
vda,12.40,0.00,0.05,0,0
vda,0.00,0.00,0.00,0,0
vda,1.40,0.00,0.01,0,0
vda,8.20,0.00,0.04,0,0
vda,0.80,0.00,0.00,0,0
vda,1.00,0.00,0.00,0,0
vda,2.00,0.00,0.01,0,0
vda,21.40,0.00,0.09,0,0
vda,36.20,0.00,0.14,0,0
vda,2.00,0.00,0.01,0,0
vda,0.00,0.00,0.00,0,0
vda,1.20,0.00,0.00,0,0
vda,2.00,0.00,0.01,0,0
vda,6.60,0.00,0.03,0,0
vda,1.40,0.00,0.01,0,0
vda,20.60,0.00,0.09,0,0
vda,0.80,0.00,0.00,0,0
vda,34.40,0.00,0.14,0,0
vda,3.40,0.00,0.01,0,0
vda,1.40,0.00,0.01,0,0
vda,0.60,0.00,0.00,0,0
vda,2.20,0.00,0.01,0,0
vda,11.80,0.00,0.05,0,0
vda,2.00,0.00,0.01,0,0
vda,8.20,0.00,0.03,0,0
vda,0.60,0.00,0.00,0,0
vda,51.20,0.00,0.20,0,1
vda,9.20,0.00,0.04,0,0
vda,0.00,0.00,0.00,0,0
vda,23.80,0.00,0.09,0,0
vda,3.80,0.00,0.02,0,0
vda,0.60,0.00,0.00,0,0
vda,2.20,0.00,0.01,0,0
vda,3.00,0.00,0.01,0,0
vda,2.00,0.00,0.01,0,0
vda,23.20,0.00,0.09,0,0
vda,2.40,0.00,0.01,0,0
vda,11.60,0.00,0.05,0,0
vda,4.00,0.00,0.02,0,0
vda,2.40,0.00,0.01,0,0
vda,1.00,0.00,0.00,0,0
vda,40.20,0.00,0.16,0,0
vda,2.00,0.00,0.01,0,0
vda,2.40,0.00,0.01,0,0
vda,19.80,0.00,0.08,0,0
vda,1.20,0.00,0.01,0,0
vda,0.80,0.00,0.00,0,0
vda,1.00,0.00,0.00,0,0
vda,2.00,0.00,0.01,0,0
vda,6.80,0.00,0.03,0,0
vda,35.40,0.00,0.14,0,0
vda,2.40,0.00,0.01,0,0
vda,18.40,0.00,0.07,0,0
vda,1.00,0.00,0.00,0,0
vda,3.40,0.00,0.01,0,0
vda,1.40,0.00,0.01,0,0
vda,0.60,0.00,0.00,0,0
vda,2.20,0.00,0.01,0,0
vda,0.80,0.00,0.00,0,0
vda,1.00,0.00,0.00,0,0
vda,42.00,0.00,0.17,0,0
vda,0.60,0.00,0.00,0,0
vda,7.20,0.16,0.00,0,0
vda,5.60,0.00,0.02,0,0
vda,1.40,0.00,0.01,0,0
vda,0.40,0.00,0.00,0,0
vda,2.40,0.00,0.01,0,0
vda,3.20,0.00,0.02,0,0
vda,18.20,0.00,0.07,0,0
vda,44.00,0.00,0.25,0,1
vda,1.60,0.00,0.01,0,0
vda,1.20,0.00,0.00,0,0
vda,2.20,0.00,0.01,0,0
vda,0.60,0.00,0.00,0,0
vda,5.00,0.00,0.02,0,0
vda,18.80,0.00,0.07,0,0
vda,0.00,0.00,0.00,0,0
vda,1.20,0.00,0.00,0,0
vda,35.60,0.00,0.14,0,0
vda,0.80,0.00,0.00,0,0
vda,7.20,0.00,0.03,0,0
vda,3.60,0.00,0.02,0,0
vda,0.80,0.00,0.00,0,0
vda,14.80,0.00,0.06,0,0
vda,35.40,0.00,0.15,0,0
vda,6.40,0.00,0.03,0,0
vda,2.00,0.00,0.01,0,0
vda,1.00,0.00,0.00,0,0
vda,1.20,0.00,0.00,0,0
vda,2.00,0.00,0.01,0,0
vda,1.00,0.00,0.00,0,0
vda,10.60,0.00,0.04,0,0
vda,38.00,0.00,0.15,0,0
vda,9.40,0.00,0.04,0,0
vda,8.00,0.00,0.03,0,0
vda,0.00,0.00,0.00,0,0
vda,2.00,0.00,0.01,0,0
vda,1.00,0.00,0.00,0,0
vda,3.80,0.00,0.02,0,0
vda,6.80,0.00,0.03,0,0
vda,11.40,0.00,0.04,0,0
vda,35.80,0.00,0.14,0,0
vda,0.00,0.00,0.00,0,0
vda,1.00,0.00,0.00,0,0
vda,2.20,0.00,0.01,0,0
vda,2.40,0.00,0.01,0,0
vda,15.60,0.00,0.06,0,0
vda,1.20,0.00,0.00,0,0
vda,7.20,0.00,0.03,0,0
vda,1.00,0.00,0.00,0,0
vda,26.00,0.00,0.11,0,0
vda,1.00,0.00,0.00,0,0
vda,0.20,0.00,0.00,0,0
vda,2.20,0.00,0.01,0,0
vda,10.80,0.00,0.04,0,0
vda,9.40,0.00,0.04,0,0
vda,8.60,0.00,0.04,0,0
vda,0.00,0.00,0.00,0,0
vda,1.00,0.00,0.00,0,0
vda,35.60,0.00,0.14,0,0
vda,4.40,0.00,0.02,0,0
vda,6.20,0.00,0.02,0,0
vda,1.20,0.00,0.00,0,0
vda,7.20,0.00,0.03,0,0
vda,1.00,0.00,0.00,0,0
vda,6.20,0.00,0.03,0,0
vda,2.20,0.00,0.01,0,0
vda,3.60,0.00,0.01,0,0
vda,42.80,0.00,0.17,0,0
vda,2.40,0.00,0.01,0,0
vda,9.00,0.00,0.04,0,0
vda,0.60,0.00,0.00,0,0
vda,2.00,0.00,0.01,0,0
vda,7.80,0.00,0.03,0,0
vda,0.80,0.00,0.00,0,0
vda,3.20,0.00,0.02,0,0
vda,9.80,0.00,0.04,0,0
vda,41.80,0.00,0.17,0,0
vda,3.40,0.00,0.01,0,0
vda,2.00,0.00,0.01,0,0
vda,0.20,0.00,0.00,0,0
vda,2.00,0.00,0.01,0,0
vda,1.20,0.00,0.01,0,0
vda,1.00,0.00,0.00,0,0
vda,19.20,0.00,0.08,0,0
vda,1.60,0.00,0.01,0,0
vda,22.60,0.00,0.09,0,0
vda,4.20,0.00,0.02,0,0
vda,2.80,0.00,0.01,0,0
vda,4.20,0.00,0.02,0,0
vda,0.00,0.00,0.00,0,0
vda,24.20,0.00,0.10,0,0
vda,2.20,0.00,0.01,0,0
vda,7.60,0.00,0.03,0,0
vda,0.80,0.00,0.00,0,0
vda,46.80,0.00,0.19,0,0
vda,2.00,0.00,0.01,0,0
vda,3.00,0.00,0.01,0,0
vda,23.80,0.16,0.05,0,0
vda,11.80,0.23,0.00,1,0
vda,15.40,0.00,0.08,0,0
vda,2.40,0.00,0.01,0,0
vda,0.00,0.00,0.00,0,0
vda,1.00,0.00,0.00,0,0
vda,37.60,0.00,0.15,0,0
vda,19.80,0.00,0.08,0,0
vda,0.00,0.00,0.00,0,0
vda,2.40,0.00,0.01,0,0
vda,1.20,0.00,0.00,0,0
vda,1.20,0.00,0.00,0,0
vda,2.20,0.00,0.01,0,0
vda,8.60,0.00,0.04,0,0
vda,50.80,0.00,0.20,0,1
vda,2.20,0.00,0.01,0,0
vda,1.00,0.00,0.00,0,0
vda,0.80,0.00,0.00,0,0
vda,4.20,0.00,0.02,0,0
vda,1.40,0.00,0.01,0,0
vda,0.00,0.00,0.00,0,0
vda,14.80,0.00,0.06,0,0
vda,1.00,0.00,0.00,0,0
vda,29.20,0.00,0.12,0,0
vda,2.40,0.00,0.01,0,0
vda,1.00,0.00,0.00,0,0
vda,0.80,0.00,0.00,0,0
vda,18.80,0.00,0.07,0,0
vda,3.20,0.00,0.02,0,0
vda,1.60,0.00,0.01,0,0
vda,2.20,0.00,0.01,0,0
vda,1.20,0.00,0.00,0,0
vda,33.20,0.00,0.13,0,0
vda,8.20,0.00,0.03,0,0
vda,1.20,0.00,0.00,0,0
vda,12.80,0.00,0.05,0,0
vda,2.40,0.00,0.01,0,0
vda,1.80,0.00,0.01,0,0
vda,1.80,0.00,0.01,0,0
vda,1.80,0.00,0.01,0,0
vda,1.00,0.00,0.00,0,0
vda,33.60,0.00,0.14,0,0
vda,20.20,0.00,0.08,0,0
vda,7.00,0.00,0.03,0,0
vda,0.00,0.00,0.00,0,0
vda,4.20,0.00,0.02,0,0
vda,1.40,0.00,0.01,0,0
vda,0.60,0.00,0.00,0,0
vda,2.20,0.00,0.01,0,0
vda,1.00,0.00,0.00,0,0
vda,26.00,0.00,0.10,0,0
vda,33.80,0.00,0.14,0,0
vda,1.60,0.00,0.01,0,0
vda,3.00,0.00,0.01,0,0
vda,0.00,0.00,0.00,0,0
vda,3.00,0.00,0.01,0,0
vda,2.40,0.00,0.01,0,0
vda,12.80,0.00,0.05,0,0
vda,1.00,0.00,0.00,0,0
vda,12.80,0.00,0.05,0,0
vda,12.00,0.00,0.05,0,0
vda,7.00,0.00,0.03,0,0
vda,0.20,0.00,0.00,0,0
vda,2.00,0.00,0.01,0,0
vda,1.80,0.00,0.01,0,0
vda,17.00,0.00,0.07,0,0
vda,3.60,0.00,0.01,0,0
vda,8.60,0.00,0.03,0,0
vda,33.60,0.00,0.13,0,0
vda,2.20,0.00,0.01,0,0
vda,1.00,0.00,0.00,0,0
vda,15.20,0.00,0.06,0,0
vda,21.60,0.00,0.09,0,0
vda,1.00,0.00,0.00,0,0
vda,19.80,0.00,0.08,0,0
vda,11.80,0.00,0.05,0,0
vda,24.80,0.00,0.10,0,0
vda,1.00,0.00,0.00,0,0
vda,2.20,0.00,0.01,0,0
vda,1.00,0.00,0.00,0,0
vda,0.60,0.00,0.00,0,0
vda,2.80,0.00,0.01,0,0
vda,19.80,0.00,0.08,0,0
vda,0.80,0.00,0.00,0,0
vda,24.00,0.00,0.10,0,0
vda,1.00,0.00,0.00,0,0
vda,1.60,0.00,0.01,0,0
vda,3.00,0.00,0.01,0,0
vda,1.80,0.00,0.01,0,0
vda,1.00,0.00,0.00,0,0
vda,18.80,0.00,0.07,0,0
vda,0.00,0.00,0.00,0,0
vda,7.00,0.00,0.03,0,0
vda,36.00,0.00,0.14,0,0
vda,1.20,0.00,0.00,0,0
vda,0.80,0.00,0.01,0,0
vda,3.20,0.00,0.01,0,0
vda,16.80,0.00,0.07,0,0
vda,1.40,0.00,0.01,0,0
vda,2.60,0.00,0.01,0,0
vda,0.00,0.00,0.00,0,0
vda,1.00,0.00,0.00,0,0
vda,36.60,0.00,0.15,0,0
vda,6.20,0.00,0.03,0,0
vda,1.00,0.00,0.00,0,0
vda,13.60,0.00,0.05,0,0
vda,1.80,0.00,0.01,0,0
vda,1.00,0.00,0.00,0,0
vda,2.00,0.00,0.01,0,0
vda,1.40,0.00,0.01,0,0
vda,2.40,0.00,0.01,0,0
vda,47.80,0.00,0.19,0,0
vda,30.00,0.00,0.12,0,0
vda,1.20,0.00,0.00,0,0
vda,2.00,0.00,0.01,0,0
vda,1.00,0.00,0.00,0,0
vda,5.00,0.00,0.02,0,0
vda,2.79,0.00,0.01,0,0
vda,1.20,0.00,0.00,0,0
vda,0.00,0.00,0.00,0,0
vda,35.20,0.00,0.14,0,0
vda,0.60,0.00,0.00,0,0
vda,7.20,0.00,0.03,0,0
vda,3.60,0.00,0.02,0,0
vda,2.80,0.00,0.01,0,0
vda,2.60,0.00,0.01,0,0
vda,0.00,0.00,0.00,0,0
vda,17.60,0.00,0.07,0,0
vda,1.20,0.00,0.00,0,0
vda,36.40,0.00,0.15,0,0
vda,2.60,0.00,0.01,0,0
vda,6.80,0.00,0.03,0,0
vda,2.20,0.00,0.01,0,0
vda,1.00,0.00,0.00,0,0
vda,2.20,0.00,0.01,0,0
vda,26.60,0.00,0.11,0,0
vda,0.00,0.00,0.00,0,0
vda,1.40,0.00,0.01,0,0
vda,37.00,0.00,0.15,0,0
vda,1.00,0.00,0.00,0,0
vda,0.00,0.00,0.00,0,0
vda,2.40,0.00,0.01,0,0
vda,12.20,0.00,0.05,0,0
vda,2.60,0.00,0.01,0,0
vda,2.40,0.00,0.01,0,0
vda,2.60,0.00,0.01,0,0
vda,0.20,0.00,0.00,0,0
vda,2.00,0.00,0.01,0,0
vda,35.40,0.00,0.14,0,0
vda,0.00,0.00,0.00,0,0
vda,25.00,0.00,0.10,0,0
vda,1.20,0.00,0.00,0,0
vda,0.60,0.00,0.01,0,0
vda,3.20,0.00,0.01,0,0
vda,1.40,0.00,0.01,0,0
vda,0.40,0.00,0.00,0,0
vda,24.40,0.00,0.10,0,0
vda,17.80,0.00,0.07,0,0
vda,0.40,0.00,0.00,0,0
vda,9.60,0.00,0.04,0,0
vda,1.20,0.00,0.00,0,0
vda,0.40,0.00,0.00,0,0
vda,2.20,0.00,0.01,0,0
vda,2.40,0.00,0.01,0,0
vda,1.00,0.00,0.00,0,0
vda,47.80,0.00,0.19,0,0
vda,1.00,0.00,0.00,0,0
vda,2.20,0.00,0.01,0,0
vda,2.20,0.00,0.01,0,0
vda,7.20,0.00,0.03,0,0
vda,0.80,0.00,0.00,0,0
vda,2.00,0.00,0.01,0,0
vda,18.80,0.00,0.07,0,0
vda,1.80,0.00,0.01,0,0
vda,37.20,0.00,0.15,0,0
vda,0.00,0.00,0.00,0,0
vda,1.00,0.00,0.00,0,0
vda,2.00,0.00,0.01,0,0
vda,1.00,0.00,0.00,0,0
vda,7.00,0.00,0.03,0,0
vda,13.60,0.00,0.05,0,0
vda,4.00,0.00,0.02,0,0
vda,2.00,0.00,0.01,0,0
vda,33.80,0.00,0.13,0,0
vda,1.60,0.00,0.01,0,0
vda,1.00,0.00,0.00,0,0
vda,2.60,0.00,0.01,0,0
vda,17.60,0.00,0.07,0,0
vda,8.60,0.00,0.04,0,0
vda,2.00,0.00,0.01,0,0
vda,0.60,0.00,0.00,0,0
vda,3.60,0.00,0.01,0,0
vda,24.20,0.00,0.10,0,0
vda,0.60,0.00,0.00,0,0
vda,1.60,0.00,0.01,0,0
vda,21.00,0.00,0.09,0,0
vda,1.00,0.00,0.00,0,0
vda,6.00,0.00,0.03,0,0
vda,2.40,0.00,0.01,0,0
vda,1.20,0.00,0.00,0,0
vda,0.20,0.00,0.00,0,0
vda,35.80,0.00,0.14,0,0
vda,12.40,0.00,0.05,0,0
vda,9.60,0.00,0.04,0,0
vda,2.60,0.00,0.01,0,0
vda,0.00,0.00,0.00,0,0
vda,1.00,0.00,0.00,0,0
vda,2.20,0.00,0.01,0,0
vda,0.60,0.00,0.00,0,0
vda,1.00,0.00,0.00,0,0
vda,55.40,0.00,0.22,0,1
vda,2.20,0.00,0.01,0,0
vda,0.20,0.00,0.00,0,0
vda,2.00,0.00,0.01,0,0
vda,0.20,0.00,0.00,0,0
vda,1.00,0.00,0.00,0,0
vda,8.60,0.00,0.04,0,0
vda,18.00,0.00,0.07,0,0
vda,1.00,0.00,0.01,0,0
vda,37.60,0.00,0.15,0,0
vda,1.40,0.00,0.01,0,0
vda,0.40,0.00,0.00,0,0
vda,2.00,0.00,0.01,0,0
vda,2.00,0.00,0.01,0,0
vda,1.00,0.00,0.00,0,0
vda,20.40,0.00,0.08,0,0
vda,0.00,0.00,0.00,0,0
vda,1.00,0.00,0.00,0,0
vda,26.20,0.00,0.10,0,0
vda,2.00,0.00,0.01,0,0
vda,0.00,0.00,0.00,0,0
vda,1.20,0.00,0.00,0,0
vda,26.60,0.00,0.11,0,0
vda,1.00,0.00,0.00,0,0
vda,7.78,0.00,0.04,0,0
vda,3.20,0.00,0.01,0,0
vda,1.60,0.00,0.01,0,0
vda,48.60,0.00,0.19,0,0
vda,1.00,0.00,0.00,0,0
vda,1.00,0.00,0.00,0,0
vda,12.60,0.00,0.05,0,0
vda,2.20,0.00,0.01,0,0
vda,1.20,0.00,0.00,0,0
vda,7.00,0.00,0.03,0,0
vda,2.00,0.00,0.01,0,0
vda,1.00,0.00,0.00,0,0
vda,37.00,0.00,0.15,0,0
vda,19.40,0.00,0.08,0,0
vda,1.20,0.00,0.00,0,0
vda,0.40,0.00,0.00,0,0
vda,2.60,0.00,0.01,0,0
vda,1.20,0.00,0.00,0,0
vda,8.40,0.00,0.04,0,0
vda,1.40,0.00,0.01,0,0
vda,1.00,0.00,0.00,0,0
vda,55.40,0.00,0.22,0,1
vda,0.40,0.00,0.00,0,0
vda,1.40,0.00,0.01,0,0
vda,1.00,0.00,0.00,0,0
vda,2.20,0.00,0.01,0,0
vda,1.00,0.00,0.00,0,0
vda,8.00,0.00,0.03,0,0
vda,13.40,0.00,0.06,0,0
vda,1.20,0.00,0.00,0,0
vda,23.20,0.00,0.09,0,0
vda,4.20,0.00,0.02,0,0
vda,1.40,0.00,0.01,0,0
vda,0.00,0.00,0.00,0,0
vda,18.80,0.00,0.07,0,0
vda,2.40,0.00,0.01,0,0
vda,10.00,0.00,0.04,0,0
vda,1.20,0.00,0.00,0,0
vda,0.00,0.00,0.00,0,0
vda,34.40,0.00,0.14,0,0
vda,2.00,0.00,0.01,0,0
vda,12.00,0.00,0.05,0,0
vda,5.40,0.00,0.02,0,0
vda,1.60,0.00,0.01,0,0
vda,1.60,0.00,0.01,0,0
vda,0.40,0.00,0.00,0,0
vda,2.00,0.00,0.01,0,0
vda,1.00,0.00,0.00,0,0
vda,57.80,0.00,0.23,0,1
vda,4.00,0.00,0.02,0,0
vda,1.20,0.00,0.00,0,0
vda,3.40,0.00,0.01,0,0
vda,1.40,0.00,0.01,0,0
vda,0.20,0.00,0.00,0,0
vda,2.40,0.00,0.01,0,0
vda,17.60,0.00,0.07,0,0
vda,2.20,0.00,0.01,0,0
vda,1.00,0.00,0.00,0,0
vda,42.20,0.00,0.17,0,0
vda,1.00,0.00,0.00,0,0
vda,0.00,0.00,0.00,0,0
vda,38.00,0.00,0.15,0,0
vda,0.00,0.00,0.00,0,0
vda,2.40,0.00,0.01,0,0
vda,0.00,0.00,0.00,0,0
vda,1.00,0.00,0.00,0,0
vda,2.00,0.00,0.01,0,0
vda,0.40,0.00,0.00,0,0
vda,25.60,0.00,0.11,0,0
vda,35.80,0.00,0.14,0,0
vda,0.60,0.00,0.00,0,0
vda,1.00,0.00,0.00,0,0
vda,2.80,0.00,0.01,0,0
vda,2.00,0.00,0.01,0,0
vda,0.00,0.00,0.00,0,0
vda,13.40,0.00,0.05,0,0
vda,2.80,0.00,0.01,0,0
vda,0.20,0.00,0.00,0,0
vda,30.40,0.00,0.12,0,0
vda,1.00,0.00,0.00,0,0
vda,1.60,0.00,0.01,0,0
vda,2.80,0.00,0.01,0,0
vda,18.00,0.00,0.07,0,0
vda,2.60,0.00,0.01,0,0
vda,2.00,0.00,0.01,0,0
vda,0.40,0.00,0.00,0,0
vda,1.20,0.00,0.00,0,0
vda,41.60,0.00,0.17,0,0
vda,0.00,0.00,0.00,0,0
vda,12.40,0.00,0.05,0,0
vda,2.80,0.00,0.01,0,0
vda,3.00,0.00,0.01,0,0
vda,2.20,0.00,0.01,0,0
vda,0.00,0.00,0.00,0,0
vda,1.00,0.00,0.00,0,0
vda,1.20,0.00,0.00,0,0
vda,52.80,0.00,0.21,0,1
vda,6.80,0.00,0.03,0,0
vda,3.00,0.00,0.02,0,0
vda,2.00,0.00,0.01,0,0
vda,1.40,0.00,0.01,0,0
vda,1.40,0.00,0.01,0,0
vda,8.80,0.00,0.04,0,0
vda,35.40,0.00,0.14,0,0
vda,2.00,0.00,0.01,0,0
vda,2.00,0.00,0.01,0,0
vda,1.00,0.00,0.00,0,0
vda,1.00,0.00,0.00,0,0
vda,2.00,0.00,0.01,0,0
vda,1.00,0.00,0.00,0,0
vda,21.40,0.00,0.09,0,0
vda,35.40,0.00,0.14,0,0
vda,1.00,0.00,0.00,0,0
vda,1.40,0.00,0.00,0,0
vda,40.20,0.00,0.16,0,0
vda,3.00,0.00,0.01,0,0
vda,1.80,0.00,0.01,0,0
vda,45.20,0.00,0.18,0,0
vda,31.80,0.00,0.12,0,0
vda,1.00,0.00,0.00,0,0
vda,3.60,0.00,0.01,0,0
vda,43.00,0.00,0.18,0,0
vda,1.40,0.00,0.01,0,0
vda,30.80,0.00,0.12,0,0
vda,6.00,0.00,0.03,0,0
vda,27.20,0.00,0.11,0,0
vda,10.40,0.00,0.04,0,0
vda,19.20,0.00,0.08,0,0
vda,34.13,0.00,0.13,0,0
vda,12.80,0.00,0.05,0,0
vda,1.00,0.00,0.00,0,0
vda,36.20,0.00,0.14,0,0
vda,2.20,0.00,0.01,0,0
vda,12.40,0.00,0.05,0,0
vda,24.40,0.00,0.10,0,0
vda,2.20,0.00,0.01,0,0
vda,0.60,0.00,0.00,0,0
vda,37.80,0.00,0.15,0,0
vda,6.80,0.00,0.03,0,0
vda,20.00,0.00,0.08,0,0
vda,36.00,0.00,0.14,0,0
vda,2.20,0.00,0.01,0,0
vda,0.60,0.00,0.00,0,0
vda,1.00,0.00,0.00,0,0
vda,27.80,0.00,0.11,0,0
vda,9.80,0.00,0.04,0,0
vda,3.40,0.00,0.01,0,0
vda,41.40,0.00,0.17,0,0
vda,1.20,0.00,0.00,0,0
vda,1.00,0.00,0.00,0,0
vda,36.80,0.00,0.15,0,0
vda,0.80,0.00,0.00,0,0
vda,1.00,0.00,0.00,0,0
vda,40.40,0.00,0.16,0,0
vda,15.00,0.00,0.06,0,0
vda,1.00,0.00,0.00,0,0
vda,39.80,0.00,0.16,0,0
vda,1.40,0.00,0.01,0,0
vda,0.00,0.00,0.00,0,0
vda,42.20,0.00,0.17,0,0
vda,3.20,0.00,0.01,0,0
vda,1.20,0.00,0.00,0,0
vda,36.60,0.00,0.14,0,0
vda,0.40,0.00,0.00,0,0
vda,1.20,0.00,0.00,0,0
vda,36.20,0.00,0.14,0,0
vda,27.20,0.00,0.11,0,0
vda,2.00,0.00,0.01,0,0
vda,32.40,0.00,0.13,0,0
vda,4.20,0.00,0.02,0,0
vda,3.40,0.00,0.01,0,0
vda,35.00,0.00,0.14,0,0
vda,1.20,0.00,0.00,0,0
vda,1.00,0.00,0.00,0,0
vda,39.40,0.00,0.16,0,0
vda,0.20,0.00,0.00,0,0
vda,26.60,0.00,0.11,0,0
vda,2.20,0.00,0.01,0,0
vda,37.60,0.00,0.15,0,0
vda,6.80,0.00,0.03,0,0
vda,33.80,0.00,0.14,0,0
vda,1.20,0.00,0.00,0,0
vda,27.00,0.00,0.11,0,0
vda,10.60,0.00,0.04,0,0
vda,2.40,0.00,0.01,0,0
vda,36.00,0.00,0.14,0,0
vda,10.00,0.00,0.04,0,0
vda,1.00,0.00,0.00,0,0
vda,41.20,0.00,0.16,0,0
vda,14.80,0.00,0.06,0,0
vda,12.60,0.00,0.05,0,0
vda,24.40,0.00,0.10,0,0
vda,2.00,0.00,0.01,0,0
vda,21.60,0.00,0.09,0,0
vda,25.40,0.00,0.10,0,0
vda,0.20,0.00,0.00,0,0
vda,1.40,0.00,0.00,0,0
vda,25.00,0.00,0.10,0,0
vda,13.00,0.00,0.05,0,0
vda,1.20,0.00,0.00,0,0
vda,13.00,0.00,0.05,0,0
vda,28.20,0.00,0.11,0,0
vda,14.00,0.00,0.05,0,0
vda,1.80,0.00,0.01,0,0
vda,35.40,0.00,0.14,0,0
vda,9.20,0.00,0.04,0,0
vda,0.00,0.00,0.00,0,0
vda,37.20,0.00,0.15,0,0
vda,1.60,0.00,0.01,0,0
vda,0.00,0.00,0.00,0,0
vda,36.80,0.00,0.15,0,0
vda,1.40,0.00,0.00,0,0
vda,19.40,0.00,0.08,0,0
vda,43.60,0.00,0.17,0,0
vda,14.20,0.00,0.06,0,0
vda,13.00,0.00,0.05,0,0
vda,25.80,0.00,0.11,0,0
vda,1.20,0.00,0.00,0,0
vda,0.20,0.00,0.00,0,0
vda,37.00,0.00,0.15,0,0
vda,8.00,0.00,0.03,0,0
vda,13.60,0.00,0.05,0,0
vda,25.80,0.00,0.10,0,0
vda,15.40,0.00,0.06,0,0
vda,25.80,0.00,0.10,0,0
vda,0.00,0.00,0.00,0,0
vda,34.20,0.00,0.13,0,0
vda,15.20,0.00,0.06,0,0
vda,27.54,0.00,0.11,0,0
vda,4.00,0.00,0.02,0,0
vda,32.40,0.00,0.13,0,0
vda,4.60,0.00,0.02,0,0
vda,1.00,0.00,0.00,0,0
vda,36.00,0.00,0.14,0,0
vda,11.60,0.00,0.05,0,0
vda,14.80,0.00,0.07,0,0
vda,29.20,0.00,0.11,0,0
vda,45.60,0.00,0.18,0,0
vda,1.00,0.00,0.00,0,0
vda,32.20,0.00,0.13,0,0
vda,11.60,0.00,0.05,0,0
vda,1.20,0.00,0.00,0,0
vda,36.20,0.00,0.14,0,0
vda,2.60,0.00,0.01,0,0
vda,2.80,0.00,0.01,0,0
vda,22.60,0.00,0.09,0,0
vda,24.20,0.00,0.10,0,0
vda,1.20,0.00,0.00,0,0
vda,19.20,0.00,0.08,0,0
vda,42.80,0.00,0.17,0,0
vda,1.20,0.00,0.00,0,0
vda,1.00,0.00,0.00,0,0
vda,34.20,0.00,0.14,0,0
vda,5.20,0.00,0.02,0,0
vda,20.00,0.00,0.08,0,0
vda,31.40,0.00,0.12,0,0
vda,0.80,0.00,0.00,0,0
vda,14.00,0.00,0.06,0,0
vda,31.20,0.00,0.12,0,0
vda,0.00,0.00,0.00,0,0
vda,19.60,0.00,0.08,0,0
vda,34.60,0.00,0.14,0,0
vda,9.80,0.00,0.04,0,0
vda,20.40,0.00,0.08,0,0
vda,36.80,0.00,0.15,0,0
vda,1.60,0.00,0.01,0,0
vda,13.60,0.00,0.05,0,0
vda,31.40,0.00,0.13,0,0
vda,1.20,0.00,0.00,0,0
vda,13.40,0.00,0.05,0,0
vda,31.60,0.00,0.13,0,0
vda,2.20,0.00,0.01,0,0
vda,19.80,0.00,0.08,0,0
vda,51.20,0.00,0.21,0,1
vda,1.20,0.00,0.00,0,0
vda,1.00,0.00,0.00,0,0
vda,35.00,0.00,0.14,0,0
vda,2.20,0.00,0.01,0,0
vda,13.80,0.00,0.06,0,0
vda,0.00,0.00,0.00,0,0
vda,2.00,0.00,0.01,0,0
vda,1.00,0.00,0.00,0,0
vda,2.80,0.00,0.01,0,0
vda,0.00,0.00,0.00,0,0
vda,1.80,0.00,0.01,0,0
vda,40.20,0.00,0.16,0,0
vda,14.80,0.00,0.06,0,0
vda,1.00,0.00,0.00,0,0
vda,6.20,0.00,0.03,0,0
vda,2.00,0.00,0.01,0,0
vda,1.40,0.00,0.01,0,0
vda,2.00,0.00,0.01,0,0
vda,3.60,0.00,0.02,0,0
vda,11.80,0.00,0.05,0,0
vda,24.60,0.00,0.10,0,0
vda,9.00,0.00,0.04,0,0
vda,1.40,0.00,0.01,0,0
vda,0.00,0.00,0.00,0,0
vda,2.20,0.00,0.01,0,0
vda,2.60,0.00,0.01,0,0
vda,19.80,0.00,0.08,0,0
vda,3.80,0.00,0.01,0,0
vda,1.80,0.00,0.01,0,0
vda,32.00,0.00,0.13,0,0
vda,4.20,0.00,0.02,0,0
vda,1.20,0.00,0.00,0,0
vda,4.00,0.00,0.02,0,0
vda,24.60,0.00,0.10,0,0
vda,1.40,0.00,0.01,0,0
vda,2.00,0.00,0.01,0,0
vda,1.00,0.00,0.00,0,0
vda,36.40,0.00,0.14,0,0
vda,2.40,0.00,0.01,0,0
vda,1.40,0.00,0.01,0,0
vda,1.60,0.00,0.01,0,0
vda,13.60,0.00,0.05,0,0
vda,1.00,0.00,0.00,0,0
vda,7.20,0.00,0.03,0,0
vda,2.00,0.00,0.01,0,0
vda,1.20,0.00,0.00,0,0
vda,38.60,0.00,0.15,0,0
vda,0.20,0.00,0.00,0,0
vda,18.80,0.00,0.07,0,0
vda,1.00,0.00,0.00,0,0
vda,1.80,0.00,0.01,0,0
vda,1.00,0.00,0.00,0,0
vda,7.60,0.00,0.03,0,0
vda,3.60,0.00,0.02,0,0
vda,1.60,0.00,0.01,0,0
vda,5.00,0.00,0.02,0,0
vda,31.80,0.00,0.12,0,0
vda,1.00,0.00,0.00,0,0
vda,2.80,0.00,0.01,0,0
vda,2.60,0.00,0.01,0,0
vda,1.80,0.00,0.01,0,0
vda,1.00,0.00,0.00,0,0
vda,1.80,0.00,0.01,0,0
vda,24.60,0.00,0.10,0,0
vda,35.40,0.00,0.14,0,0
vda,2.20,0.00,0.01,0,0
vda,0.00,0.00,0.00,0,0
vda,1.00,0.00,0.00,0,0
vda,3.40,0.00,0.01,0,0
vda,1.40,0.00,0.01,0,0
vda,0.60,0.00,0.00,0,0
vda,2.20,0.00,0.01,0,0
vda,18.40,0.00,0.07,0,0
vda,10.20,0.00,0.04,0,0
vda,33.60,0.00,0.13,0,0
vda,1.00,0.00,0.00,0,0
vda,0.80,0.00,0.00,0,0
vda,2.80,0.00,0.01,0,0
vda,1.80,0.00,0.01,0,0
vda,1.60,0.00,0.01,0,0
vda,13.80,0.00,0.05,0,0
vda,3.00,0.00,0.01,0,0
vda,0.00,0.00,0.00,0,0
vda,48.40,0.00,0.19,0,0
vda,8.60,0.00,0.04,0,0
vda,0.00,0.00,0.00,0,0
vda,2.00,0.00,0.01,0,0
vda,28.40,0.00,0.11,0,0
vda,5.40,0.00,0.02,0,0
vda,0.40,0.00,0.00,0,0
vda,1.20,0.00,0.00,0,0
vda,38.60,0.00,0.15,0,0
vda,7.00,0.00,0.03,0,0
vda,1.20,0.00,0.00,0,0
vda,38.60,0.00,0.15,0,0
vda,16.40,0.00,0.07,0,0
vda,1.20,0.00,0.00,0,0
vda,0.00,0.00,0.00,0,0
vda,3.80,0.00,0.01,0,0
vda,1.40,0.00,0.01,0,0
vda,0.00,0.00,0.00,0,0
vda,2.40,0.00,0.01,0,0
vda,13.00,0.00,0.05,0,0
vda,24.20,0.00,0.10,0,0
vda,8.20,0.00,0.04,0,0
vda,1.00,0.00,0.00,0,0
vda,0.60,0.00,0.00,0,0
vda,27.80,0.00,0.11,0,0
vda,29.60,0.00,0.12,0,0
vda,1.20,0.00,0.00,0,0
vda,2.20,0.00,0.01,0,0
vda,0.00,0.00,0.00,0,0
vda,1.20,0.00,0.00,0,0
vda,2.40,0.00,0.01,0,0
vda,20.60,0.00,0.09,0,0
vda,24.00,0.00,0.09,0,0
vda,3.80,0.00,0.01,0,0
vda,1.00,0.00,0.00,0,0
vda,0.00,0.00,0.00,0,0
vda,2.40,0.00,0.01,0,0
vda,1.20,0.00,0.00,0,0
vda,19.40,0.00,0.08,0,0
vda,8.20,0.00,0.03,0,0
vda,1.20,0.00,0.00,0,0
vda,35.00,0.00,0.14,0,0
vda,2.40,0.00,0.01,0,0
vda,2.60,0.00,0.01,0,0
vda,0.00,0.00,0.00,0,0
vda,3.80,0.00,0.02,0,0
vda,18.40,0.00,0.07,0,0
vda,0.80,0.00,0.00,0,0
vda,2.40,0.00,0.01,0,0
vda,1.20,0.00,0.00,0,0
vda,41.20,0.00,0.16,0,0
vda,2.00,0.00,0.01,0,0
vda,1.80,0.00,0.01,0,0
vda,15.00,0.00,0.06,0,0
vda,1.40,0.00,0.01,0,0
vda,1.20,0.00,0.00,0,0
vda,0.00,0.00,0.00,0,0
vda,2.20,0.00,0.01,0,0
vda,1.00,0.00,0.00,0,0
vda,41.40,0.00,0.16,0,0
vda,4.80,0.00,0.02,0,0
vda,18.60,0.00,0.07,0,0
vda,0.60,0.00,0.00,0,0
vda,3.80,0.00,0.01,0,0
vda,7.80,0.00,0.03,0,0
vda,0.00,0.00,0.00,0,0
vda,2.60,0.00,0.01,0,0
vda,2.40,0.00,0.01,0,0
vda,34.80,0.00,0.14,0,0
vda,2.00,0.00,0.01,0,0
vda,1.00,0.00,0.00,0,0
vda,0.80,0.00,0.00,0,0
vda,2.40,0.00,0.01,0,0
vda,2.40,0.00,0.01,0,0
vda,2.80,0.00,0.01,0,0
vda,19.80,0.00,0.08,0,0
vda,1.00,0.00,0.00,0,0
vda,34.40,0.00,0.13,0,0
vda,2.40,0.00,0.01,0,0
vda,1.20,0.00,0.00,0,0
vda,8.40,0.00,0.03,0,0
vda,0.60,0.00,0.00,0,0
vda,3.40,0.00,0.02,0,0
vda,19.80,0.00,0.08,0,0
vda,0.40,0.00,0.00,0,0
vda,1.20,0.00,0.00,0,0
vda,36.20,0.00,0.14,0,0
vda,1.00,0.00,0.00,0,0
vda,8.20,0.00,0.03,0,0
vda,1.20,0.00,0.00,0,0
vda,15.00,0.00,0.06,0,0
vda,3.20,0.00,0.01,0,0
vda,2.40,0.00,0.01,0,0
vda,0.00,0.00,0.00,0,0
vda,1.20,0.00,0.00,0,0
vda,35.40,0.00,0.14,0,0
vda,8.40,0.00,0.03,0,0
vda,2.60,0.00,0.01,0,0
vda,19.40,0.00,0.08,0,0
vda,0.60,0.00,0.00,0,0
vda,3.00,0.00,0.01,0,0
vda,2.60,0.00,0.01,0,0
vda,1.40,0.00,0.01,0,0
vda,1.00,0.00,0.00,0,0
vda,23.80,0.00,0.09,0,0
vda,19.80,0.00,0.08,0,0
vda,1.00,0.00,0.00,0,0
vda,0.80,0.00,0.00,0,0
vda,2.60,0.00,0.01,0,0
vda,2.60,0.00,0.01,0,0
vda,2.40,0.00,0.01,0,0
vda,1.40,0.00,0.01,0,0
vda,1.00,0.00,0.00,0,0
vda,34.20,0.00,0.13,0,0
vda,27.00,0.00,0.11,0,0
vda,1.80,0.00,0.01,0,0
vda,0.00,0.00,0.00,0,0
vda,2.60,0.00,0.01,0,0
vda,1.00,0.00,0.00,0,0
vda,5.60,0.00,0.03,0,0
vda,0.00,0.00,0.00,0,0
vda,25.00,0.00,0.10,0,0
vda,48.20,0.00,0.19,0,0
vda,1.00,0.00,0.00,0,0
vda,1.00,0.00,0.00,0,0
vda,10.80,0.00,0.05,0,0
vda,1.60,0.00,0.01,0,0
vda,1.40,0.00,0.01,0,0
vda,2.00,0.00,0.01,0,0
vda,12.80,0.00,0.05,0,0
vda,2.80,0.00,0.01,0,0
vda,36.80,0.00,0.14,0,0
vda,2.00,0.00,0.01,0,0
vda,14.20,0.00,0.07,0,0
vda,0.00,0.00,0.00,0,0
vda,2.00,0.00,0.01,0,0
vda,19.00,0.00,0.07,0,0
vda,1.80,0.00,0.01,0,0
vda,1.00,0.00,0.00,0,0
vda,2.20,0.00,0.01,0,0
vda,27.80,0.00,0.11,0,0
vda,0.00,0.00,0.00,0,0
vda,1.40,0.00,0.01,0,0
vda,2.20,0.00,0.01,0,0
vda,19.00,0.00,0.07,0,0
vda,1.40,0.00,0.01,0,0
vda,3.60,0.00,0.02,0,0
vda,7.20,0.00,0.03,0,0
vda,1.20,0.00,0.00,0,0
vda,38.00,0.00,0.15,0,0
vda,1.20,0.00,0.00,0,0
vda,13.20,0.00,0.05,0,0
vda,0.00,0.00,0.00,0,0
vda,3.20,0.00,0.02,0,0
vda,1.00,0.00,0.00,0,0
vda,8.00,0.00,0.03,0,0
vda,1.00,0.00,0.00,0,0
vda,1.60,0.00,0.01,0,0
vda,53.80,0.00,0.21,0,1
vda,3.00,0.00,0.01,0,0
vda,2.60,0.00,0.01,0,0
vda,0.00,0.00,0.00,0,0
vda,2.00,0.00,0.01,0,0
vda,1.40,0.00,0.01,0,0
vda,1.00,0.00,0.00,0,0
vda,8.00,0.00,0.03,0,0
vda,18.40,0.00,0.07,0,0
vda,37.20,0.00,0.15,0,0
vda,1.00,0.00,0.00,0,0
vda,4.20,0.00,0.02,0,0
vda,0.00,0.00,0.00,0,0
vda,1.80,0.00,0.01,0,0
vda,1.60,0.00,0.01,0,0
vda,13.40,0.00,0.05,0,0
vda,3.00,0.00,0.02,0,0
vda,1.60,0.00,0.01,0,0
vda,29.00,0.00,0.12,0,0
vda,2.20,0.00,0.01,0,0
vda,1.40,0.00,0.00,0,0
vda,2.80,0.00,0.01,0,0
vda,1.20,0.00,0.00,0,0
vda,19.20,0.00,0.08,0,0
vda,2.80,0.00,0.01,0,0
vda,0.00,0.00,0.00,0,0
vda,1.00,0.00,0.00,0,0
vda,42.60,0.00,0.17,0,0
vda,1.00,0.00,0.00,0,0
vda,1.40,0.00,0.01,0,0
vda,13.80,0.00,0.05,0,0
vda,0.60,0.00,0.01,0,0
vda,2.40,0.00,0.01,0,0
vda,2.40,0.00,0.01,0,0
vda,0.20,0.00,0.00,0,0
vda,1.40,0.00,0.01,0,0
vda,36.60,0.00,0.14,0,0
vda,1.00,0.00,0.00,0,0
vda,25.80,0.00,0.11,0,0
vda,1.80,0.00,0.01,0,0
vda,1.00,0.00,0.00,0,0
vda,3.00,0.00,0.01,0,0
vda,10.00,0.00,0.04,0,0
vda,0.00,0.00,0.00,0,0
vda,1.00,0.00,0.00,0,0
vda,55.00,0.00,0.22,0,1
vda,1.00,0.00,0.00,0,0
vda,1.40,0.00,0.01,0,0
vda,2.60,0.00,0.01,0,0
vda,1.20,0.00,0.00,0,0
vda,1.00,0.00,0.00,0,0
vda,4.40,0.00,0.02,0,0
vda,13.00,0.00,0.05,0,0
vda,24.60,0.00,0.10,0,0
vda,2.00,0.00,0.01,0,0
vda,1.60,0.00,0.00,0,0
vda,2.00,0.00,0.01,0,0
vda,6.00,0.00,0.03,0,0
vda,1.00,0.00,0.00,0,0
vda,19.60,0.00,0.08,0,0
vda,2.00,0.00,0.01,0,0
vda,1.00,0.00,0.00,0,0
vda,38.20,0.00,0.15,0,0
vda,1.40,0.00,0.01,0,0
vda,0.00,0.00,0.00,0,0
vda,1.60,0.00,0.01,0,0
vda,15.00,0.00,0.06,0,0
vda,1.20,0.00,0.00,0,0
vda,8.40,0.00,0.04,0,0
vda,0.20,0.00,0.00,0,0
vda,1.00,0.00,0.00,0,0
vda,37.00,0.00,0.15,0,0
vda,2.40,0.00,0.01,0,0
vda,1.20,0.00,0.01,0,0
vda,18.80,0.00,0.07,0,0
vda,2.00,0.00,0.01,0,0
vda,0.40,0.00,0.00,0,0
vda,2.00,0.00,0.01,0,0
vda,8.20,0.00,0.03,0,0
vda,1.00,0.00,0.00,0,0
vda,49.60,0.00,0.19,0,0
vda,25.00,0.00,0.10,0,0
vda,1.00,0.00,0.00,0,0
vda,2.80,0.00,0.01,0,0
vda,0.00,0.00,0.00,0,0
vda,1.00,0.00,0.00,0,0
vda,10.60,0.00,0.05,0,0
vda,1.80,0.00,0.01,0,0
vda,1.20,0.00,0.00,0,0
vda,36.80,0.00,0.14,0,0
vda,2.20,0.00,0.01,0,0
vda,1.40,0.00,0.00,0,0
vda,2.00,0.00,0.01,0,0
vda,0.00,0.00,0.00,0,0
vda,2.20,0.00,0.01,0,0
vda,2.40,0.00,0.01,0,0
vda,24.40,0.00,0.10,0,0
vda,1.20,0.00,0.00,0,0
vda,36.40,0.00,0.14,0,0
vda,0.60,0.00,0.00,0,0
vda,2.40,0.00,0.01,0,0
vda,4.20,0.00,0.02,0,0
vda,1.20,0.00,0.00,0,0
vda,0.00,0.00,0.00,0,0
vda,19.80,0.00,0.08,0,0
vda,7.80,0.00,0.03,0,0
vda,0.00,0.00,0.00,0,0
vda,36.80,0.00,0.14,0,0
vda,1.20,0.00,0.00,0,0
vda,3.60,0.00,0.01,0,0
vda,0.00,0.00,0.00,0,0
vda,21.00,0.00,0.09,0,0
vda,0.80,0.00,0.00,0,0
vda,2.60,0.00,0.01,0,0
vda,0.00,0.00,0.00,0,0
vda,35.40,0.00,0.14,0,0
vda,2.79,0.00,0.01,0,0
vda,0.00,0.00,0.00,0,0
vda,22.00,0.00,0.09,0,0
vda,0.40,0.00,0.00,0,0
vda,1.20,0.00,0.00,0,0
vda,1.00,0.00,0.00,0,0
vda,2.00,0.00,0.01,0,0
vda,1.20,0.00,0.01,0,0
vda,41.60,0.00,0.16,0,0
vda,2.60,0.00,0.01,0,0
vda,0.00,0.00,0.00,0,0
vda,1.20,0.00,0.00,0,0
vda,2.40,0.00,0.01,0,0
vda,1.40,0.00,0.01,0,0
vda,2.40,0.00,0.01,0,0
vda,19.80,0.00,0.08,0,0
vda,2.20,0.00,0.01,0,0
vda,34.40,0.00,0.13,0,0
vda,8.20,0.00,0.03,0,0
vda,0.00,0.00,0.00,0,0
vda,1.20,0.00,0.00,0,0
vda,4.20,0.00,0.02,0,0
vda,12.80,0.00,0.05,0,0
vda,0.20,0.00,0.00,0,0
vda,3.20,0.00,0.01,0,0
vda,1.40,0.00,0.01,0,0
vda,34.60,0.00,0.13,0,0
vda,2.40,0.00,0.01,0,0
vda,0.00,0.00,0.00,0,0
vda,19.80,0.00,0.08,0,0
vda,8.40,0.00,0.03,0,0
vda,0.00,0.00,0.00,0,0
vda,1.00,0.00,0.00,0,0
vda,2.40,0.00,0.01,0,0
vda,2.60,0.00,0.01,0,0
vda,35.20,0.00,0.14,0,0
vda,3.60,0.00,0.02,0,0
vda,17.60,0.00,0.07,0,0
vda,1.00,0.00,0.00,0,0
vda,8.60,0.00,0.04,0,0
vda,0.00,0.00,0.00,0,0
vda,1.20,0.00,0.00,0,0
vda,2.00,0.00,0.01,0,0
vda,0.00,0.00,0.00,0,0
vda,17.00,0.00,0.07,0,0
vda,23.80,0.00,0.09,0,0
vda,1.60,0.00,0.01,0,0
vda,0.00,0.00,0.00,0,0
vda,2.00,0.00,0.01,0,0
vda,0.00,0.00,0.00,0,0
vda,1.00,0.00,0.00,0,0
vda,10.80,0.00,0.05,0,0
vda,0.00,0.00,0.00,0,0
vda,18.80,0.00,0.07,0,0
vda,36.20,0.00,0.14,0,0
vda,2.20,0.00,0.01,0,0
vda,2.20,0.00,0.01,0,0
vda,1.00,0.00,0.00,0,0
vda,0.60,0.00,0.00,0,0
vda,1.40,0.00,0.00,0,0
vda,20.20,0.00,0.08,0,0
vda,0.00,0.00,0.00,0,0
vda,9.80,0.00,0.04,0,0
vda,34.20,0.00,0.13,0,0
vda,1.40,0.00,0.01,0,0
vda,4.60,0.00,0.02,0,0
vda,1.40,0.00,0.01,0,0
vda,1.20,0.00,0.01,0,0
vda,12.60,0.00,0.05,0,0
vda,8.20,0.00,0.03,0,0
vda,0.40,0.00,0.00,0,0
vda,1.20,0.00,0.00,0,0
vda,25.60,0.00,0.10,0,0
vda,0.00,0.00,0.00,0,0
vda,5.00,0.00,0.02,0,0
vda,18.80,0.00,0.07,0,0
vda,0.40,0.00,0.00,0,0
vda,1.40,0.00,0.00,0,0
vda,2.00,0.00,0.01,0,0
vda,0.20,0.00,0.00,0,0
vda,1.20,0.00,0.00,0,0
vda,43.60,0.00,0.17,0,0
vda,0.40,0.00,0.00,0,0
vda,13.00,0.00,0.05,0,0
vda,3.40,0.00,0.01,0,0
vda,1.40,0.00,0.01,0,0
vda,1.20,0.00,0.00,0,0
vda,2.00,0.00,0.01,0,0
vda,2.00,0.00,0.01,0,0
vda,1.20,0.00,0.00,0,0
vda,78.60,0.00,0.31,0,1
vda,0.40,0.00,0.00,0,0
vda,1.00,0.00,0.00,0,0
vda,2.20,0.00,0.01,0,0
vda,2.00,0.00,0.01,0,0
vda,2.40,0.00,0.01,0,0
vda,2.00,0.00,0.01,0,0
vda,17.40,0.00,0.07,0,0
vda,1.00,0.00,0.00,0,0
vda,36.20,0.00,0.14,0,0
vda,7.60,0.00,0.03,0,0
vda,1.80,0.00,0.01,0,0
vda,3.00,0.00,0.01,0,0
vda,0.00,0.00,0.00,0,0
vda,14.60,0.00,0.06,0,0
vda,2.40,0.00,0.01,0,0
vda,0.40,0.00,0.00,0,0
vda,1.40,0.00,0.01,0,0
vda,36.00,0.00,0.14,0,0
vda,2.40,0.00,0.01,0,0
vda,7.00,0.00,0.03,0,0
vda,19.20,0.00,0.07,0,0
vda,1.40,0.00,0.01,0,0
vda,1.20,0.00,0.00,0,0
vda,3.00,0.00,0.01,0,0
vda,1.00,0.00,0.00,0,0
vda,3.40,0.00,0.01,0,0
vda,22.60,0.00,0.09,0,0
vda,1.40,0.00,0.01,0,0
vda,12.80,0.00,0.05,0,0
vda,8.40,0.00,0.04,0,0
vda,0.20,0.00,0.00,0,0
vda,1.20,0.00,0.00,0,0
vda,4.00,0.00,0.02,0,0
vda,0.40,0.00,0.00,0,0
vda,10.00,0.00,0.04,0,0
vda,51.40,0.00,0.20,0,1
vda,1.00,0.00,0.00,0,0
vda,3.00,0.00,0.01,0,0
vda,1.60,0.00,0.01,0,0
vda,1.40,0.00,0.01,0,0
vda,1.80,0.00,0.01,0,0
vda,1.60,0.00,0.01,0,0
vda,1.00,0.00,0.00,0,0
vda,41.60,0.00,0.16,0,0
vda,2.60,0.00,0.01,0,0
vda,2.80,0.00,0.01,0,0
vda,2.20,0.00,0.01,0,0
vda,0.00,0.00,0.00,0,0
vda,1.20,0.00,0.00,0,0
vda,7.20,0.00,0.03,0,0
vda,47.20,0.00,0.18,0,0
vda,1.60,0.00,0.01,0,0
vda,3.80,0.00,0.01,0,0
vda,2.20,0.00,0.01,0,0
vda,0.00,0.00,0.00,0,0
vda,1.20,0.00,0.00,0,0
vda,1.80,0.00,0.01,0,0
vda,1.40,0.00,0.01,0,0
vda,58.60,0.00,0.23,0,1
vda,2.00,0.00,0.01,0,0
vda,2.20,0.00,0.01,0,0
vda,1.20,0.00,0.00,0,0
vda,2.00,0.00,0.01,0,0
vda,1.80,0.00,0.01,0,0
vda,2.40,0.00,0.01,0,0
vda,19.00,0.00,0.07,0,0
vda,1.60,0.00,0.01,0,0
vda,35.40,0.00,0.14,0,0
vda,2.00,0.00,0.01,0,0
vda,7.60,0.00,0.03,0,0
vda,2.20,0.00,0.01,0,0
vda,0.00,0.00,0.00,0,0
vda,12.60,0.00,0.05,0,0
vda,2.80,0.00,0.01,0,0
vda,2.20,0.00,0.01,0,0
vda,0.40,0.00,0.00,0,0
vda,35.20,0.00,0.14,0,0
vda,2.00,0.00,0.01,0,0
vda,0.00,0.00,0.00,0,0
vda,24.20,0.00,0.10,0,0
vda,2.20,0.00,0.01,0,0
vda,2.20,0.00,0.01,0,0
vda,2.40,0.00,0.01,0,0
vda,2.20,0.00,0.01,0,0
vda,1.00,0.00,0.00,0,0
vda,22.40,0.00,0.09,0,0
vda,13.60,0.00,0.05,0,0
vda,7.60,0.00,0.03,0,0
vda,3.00,0.00,0.01,0,0
vda,0.00,0.00,0.00,0,0
vda,1.00,0.00,0.00,0,0
vda,1.80,0.00,0.01,0,0
vda,2.40,0.00,0.01,0,0
vda,1.60,0.00,0.01,0,0
vda,54.40,0.00,0.21,0,1
vda,0.40,0.00,0.00,0,0
vda,1.00,0.00,0.00,0,0
vda,6.40,0.00,0.03,0,0
vda,2.00,0.00,0.01,0,0
vda,1.40,0.00,0.01,0,0
vda,4.00,0.00,0.01,0,0
vda,20.40,0.00,0.08,0,0
vda,7.80,0.00,0.03,0,0
vda,34.00,0.00,0.13,0,0
vda,2.00,0.00,0.01,0,0
vda,1.40,0.00,0.01,0,0
vda,0.80,0.00,0.00,0,0
vda,2.20,0.00,0.01,0,0
vda,1.80,0.00,0.01,0,0
vda,12.00,0.00,0.05,0,0
vda,4.60,0.00,0.02,0,0
vda,1.40,0.00,0.01,0,0
vda,41.40,0.00,0.16,0,0
vda,6.60,0.00,0.03,0,0
vda,1.20,0.00,0.00,0,0
vda,1.40,0.00,0.01,0,0
vda,20.80,0.00,0.09,0,0
vda,15.00,0.00,0.06,0,0
vda,0.80,0.00,0.00,0,0
vda,2.00,0.00,0.01,0,0
vda,2.40,0.00,0.01,0,0
vda,24.80,0.00,0.10,0,0
vda,2.60,0.00,0.01,0,0
vda,2.40,0.00,0.01,0,0
vda,12.20,0.00,0.05,0,0
vda,2.00,0.00,0.01,0,0
vda,7.20,0.00,0.03,0,0
vda,0.60,0.00,0.00,0,0
vda,2.20,0.00,0.01,0,0
vda,1.00,0.00,0.00,0,0
vda,2.60,0.00,0.01,0,0
vda,37.00,0.00,0.14,0,0
vda,18.20,0.00,0.07,0,0
vda,0.20,0.00,0.00,0,0
vda,2.00,0.00,0.01,0,0
vda,1.20,0.00,0.00,0,0
vda,7.60,0.00,0.03,0,0
vda,2.00,0.00,0.01,0,0
vda,2.00,0.00,0.01,0,0
vda,18.40,0.00,0.07,0,0
vda,37.60,0.00,0.15,0,0
vda,1.20,0.00,0.00,0,0
vda,0.60,0.00,0.00,0,0
vda,2.40,0.00,0.01,0,0
vda,1.00,0.00,0.00,0,0
vda,2.20,0.00,0.01,0,0
vda,1.80,0.00,0.01,0,0
vda,18.60,0.00,0.08,0,0
vda,1.80,0.00,0.01,0,0
vda,36.40,0.00,0.14,0,0
vda,2.40,0.00,0.01,0,0
vda,1.40,0.00,0.01,0,0
vda,3.40,0.00,0.01,0,0
vda,0.00,0.00,0.00,0,0
vda,18.60,0.00,0.07,0,0
vda,2.00,0.00,0.01,0,0
vda,7.60,0.00,0.03,0,0
vda,1.20,0.00,0.00,0,0
vda,24.40,0.00,0.10,0,0
vda,4.40,0.00,0.02,0,0
vda,0.40,0.00,0.00,0,0
vda,2.80,0.00,0.01,0,0
vda,18.20,0.00,0.07,0,0
vda,0.80,0.00,0.00,0,0
vda,2.00,0.00,0.01,0,0
vda,1.00,0.00,0.00,0,0
vda,8.40,0.00,0.04,0,0
vda,36.40,0.00,0.14,0,0
vda,1.00,0.00,0.00,0,0
vda,12.00,0.00,0.05,0,0
vda,12.20,0.00,0.05,0,0
vda,1.00,0.00,0.00,0,0
vda,0.80,0.00,0.00,0,0
vda,3.80,0.00,0.02,0,0
vda,1.00,0.00,0.00,0,0
vda,0.60,0.00,0.00,0,0
vda,36.00,0.00,0.14,0,0
vda,18.40,0.00,0.07,0,0
vda,1.00,0.00,0.00,0,0
vda,2.20,0.00,0.01,0,0
vda,4.20,0.00,0.02,0,0
vda,1.40,0.00,0.01,0,0
vda,0.00,0.00,0.00,0,0
vda,2.00,0.00,0.01,0,0
vda,13.20,0.00,0.05,0,0
vda,35.33,0.00,0.14,0,0
vda,8.60,0.00,0.04,0,0
vda,2.60,0.00,0.01,0,0
vda,0.60,0.00,0.00,0,0
vda,2.00,0.00,0.01,0,0
vda,3.00,0.00,0.01,0,0
vda,2.60,0.00,0.01,0,0
vda,17.20,0.00,0.07,0,0
vda,1.00,0.00,0.00,0,0
vda,22.40,0.00,0.09,0,0
vda,3.20,0.00,0.02,0,0
vda,1.40,0.00,0.01,0,0
vda,8.00,0.00,0.03,0,0
vda,1.40,0.00,0.01,0,0
vda,18.20,0.00,0.07,0,0
vda,2.00,0.00,0.01,0,0
vda,2.20,0.00,0.01,0,0
vda,2.80,0.00,0.01,0,0
vda,34.00,0.00,0.13,0,0
vda,2.00,0.00,0.01,0,0
vda,0.60,0.00,0.00,0,0
vda,2.00,0.00,0.01,0,0
vda,18.60,0.00,0.07,0,0
vda,1.40,0.00,0.01,0,0
vda,3.40,0.00,0.02,0,0
vda,2.40,0.00,0.01,0,0
vda,1.40,0.00,0.01,0,0
vda,34.40,0.00,0.13,0,0
vda,2.60,0.00,0.01,0,0
vda,18.20,0.00,0.07,0,0
vda,2.20,0.00,0.01,0,0
vda,8.60,0.00,0.04,0,0
vda,1.00,0.00,0.00,0,0
vda,3.60,0.00,0.01,0,0
vda,1.20,0.00,0.00,0,0
vda,1.80,0.00,0.01,0,0
vda,34.00,0.00,0.13,0,0
vda,19.20,0.00,0.07,0,0
vda,2.20,0.00,0.01,0,0
vda,8.00,0.00,0.03,0,0
vda,1.20,0.00,0.00,0,0
vda,1.60,0.00,0.01,0,0
vda,2.20,0.00,0.01,0,0
vda,2.00,0.00,0.01,0,0
vda,13.00,0.00,0.05,0,0
vda,23.60,0.00,0.09,0,0
vda,2.00,0.00,0.01,0,0
vda,0.40,0.00,0.00,0,0
vda,2.60,0.00,0.01,0,0
vda,9.40,0.00,0.04,0,0
vda,2.00,0.00,0.01,0,0
vda,23.00,0.00,0.09,0,0
vda,2.80,0.00,0.01,0,0
vda,2.80,0.00,0.01,0,0
vda,47.60,0.00,0.19,0,0
vda,8.60,0.00,0.04,0,0
vda,2.00,0.00,0.01,0,0
vda,2.20,0.00,0.01,0,0
vda,0.00,0.00,0.00,0,0
vda,13.00,0.00,0.05,0,0
vda,3.80,0.00,0.01,0,0
vda,0.00,0.00,0.00,0,0
vda,1.20,0.00,0.00,0,0
vda,36.00,0.00,0.14,0,0
vda,1.80,0.00,0.01,0,0
vda,1.80,0.00,0.01,0,0
vda,20.00,0.00,0.08,0,0
vda,1.20,0.00,0.01,0,0
vda,1.00,0.00,0.00,0,0
vda,0.20,0.00,0.00,0,0
vda,2.00,0.00,0.01,0,0
vda,7.80,0.00,0.03,0,0
vda,33.80,0.00,0.13,0,0
vda,2.00,0.00,0.01,0,0
vda,17.80,0.00,0.07,0,0
vda,1.00,0.00,0.00,0,0
vda,3.40,0.00,0.01,0,0
vda,1.80,0.00,0.01,0,0
vda,2.60,0.00,0.01,0,0
vda,0.00,0.00,0.00,0,0
vda,1.00,0.00,0.00,0,0
vda,34.60,0.00,0.14,0,0
vda,8.00,0.00,0.03,0,0
vda,2.40,0.00,0.01,0,0
vda,3.80,0.00,0.01,0,0
vda,1.00,0.00,0.00,0,0
vda,1.00,0.00,0.00,0,0
vda,0.00,0.00,0.00,0,0
vda,3.60,0.00,0.02,0,0
vda,18.60,0.00,0.07,0,0
vda,41.20,0.00,0.16,0,0
vda,2.20,0.00,0.01,0,0
vda,1.00,0.00,0.00,0,0
vda,0.00,0.00,0.00,0,0
vda,3.20,0.00,0.01,0,0
vda,3.20,0.00,0.02,0,0
vda,19.80,0.00,0.08,0,0
vda,0.20,0.00,0.00,0,0
vda,1.00,0.00,0.00,0,0
vda,34.40,0.00,0.13,0,0
vda,8.40,0.00,0.03,0,0
vda,1.40,0.00,0.01,0,0
vda,0.80,0.00,0.00,0,0
vda,2.60,0.00,0.01,0,0
vda,14.00,0.00,0.05,0,0
vda,2.40,0.00,0.01,0,0
vda,1.00,0.00,0.00,0,0
vda,0.40,0.00,0.00,0,0
vda,35.00,0.00,0.14,0,0
vda,2.00,0.00,0.01,0,0
vda,7.20,0.00,0.03,0,0
vda,19.00,0.00,0.07,0,0
vda,2.60,0.00,0.01,0,0
vda,2.80,0.00,0.01,0,0
vda,2.60,0.00,0.01,0,0
vda,0.00,0.00,0.00,0,0
vda,1.00,0.00,0.00,0,0
vda,23.60,0.00,0.09,0,0
vda,2.20,0.00,0.01,0,0
vda,19.00,0.00,0.08,0,0
vda,2.20,0.00,0.01,0,0
vda,0.00,0.00,0.00,0,0
vda,2.20,0.00,0.01,0,0
vda,2.40,0.00,0.01,0,0
vda,7.60,0.00,0.04,0,0
vda,2.20,0.00,0.01,0,0
vda,53.40,0.00,0.21,0,1
vda,0.80,0.00,0.00,0,0
vda,0.00,0.00,0.00,0,0
vda,2.00,0.00,0.01,0,0
vda,1.00,0.00,0.00,0,0
vda,0.40,0.00,0.00,0,0
vda,5.00,0.00,0.02,0,0
vda,1.60,0.00,0.01,0,0
vda,47.80,0.00,0.19,0,0
vda,5.00,0.00,0.02,0,0
vda,1.00,0.00,0.00,0,0
vda,0.00,0.00,0.00,0,0
vda,9.00,0.00,0.04,0,0
vda,2.80,0.00,0.01,0,0
vda,2.20,0.00,0.01,0,0
vda,26.00,0.00,0.10,0,0
vda,9.00,0.00,0.04,0,0
vda,1.80,0.00,0.01,0,0
vda,2.60,0.00,0.01,0,0
vda,3.00,0.00,0.02,0,0
vda,0.20,0.00,0.00,0,0
vda,2.00,0.00,0.01,0,0
vda,1.00,0.00,0.00,0,0
vda,6.40,0.00,0.03,0,0
vda,52.60,0.00,0.21,0,1
vda,1.40,0.00,0.01,0,0
vda,0.80,0.00,0.00,0,0
vda,2.60,0.00,0.01,0,0
vda,1.80,0.00,0.01,0,0
vda,1.60,0.00,0.01,0,0
vda,2.00,0.00,0.01,0,0
vda,17.60,0.00,0.07,0,0
vda,1.20,0.00,0.00,0,0
vda,35.60,0.00,0.14,0,0
vda,2.60,0.00,0.01,0,0
vda,7.00,0.00,0.03,0,0
vda,2.00,0.00,0.01,0,0
vda,1.60,0.00,0.01,0,0
vda,2.00,0.00,0.01,0,0
vda,13.60,0.00,0.05,0,0
vda,0.00,0.00,0.00,0,0
vda,1.40,0.00,0.01,0,0
vda,49.40,0.00,0.20,0,0
vda,3.20,0.00,0.01,0,0
vda,1.20,0.00,0.00,0,0
vda,9.60,0.00,0.04,0,0
vda,23.00,0.00,0.09,0,0
vda,0.60,0.00,0.00,0,0
vda,4.00,0.00,0.02,0,0
vda,1.60,0.00,0.01,0,0
vda,1.60,0.00,0.01,0,0
vda,24.60,0.00,0.10,0,0
vda,1.00,0.00,0.00,0,0
vda,0.00,0.00,0.00,0,0
vda,13.40,0.00,0.05,0,0
vda,7.60,0.00,0.03,0,0
vda,2.40,0.00,0.01,0,0
vda,2.00,0.00,0.01,0,0
vda,1.00,0.00,0.00,0,0
vda,2.40,0.00,0.01,0,0
vda,35.80,0.00,0.14,0,0
vda,18.80,0.00,0.07,0,0
vda,0.20,0.00,0.00,0,0
vda,3.20,0.00,0.02,0,0
vda,1.00,0.00,0.00,0,0
vda,6.80,0.00,0.03,0,0
vda,3.20,0.00,0.01,0,0
vda,0.40,0.00,0.00,0,0
vda,1.20,0.00,0.00,0,0
vda,56.60,0.00,0.22,0,1
vda,3.00,0.00,0.01,0,0
vda,0.00,0.00,0.00,0,0
vda,8.00,0.00,0.03,0,0
vda,1.40,0.00,0.01,0,0
vda,0.80,0.00,0.00,0,0
vda,37.00,0.00,0.15,0,0
vda,1.20,0.00,0.00,0,0
vda,0.60,0.00,0.00,0,0
vda,2.00,0.00,0.01,0,0
vda,2.99,0.00,0.01,0,0
vda,0.00,0.00,0.00,0,0
vda,2.80,0.00,0.01,0,0
vda,20.20,0.00,0.08,0,0
vda,0.80,0.00,0.00,0,0
vda,35.60,0.00,0.14,0,0
vda,1.00,0.00,0.00,0,0
vda,7.00,0.00,0.03,0,0
vda,2.60,0.00,0.01,0,0
vda,2.40,0.00,0.01,0,0
vda,1.20,0.00,0.00,0,0
vda,20.00,0.00,0.08,0,0
vda,0.00,0.00,0.00,0,0
vda,1.00,0.00,0.00,0,0
vda,36.00,0.00,0.14,0,0
vda,7.00,0.00,0.03,0,0
vda,1.00,0.00,0.00,0,0
vda,3.80,0.00,0.01,0,0
vda,14.20,0.00,0.06,0,0
vda,0.00,0.00,0.00,0,0
vda,2.40,0.00,0.01,0,0
vda,0.80,0.00,0.00,0,0
vda,1.00,0.00,0.00,0,0
vda,29.80,0.00,0.12,0,0
vda,1.00,0.00,0.00,0,0
vda,2.80,0.00,0.01,0,0
vda,19.60,0.00,0.08,0,0
vda,2.60,0.00,0.01,0,0
vda,2.40,0.00,0.01,0,0
vda,0.00,0.00,0.00,0,0
vda,0.60,0.00,0.00,0,0
vda,1.20,0.00,0.00,0,0
vda,37.20,0.00,0.15,0,0
vda,18.20,0.00,0.07,0,0
vda,1.00,0.00,0.00,0,0
vda,2.00,0.00,0.01,0,0
vda,2.00,0.00,0.01,0,0
vda,1.40,0.00,0.01,0,0
vda,2.20,0.00,0.01,0,0
vda,1.80,0.00,0.01,0,0
vda,1.40,0.00,0.00,0,0
vda,52.60,0.00,0.21,0,1
vda,6.40,0.00,0.03,0,0
vda,1.00,0.00,0.00,0,0
vda,2.00,0.00,0.01,0,0
vda,1.20,0.00,0.00,0,0
vda,4.20,0.00,0.02,0,0
vda,1.40,0.00,0.01,0,0
vda,17.00,0.00,0.07,0,0
vda,1.00,0.00,0.00,0,0
vda,43.20,0.00,0.17,0,0
vda,1.40,0.00,0.01,0,0
vda,3.00,0.00,0.01,0,0
vda,1.60,0.00,0.01,0,0
vda,1.00,0.00,0.00,0,0
vda,1.20,0.00,0.00,0,0
vda,14.20,0.00,0.06,0,0
vda,2.40,0.00,0.01,0,0
vda,23.80,0.00,0.09,0,0
vda,2.20,0.00,0.01,0,0
vda,2.40,0.00,0.01,0,0
vda,0.20,0.00,0.00,0,0
vda,2.00,0.00,0.01,0,0
vda,24.20,0.00,0.10,0,0
vda,1.20,0.00,0.00,0,0
vda,2.00,0.00,0.01,0,0
vda,0.80,0.00,0.00,0,0
vda,38.20,0.00,0.15,0,0
vda,1.40,0.00,0.01,0,0
vda,0.40,0.00,0.00,0,0
vda,2.40,0.00,0.01,0,0
vda,18.00,0.00,0.07,0,0
vda,0.60,0.00,0.00,0,0
vda,8.40,0.00,0.04,0,0
vda,2.20,0.00,0.01,0,0
vda,1.00,0.00,0.00,0,0
vda,35.80,0.00,0.14,0,0
vda,1.00,0.00,0.00,0,0
vda,13.60,0.00,0.05,0,0
vda,2.20,0.00,0.01,0,0
vda,2.00,0.00,0.01,0,0
vda,0.40,0.00,0.00,0,0
vda,2.80,0.00,0.01,0,0
vda,2.00,0.00,0.01,0,0
vda,8.20,0.00,0.04,0,0
vda,47.20,0.00,0.18,0,0
vda,24.80,0.00,0.10,0,0
vda,1.20,0.00,0.00,0,0
vda,3.80,0.00,0.01,0,0
vda,3.20,0.00,0.02,0,0
vda,0.80,0.00,0.00,0,0
vda,2.40,0.00,0.01,0,0
vda,2.00,0.00,0.01,0,0
vda,18.40,0.00,0.07,0,0
vda,24.80,0.00,0.10,0,0
vda,1.80,0.00,0.01,0,0
vda,1.00,0.00,0.00,0,0
vda,4.20,0.00,0.02,0,0
vda,2.20,0.00,0.01,0,0
vda,0.60,0.00,0.00,0,0
vda,3.00,0.00,0.01,0,0
vda,30.00,0.00,0.13,0,0
vda,1.40,0.00,0.00,0,0
vda,33.80,0.00,0.13,0,0
vda,3.40,0.00,0.02,0,0
vda,1.20,0.00,0.00,0,0
vda,2.20,0.00,0.01,0,0
vda,1.00,0.00,0.00,0,0
vda,19.36,0.00,0.07,0,0
vda,3.00,0.00,0.01,0,0
vda,0.00,0.00,0.00,0,0
vda,2.80,0.00,0.01,0,0
vda,36.00,0.00,0.14,0,0
vda,1.00,0.00,0.00,0,0
vda,6.20,0.00,0.03,0,0
vda,13.60,0.00,0.05,0,0
vda,2.20,0.00,0.01,0,0
vda,3.00,0.00,0.01,0,0
vda,3.80,0.00,0.02,0,0
vda,1.00,0.00,0.00,0,0
vda,0.80,0.00,0.00,0,0
vda,35.80,0.00,0.14,0,0
vda,7.20,0.00,0.03,0,0
vda,18.00,0.00,0.07,0,0
vda,2.20,0.00,0.01,0,0
vda,1.80,0.00,0.01,0,0
vda,0.00,0.00,0.00,0,0
vda,4.60,0.00,0.02,0,0
vda,0.80,0.00,0.00,0,0
vda,23.00,0.00,0.09,0,0
vda,19.80,0.00,0.08,0,0
vda,1.00,0.00,0.00,0,0
vda,0.60,0.00,0.00,0,0
vda,9.80,0.00,0.04,0,0
vda,1.00,0.00,0.00,0,0
vda,1.00,0.00,0.00,0,0
vda,2.60,0.00,0.01,0,0
vda,2.40,0.00,0.01,0,0
vda,15.20,0.00,0.06,0,0
vda,32.40,0.00,0.13,0,0
vda,2.20,0.00,0.01,0,0
vda,1.00,0.00,0.00,0,0
vda,2.40,0.00,0.01,0,0
vda,1.40,0.00,0.01,0,0
vda,6.80,0.00,0.03,0,0
vda,2.20,0.00,0.01,0,0
vda,18.20,0.00,0.07,0,0
vda,4.00,0.00,0.02,0,0
vda,35.40,0.00,0.14,0,0
vda,0.80,0.00,0.00,0,0
vda,0.40,0.00,0.00,0,0
vda,2.00,0.00,0.01,0,0
vda,0.00,0.00,0.00,0,0
vda,1.00,0.00,0.00,0,0
vda,21.00,0.00,0.08,0,0
vda,1.40,0.00,0.01,0,0
vda,2.60,0.00,0.01,0,0
vda,35.40,0.00,0.14,0,0
vda,0.00,0.00,0.00,0,0
vda,1.00,0.00,0.00,0,0
vda,2.60,0.00,0.01,0,0
vda,18.40,0.00,0.07,0,0
vda,7.20,0.00,0.03,0,0
vda,2.00,0.00,0.01,0,0
vda,0.40,0.00,0.00,0,0
vda,1.60,0.00,0.01,0,0
vda,26.20,0.00,0.10,0,0
vda,1.40,0.00,0.01,0,0
vda,1.60,0.00,0.01,0,0
vda,19.20,0.00,0.07,0,0
vda,0.60,0.00,0.00,0,0
vda,1.20,0.00,0.00,0,0
vda,8.80,0.00,0.04,0,0
vda,1.00,0.00,0.00,0,0
vda,1.00,0.00,0.00,0,0
vda,38.20,0.00,0.15,0,0
vda,12.40,0.00,0.05,0,0
vda,8.80,0.00,0.04,0,0
vda,1.80,0.00,0.01,0,0
vda,0.00,0.00,0.00,0,0
vda,1.00,0.00,0.00,0,0
vda,2.00,0.00,0.01,0,0
vda,18.20,0.00,0.07,0,0
vda,34.80,0.00,0.14,0,0
vda,4.40,0.00,0.02,0,0
vda,1.60,0.00,0.01,0,0
vda,0.00,0.00,0.00,0,0
vda,2.00,0.00,0.01,0,0
vda,0.00,0.00,0.00,0,0
vda,2.00,0.00,0.01,0,0
vda,20.00,0.00,0.08,0,0
vda,1.00,0.00,0.00,0,0
vda,35.20,0.00,0.14,0,0
vda,2.80,0.00,0.01,0,0
vda,1.80,0.00,0.01,0,0
vda,2.40,0.00,0.01,0,0
vda,2.20,0.00,0.01,0,0
vda,18.40,0.00,0.07,0,0
vda,1.80,0.00,0.01,0,0
vda,1.20,0.00,0.00,0,0
vda,6.20,0.00,0.03,0,0
vda,24.40,0.00,0.10,0,0
vda,1.40,0.00,0.01,0,0
vda,2.60,0.00,0.01,0,0
vda,2.00,0.00,0.01,0,0
vda,25.00,0.00,0.10,0,0
vda,1.80,0.00,0.01,0,0
vda,2.00,0.00,0.01,0,0
vda,1.40,0.00,0.01,0,0
vda,7.80,0.00,0.04,0,0
vda,50.00,0.00,0.20,0,1
vda,1.00,0.00,0.00,0,0
vda,11.60,0.00,0.04,0,0
vda,2.20,0.00,0.01,0,0
vda,1.40,0.00,0.01,0,0
vda,3.20,0.00,0.01,0,0
vda,2.20,0.00,0.01,0,0
vda,0.80,0.00,0.00,0,0
vda,1.60,0.00,0.01,0,0
vda,35.80,0.00,0.14,0,0
vda,19.00,0.00,0.07,0,0
vda,8.20,0.00,0.03,0,0
vda,1.80,0.00,0.01,0,0
vda,1.00,0.00,0.00,0,0
vda,0.00,0.00,0.00,0,0
vda,5.00,0.00,0.02,0,0
vda,1.80,0.00,0.01,0,0
vda,18.80,0.00,0.07,0,0
vda,35.80,0.00,0.14,0,0
vda,0.80,0.00,0.00,0,0
vda,0.00,0.00,0.00,0,0
vda,8.20,0.00,0.03,0,0
vda,1.40,0.00,0.01,0,0
vda,1.40,0.00,0.01,0,0
vda,2.20,0.00,0.01,0,0
vda,13.60,0.00,0.05,0,0
vda,1.60,0.00,0.01,0,0
vda,24.00,0.00,0.09,0,0
vda,1.60,0.00,0.01,0,0
vda,0.20,0.00,0.00,0,0
vda,3.20,0.00,0.02,0,0
vda,7.40,0.00,0.03,0,0
vda,17.80,0.00,0.07,0,0
vda,2.00,0.00,0.01,0,0
vda,4.20,0.00,0.02,0,0
vda,2.40,0.00,0.01,0,0
vda,33.80,0.00,0.13,0,0
vda,2.40,0.00,0.01,0,0
vda,0.40,0.00,0.00,0,0
vda,2.60,0.00,0.01,0,0
vda,19.00,0.00,0.08,0,0
vda,0.00,0.00,0.00,0,0
vda,2.00,0.00,0.01,0,0
vda,1.00,0.00,0.00,0,0
vda,35.20,0.00,0.14,0,0
vda,4.40,0.00,0.02,0,0
vda,1.40,0.00,0.01,0,0
vda,18.40,0.00,0.07,0,0
vda,1.80,0.00,0.01,0,0
vda,1.00,0.00,0.00,0,0
vda,28.60,0.00,0.11,0,0
vda,2.00,0.00,0.01,0,0
vda,2.40,0.00,0.01,0,0
vda,0.00,0.00,0.00,0,0
vda,3.20,0.00,0.01,0,0
vda,18.40,0.00,0.07,0,0
vda,2.00,0.00,0.01,0,0
vda,0.00,0.00,0.00,0,0
vda,1.40,0.00,0.01,0,0
vda,36.80,0.00,0.14,0,0
vda,6.80,0.00,0.03,0,0
vda,1.00,0.00,0.00,0,0
vda,11.20,0.00,0.04,0,0
vda,2.00,0.00,0.01,0,0
vda,3.00,0.00,0.01,0,0
vda,0.00,0.00,0.00,0,0
vda,4.40,0.00,0.02,0,0
vda,1.60,0.00,0.01,0,0
vda,33.80,0.00,0.13,0,0
vda,2.00,0.00,0.01,0,0
vda,24.60,0.00,0.10,0,0
vda,0.20,0.00,0.00,0,0
vda,2.00,0.00,0.01,0,0
vda,1.00,0.00,0.00,0,0
vda,3.80,0.00,0.01,0,0
vda,1.20,0.00,0.00,0,0
vda,0.60,0.00,0.00,0,0
vda,51.60,0.00,0.20,0,1
vda,2.00,0.00,0.01,0,0
vda,0.80,0.00,0.00,0,0
vda,6.60,0.00,0.03,0,0
vda,3.60,0.00,0.02,0,0
vda,1.40,0.00,0.01,0,0
vda,0.20,0.00,0.00,0,0
vda,3.20,0.00,0.01,0,0
vda,12.60,0.00,0.05,0,0
vda,0.00,0.00,0.00,0,0
vda,24.40,0.00,0.10,0,0
vda,1.40,0.00,0.01,0,0
vda,2.40,0.00,0.01,0,0
vda,6.20,0.00,0.03,0,0
vda,2.20,0.00,0.01,0,0
vda,17.60,0.00,0.07,0,0
vda,3.20,0.00,0.01,0,0
vda,9.20,0.00,0.04,0,0
vda,2.20,0.00,0.01,0,0
vda,36.80,0.00,0.15,0,0
vda,0.20,0.00,0.00,0,0
vda,0.60,0.00,0.00,0,0
vda,13.20,0.00,0.05,0,0
vda,1.40,0.00,0.01,0,0
vda,1.40,0.00,0.01,0,0
vda,3.80,0.00,0.01,0,0
vda,1.80,0.00,0.01,0,0
vda,0.60,0.00,0.00,0,0
vda,35.80,0.00,0.14,0,0
vda,1.40,0.00,0.01,0,0
vda,18.00,0.00,0.07,0,0
vda,8.40,0.00,0.03,0,0
vda,0.80,0.00,0.00,0,0
vda,1.20,0.00,0.01,0,0
vda,3.20,0.00,0.01,0,0
vda,2.40,0.00,0.01,0,0
vda,0.20,0.00,0.00,0,0
vda,52.80,0.00,0.21,0,1
vda,18.60,0.00,0.07,0,0
vda,0.80,0.00,0.00,0,0
vda,8.80,0.00,0.04,0,0
vda,3.00,0.00,0.01,0,0
vda,1.60,0.00,0.01,0,0
vda,0.20,0.00,0.00,0,0
vda,2.00,0.00,0.01,0,0
vda,13.20,0.00,0.05,0,0
vda,24.40,0.00,0.10,0,0
vda,3.20,0.00,0.02,0,0
vda,1.00,0.00,0.00,0,0
vda,0.40,0.00,0.00,0,0
vda,2.00,0.00,0.01,0,0
vda,6.80,0.00,0.03,0,0
vda,1.00,0.00,0.00,0,0
vda,20.00,0.00,0.08,0,0
vda,1.00,0.00,0.00,0,0
vda,8.60,0.00,0.04,0,0
vda,31.20,0.00,0.12,0,0
vda,1.40,0.00,0.01,0,0
vda,0.00,0.00,0.00,0,0
vda,2.20,0.00,0.01,0,0
vda,0.60,0.00,0.00,0,0
vda,18.80,0.00,0.07,0,0
vda,8.20,0.00,0.04,0,0
vda,1.60,0.00,0.01,0,0
vda,1.00,0.00,0.00,0,0
vda,35.80,0.00,0.14,0,0
vda,2.60,0.00,0.01,0,0
vda,2.80,0.00,0.01,0,0
vda,11.40,0.00,0.04,0,0
vda,0.80,0.00,0.00,0,0
vda,2.80,0.00,0.01,0,0
vda,0.80,0.00,0.00,0,0
vda,0.20,0.00,0.00,0,0
vda,8.80,0.00,0.04,0,0
vda,35.00,0.00,0.14,0,0
vda,0.60,0.00,0.00,0,0
vda,19.00,0.00,0.07,0,0
vda,3.40,0.00,0.02,0,0
vda,1.00,0.00,0.00,0,0
vda,2.60,0.00,0.01,0,0
vda,1.80,0.00,0.01,0,0
vda,0.20,0.00,0.00,0,0
vda,24.20,0.00,0.09,0,0
vda,18.40,0.00,0.07,0,0
vda,2.60,0.00,0.01,0,0
vda,3.80,0.00,0.01,0,0
vda,2.60,0.00,0.01,0,0
vda,1.60,0.00,0.01,0,0
vda,1.80,0.00,0.01,0,0
vda,0.20,0.00,0.00,0,0
vda,0.60,0.00,0.00,0,0
vda,54.60,0.00,0.22,0,1
vda,7.40,0.00,0.03,0,0
vda,0.60,0.00,0.00,0,0
vda,2.20,0.00,0.01,0,0
vda,2.40,0.00,0.01,0,0
vda,1.80,0.00,0.01,0,0
vda,1.80,0.00,0.01,0,0
vda,18.80,0.00,0.08,0,0
vda,0.80,0.00,0.00,0,0
vda,35.80,0.00,0.14,0,0
vda,7.20,0.00,0.03,0,0
vda,0.60,0.00,0.00,0,0
vda,2.00,0.00,0.01,0,0
vda,1.40,0.00,0.01,0,0
vda,4.20,0.00,0.02,0,0
vda,11.20,0.00,0.04,0,0
vda,1.40,0.00,0.01,0,0
vda,1.00,0.00,0.00,0,0
vda,36.40,0.00,0.14,0,0
vda,1.40,0.00,0.01,0,0
vda,0.80,0.00,0.00,0,0
vda,9.40,0.00,0.04,0,0
vda,18.40,0.00,0.07,0,0
vda,2.00,0.00,0.01,0,0
vda,2.40,0.00,0.01,0,0
vda,1.40,0.00,0.01,0,0
vda,0.20,0.00,0.00,0,0
vda,24.15,0.00,0.10,0,0
vda,2.20,0.00,0.01,0,0
vda,6.20,0.00,0.03,0,0
vda,19.00,0.00,0.07,0,0
vda,1.60,0.00,0.01,0,0
vda,0.80,0.00,0.00,0,0
vda,2.00,0.00,0.01,0,0
vda,1.80,0.00,0.01,0,0
vda,2.40,0.00,0.01,0,0
vda,35.80,0.00,0.14,0,0
vda,11.60,0.00,0.05,0,0
vda,1.60,0.00,0.01,0,0
vda,2.00,0.00,0.01,0,0
vda,6.80,0.00,0.03,0,0
vda,1.00,0.00,0.00,0,0
vda,2.00,0.00,0.01,0,0
vda,4.20,0.00,0.02,0,0
vda,2.00,0.00,0.01,0,0
vda,53.60,0.00,0.21,0,1
vda,0.20,0.00,0.00,0,0
vda,1.00,0.00,0.00,0,0
vda,2.00,0.00,0.01,0,0
vda,6.60,0.00,0.03,0,0
vda,3.20,0.00,0.02,0,0
vda,1.00,0.00,0.00,0,0
vda,15.60,0.00,0.06,0,0
vda,1.20,0.00,0.00,0,0
vda,34.40,0.00,0.13,0,0
vda,9.80,0.00,0.04,0,0
vda,0.80,0.00,0.00,0,0
vda,3.20,0.00,0.01,0,0
vda,0.00,0.00,0.00,0,0
vda,1.20,0.00,0.00,0,0
vda,19.20,0.00,0.07,0,0
vda,0.40,0.00,0.00,0,0
vda,2.40,0.00,0.01,0,0
vda,25.20,0.00,0.10,0,0
vda,2.40,0.00,0.01,0,0
vda,2.00,0.00,0.01,0,0
vda,2.40,0.00,0.01,0,0
vda,23.20,0.00,0.09,0,0
vda,1.40,0.00,0.00,0,0
vda,9.60,0.00,0.04,0,0
vda,0.00,0.00,0.00,0,0
vda,3.20,0.00,0.02,0,0
vda,49.00,0.00,0.19,0,0
vda,1.80,0.00,0.01,0,0
vda,1.80,0.00,0.01,0,0
vda,11.20,0.00,0.04,0,0
vda,2.00,0.00,0.01,0,0
vda,1.00,0.00,0.00,0,0
vda,10.00,0.00,0.04,0,0
vda,0.40,0.00,0.00,0,0
vda,1.60,0.00,0.01,0,0
vda,35.40,0.00,0.14,0,0
vda,19.20,0.00,0.07,0,0
vda,1.00,0.00,0.00,0,0
vda,2.00,0.00,0.01,0,0
vda,1.60,0.00,0.01,0,0
vda,7.40,0.00,0.03,0,0
vda,2.40,0.00,0.01,0,0
vda,0.00,0.00,0.00,0,0
vda,18.00,0.00,0.07,0,0
vda,36.80,0.00,0.14,0,0
vda,1.80,0.00,0.01,0,0
vda,2.20,0.00,0.01,0,0
vda,0.00,0.00,0.00,0,0
vda,2.20,0.00,0.01,0,0
vda,1.20,0.00,0.00,0,0
vda,6.20,0.00,0.03,0,0
vda,13.40,0.00,0.05,0,0
vda,1.20,0.00,0.00,0,0
vda,27.20,0.00,0.11,0,0
vda,1.20,0.00,0.00,0,0
vda,0.60,0.00,0.00,0,0
vda,1.80,0.00,0.01,0,0
vda,2.20,0.00,0.01,0,0
vda,18.20,0.00,0.07,0,0
vda,8.00,0.00,0.03,0,0
vda,2.60,0.00,0.01,0,0
vda,0.00,0.00,0.00,0,0
vda,36.20,0.00,0.14,0,0
vda,1.40,0.00,0.01,0,0
vda,2.20,0.00,0.01,0,0
vda,2.40,0.00,0.01,0,0
vda,11.20,0.00,0.04,0,0
vda,2.40,0.00,0.01,0,0
vda,2.00,0.00,0.01,0,0
vda,1.20,0.00,0.00,0,0
vda,7.40,0.00,0.03,0,0
vda,36.20,0.00,0.14,0,0
vda,0.60,0.00,0.00,0,0
vda,18.00,0.00,0.07,0,0
vda,4.20,0.00,0.02,0,0
vda,1.80,0.00,0.01,0,0
vda,9.80,0.00,0.04,0,0
vda,0.00,0.00,0.00,0,0
vda,1.00,0.00,0.00,0,0
vda,34.00,0.00,0.13,0,0
vda,2.00,0.00,0.01,0,0
vda,19.40,0.00,0.08,0,0
vda,0.20,0.00,0.00,0,0
vda,2.40,0.00,0.01,0,0
vda,3.20,0.00,0.01,0,0
vda,1.40,0.00,0.01,0,0
vda,1.80,0.00,0.01,0,0
vda,0.80,0.00,0.00,0,0
vda,13.40,0.00,0.05,0,0
vda,24.60,0.00,0.10,0,0
vda,7.40,0.00,0.03,0,0
vda,0.80,0.00,0.00,0,0
vda,2.00,0.00,0.01,0,0
vda,1.00,0.00,0.00,0,0
vda,3.20,0.00,0.01,0,0
vda,2.80,0.00,0.01,0,0
vda,17.40,0.00,0.07,0,0
vda,1.00,0.00,0.00,0,0
vda,36.00,0.00,0.14,0,0
vda,1.00,0.00,0.00,0,0
vda,7.20,0.00,0.03,0,0
vda,2.40,0.00,0.01,0,0
vda,2.00,0.00,0.01,0,0
vda,18.20,0.00,0.07,0,0
vda,3.00,0.00,0.01,0,0
vda,1.40,0.00,0.01,0,0
vda,0.80,0.00,0.00,0,0
vda,35.20,0.00,0.14,0,0
vda,2.00,0.00,0.01,0,0
vda,1.20,0.00,0.01,0,0
vda,8.20,0.00,0.03,0,0
vda,13.40,0.00,0.05,0,0
vda,0.60,0.00,0.00,0,0
vda,3.40,0.00,0.01,0,0
vda,1.20,0.00,0.00,0,0
vda,0.20,0.00,0.00,0,0
vda,38.00,0.00,0.15,0,0
vda,0.80,0.00,0.00,0,0
vda,18.00,0.00,0.07,0,0
vda,8.20,0.00,0.04,0,0
vda,1.00,0.00,0.00,0,0
vda,0.20,0.00,0.00,0,0
vda,2.00,0.00,0.01,0,0
vda,0.00,0.00,0.00,0,0
vda,26.40,0.00,0.10,0,0
vda,2.80,0.00,0.01,0,0
vda,12.40,0.00,0.05,0,0
vda,0.00,0.00,0.00,0,0
vda,2.00,0.00,0.01,0,0
vda,1.00,0.00,0.00,0,0
vda,6.60,0.00,0.03,0,0
vda,3.40,0.00,0.02,0,0
vda,3.20,0.00,0.01,0,0
vda,34.20,0.00,0.13,0,0
vda,20.40,0.00,0.08,0,0
vda,0.00,0.00,0.00,0,0
vda,1.00,0.00,0.00,0,0
vda,2.20,0.00,0.01,0,0
vda,10.40,0.00,0.05,0,0
vda,3.60,0.00,0.01,0,0
vda,4.80,0.00,0.02,0,0
vda,20.80,0.00,0.08,0,0
vda,6.40,0.00,0.03,0,0
vda,42.00,0.00,0.16,0,0
vda,8.60,0.00,0.03,0,0
vda,0.40,0.00,0.00,0,0
vda,2.20,0.00,0.01,0,0
vda,3.00,0.00,0.01,0,0
vda,0.00,0.00,0.00,0,0
vda,13.80,0.00,0.05,0,0
vda,3.20,0.00,0.01,0,0
vda,2.20,0.00,0.01,0,0
vda,34.20,0.00,0.13,0,0
vda,1.20,0.00,0.00,0,0
vda,2.00,0.00,0.01,0,0
vda,2.60,0.00,0.01,0,0
vda,18.20,0.00,0.07,0,0
vda,6.00,0.00,0.03,0,0
vda,2.20,0.00,0.01,0,0
vda,1.00,0.00,0.00,0,0
vda,0.40,0.00,0.00,0,0
vda,27.20,0.00,0.11,0,0
vda,1.60,0.00,0.01,0,0
vda,0.40,0.00,0.00,0,0
vda,19.20,0.00,0.08,0,0
vda,1.00,0.00,0.00,0,0
vda,0.60,0.00,0.00,0,0
vda,5.00,0.00,0.02,0,0
vda,11.40,0.00,0.05,0,0
vda,0.60,0.00,0.00,0,0
vda,35.80,0.00,0.14,0,0
vda,13.20,0.00,0.05,0,0
vda,1.00,0.00,0.00,0,0
vda,3.00,0.00,0.01,0,0
vda,0.20,0.00,0.00,0,0
