16200304.0,57208.0,3604.0
16200304.0,57208.0,3604.0
15353921.6,187147.2,3690.4
14084348.0,382056.0,3820.0
14084348.0,382056.0,3820.0
13309425.6,600368.26667,3846.1333333
12423800.0,849868.0,3876.0
11832432.0,1007277.6,3898.4
10945380.0,1243392.0,3932.0
10945380.0,1243392.0,3932.0
10574346.4,1342480.2667,3961.8666667
10150308.0,1455724.0,3996.0
10150308.0,1455724.0,3996.0
9727930.6667,1494397.3333,4014.6666667
8883176.0,1571744.0,4052.0
8882824.0,1571746.6667,4073.3333333
8882120.0,1571752.0,4116.0
8882120.0,1571752.0,4116.0
8882120.0,1571752.0,4116.0
8882120.0,1571752.0,4116.0
8882120.0,1571752.0,4116.0
8881918.4,1572252.2667,4235.4666667
8881688.0,1572824.0,4372.0
8881688.0,1572824.0,4372.0
8881688.0,1572824.0,4372.0
8881688.0,1572824.0,4372.0
8880994.6667,1572829.3333,4414.6666667
8879608.0,1572840.0,4500.0
8879608.0,1572840.0,4500.0
8879608.0,1572840.0,4500.0
8879608.0,1572840.0,4500.0
8879100.0,1572845.3333,4542.6666667
8878084.0,1572856.0,4628.0
8878084.0,1572856.0,4628.0
8878407.2,1572858.1333,4642.9333333
8879296.0,1572864.0,4684.0
8879296.0,1572864.0,4684.0
8879296.0,1572864.0,4684.0
8879296.0,1572864.0,4684.0
8879296.0,1572864.0,4684.0
8879296.0,1572864.0,4684.0
8879296.0,1572864.0,4684.0
8878861.6,1572893.6,4724.0
8877124.0,1573012.0,4884.0
8877124.0,1573012.0,4884.0
8877124.0,1573012.0,4884.0
8877124.0,1573012.0,4884.0
8877124.0,1573012.0,4884.0
8877124.0,1573012.0,4884.0
8877124.0,1573012.0,4884.0
8877124.0,1573012.0,4884.0
8877124.0,1573012.0,4884.0
8877124.0,1573012.0,4884.0
8877124.0,1573012.0,4884.0
8877686.1333,1573035.4667,4945.8666667
8879232.0,1573100.0,5116.0
8879232.0,1573100.0,5116.0
8879232.0,1573100.0,5116.0
8879232.0,1573100.0,5116.0
8879232.0,1573100.0,5116.0
8879232.0,1573100.0,5116.0
8879232.0,1573100.0,5116.0
8879232.0,1573100.0,5116.0
8879232.0,1573100.0,5116.0
8879232.0,1573100.0,5116.0
8879232.0,1573100.0,5116.0
8879029.3333,1573111.7333,5205.6
8878472.0,1573144.0,5452.0
8878472.0,1573144.0,5452.0
8878472.0,1573144.0,5452.0
8878472.0,1573144.0,5452.0
8878472.0,1573144.0,5452.0
8878472.0,1573144.0,5452.0
8878472.0,1573144.0,5452.0
8878472.0,1573144.0,5452.0
8878472.0,1573144.0,5452.0
8878472.0,1573144.0,5452.0
8878472.0,1573144.0,5452.0
8878408.0,1573149.3333,5537.3333333
8877876.8,1573160.0,5722.9333333
8876768.0,1573160.0,5764.0
8876768.0,1573160.0,5764.0
8876768.0,1573160.0,5764.0
8876768.0,1573160.0,5764.0
8876768.0,1573160.0,5764.0
8876768.0,1573160.0,5764.0
8876768.0,1573160.0,5764.0
8876768.0,1573160.0,5764.0
8876768.0,1573160.0,5764.0
8876768.0,1573160.0,5764.0
8876768.0,1573160.0,5764.0
8876785.6,1573167.2,5815.2
8876856.0,1573196.0,6020.0
8876856.0,1573196.0,6020.0
8876856.0,1573196.0,6020.0
8876856.0,1573196.0,6020.0
8876856.0,1573196.0,6020.0
8876856.0,1573196.0,6020.0
8876856.0,1573196.0,6020.0
8873888.0,1573204.0,6204.0
8873888.0,1573204.0,6204.0
8873888.0,1573204.0,6204.0
8873888.0,1573204.0,6204.0
8873888.0,1573204.0,6204.0
8873888.0,1573204.0,6204.0
8873888.0,1573204.0,6204.0
8873888.0,1573204.0,6204.0
8873888.0,1573204.0,6204.0
8873888.0,1573204.0,6204.0
8873888.0,1573204.0,6204.0
8873888.0,1573204.0,6204.0
8872104.0,1573228.0,6480.0
8872104.0,1573228.0,6480.0
8872104.0,1573228.0,6480.0
8872035.7333,1573306.9333,6489.8666667
8871080.0,1574412.0,6628.0
8871080.0,1574412.0,6628.0
8871080.0,1574412.0,6628.0
8871080.0,1574412.0,6628.0
8871080.0,1574412.0,6628.0
8871080.0,1574412.0,6628.0
8871080.0,1574412.0,6628.0
8871080.0,1574412.0,6628.0
8871080.0,1574412.0,6628.0
8871080.0,1574412.0,6628.0
8871080.0,1574412.0,6628.0
8870949.6,1574418.4,6680.8
8870428.0,1574444.0,6892.0
8870428.0,1574444.0,6892.0
8870428.0,1574444.0,6892.0
8870428.0,1574444.0,6892.0
8870428.0,1574444.0,6892.0
8870428.0,1574444.0,6892.0
8870428.0,1574444.0,6892.0
8870428.0,1574444.0,6892.0
8870428.0,1574444.0,6892.0
8870428.0,1574444.0,6892.0
8870428.0,1574444.0,6892.0
8870331.4667,1574446.1333,6932.5333333
8869704.0,1574460.0,7196.0
8869704.0,1574460.0,7196.0
8869704.0,1574460.0,7196.0
8869704.0,1574460.0,7196.0
8869395.7333,1574463.2,7225.8666667
8868548.0,1574472.0,7308.0
8868548.0,1574472.0,7308.0
8868308.0,1575076.0,7392.0
8867828.0,1576284.0,7560.0
8867828.0,1576284.0,7560.0
8867828.0,1576284.0,7560.0
8867828.0,1576284.0,7560.0
8867828.0,1576284.0,7560.0
8867828.0,1576284.0,7560.0
8867828.0,1576284.0,7560.0
8867828.0,1576284.0,7560.0
8867828.0,1576284.0,7560.0
8867828.0,1576284.0,7560.0
8867828.0,1576284.0,7560.0
8867560.0,1576294.6667,7644.0
8867024.0,1576316.0,7812.0
8867024.0,1576316.0,7812.0
8867024.0,1576316.0,7812.0
8866416.0,1576324.0,7853.6
8865504.0,1576336.0,7916.0
8865504.0,1576336.0,7916.0
8866122.6667,1576333.3333,7932.0
8867360.0,1576328.0,7964.0
8867360.0,1576328.0,7964.0
8867360.0,1576328.0,7964.0
8867360.0,1576328.0,7964.0
8867360.0,1576328.0,7964.0
8867360.0,1576328.0,7964.0
8867360.0,1576328.0,7964.0
8867360.0,1576328.0,7964.0
8867360.0,1576328.0,7964.0
8867360.0,1576328.0,7964.0
8867360.0,1576328.0,7964.0
8867785.3333,1576333.3333,8041.3333333
8868636.0,1576344.0,8196.0
8868636.0,1576344.0,8196.0
8868636.0,1576344.0,8196.0
8868636.0,1576344.0,8196.0
8868636.0,1576344.0,8196.0
8868636.0,1576344.0,8196.0
8867831.4667,1576351.4667,8266.9333333
8866912.0,1576360.0,8348.0
8866912.0,1576360.0,8348.0
8866912.0,1576360.0,8348.0
8866912.0,1576360.0,8348.0
8866912.0,1576360.0,8348.0
8866912.0,1576360.0,8348.0
8866912.0,1576360.0,8348.0
8866912.0,1576360.0,8348.0
8866912.0,1576360.0,8348.0
8866892.0,1576366.6667,8430.6666667
8866852.0,1576380.0,8596.0
8866852.0,1576380.0,8596.0
8866852.0,1576380.0,8596.0
8866852.0,1576380.0,8596.0
8866852.0,1576380.0,8596.0
8866852.0,1576380.0,8596.0
8866852.0,1576380.0,8596.0
8866852.0,1576380.0,8596.0
8866852.0,1576380.0,8596.0
8866852.0,1576380.0,8596.0
8866852.0,1576380.0,8596.0
8866580.0,1576386.4,8655.7333333
8865330.6667,1576405.3333,8841.3333333
8864328.0,1576408.0,8884.0
8864328.0,1576408.0,8884.0
8864808.0,1576406.6667,8902.6666667
8865768.0,1576404.0,8940.0
8865768.0,1576404.0,8940.0
8865768.0,1576404.0,8940.0
8865768.0,1576404.0,8940.0
8865768.0,1576404.0,8940.0
8865768.0,1576404.0,8940.0
8865768.0,1576404.0,8940.0
8865768.0,1576404.0,8940.0
8865768.0,1576404.0,8940.0
8865768.0,1576404.0,8940.0
8865790.9333,1576407.7333,8970.9333333
8865940.0,1576432.0,9172.0
8865940.0,1576432.0,9172.0
8865940.0,1576432.0,9172.0
8865940.0,1576432.0,9172.0
8865940.0,1576432.0,9172.0
8865940.0,1576432.0,9172.0
8865940.0,1576432.0,9172.0
8865450.4,1576436.0,9207.2
8863492.0,1576452.0,9348.0
8863870.6667,1576454.1333,9365.0666667
8864912.0,1576460.0,9412.0
8864912.0,1576460.0,9412.0
8864912.0,1576460.0,9412.0
8864912.0,1576460.0,9412.0
8864912.0,1576460.0,9412.0
8864912.0,1576460.0,9412.0
8864912.0,1576460.0,9412.0
8864912.0,1576460.0,9412.0
8864912.0,1576460.0,9412.0
8864912.0,1576460.0,9412.0
8864688.0,1576461.6,9461.6
8863792.0,1576468.0,9660.0
8863792.0,1576468.0,9660.0
8864429.3333,1576468.0,9676.0
8865704.0,1576468.0,9708.0
8865704.0,1576468.0,9708.0
8865704.0,1576468.0,9708.0
8865704.0,1576468.0,9708.0
8865704.0,1576468.0,9708.0
8865704.0,1576468.0,9708.0
8865704.0,1576468.0,9708.0
8865704.0,1576468.0,9708.0
8865704.0,1576468.0,9708.0
8865704.0,1576468.0,9708.0
8865704.0,1576468.0,9708.0
8865601.3333,1576476.0,9777.3333333
8865396.0,1576492.0,9916.0
8865396.0,1576492.0,9916.0
8865396.0,1576492.0,9916.0
8865396.0,1576492.0,9916.0
8865396.0,1576492.0,9916.0
8865396.0,1576492.0,9916.0
8865396.0,1576492.0,9916.0
8865396.0,1576492.0,9916.0
8865396.0,1576492.0,9916.0
8865396.0,1576492.0,9916.0
8865396.0,1576492.0,9916.0
8864952.8,1576564.0,10037.6
8864288.0,1576672.0,10220.0
8864288.0,1576672.0,10220.0
8864288.0,1576672.0,10220.0
8864288.0,1576672.0,10220.0
8864288.0,1576672.0,10220.0
8864288.0,1576672.0,10220.0
8864288.0,1576672.0,10220.0
8863402.6667,1576681.3333,10281.333333
8861632.0,1576700.0,10404.0
8861632.0,1576700.0,10404.0
8862446.4,1576700.0,10429.6
8863668.0,1576700.0,10468.0
8863668.0,1576700.0,10468.0
8863668.0,1576700.0,10468.0
8863668.0,1576700.0,10468.0
8863668.0,1576700.0,10468.0
8863668.0,1576700.0,10468.0
8863668.0,1576700.0,10468.0
8863668.0,1576700.0,10468.0
8863668.0,1576700.0,10468.0
8863668.0,1576700.0,10468.0
8863668.0,1576700.0,10468.0
8863751.2,1576711.2,10567.2
8863876.0,1576728.0,10716.0
8863876.0,1576728.0,10716.0
8863876.0,1576728.0,10716.0
8863876.0,1576728.0,10716.0
8863876.0,1576728.0,10716.0
8863876.0,1576728.0,10716.0
8863876.0,1576728.0,10716.0
8863876.0,1576728.0,10716.0
8863876.0,1576728.0,10716.0
8863876.0,1576728.0,10716.0
8863876.0,1576728.0,10716.0
8863808.8,1576744.0,10837.6
8863708.0,1576768.0,11020.0
8863708.0,1576768.0,11020.0
8863708.0,1576768.0,11020.0
8863708.0,1576768.0,11020.0
8863708.0,1576768.0,11020.0
8863708.0,1576768.0,11020.0
8863708.0,1576768.0,11020.0
8863708.0,1576768.0,11020.0
8863708.0,1576768.0,11020.0
8863708.0,1576768.0,11020.0
8863546.4,1576771.2,11071.2
8862900.0,1576784.0,11276.0
8862900.0,1576784.0,11276.0
8862900.0,1576784.0,11276.0
8862900.0,1576784.0,11276.0
8862900.0,1576784.0,11276.0
8862900.0,1576784.0,11276.0
8862900.0,1576784.0,11276.0
8862900.0,1576784.0,11276.0
8862900.0,1576784.0,11276.0
8862900.0,1576784.0,11276.0
8862900.0,1576784.0,11276.0
8862900.0,1576784.0,11276.0
8863069.3333,1576792.0,11380.0
8863408.0,1576808.0,11588.0
8863408.0,1576808.0,11588.0
8863408.0,1576808.0,11588.0
8863408.0,1576808.0,11588.0
8863408.0,1576808.0,11588.0
8863408.0,1576808.0,11588.0
8862825.3333,1576810.6667,11649.333333
8861660.0,1576816.0,11772.0
8861660.0,1576816.0,11772.0
8862172.0,1576817.6,11797.6
8862940.0,1576820.0,11836.0
8862940.0,1576820.0,11836.0
8862940.0,1576820.0,11836.0
8862940.0,1576820.0,11836.0
8862940.0,1576820.0,11836.0
8862940.0,1576820.0,11836.0
8862940.0,1576820.0,11836.0
8862940.0,1576820.0,11836.0
8862940.0,1576820.0,11836.0
8862940.0,1576820.0,11836.0
8862940.0,1576820.0,11836.0
8862639.2,1576831.2,11928.8
8862188.0,1576848.0,12068.0
8862188.0,1576848.0,12068.0
8862188.0,1576848.0,12068.0
8862188.0,1576848.0,12068.0
8862188.0,1576848.0,12068.0
8862188.0,1576848.0,12068.0
8862188.0,1576848.0,12068.0
8862188.0,1576848.0,12068.0
8862188.0,1576848.0,12068.0
8862188.0,1576848.0,12068.0
8862188.0,1576848.0,12068.0
8862409.8667,1576862.9333,12247.2
8862604.0,1576876.0,12404.0
8862604.0,1576876.0,12404.0
8862604.0,1576876.0,12404.0
8862604.0,1576876.0,12404.0
8862604.0,1576876.0,12404.0
8862604.0,1576876.0,12404.0
8862604.0,1576876.0,12404.0
8862604.0,1576876.0,12404.0
8862604.0,1576876.0,12404.0
8862604.0,1576876.0,12404.0
8862232.8,1576890.9333,12536.266667
8861908.0,1576904.0,12652.0
8861908.0,1576904.0,12652.0
8861908.0,1576904.0,12652.0
8861908.0,1576904.0,12652.0
8861908.0,1576904.0,12652.0
8861908.0,1576904.0,12652.0
8861908.0,1576904.0,12652.0
8861908.0,1576904.0,12652.0
8861908.0,1576904.0,12652.0
8861908.0,1576904.0,12652.0
8861908.0,1576904.0,12652.0
8862268.0,1576913.6,12796.0
8861904.2667,1576920.0,12930.4
8861376.0,1576920.0,12964.0
8861376.0,1576920.0,12964.0
8861376.0,1576920.0,12964.0
8861376.0,1576920.0,12964.0
8861376.0,1576920.0,12964.0
8861376.0,1576920.0,12964.0
8861376.0,1576920.0,12964.0
8861376.0,1576920.0,12964.0
8861376.0,1576920.0,12964.0
8861376.0,1576920.0,12964.0
8861376.0,1576920.0,12964.0
8861376.0,1576920.0,12964.0
8861004.0,1576929.6,13122.4
8860756.0,1576936.0,13228.0
8860756.0,1576936.0,13228.0
8860756.0,1576936.0,13228.0
8860756.0,1576936.0,13228.0
8860756.0,1576936.0,13228.0
8860756.0,1576936.0,13228.0
8860756.0,1576936.0,13228.0
8860756.0,1576936.0,13228.0
8860756.0,1576936.0,13228.0
8860756.0,1576936.0,13228.0
8860756.0,1576936.0,13228.0
8860583.2,1576955.2,13477.6
8860540.0,1576960.0,13540.0
8860540.0,1576960.0,13540.0
8860540.0,1576960.0,13540.0
8860540.0,1576960.0,13540.0
8860540.0,1576960.0,13540.0
8860540.0,1576960.0,13540.0
8860540.0,1576960.0,13540.0
8860540.0,1576960.0,13540.0
8860540.0,1576960.0,13540.0
8860540.0,1576960.0,13540.0
8860540.0,1576960.0,13540.0
8860280.0,1576992.0,13772.0
8860280.0,1576992.0,13772.0
8860280.0,1576992.0,13772.0
8860280.0,1576992.0,13772.0
8860280.0,1576992.0,13772.0
8860280.0,1576992.0,13772.0
8860280.0,1576992.0,13772.0
8860280.0,1576992.0,13772.0
8860280.0,1576992.0,13772.0
8860280.0,1576992.0,13772.0
8860280.0,1576992.0,13772.0
8860280.0,1576992.0,13772.0
8860712.0,1577000.0,14060.0
8860712.0,1577000.0,14060.0
8860712.0,1577000.0,14060.0
8860712.0,1577000.0,14060.0
8860712.0,1577000.0,14060.0
8860712.0,1577000.0,14060.0
8860712.0,1577000.0,14060.0
8860712.0,1577000.0,14060.0
8860712.0,1577000.0,14060.0
8860712.0,1577000.0,14060.0
8860712.0,1577000.0,14060.0
8860712.0,1577000.0,14060.0
8859800.0,1577028.0,14252.0
8859800.0,1577028.0,14252.0
8859800.0,1577028.0,14252.0
8859800.0,1577028.0,14252.0
8859800.0,1577028.0,14252.0
8859800.0,1577028.0,14252.0
8859800.0,1577028.0,14252.0
8859800.0,1577028.0,14252.0
8859800.0,1577028.0,14252.0
8859800.0,1577028.0,14252.0
8859800.0,1577028.0,14252.0
8859800.0,1577028.0,14252.0
8859452.0,1577028.0,14524.0
8859452.0,1577028.0,14524.0
8859452.0,1577028.0,14524.0
8859452.0,1577028.0,14524.0
8859452.0,1577028.0,14524.0
8859452.0,1577028.0,14524.0
8859452.0,1577028.0,14524.0
8859452.0,1577028.0,14524.0
8859452.0,1577028.0,14524.0
8859452.0,1577028.0,14524.0
8859452.0,1577028.0,14524.0
8859432.2667,1577029.8667,14538.4
8859156.0,1577056.0,14740.0
8859156.0,1577056.0,14740.0
8859156.0,1577056.0,14740.0
8859156.0,1577056.0,14740.0
8859156.0,1577056.0,14740.0
8859156.0,1577056.0,14740.0
8859156.0,1577056.0,14740.0
8859156.0,1577056.0,14740.0
8859156.0,1577056.0,14740.0
8859156.0,1577056.0,14740.0
8859156.0,1577056.0,14740.0
8858895.7333,1577066.6667,14893.6
8858895.7333,1577066.6667,14893.6
8858668.0,1577076.0,15028.0
8858668.0,1577076.0,15028.0
8858668.0,1577076.0,15028.0
8858668.0,1577076.0,15028.0
8858668.0,1577076.0,15028.0
8858668.0,1577076.0,15028.0
8858668.0,1577076.0,15028.0
8858668.0,1577076.0,15028.0
8858668.0,1577076.0,15028.0
8858668.0,1577076.0,15028.0
8858668.0,1577076.0,15028.0
8859212.0,1577092.0,15236.0
8859212.0,1577092.0,15236.0
8859212.0,1577092.0,15236.0
8859212.0,1577092.0,15236.0
8859212.0,1577092.0,15236.0
8859212.0,1577092.0,15236.0
8859212.0,1577092.0,15236.0
8859212.0,1577092.0,15236.0
8859212.0,1577092.0,15236.0
8859212.0,1577092.0,15236.0
8859212.0,1577092.0,15236.0
8859212.0,1577092.0,15236.0
8858700.0,1577120.0,15556.0
8858700.0,1577120.0,15556.0
8858700.0,1577120.0,15556.0
8858700.0,1577120.0,15556.0
8858700.0,1577120.0,15556.0
8858700.0,1577120.0,15556.0
8858700.0,1577120.0,15556.0
8858700.0,1577120.0,15556.0
8858700.0,1577120.0,15556.0
8858700.0,1577120.0,15556.0
8858700.0,1577120.0,15556.0
8858700.0,1577120.0,15556.0
8857900.0,1577288.0,15812.0
8857900.0,1577288.0,15812.0
8857900.0,1577288.0,15812.0
8857900.0,1577288.0,15812.0
8857900.0,1577288.0,15812.0
8857900.0,1577288.0,15812.0
8857900.0,1577288.0,15812.0
8857900.0,1577288.0,15812.0
8857900.0,1577288.0,15812.0
8858840.8,1577280.5333,16065.866667
8858908.0,1577280.0,16084.0
8858908.0,1577280.0,16084.0
8858908.0,1577280.0,16084.0
8858908.0,1577280.0,16084.0
8858908.0,1577280.0,16084.0
8858908.0,1577280.0,16084.0
8858908.0,1577280.0,16084.0
8858908.0,1577280.0,16084.0
8858908.0,1577280.0,16084.0
8858908.0,1577280.0,16084.0
8858908.0,1577280.0,16084.0
8858396.5333,1577309.8667,16308.0
8858360.0,1577312.0,16324.0
8858360.0,1577312.0,16324.0
8858360.0,1577312.0,16324.0
8858360.0,1577312.0,16324.0
8858360.0,1577312.0,16324.0
8858360.0,1577312.0,16324.0
8858360.0,1577312.0,16324.0
8858360.0,1577312.0,16324.0
8858360.0,1577312.0,16324.0
8858360.0,1577312.0,16324.0
8858360.0,1577312.0,16324.0
8857550.4,1577350.4,16528.8
8857348.0,1577360.0,16580.0
8857348.0,1577360.0,16580.0
8857348.0,1577360.0,16580.0
8857348.0,1577360.0,16580.0
8931056.8,1577366.4,16682.4
8949484.0,1577368.0,16708.0
8949484.0,1577368.0,16708.0
8949484.0,1577368.0,16708.0
8949484.0,1577368.0,16708.0
8949484.0,1577368.0,16708.0
8949484.0,1577368.0,16708.0
8949484.0,1577368.0,16708.0
8949484.0,1577368.0,16708.0
8949484.0,1577368.0,16708.0
8949484.0,1577368.0,16708.0
8949484.0,1577368.0,16708.0
8949484.0,1577368.0,16708.0
8949823.7333,1577381.8667,16895.2
8949876.0,1577384.0,16924.0
8949876.0,1577384.0,16924.0
8949876.0,1577384.0,16924.0
8949876.0,1577384.0,16924.0
8949876.0,1577384.0,16924.0
8949876.0,1577384.0,16924.0
8949876.0,1577384.0,16924.0
8949876.0,1577384.0,16924.0
8949876.0,1577384.0,16924.0
8949876.0,1577384.0,16924.0
8949876.0,1577384.0,16924.0
8949652.0,1577425.0667,17185.333333
8949636.0,1577428.0,17204.0
8949636.0,1577428.0,17204.0
8949636.0,1577428.0,17204.0
8949636.0,1577428.0,17204.0
8949636.0,1577428.0,17204.0
8949636.0,1577428.0,17204.0
8949636.0,1577428.0,17204.0
8947256.0,1577416.0,17396.0
8947256.0,1577416.0,17396.0
8949328.0,1577428.0,17460.0
8949328.0,1577428.0,17460.0
8949328.0,1577428.0,17460.0
8949328.0,1577428.0,17460.0
8949328.0,1577428.0,17460.0
8949328.0,1577428.0,17460.0
8949328.0,1577428.0,17460.0
8949328.0,1577428.0,17460.0
8949328.0,1577428.0,17460.0
8949328.0,1577428.0,17460.0
8949328.0,1577428.0,17460.0
8949328.0,1577428.0,17460.0
8949544.0,1577436.0,17716.0
8949544.0,1577436.0,17716.0
8949544.0,1577436.0,17716.0
8949544.0,1577436.0,17716.0
8949544.0,1577436.0,17716.0
8949544.0,1577436.0,17716.0
8949544.0,1577436.0,17716.0
8949544.0,1577436.0,17716.0
8949544.0,1577436.0,17716.0
8949544.0,1577436.0,17716.0
8949544.0,1577436.0,17716.0
8949544.0,1577436.0,17716.0
8949525.6,1577441.6,17781.6
8949452.0,1577464.0,18044.0
8949044.0,1577464.0,18056.8
8947412.0,1577464.0,18108.0
8947412.0,1577464.0,18108.0
8947594.9333,1577467.2,18116.533333
8948784.0,1577488.0,18172.0
8948784.0,1577488.0,18172.0
8948784.0,1577488.0,18172.0
8948784.0,1577488.0,18172.0
8948784.0,1577488.0,18172.0
8948784.0,1577488.0,18172.0
8948784.0,1577488.0,18172.0
8948784.0,1577488.0,18172.0
8948784.0,1577488.0,18172.0
8948784.0,1577488.0,18172.0
8948784.0,1577488.0,18172.0
8948742.6667,1577501.3333,18252.0
8995905.3333,1577533.3333,18430.666667
9090396.0,1577544.0,18468.0
9090396.0,1577544.0,18468.0
9143554.4,1577550.4,18493.6
9223292.0,1577560.0,18532.0
9223292.0,1577560.0,18532.0
9223292.0,1577560.0,18532.0
9223292.0,1577560.0,18532.0
9223292.0,1577560.0,18532.0
9223292.0,1577560.0,18532.0
9223292.0,1577560.0,18532.0
9223292.0,1577560.0,18532.0
9223292.0,1577560.0,18532.0
9223292.0,1577560.0,18532.0
9222457.6,1577561.8667,18632.8
9221504.0,1577564.0,18748.0
9221504.0,1577564.0,18748.0
9222400.0,1577559.7333,18782.133333
9223184.0,1577556.0,18812.0
9223184.0,1577556.0,18812.0
9223184.0,1577556.0,18812.0
9223184.0,1577556.0,18812.0
9223184.0,1577556.0,18812.0
9223184.0,1577556.0,18812.0
9223184.0,1577556.0,18812.0
9223184.0,1577556.0,18812.0
9223184.0,1577556.0,18812.0
9223184.0,1577556.0,18812.0
9223184.0,1577556.0,18812.0
9223682.6667,1577580.0,18956.0
9223932.0,1577592.0,19028.0
9223932.0,1577592.0,19028.0
9223932.0,1577592.0,19028.0
9223932.0,1577592.0,19028.0
9223932.0,1577592.0,19028.0
9223932.0,1577592.0,19028.0
9223932.0,1577592.0,19028.0
9223932.0,1577592.0,19028.0
9222474.1333,1577603.7333,19204.0
9221944.0,1577608.0,19268.0
9221944.0,1577608.0,19268.0
9221944.0,1577608.0,19268.0
9221944.0,1577608.0,19268.0
9221492.2667,1577613.8667,19350.133333
9221328.0,1577616.0,19380.0
9221328.0,1577616.0,19380.0
9222122.6667,1577618.6667,19417.333333
9222520.0,1577620.0,19436.0
9222520.0,1577620.0,19436.0
9222520.0,1577620.0,19436.0
9222520.0,1577620.0,19436.0
9222520.0,1577620.0,19436.0
9222520.0,1577620.0,19436.0
9222520.0,1577620.0,19436.0
9222520.0,1577620.0,19436.0
9222520.0,1577620.0,19436.0
9222520.0,1577620.0,19436.0
9221248.0,1577624.8,19556.0
9220400.0,1577628.0,19636.0
9221571.2,1577628.0,19669.6
9222352.0,1577628.0,19692.0
9222352.0,1577628.0,19692.0
9222352.0,1577628.0,19692.0
9222352.0,1577628.0,19692.0
9222352.0,1577628.0,19692.0
9222352.0,1577628.0,19692.0
9222352.0,1577628.0,19692.0
9222352.0,1577628.0,19692.0
9222352.0,1577628.0,19692.0
9222352.0,1577628.0,19692.0
9222352.0,1577628.0,19692.0
9222443.7333,1577645.0667,19815.733333
9222524.0,1577660.0,19924.0
9222524.0,1577660.0,19924.0
9222524.0,1577660.0,19924.0
9222524.0,1577660.0,19924.0
9222524.0,1577660.0,19924.0
9222524.0,1577660.0,19924.0
9290142.1333,1577666.4,20013.6
9349308.0,1577672.0,20092.0
9349308.0,1577672.0,20092.0
9349308.0,1577672.0,20092.0
9349308.0,1577672.0,20092.0
9349308.0,1577672.0,20092.0
9349308.0,1577672.0,20092.0
9349308.0,1577672.0,20092.0
9348695.7333,1577674.1333,20198.666667
9348160.0,1577676.0,20292.0
9348160.0,1577676.0,20292.0
9349290.6667,1577676.0,20334.666667
9349856.0,1577676.0,20356.0
9349856.0,1577676.0,20356.0
9349856.0,1577676.0,20356.0
9349856.0,1577676.0,20356.0
9349856.0,1577676.0,20356.0
9349856.0,1577676.0,20356.0
9349856.0,1577676.0,20356.0
9349856.0,1577676.0,20356.0
9349856.0,1577676.0,20356.0
9349856.0,1577676.0,20356.0
9349856.0,1577676.0,20356.0
9349491.2,1577693.0667,20479.733333
9348412.5333,1577710.1333,20617.866667
9347748.0,1577712.0,20644.0
9347748.0,1577712.0,20644.0
9348533.8667,1577710.1333,20670.133333
9349432.0,1577708.0,20700.0
9349432.0,1577708.0,20700.0
9349432.0,1577708.0,20700.0
9349432.0,1577708.0,20700.0
9349432.0,1577708.0,20700.0
9349432.0,1577708.0,20700.0
9349432.0,1577708.0,20700.0
9349432.0,1577708.0,20700.0
9349432.0,1577708.0,20700.0
9349432.0,1577708.0,20700.0
9349432.0,1577708.0,20700.0
9349222.9333,1577719.2,20797.066667
9348984.0,1577732.0,20908.0
9348984.0,1577732.0,20908.0
9348984.0,1577732.0,20908.0
9348984.0,1577732.0,20908.0
9348984.0,1577732.0,20908.0
9348650.4,1577744.0,21008.8
9348428.0,1577752.0,21076.0
9348428.0,1577752.0,21076.0
9348428.0,1577752.0,21076.0
9348428.0,1577752.0,21076.0
9348428.0,1577752.0,21076.0
9348428.0,1577752.0,21076.0
9348428.0,1577752.0,21076.0
9348428.0,1577752.0,21076.0
9348428.0,1577752.0,21076.0
9348428.0,1577752.0,21076.0
9348428.0,1577752.0,21076.0
9348156.8,1577840.8,21224.8
9347976.0,1577900.0,21324.0
9347976.0,1577900.0,21324.0
9347976.0,1577900.0,21324.0
9347976.0,1577900.0,21324.0
9347976.0,1577900.0,21324.0
9347976.0,1577900.0,21324.0
9347976.0,1577900.0,21324.0
9347976.0,1577900.0,21324.0
9347976.0,1577900.0,21324.0
9347976.0,1577900.0,21324.0
9347976.0,1577900.0,21324.0
9348418.6667,1577924.0,21494.666667
9348640.0,1577936.0,21580.0
9348640.0,1577936.0,21580.0
9348640.0,1577936.0,21580.0
9348640.0,1577936.0,21580.0
9348640.0,1577936.0,21580.0
9348640.0,1577936.0,21580.0
9348640.0,1577936.0,21580.0
9439432.0,1577949.3333,21694.666667
9484828.0,1577956.0,21752.0
9484828.0,1577956.0,21752.0
