3845432.0,54708.0,1508.0
3447501.3333,137945.33333,2933.3333333
2651640.0,304420.0,5784.0
2651640.0,304420.0,5784.0
2648356.0,304537.33333,5808.0
2641788.0,304772.0,5856.0
2641788.0,304772.0,5856.0
2641788.0,304772.0,5856.0
2641788.0,304772.0,5856.0
2641085.3333,305073.33333,5952.0
2639680.0,305676.0,6144.0
2639680.0,305676.0,6144.0
2639680.0,305676.0,6144.0
2639680.0,305676.0,6144.0
2639680.0,305676.0,6144.0
2566085.3333,305701.33333,6186.6666667
2418896.0,305752.0,6272.0
2418896.0,305752.0,6272.0
2418896.0,305752.0,6272.0
2418896.0,305752.0,6272.0
2418896.0,305752.0,6272.0
2418896.0,305752.0,6272.0
2418896.0,305752.0,6272.0
2417025.6,305815.46667,6354.1333333
2414888.0,305888.0,6448.0
2415974.4,305891.73333,6474.1333333
2417216.0,305896.0,6504.0
2417216.0,305896.0,6504.0
2414918.1333,305901.6,6533.8666667
2412292.0,305908.0,6568.0
2412292.0,305908.0,6568.0
2412292.0,305908.0,6568.0
2412292.0,305908.0,6568.0
2412292.0,305908.0,6568.0
2412292.0,305908.0,6568.0
2412292.0,305908.0,6568.0
2412292.0,305908.0,6568.0
2412292.0,305908.0,6568.0
2412292.0,305908.0,6568.0
2412292.0,305908.0,6568.0
2411812.2667,305921.06667,6668.8
2411264.0,305936.0,6784.0
2411264.0,305936.0,6784.0
2411264.0,305936.0,6784.0
2411264.0,305936.0,6784.0
2411264.0,305936.0,6784.0
2411264.0,305936.0,6784.0
2407450.4,307487.2,7385.0666667
2403092.0,309260.0,8072.0
2403092.0,309260.0,8072.0
2403092.0,309260.0,8072.0
2403092.0,309260.0,8072.0
2403092.0,309260.0,8072.0
2403092.0,309260.0,8072.0
2403092.0,309260.0,8072.0
2403092.0,309260.0,8072.0
2403092.0,309260.0,8072.0
2403092.0,309260.0,8072.0
2401385.3333,309366.66667,8256.0
2400532.0,309420.0,8348.0
2400532.0,309420.0,8348.0
2400532.0,309420.0,8348.0
2400532.0,309420.0,8348.0
2396286.4,309424.8,8410.4
2393456.0,309428.0,8452.0
2393456.0,309428.0,8452.0
2391910.4,309512.0,8495.2
2390880.0,309568.0,8524.0
2392813.3333,309568.0,8556.0
2393780.0,309568.0,8572.0
2393780.0,309568.0,8572.0
2393780.0,309568.0,8572.0
2393780.0,309568.0,8572.0
2393780.0,309568.0,8572.0
2393780.0,309568.0,8572.0
2393780.0,309568.0,8572.0
2393780.0,309568.0,8572.0
2393780.0,309568.0,8572.0
2393780.0,309568.0,8572.0
2393780.0,309568.0,8572.0
2393854.4,309589.6,8725.6
2393904.0,309604.0,8828.0
2393904.0,309604.0,8828.0
2393904.0,309604.0,8828.0
2393904.0,309604.0,8828.0
2393904.0,309604.0,8828.0
2393904.0,309604.0,8828.0
2392481.0667,309618.93333,8921.8666667
2391236.0,309632.0,9004.0
2392127.7333,309636.26667,9038.1333333
2392908.0,309640.0,9068.0
2392908.0,309640.0,9068.0
2392908.0,309640.0,9068.0
2392908.0,309640.0,9068.0
2392908.0,309640.0,9068.0
2392908.0,309640.0,9068.0
2392908.0,309640.0,9068.0
2392908.0,309640.0,9068.0
2392908.0,309640.0,9068.0
2392908.0,309640.0,9068.0
2392908.0,309640.0,9068.0
2392276.8,309654.4,9221.6
2391856.0,309664.0,9324.0
2391856.0,309664.0,9324.0
2391856.0,309664.0,9324.0
2391856.0,309664.0,9324.0
2391856.0,309664.0,9324.0
2391856.0,309664.0,9324.0
2391856.0,309664.0,9324.0
2391856.0,309664.0,9324.0
2391856.0,309664.0,9324.0
2388668.8,309721.6,9453.6
2386544.0,309760.0,9540.0
2391322.6667,309828.26667,9640.2666667
2395504.0,309888.0,9728.0
2395504.0,309888.0,9728.0
2395504.0,309888.0,9728.0
2395504.0,309888.0,9728.0
2395504.0,309888.0,9728.0
2395504.0,309888.0,9728.0
2395504.0,309888.0,9728.0
2395504.0,309888.0,9728.0
2395504.0,309888.0,9728.0
2395504.0,309888.0,9728.0
3035017.6,306391.46667,9849.6
