vda,25.80,0.11,0.00,0,0
vda,37.00,0.13,0.01,0,0
vda,1.60,0.00,0.01,0,0
vda,116.60,0.53,0.19,2,0
vda,2.00,0.00,0.01,0,0
vda,2.20,0.00,0.01,0,0
vda,238.80,9.78,0.12,48,0
vda,14.40,0.04,0.02,0,0
vda,3.20,0.01,0.01,0,0
vda,54.00,0.00,1.49,0,7
vda,8.60,0.00,0.03,0,0
vda,0.00,0.00,0.00,0,0
vda,4.40,0.01,0.01,0,0
vda,1.40,0.00,0.01,0,0
vda,2.00,0.00,0.01,0,0
vda,1.60,0.00,0.01,0,0
vda,13.00,0.00,0.06,0,0
vda,30.60,0.00,0.13,0,0
vda,2.60,0.00,0.01,0,0
vda,1.40,0.00,0.01,0,0
vda,1.00,0.00,0.00,0,0
vda,4.40,0.00,0.02,0,0
vda,0.00,0.00,0.00,0,0
vda,1.40,0.00,0.01,0,0
vda,20.40,0.00,0.08,0,0
vda,1.40,0.00,0.01,0,0
vda,35.80,0.00,0.14,0,0
vda,0.20,0.00,0.00,0,0
vda,42.20,0.00,0.18,0,0
vda,1.20,0.00,0.00,0,0
vda,2.40,0.00,0.01,0,0
vda,42.20,0.00,0.17,0,0
vda,2.60,0.00,0.01,0,0
vda,0.00,0.00,0.00,0,0
vda,54.40,0.00,0.22,0,1
vda,2.00,0.00,0.01,0,0
vda,1.20,0.00,0.00,0,0
vda,35.20,0.00,0.15,0,0
vda,0.00,0.00,0.00,0,0
vda,2.20,0.00,0.01,0,0
vda,35.40,0.00,0.15,0,0
vda,0.80,0.00,0.00,0,0
vda,4.00,0.00,0.02,0,0
vda,1.60,0.00,0.01,0,0
vda,4.80,0.00,0.02,0,0
vda,0.00,0.00,0.00,0,0
vda,1.20,0.00,0.00,0,0
vda,38.40,0.00,0.16,0,0
vda,25.00,0.00,0.10,0,0
vda,1.40,0.00,0.01,0,0
vda,0.60,0.00,0.01,0,0
vda,2.60,0.00,0.01,0,0
