7966372.0,62516.0,2068.0
7253670.4,198694.4,3198.4
6778536.0,289480.0,3952.0
5392712.0,663024.0,3994.6666667
4699800.0,849796.0,4016.0
4699800.0,849796.0,4016.0
3578913.6,1161445.6,4049.6
2831656.0,1369212.0,4072.0
2831656.0,1369212.0,4072.0
2438995.2,1473775.2,4098.1333333
1990240.0,1593276.0,4128.0
1989363.2,1593276.0,4170.6666667
1988596.0,1593276.0,4208.0
1988596.0,1593276.0,4208.0
1988596.0,1593276.0,4208.0
1988596.0,1593276.0,4208.0
1988596.0,1593276.0,4208.0
1988596.0,1593276.0,4208.0
1988596.0,1593276.0,4208.0
1987436.0,1593297.3333,4341.3333333
1986856.0,1593308.0,4408.0
1986856.0,1593308.0,4408.0
1986856.0,1593308.0,4408.0
1986856.0,1593308.0,4408.0
1986856.0,1593308.0,4408.0
1986856.0,1593308.0,4408.0
1986856.0,1593308.0,4408.0
1986856.0,1593308.0,4408.0
1986856.0,1593308.0,4408.0
1986856.0,1593308.0,4408.0
1986800.5333,1593540.5333,4538.1333333
1986752.0,1593744.0,4652.0
1986752.0,1593744.0,4652.0
1986752.0,1593744.0,4652.0
1986752.0,1593744.0,4652.0
1986752.0,1593744.0,4652.0
1986752.0,1593744.0,4652.0
1986752.0,1593744.0,4652.0
1986752.0,1593744.0,4652.0
1986752.0,1593744.0,4652.0
1986752.0,1593744.0,4652.0
1986752.0,1593744.0,4652.0
1986192.0,1593752.0,4817.3333333
1985912.0,1593756.0,4900.0
1985912.0,1593756.0,4900.0
1985912.0,1593756.0,4900.0
1985912.0,1593756.0,4900.0
1985912.0,1593756.0,4900.0
1985912.0,1593756.0,4900.0
1984018.6667,1593766.6667,5017.3333333
1983072.0,1593772.0,5076.0
1983072.0,1593772.0,5076.0
1983072.0,1593772.0,5076.0
1983072.0,1593772.0,5076.0
1983072.0,1593772.0,5076.0
1983072.0,1593772.0,5076.0
1983072.0,1593772.0,5076.0
1983072.0,1593772.0,5076.0
1983072.0,1593772.0,5076.0
1983072.0,1593772.0,5076.0
1983072.0,1593772.0,5076.0
1982752.0,1593822.6667,5225.3333333
1982592.0,1593848.0,5300.0
1982592.0,1593848.0,5300.0
1982592.0,1593848.0,5300.0
1982592.0,1593848.0,5300.0
1982592.0,1593848.0,5300.0
1982592.0,1593848.0,5300.0
1982592.0,1593848.0,5300.0
1982592.0,1593848.0,5300.0
1982592.0,1593848.0,5300.0
1982592.0,1593848.0,5300.0
1982592.0,1593848.0,5300.0
1981992.0,1593869.3333,5470.6666667
1981692.0,1593880.0,5556.0
1981692.0,1593880.0,5556.0
1981692.0,1593880.0,5556.0
1981692.0,1593880.0,5556.0
1981692.0,1593880.0,5556.0
1981692.0,1593880.0,5556.0
1981692.0,1593880.0,5556.0
1981692.0,1593880.0,5556.0
1981692.0,1593880.0,5556.0
1981692.0,1593880.0,5556.0
1981692.0,1593880.0,5556.0
1982056.0,1593893.0667,5671.7333333
1982472.0,1593908.0,5804.0
1982472.0,1593908.0,5804.0
1982472.0,1593908.0,5804.0
1981759.4667,1593910.1333,5863.7333333
1981136.0,1593912.0,5916.0
1981136.0,1593912.0,5916.0
1981136.0,1593912.0,5916.0
1981136.0,1593912.0,5916.0
1981136.0,1593912.0,5916.0
1981136.0,1593912.0,5916.0
1981136.0,1593912.0,5916.0
1981136.0,1593912.0,5916.0
1981136.0,1593912.0,5916.0
1981136.0,1593912.0,5916.0
1981136.0,1593912.0,5916.0
1980971.7333,1593982.4,6026.9333333
1980828.0,1594044.0,6124.0
1980828.0,1594044.0,6124.0
1980828.0,1594044.0,6124.0
1980828.0,1594044.0,6124.0
1980828.0,1594044.0,6124.0
1980828.0,1594044.0,6124.0
1980828.0,1594044.0,6124.0
1980828.0,1594044.0,6124.0
1980828.0,1594044.0,6124.0
1980828.0,1594044.0,6124.0
1980828.0,1594044.0,6124.0
1980770.1333,1594064.5333,6277.0666667
1980704.0,1594088.0,6452.0
2029542.4,1594092.2667,6486.1333333
2072276.0,1594096.0,6516.0
2072276.0,1594096.0,6516.0
2072276.0,1594096.0,6516.0
2072276.0,1594096.0,6516.0
2072276.0,1594096.0,6516.0
2072276.0,1594096.0,6516.0
2072276.0,1594096.0,6516.0
2072276.0,1594096.0,6516.0
2072276.0,1594096.0,6516.0
2072276.0,1594096.0,6516.0
2072276.0,1594096.0,6516.0
2072437.6,1594099.2,6621.6
2072680.0,1594104.0,6780.0
2072680.0,1594104.0,6780.0
2072680.0,1594104.0,6780.0
2072680.0,1594104.0,6780.0
2072680.0,1594104.0,6780.0
2072680.0,1594104.0,6780.0
2072680.0,1594104.0,6780.0
2072680.0,1594104.0,6780.0
2072680.0,1594104.0,6780.0
2072680.0,1594104.0,6780.0
2072680.0,1594104.0,6780.0
2072340.8,1594110.4,6861.0666667
2071408.0,1594128.0,7084.0
2071408.0,1594128.0,7084.0
2071408.0,1594128.0,7084.0
2071408.0,1594128.0,7084.0
2071149.3333,1594129.6,7100.5333333
2069468.0,1594140.0,7208.0
2069468.0,1594140.0,7208.0
2102992.2667,1594140.0,7217.6
2320900.0,1594140.0,7280.0
2320900.0,1594140.0,7280.0
2330745.3333,1594140.5333,7288.5333333
2394740.0,1594144.0,7344.0
2394740.0,1594144.0,7344.0
2394740.0,1594144.0,7344.0
2394740.0,1594144.0,7344.0
2394740.0,1594144.0,7344.0
2394740.0,1594144.0,7344.0
2394740.0,1594144.0,7344.0
2394740.0,1594144.0,7344.0
2394740.0,1594144.0,7344.0
2394740.0,1594144.0,7344.0
2394740.0,1594144.0,7344.0
2394740.0,1594144.0,7344.0
2394464.0,1594176.0,7596.0
2394464.0,1594176.0,7596.0
2394464.0,1594176.0,7596.0
2394464.0,1594176.0,7596.0
2394464.0,1594176.0,7596.0
2394464.0,1594176.0,7596.0
2394464.0,1594176.0,7596.0
2394464.0,1594176.0,7596.0
2394464.0,1594176.0,7596.0
2394464.0,1594176.0,7596.0
2394464.0,1594176.0,7596.0
2394217.8667,1594363.2,7852.5333333
2394180.0,1594392.0,7892.0
2394180.0,1594392.0,7892.0
2394180.0,1594392.0,7892.0
2394180.0,1594392.0,7892.0
2394180.0,1594392.0,7892.0
2394180.0,1594392.0,7892.0
2394180.0,1594392.0,7892.0
2562996.0,1594414.4,8026.4
2605200.0,1594420.0,8060.0
2605200.0,1594420.0,8060.0
2605200.0,1594420.0,8060.0
2605200.0,1594420.0,8060.0
2605200.0,1594420.0,8060.0
2605200.0,1594420.0,8060.0
2605200.0,1594420.0,8060.0
2605200.0,1594420.0,8060.0
2605200.0,1594420.0,8060.0
2605200.0,1594420.0,8060.0
2601180.0,1596856.0,8792.0
2601180.0,1596856.0,8792.0
2601180.0,1596856.0,8792.0
2601180.0,1596856.0,8792.0
2601180.0,1596856.0,8792.0
2601180.0,1596856.0,8792.0
2601180.0,1596856.0,8792.0
2601180.0,1596856.0,8792.0
2601180.0,1596856.0,8792.0
2601180.0,1596856.0,8792.0
2601180.0,1596856.0,8792.0
2601217.8667,1596859.7333,8822.4
2601464.0,1596884.0,9020.0
2601464.0,1596884.0,9020.0
2601464.0,1596884.0,9020.0
2601464.0,1596884.0,9020.0
2601464.0,1596884.0,9020.0
2601464.0,1596884.0,9020.0
2601464.0,1596884.0,9020.0
2601464.0,1596884.0,9020.0
2601464.0,1596884.0,9020.0
2601464.0,1596884.0,9020.0
2601464.0,1596884.0,9020.0
2647173.6,1596889.6,9079.2
2830012.0,1596912.0,9316.0
2830012.0,1596912.0,9316.0
2829837.0667,1596911.4667,9324.5333333
2828700.0,1596908.0,9380.0
2828700.0,1596908.0,9380.0
2828700.0,1596908.0,9380.0
2828700.0,1596908.0,9380.0
2828700.0,1596908.0,9380.0
2829980.0,1596924.0,9508.0
2829980.0,1596924.0,9508.0
2829980.0,1596924.0,9508.0
2829980.0,1596924.0,9508.0
2829980.0,1596924.0,9508.0
2829980.0,1596924.0,9508.0
2829980.0,1596924.0,9508.0
2829980.0,1596924.0,9508.0
2829980.0,1596924.0,9508.0
2829980.0,1596924.0,9508.0
2829980.0,1596924.0,9508.0
2829980.0,1596924.0,9508.0
2829490.9333,1596953.8667,9754.4
2829456.0,1596956.0,9772.0
2829456.0,1596956.0,9772.0
2829456.0,1596956.0,9772.0
2829456.0,1596956.0,9772.0
2829456.0,1596956.0,9772.0
2829456.0,1596956.0,9772.0
2829456.0,1596956.0,9772.0
2829456.0,1596956.0,9772.0
2829456.0,1596956.0,9772.0
2829456.0,1596956.0,9772.0
2829456.0,1596956.0,9772.0
2940230.4,1596970.6667,9977.3333333
2980512.0,1596976.0,10052.0
2980512.0,1596976.0,10052.0
3070602.6667,1596981.3333,10089.333333
3115648.0,1596984.0,10108.0
3115648.0,1596984.0,10108.0
3115648.0,1596984.0,10108.0
3115648.0,1596984.0,10108.0
3115648.0,1596984.0,10108.0
3115648.0,1596984.0,10108.0
3115648.0,1596984.0,10108.0
3115648.0,1596984.0,10108.0
3115648.0,1596984.0,10108.0
3115648.0,1596984.0,10108.0
3115648.0,1596984.0,10108.0
3115684.0,1596993.6,10252.0
3115708.0,1597000.0,10348.0
3115708.0,1597000.0,10348.0
3115708.0,1597000.0,10348.0
3115708.0,1597000.0,10348.0
3115708.0,1597000.0,10348.0
3115708.0,1597000.0,10348.0
3115708.0,1597000.0,10348.0
3115708.0,1597000.0,10348.0
3115708.0,1597000.0,10348.0
3115708.0,1597000.0,10348.0
3115708.0,1597000.0,10348.0
3115662.4,1597052.8,10535.2
3115632.0,1597088.0,10660.0
3115632.0,1597088.0,10660.0
3115632.0,1597088.0,10660.0
3115632.0,1597088.0,10660.0
3115632.0,1597088.0,10660.0
3115632.0,1597088.0,10660.0
3171674.9333,1597101.0667,10742.133333
3235724.0,1597116.0,10836.0
3235724.0,1597116.0,10836.0
3327048.8,1597116.0,10869.6
3387932.0,1597116.0,10892.0
3387932.0,1597116.0,10892.0
3387932.0,1597116.0,10892.0
3387932.0,1597116.0,10892.0
3387932.0,1597116.0,10892.0
3387932.0,1597116.0,10892.0
3387932.0,1597116.0,10892.0
3387932.0,1597116.0,10892.0
3387932.0,1597116.0,10892.0
3387932.0,1597116.0,10892.0
3387932.0,1597116.0,10892.0
3388196.5333,1597122.4,11020.0
3388428.0,1597128.0,11132.0
3388428.0,1597128.0,11132.0
3388428.0,1597128.0,11132.0
3388428.0,1597128.0,11132.0
3388428.0,1597128.0,11132.0
3388428.0,1597128.0,11132.0
3388428.0,1597128.0,11132.0
3388428.0,1597128.0,11132.0
3388428.0,1597128.0,11132.0
3388428.0,1597128.0,11132.0
3388428.0,1597128.0,11132.0
3387666.4,1597215.4667,11294.133333
3387000.0,1597292.0,11436.0
3387000.0,1597292.0,11436.0
3387000.0,1597292.0,11436.0
3387000.0,1597292.0,11436.0
3387000.0,1597292.0,11436.0
3387000.0,1597292.0,11436.0
3387000.0,1597292.0,11436.0
3464948.2667,1597295.7333,11514.4
3554032.0,1597300.0,11604.0
3554032.0,1597300.0,11604.0
3570496.0,1597300.0,11633.866667
3589312.0,1597300.0,11668.0
3589312.0,1597300.0,11668.0
3589312.0,1597300.0,11668.0
3589312.0,1597300.0,11668.0
3589312.0,1597300.0,11668.0
3589312.0,1597300.0,11668.0
3589312.0,1597300.0,11668.0
3589312.0,1597300.0,11668.0
3589312.0,1597300.0,11668.0
3589312.0,1597300.0,11668.0
3588292.2667,1597314.9333,11791.733333
3587400.0,1597328.0,11900.0
3588054.9333,1597321.6,11934.133333
3588628.0,1597316.0,11964.0
3588628.0,1597316.0,11964.0
3588628.0,1597316.0,11964.0
3588628.0,1597316.0,11964.0
3588628.0,1597316.0,11964.0
3588628.0,1597316.0,11964.0
3588628.0,1597316.0,11964.0
3588628.0,1597316.0,11964.0
3588628.0,1597316.0,11964.0
3588628.0,1597316.0,11964.0
3588628.0,1597316.0,11964.0
3588648.5333,1597383.4667,12151.733333
3588656.0,1597408.0,12220.0
3588656.0,1597408.0,12220.0
3588656.0,1597408.0,12220.0
3588656.0,1597408.0,12220.0
3588656.0,1597408.0,12220.0
3588656.0,1597408.0,12220.0
5857417.6,1592169.6,12360.8
6424608.0,1590860.0,12396.0
