7714220.0,132656.0,3988.0
7714220.0,132656.0,3988.0
7432080.8,178802.4,4000.8
6303524.0,363388.0,4052.0
6303524.0,363388.0,4052.0
6303524.0,363388.0,4052.0
6303524.0,363388.0,4052.0
6303524.0,363388.0,4052.0
6303524.0,363388.0,4052.0
6303524.0,363388.0,4052.0
6243150.4,363416.8,4088.8
6001656.0,363532.0,4236.0
6001656.0,363532.0,4236.0
6001060.8,363534.4,4250.4
5998680.0,363544.0,4308.0
5998680.0,363544.0,4308.0
5998680.0,363544.0,4308.0
5998680.0,363544.0,4308.0
5998680.0,363544.0,4308.0
5998680.0,363544.0,4308.0
5998680.0,363544.0,4308.0
5998680.0,363544.0,4308.0
5992308.0,364360.0,4644.0
5992308.0,364360.0,4644.0
5993536.0,364364.0,4720.0
5993536.0,364364.0,4720.0
5993536.0,364364.0,4720.0
5993536.0,364364.0,4720.0
5993536.0,364364.0,4720.0
5993536.0,364364.0,4720.0
5993536.0,364364.0,4720.0
5993536.0,364364.0,4720.0
5993536.0,364364.0,4720.0
5993536.0,364364.0,4720.0
5993536.0,364364.0,4720.0
5993488.5333,364374.13333,4737.0666667
5992824.0,364516.0,4976.0
5992824.0,364516.0,4976.0
5985660.0,364524.0,5024.0
5985660.0,364524.0,5024.0
5985660.0,364524.0,5024.0
5985660.0,364524.0,5024.0
5985660.0,364524.0,5024.0
5985660.0,364524.0,5024.0
5985660.0,364524.0,5024.0
5985660.0,364524.0,5024.0
5985660.0,364524.0,5024.0
5985660.0,364524.0,5024.0
5985660.0,364524.0,5024.0
5985660.0,364524.0,5024.0
5985413.6,364542.66667,5240.5333333
5985396.0,364544.0,5256.0
5985396.0,364544.0,5256.0
5985396.0,364544.0,5256.0
5874171.4667,364547.46667,5360.0
5857060.0,364548.0,5376.0
5854554.4,364544.8,5440.0
5853928.0,364544.0,5456.0
5853928.0,364544.0,5456.0
5853928.0,364544.0,5456.0
5853928.0,364544.0,5456.0
5852619.2,364566.4,5545.6
5852292.0,364572.0,5568.0
5852292.0,364572.0,5568.0
5850599.4667,366114.93333,5878.9333333
5849984.0,366676.0,5992.0
5849984.0,366676.0,5992.0
5849984.0,366676.0,5992.0
5849984.0,366676.0,5992.0
5849984.0,366676.0,5992.0
5849984.0,366676.0,5992.0
5849984.0,366676.0,5992.0
5843200.0,366791.2,6129.6
5841504.0,366820.0,6164.0
5841504.0,366820.0,6164.0
5842539.4667,366825.86667,6210.9333333
5842916.0,366828.0,6228.0
5842916.0,366828.0,6228.0
5842916.0,366828.0,6228.0
5842916.0,366828.0,6228.0
5842916.0,366828.0,6228.0
5842916.0,366828.0,6228.0
5842916.0,366828.0,6228.0
5842916.0,366828.0,6228.0
5842916.0,366828.0,6228.0
5842916.0,366828.0,6228.0
5842916.0,366828.0,6228.0
5841709.6,366966.66667,6432.5333333
5841524.0,366988.0,6464.0
5841524.0,366988.0,6464.0
5841524.0,366988.0,6464.0
7302672.8,361733.6,6566.4
