vda,51.20,0.19,0.01,0,0
vda,6.00,0.02,0.00,0,0
vda,2.20,0.00,0.01,0,0
vda,49.00,0.00,0.20,0,1
vda,2.40,0.00,0.01,0,0
vda,73.60,0.57,0.01,2,0
vda,330.20,13.17,1.52,65,7
vda,102.40,11.35,0.00,56,0
vda,121.80,12.24,0.01,61,0
vda,127.60,11.56,0.01,57,0
vda,123.80,15.20,0.01,76,0
vda,91.80,11.33,0.00,56,0
vda,102.40,12.78,0.00,63,0
vda,141.00,13.98,0.12,69,0
vda,119.00,13.73,0.04,68,0
vda,114.00,5.58,0.27,27,1
vda,108.60,13.10,0.01,65,0
vda,65.60,8.08,0.00,40,0
vda,104.40,6.48,0.22,32,1
vda,118.40,14.48,0.01,72,0
vda,111.40,13.75,0.01,68,0
vda,131.80,8.05,0.27,40,1
vda,34.40,4.00,0.01,20,0
vda,98.20,12.08,0.01,60,0
vda,46.00,0.00,0.19,0,0
vda,1.80,0.00,0.01,0,0
vda,3.20,0.00,0.01,0,0
vda,52.40,0.00,0.22,0,1
vda,2.40,0.00,0.01,0,0
vda,1.40,0.00,0.01,0,0
vda,45.20,0.00,0.18,0,0
vda,3.00,0.00,0.01,0,0
vda,1.40,0.00,0.01,0,0
vda,50.60,0.12,0.19,0,0
vda,35.60,0.01,0.14,0,0
vda,1.80,0.00,0.01,0,0
vda,0.20,0.00,0.00,0,0
vda,53.40,0.00,0.22,0,1
vda,1.40,0.00,0.01,0,0
vda,0.60,0.00,0.00,0,0
vda,46.80,0.00,0.19,0,0
vda,1.40,0.00,0.01,0,0
vda,0.60,0.00,0.00,0,0
vda,49.00,0.00,0.20,0,1
vda,1.60,0.00,0.01,0,0
vda,0.00,0.00,0.00,0,0
vda,2.20,0.00,0.01,0,0
vda,8.80,0.00,0.04,0,0
vda,0.00,0.00,0.00,0,0
vda,2.80,0.00,0.01,0,0
vda,20.00,0.00,0.09,0,0
vda,0.60,0.00,0.00,0,0
vda,52.00,0.00,0.21,0,1
vda,1.20,0.00,0.00,0,0
vda,5.00,0.00,0.02,0,0
vda,0.20,0.00,0.00,0,0
vda,1.80,0.00,0.01,0,0
vda,1.00,0.00,0.00,0,0
vda,20.80,0.00,0.09,0,0
vda,1.20,0.00,0.00,0,0
vda,0.60,0.00,0.00,0,0
vda,59.00,0.00,0.24,0,1
vda,1.40,0.00,0.01,0,0
vda,0.60,0.00,0.00,0,0
vda,2.40,0.00,0.01,0,0
vda,13.60,0.00,0.06,0,0
vda,0.60,0.00,0.01,0,0
vda,2.80,0.00,0.01,0,0
vda,1.40,0.00,0.01,0,0
vda,0.40,0.00,0.00,0,0
vda,52.00,0.00,0.21,0,1
vda,1.40,0.00,0.01,0,0
vda,7.60,0.00,0.03,0,0
vda,20.60,0.00,0.09,0,0
vda,1.40,0.00,0.01,0,0
vda,0.60,0.00,0.00,0,0
vda,4.60,0.01,0.02,0,0
vda,1.00,0.00,0.00,0,0
vda,0.40,0.00,0.00,0,0
vda,35.20,0.00,0.14,0,0
vda,20.00,0.05,0.07,0,0
vda,20.80,0.38,0.01,1,0
vda,2.80,0.00,0.01,0,0
vda,12.40,0.00,0.06,0,0
vda,0.00,0.00,0.00,0,0
vda,2.80,0.00,0.01,0,0
vda,3.20,0.00,0.01,0,0
vda,13.80,0.00,0.06,0,0
vda,51.80,0.00,0.21,0,1
vda,1.20,0.00,0.00,0,0
vda,1.20,0.00,0.00,0,0
vda,2.40,0.00,0.01,0,0
vda,8.60,0.00,0.04,0,0
vda,1.40,0.00,0.00,0,0
vda,2.00,0.00,0.01,0,0
vda,18.00,0.00,0.07,0,0
vda,4.40,0.00,0.02,0,0
vda,50.00,0.00,0.20,0,0
vda,1.80,0.00,0.01,0,0
vda,0.40,0.00,0.00,0,0
vda,2.20,0.00,0.01,0,0
vda,1.20,0.00,0.00,0,0
vda,12.20,0.00,0.05,0,0
vda,10.40,0.00,0.05,0,0
vda,1.40,0.00,0.01,0,0
vda,1.20,0.00,0.00,0,0
vda,53.00,0.00,0.21,0,1
vda,1.60,0.00,0.01,0,0
vda,0.00,0.00,0.00,0,0
vda,2.80,0.00,0.01,0,0
vda,19.40,0.00,0.08,0,0
vda,0.80,0.00,0.00,0,0
vda,9.40,0.00,0.04,0,0
vda,1.60,0.00,0.01,0,0
vda,44.60,0.00,0.18,0,0
vda,2.40,0.00,0.01,0,0
vda,0.00,0.00,0.00,0,0
vda,57.80,0.00,0.24,0,1
vda,2.80,0.00,0.01,0,0
vda,1.20,0.00,0.00,0,0
vda,63.00,0.00,0.25,0,1
vda,2.60,0.00,0.01,0,0
vda,1.20,0.00,0.00,0,0
vda,45.20,0.00,0.18,0,0
vda,5.00,0.00,0.02,0,0
vda,1.00,0.00,0.00,0,0
vda,51.80,0.00,0.21,0,1
vda,8.20,0.02,0.01,0,0
vda,4.20,0.06,0.01,0,0
vda,118.80,0.07,0.41,0,2
vda,0.00,0.00,0.00,0,0
vda,1.20,0.00,0.00,0,0
vda,45.60,0.00,0.18,0,0
vda,2.40,0.00,0.01,0,0
vda,1.20,0.00,0.00,0,0
vda,56.20,0.00,0.23,0,1
vda,1.20,0.00,0.00,0,0
vda,1.40,0.00,0.00,0,0
vda,51.00,0.00,0.21,0,1
vda,2.40,0.00,0.01,0,0
vda,1.20,0.00,0.00,0,0
vda,69.60,0.00,0.28,0,1
vda,1.40,0.00,0.01,0,0
vda,1.20,0.00,0.00,0,0
vda,46.60,0.00,0.19,0,0
vda,2.00,0.00,0.01,0,0
vda,3.00,0.00,0.01,0,0
vda,2.60,0.00,0.01,0,0
vda,0.00,0.00,0.00,0,0
vda,1.20,0.00,0.00,0,0
vda,0.80,0.00,0.00,0,0
vda,4.20,0.00,0.02,0,0
vda,25.00,0.00,0.10,0,0
vda,50.60,0.00,0.20,0,1
vda,86.80,1.26,0.02,6,0
vda,3.60,0.00,0.01,0,0
vda,7.40,0.05,0.00,0,0
vda,23.80,0.08,0.01,0,0
vda,4.80,0.00,0.03,0,0
vda,13.60,0.02,0.05,0,0
vda,2.80,0.01,0.01,0,0
vda,23.40,0.00,0.11,0,0
vda,36.80,0.00,0.15,0,0
vda,1.60,0.00,0.01,0,0
vda,1.40,0.00,0.01,0,0
vda,6.60,0.02,0.03,0,0
vda,1.00,0.00,0.00,0,0
vda,154.80,2.09,0.09,10,0
vda,6.80,0.00,0.04,0,0
vda,5.40,0.00,0.02,0,0
vda,90.20,0.37,0.37,1,1
vda,2.20,0.02,0.00,0,0
vda,2.60,0.00,0.01,0,0
vda,1.60,0.00,0.01,0,0
vda,13.00,0.00,0.05,0,0
vda,5.60,0.00,0.05,0,0
vda,4.20,0.00,0.02,0,0
vda,71.60,0.00,0.29,0,1
vda,4.20,0.00,0.02,0,0
vda,1.20,0.00,0.00,0,0
vda,44.40,0.00,0.18,0,0
vda,2.40,0.00,0.01,0,0
vda,1.20,0.00,0.00,0,0
vda,47.60,0.00,0.19,0,0
vda,1.40,0.00,0.01,0,0
vda,1.60,0.00,0.01,0,0
vda,0.00,0.00,0.00,0,0
vda,2.40,0.00,0.01,0,0
vda,1.20,0.00,0.00,0,0
vda,0.40,0.00,0.00,0,0
vda,10.60,0.00,0.05,0,0
vda,68.80,0.00,0.28,0,1
vda,5.20,0.02,0.02,0,0
vda,1.00,0.00,0.00,0,0
vda,0.00,0.00,0.00,0,0
vda,1.20,0.00,0.00,0,0
vda,54.80,0.00,0.23,0,1
vda,1.60,0.00,0.01,0,0
vda,0.00,0.00,0.00,0,0
vda,2.20,0.00,0.01,0,0
vda,0.00,0.00,0.00,0,0
vda,3.60,0.00,0.01,0,0
vda,3.00,0.00,0.01,0,0
vda,18.80,0.00,0.07,0,0
vda,53.60,0.00,0.21,0,1
vda,1.20,0.00,0.00,0,0
vda,1.00,0.00,0.02,0,0
vda,56.60,0.00,0.23,0,1
vda,4.60,0.00,0.02,0,0
vda,1.40,0.00,0.01,0,0
vda,47.60,0.01,0.19,0,0
vda,3.60,0.00,0.01,0,0
vda,1.60,0.00,0.01,0,0
vda,75.20,0.00,0.30,0,1
vda,2.60,0.00,0.01,0,0
vda,0.00,0.00,0.00,0,0
vda,45.60,0.00,0.19,0,0
vda,2.40,0.00,0.01,0,0
vda,1.40,0.00,0.01,0,0
vda,44.40,0.00,0.18,0,0
vda,3.60,0.00,0.01,0,0
vda,0.00,0.00,0.00,0,0
vda,53.80,0.00,0.22,0,1
vda,2.40,0.00,0.01,0,0
vda,0.00,0.00,0.00,0,0
vda,69.40,0.00,0.27,0,1
vda,2.40,0.00,0.01,0,0
vda,0.00,0.00,0.00,0,0
vda,46.20,0.00,0.18,0,0
vda,4.40,0.00,0.02,0,0
vda,1.80,0.00,0.01,0,0
vda,55.29,0.00,0.22,0,1
vda,1.40,0.00,0.01,0,0
vda,0.00,0.00,0.00,0,0
vda,46.20,0.00,0.18,0,0
vda,2.40,0.00,0.01,0,0
vda,0.60,0.00,0.00,0,0
vda,69.00,0.00,0.27,0,1
vda,5.40,0.01,0.02,0,0
vda,1.60,0.00,0.01,0,0
vda,52.40,0.00,0.21,0,1
vda,2.60,0.00,0.01,0,0
vda,0.80,0.00,0.00,0,0
vda,48.80,0.00,0.20,0,0
vda,0.20,0.00,0.00,0,0
vda,0.80,0.00,0.00,0,0
vda,46.00,0.00,0.19,0,0
vda,5.20,0.03,0.01,0,0
vda,2.00,0.00,0.01,0,0
vda,107.00,0.00,0.43,0,2
vda,2.60,0.00,0.01,0,0
vda,0.00,0.00,0.00,0,0
vda,47.00,0.00,0.19,0,0
vda,2.40,0.00,0.01,0,0
vda,0.80,0.00,0.00,0,0
vda,46.80,0.00,0.19,0,0
vda,1.40,0.00,0.01,0,0
vda,0.60,0.00,0.00,0,0
vda,56.00,0.00,0.23,0,1
vda,2.60,0.00,0.01,0,0
vda,0.00,0.00,0.00,0,0
vda,71.00,0.00,0.29,0,1
vda,1.40,0.00,0.01,0,0
vda,0.80,0.00,0.00,0,0
vda,46.80,0.00,0.19,0,0
vda,1.40,0.00,0.01,0,0
vda,12.80,0.00,0.05,0,0
vda,8.60,0.00,0.05,0,0
vda,50.80,0.00,0.21,0,1
vda,2.20,0.00,0.01,0,0
vda,2.00,0.00,0.01,0,0
vda,46.00,0.00,0.19,0,0
vda,1.60,0.00,0.01,0,0
vda,2.20,0.00,0.01,0,0
vda,68.40,0.00,0.27,0,1
vda,1.80,0.02,0.01,0,0
vda,3.40,0.00,0.01,0,0
vda,54.80,0.00,0.22,0,1
vda,1.80,0.00,0.01,0,0
vda,2.00,0.00,0.01,0,0
vda,45.40,0.00,0.18,0,0
vda,1.40,0.00,0.01,0,0
vda,2.20,0.00,0.01,0,0
vda,45.20,0.00,0.18,0,0
vda,1.60,0.00,0.01,0,0
vda,2.20,0.00,0.01,0,0
vda,68.60,0.00,0.27,0,1
vda,3.20,0.00,0.01,0,0
vda,2.60,0.00,0.01,0,0
vda,0.00,0.00,0.00,0,0
vda,1.20,0.00,0.00,0,0
vda,1.40,0.00,0.01,0,0
vda,2.80,0.00,0.01,0,0
vda,22.00,0.00,0.09,0,0
vda,34.40,0.00,0.14,0,0
vda,1.20,0.00,0.00,0,0
vda,0.20,0.00,0.00,0,0
vda,82.20,0.02,0.35,0,1
vda,0.20,0.00,0.00,0,0
vda,1.00,0.00,0.00,0,0
vda,2.20,0.00,0.01,0,0
vda,0.00,0.00,0.00,0,0
vda,1.40,0.00,0.00,0,0
vda,13.80,0.00,0.05,0,0
vda,10.80,0.00,0.05,0,0
vda,0.00,0.00,0.00,0,0
