vda,65.60,0.26,0.00,1,0
vda,9.40,0.02,0.01,0,0
vda,227.60,2.69,0.06,13,0
vda,81.00,0.69,0.29,3,1
vda,3.40,0.00,0.01,0,0
vda,1.20,0.00,0.00,0,0
vda,281.80,13.54,0.03,67,0
vda,158.20,11.98,1.53,59,7
vda,98.80,12.32,0.00,61,0
vda,120.80,14.93,0.00,74,0
vda,88.80,10.85,0.01,54,0
vda,85.20,9.80,0.00,48,0
vda,174.20,15.17,0.22,75,1
vda,124.80,15.32,0.01,76,0
vda,25.80,3.08,0.00,15,0
vda,181.20,14.55,0.26,72,1
vda,115.57,14.16,0.01,70,0
vda,120.20,14.85,0.00,74,0
vda,98.60,5.40,0.23,27,1
vda,112.40,14.03,0.00,70,0
vda,116.00,12.39,0.06,61,0
vda,4.00,0.00,0.01,0,0
vda,140.80,11.40,0.21,57,1
vda,113.60,13.50,0.06,67,0
vda,114.20,13.80,0.01,69,0
vda,104.20,12.75,0.01,63,0
vda,1.20,0.00,0.00,0,0
vda,151.00,7.17,0.37,35,1
vda,109.60,13.70,0.00,68,0
vda,99.40,12.28,0.00,61,0
vda,111.40,13.78,0.00,68,0
vda,24.80,2.83,0.01,14,0
vda,5.80,0.70,0.00,3,0
vda,103.00,12.68,0.01,63,0
vda,166.00,14.72,0.20,73,0
vda,5.00,0.40,0.01,2,0
vda,19.60,1.34,0.01,6,0
vda,115.40,14.10,0.01,70,0
vda,118.40,14.78,0.00,73,0
vda,117.00,14.42,0.01,72,0
vda,115.40,14.12,0.01,70,0
vda,49.00,6.10,0.00,30,0
vda,19.80,0.00,0.08,0,0
vda,91.40,4.08,0.24,20,1
vda,12.20,1.45,0.00,7,0
vda,29.60,2.76,0.02,13,0
vda,10.00,1.15,0.00,5,0
vda,17.00,2.08,0.00,10,0
vda,15.80,1.80,0.01,9,0
vda,20.60,0.00,0.09,0,0
vda,6.80,0.78,0.00,3,0
vda,1.60,0.00,0.01,0,0
vda,65.00,0.75,0.24,3,1
vda,11.60,1.32,0.00,6,0
vda,6.20,0.60,0.00,3,0
vda,2.20,0.00,0.01,0,0
vda,15.60,1.16,0.01,5,0
vda,19.60,0.47,0.07,2,0
vda,4.80,0.59,0.00,2,0
vda,1.40,0.00,0.01,0,0
vda,1.40,0.00,0.00,0,0
vda,51.80,0.00,0.21,0,1
vda,67.00,1.07,0.06,5,0
vda,12.60,0.06,0.05,0,0
vda,50.60,0.15,0.09,0,0
vda,10.40,0.16,0.02,0,0
vda,2.40,0.00,0.01,0,0
vda,55.60,0.00,0.23,0,1
vda,2.20,0.00,0.01,0,0
vda,2.20,0.00,0.01,0,0
vda,46.40,0.00,0.19,0,0
vda,0.20,0.00,0.00,0,0
vda,1.40,0.00,0.00,0,0
