3727672.5333,64830.933333,1822.9333333
2782368.0,264764.0,4364.0
2782368.0,264764.0,4364.0
2554571.7333,332229.6,4372.5333333
1073896.0,770756.0,4428.0
1026785.6,745796.0,4423.7333333
720568.0,583556.0,4396.0
720568.0,583556.0,4396.0
720568.0,583556.0,4396.0
720568.0,583556.0,4396.0
720568.0,583556.0,4396.0
720403.46667,583570.13333,4402.9333333
718100.0,583768.0,4500.0
718100.0,583768.0,4500.0
718100.0,583768.0,4500.0
718100.0,583768.0,4500.0
718100.0,583768.0,4500.0
718100.0,583768.0,4500.0
718100.0,583768.0,4500.0
718006.4,583783.73333,4512.2666667
716696.0,584004.0,4684.0
716696.0,584004.0,4684.0
716696.0,584004.0,4684.0
716696.0,584004.0,4684.0
716696.0,584004.0,4684.0
716696.0,584004.0,4684.0
716696.0,584004.0,4684.0
716696.0,584004.0,4684.0
716696.0,584004.0,4684.0
716696.0,584004.0,4684.0
718804.0,585276.0,5316.0
718804.0,585276.0,5316.0
718804.0,585276.0,5316.0
805516.0,585336.0,5380.0
805516.0,585336.0,5380.0
805516.0,585336.0,5380.0
801924.53333,588615.46667,5588.0
801372.0,589120.0,5620.0
978078.4,589130.4,5661.6
1005264.0,589132.0,5668.0
1005264.0,589132.0,5668.0
1005264.0,589132.0,5668.0
1005264.0,589132.0,5668.0
1005264.0,589132.0,5668.0
1005264.0,589132.0,5668.0
1005264.0,589132.0,5668.0
3151019.7333,595990.13333,5862.1333333
3304288.0,596480.0,5876.0
