3851280.0,52096.0,1472.0
3851280.0,52096.0,1472.0
3791064.0,63908.0,2007.2
3550200.0,111156.0,4148.0
3550200.0,111156.0,4148.0
3548672.5333,111161.33333,4167.2
3544472.0,111176.0,4220.0
3544472.0,111176.0,4220.0
3544472.0,111176.0,4220.0
3544472.0,111176.0,4220.0
3535738.4,111177.6,4245.6
3500804.0,111184.0,4348.0
3500804.0,111184.0,4348.0
3500804.0,111184.0,4348.0
3500804.0,111184.0,4348.0
3500804.0,111184.0,4348.0
3500804.0,111184.0,4348.0
3500804.0,111184.0,4348.0
3499915.2,111200.0,4383.2
3496360.0,111264.0,4524.0
3496360.0,111264.0,4524.0
3576110.4,109517.86667,4541.0666667
