7988032.0,46224.0,2144.0
7988032.0,46224.0,2144.0
7244288.8,158349.6,3269.6
6748460.0,233100.0,4020.0
6747567.2,233126.4,4058.4
6746972.0,233144.0,4084.0
6746972.0,233144.0,4084.0
6746972.0,233144.0,4084.0
6746972.0,233144.0,4084.0
6746972.0,233144.0,4084.0
6741185.3333,233154.66667,4164.0
6738292.0,233160.0,4204.0
6737108.8,233164.8,4242.4
6736320.0,233168.0,4268.0
6736320.0,233168.0,4268.0
6736320.0,233168.0,4268.0
6736320.0,233168.0,4268.0
6736320.0,233168.0,4268.0
6736320.0,233168.0,4268.0
6736320.0,233168.0,4268.0
6700209.6,233184.8,4376.0
6676136.0,233196.0,4448.0
6676136.0,233196.0,4448.0
6676136.0,233196.0,4448.0
6676136.0,233196.0,4448.0
6676136.0,233196.0,4448.0
6676136.0,233196.0,4448.0
6676136.0,233196.0,4448.0
6675425.6,233213.06667,4531.2
6674804.0,233228.0,4604.0
6674804.0,233228.0,4604.0
6674804.0,233228.0,4604.0
6674804.0,233228.0,4604.0
6674045.6,233546.4,4708.0
6672908.0,234024.0,4864.0
6672908.0,234024.0,4864.0
7125524.0,231404.8,4886.4
7804448.0,227476.0,4920.0
