7988148.0,46124.0,1872.0
7598184.2667,109340.0,2377.6
6525784.0,283184.0,3768.0
6525784.0,283184.0,3768.0
6524853.3333,283189.33333,3789.3333333
6522992.0,283200.0,3832.0
6522992.0,283200.0,3832.0
6522992.0,283200.0,3832.0
6522992.0,283200.0,3832.0
6522678.6667,283462.66667,3924.0
6522052.0,283988.0,4108.0
6522052.0,283988.0,4108.0
6522052.0,283988.0,4108.0
6522052.0,283988.0,4108.0
6522052.0,283988.0,4108.0
6522052.0,283988.0,4108.0
6522052.0,283988.0,4108.0
6522052.0,283988.0,4108.0
6522052.0,283988.0,4108.0
6522052.0,283988.0,4108.0
6522052.0,283988.0,4108.0
6521631.2,284031.2,4207.2
6516611.2,284099.2,4381.6
6510028.0,284104.0,4420.0
6510028.0,284104.0,4420.0
6510028.0,284104.0,4420.0
6510028.0,284104.0,4420.0
6510028.0,284104.0,4420.0
6510028.0,284104.0,4420.0
6510028.0,284104.0,4420.0
6507733.3333,284108.0,4476.0
6503144.0,284116.0,4588.0
6503144.0,284116.0,4588.0
6503144.0,284116.0,4588.0
6503144.0,284116.0,4588.0
6503144.0,284116.0,4588.0
6498474.1333,284120.26667,4620.0
6485632.0,284132.0,4708.0
6485302.4,284132.0,4719.2
6483984.0,284132.0,4764.0
6483984.0,284132.0,4764.0
6483732.2667,284133.06667,4770.4
6482096.0,284140.0,4812.0
6651708.2667,283264.8,4818.4
7754188.0,277576.0,4860.0
