vda,26.20,0.11,0.00,0,0
vda,2.60,0.00,0.01,0,0
vda,72.00,0.14,0.15,0,0
vda,2.60,0.00,0.01,0,0
vda,1.20,0.00,0.00,0,0
vda,75.40,0.53,0.01,2,0
vda,254.20,9.41,0.18,47,0
vda,93.20,11.05,0.02,55,0
vda,140.40,12.00,0.95,59,4
vda,76.60,9.45,0.46,47,2
vda,25.40,2.93,0.01,14,0
vda,1.80,0.00,0.01,0,0
vda,2.40,0.00,0.01,0,0
vda,47.00,0.00,0.20,0,0
vda,0.00,0.00,0.00,0,0
vda,3.20,0.00,0.01,0,0
vda,2.00,0.00,0.01,0,0
vda,2.00,0.00,0.01,0,0
vda,1.20,0.00,0.00,0,0
vda,1.80,0.00,0.01,0,0
vda,1.40,0.00,0.01,0,0
vda,52.80,0.00,0.21,0,1
vda,8.20,0.00,0.03,0,0
vda,0.80,0.00,0.00,0,0
vda,2.20,0.00,0.01,0,0
vda,3.20,0.00,0.01,0,0
vda,2.60,0.00,0.01,0,0
vda,1.40,0.00,0.01,0,0
vda,12.20,0.00,0.05,0,0
vda,2.40,0.00,0.01,0,0
vda,22.20,0.00,0.09,0,0
vda,8.40,0.00,0.04,0,0
vda,1.00,0.00,0.00,0,0
vda,2.20,0.00,0.01,0,0
vda,3.80,0.00,0.02,0,0
vda,17.00,0.00,0.07,0,0
vda,2.60,0.00,0.01,0,0
vda,1.60,0.00,0.01,0,0
vda,34.80,0.00,0.14,0,0
vda,2.20,0.00,0.01,0,0
vda,1.20,0.00,0.00,0,0
vda,9.00,0.00,0.04,0,0
vda,2.40,0.00,0.01,0,0
vda,18.36,0.00,0.07,0,0
vda,1.00,0.00,0.00,0,0
vda,3.60,0.00,0.01,0,0
vda,1.60,0.00,0.01,0,0
vda,0.00,0.00,0.00,0,0
vda,37.80,0.00,0.16,0,0
vda,1.80,0.00,0.01,0,0
vda,11.80,0.00,0.05,0,0
vda,9.40,0.00,0.04,0,0
vda,1.20,0.00,0.00,0,0
vda,0.00,0.00,0.00,0,0
vda,3.60,0.00,0.01,0,0
vda,3.00,0.00,0.01,0,0
vda,0.20,0.00,0.00,0,0
vda,36.20,0.00,0.14,0,0
vda,18.00,0.00,0.07,0,0
vda,1.20,0.00,0.00,0,0
vda,9.40,0.00,0.04,0,0
vda,0.40,0.00,0.00,0,0
vda,2.00,0.00,0.01,0,0
vda,2.60,0.00,0.01,0,0
vda,3.00,0.00,0.01,0,0
vda,12.60,0.00,0.05,0,0
vda,23.80,0.00,0.10,0,0
vda,1.60,0.00,0.01,0,0
vda,0.00,0.00,0.00,0,0
vda,3.60,0.00,0.02,0,0
vda,8.20,0.00,0.03,0,0
vda,0.80,0.00,0.00,0,0
vda,2.20,0.00,0.01,0,0
vda,20.00,0.00,0.08,0,0
vda,2.60,0.00,0.01,0,0
vda,42.60,0.00,0.17,0,0
vda,1.40,0.00,0.01,0,0
vda,1.20,0.00,0.00,0,0
vda,19.00,0.13,0.01,0,0
vda,1.80,0.00,0.01,0,0
vda,40.40,0.05,0.12,0,0
vda,2.20,0.00,0.01,0,0
vda,1.20,0.00,0.00,0,0
vda,3.60,0.00,0.02,0,0
vda,47.00,0.00,0.19,0,0
vda,1.00,0.00,0.00,0,0
vda,1.80,0.00,0.01,0,0
vda,1.60,0.00,0.01,0,0
vda,12.20,0.00,0.05,0,0
vda,8.20,0.00,0.03,0,0
vda,3.60,0.00,0.02,0,0
vda,2.00,0.00,0.01,0,0
vda,1.40,0.00,0.01,0,0
vda,36.60,0.00,0.15,0,0
vda,1.60,0.00,0.01,0,0
vda,16.80,0.00,0.07,0,0
vda,2.20,0.00,0.01,0,0
vda,3.00,0.00,0.02,0,0
vda,1.40,0.00,0.01,0,0
vda,9.20,0.00,0.04,0,0
vda,0.00,0.00,0.00,0,0
vda,1.20,0.00,0.00,0,0
vda,24.60,0.00,0.10,0,0
vda,18.80,0.00,0.07,0,0
vda,2.80,0.00,0.01,0,0
vda,2.40,0.00,0.01,0,0
vda,0.00,0.00,0.00,0,0
vda,0.60,0.00,0.00,0,0
vda,9.20,0.00,0.04,0,0
vda,1.40,0.00,0.01,0,0
vda,11.80,0.00,0.05,0,0
vda,39.00,0.00,0.16,0,0
vda,1.20,0.00,0.00,0,0
vda,0.00,0.00,0.00,0,0
vda,1.40,0.00,0.01,0,0
vda,2.20,0.00,0.01,0,0
vda,1.40,0.00,0.01,0,0
vda,8.20,0.00,0.03,0,0
vda,20.60,0.00,0.09,0,0
vda,1.60,0.00,0.01,0,0
vda,36.80,0.00,0.15,0,0
vda,1.00,0.00,0.00,0,0
vda,1.80,0.00,0.01,0,0
vda,0.00,0.00,0.00,0,0
vda,2.20,0.00,0.01,0,0
vda,12.40,0.00,0.05,0,0
vda,9.00,0.00,0.04,0,0
vda,2.20,0.00,0.01,0,0
vda,1.80,0.00,0.01,0,0
vda,34.00,0.00,0.14,0,0
vda,2.20,0.00,0.01,0,0
vda,2.40,0.00,0.01,0,0
vda,19.20,0.00,0.08,0,0
vda,2.20,0.00,0.01,0,0
vda,1.80,0.00,0.01,0,0
vda,0.00,0.00,0.00,0,0
vda,2.20,0.00,0.01,0,0
vda,8.00,0.00,0.03,0,0
vda,33.20,0.00,0.13,0,0
vda,2.00,0.00,0.01,0,0
vda,20.20,0.00,0.09,0,0
vda,2.40,0.00,0.01,0,0
vda,0.00,0.00,0.00,0,0
vda,1.20,0.00,0.00,0,0
vda,1.60,0.00,0.01,0,0
vda,7.40,0.00,0.03,0,0
vda,2.00,0.00,0.01,0,0
vda,50.20,0.00,0.20,0,0
vda,2.20,0.00,0.01,0,0
vda,1.20,0.00,0.00,0,0
vda,0.20,0.00,0.00,0,0
vda,2.20,0.00,0.01,0,0
vda,1.60,0.00,0.01,0,0
vda,8.20,0.00,0.03,0,0
vda,2.40,0.00,0.01,0,0
vda,19.40,0.00,0.08,0,0
vda,34.40,0.00,0.14,0,0
vda,6.00,0.00,0.02,0,0
vda,1.60,0.00,0.01,0,0
vda,0.00,0.00,0.00,0,0
vda,2.40,0.00,0.01,0,0
vda,1.20,0.00,0.00,0,0
vda,2.40,0.00,0.01,0,0
vda,27.80,0.00,0.12,0,0
vda,2.00,0.00,0.01,0,0
vda,36.20,0.00,0.14,0,0
