data_points,dimensions,k,time
75000,10,10,24
75000,10,100,34
75000,10,200,50
75000,10,300,68
75000,10,400,100
75000,10,500,105
75000,10,600,129
75000,10,700,143
75000,10,800,169
75000,10,900,180
75000,10,1000,197
75000,10,1200,768
75000,10,1400,281
75000,10,1600,695
75000,50,10,64
75000,50,100,112
75000,50,200,203
75000,50,300,349
75000,50,400,342
75000,50,500,430
75000,50,600,492
75000,50,700,571
75000,50,800,634
75000,50,900,703
75000,50,1000,771
75000,50,1200,911
75000,50,1400,1048
75000,50,1600,1205
75000,100,10,136
75000,100,100,214
75000,100,200,350
75000,100,300,474
75000,100,400,619
75000,100,500,759
75000,100,600,888
75000,100,700,1034
75000,100,800,1197
75000,100,900,1326
75000,100,1000,1462
75000,100,1200,1771
75000,100,1400,2045
75000,100,1600,2299
75000,250,10,210
75000,250,100,495
75000,250,200,822
75000,250,300,1160
75000,250,400,1512
75000,250,500,1849
75000,250,600,2203
75000,250,700,2559
75000,250,800,2887
75000,250,900,3224
75000,250,1000,3580
75000,250,1200,4296
75000,250,1400,4997
75000,250,1600,5715
75000,500,10,442
75000,500,100,996
75000,500,200,1642
75000,500,300,3064
75000,500,400,2978
75000,500,500,3676
75000,500,600,5602
75000,500,700,5550
75000,500,800,9161
75000,500,900,6501
75000,500,1000,7396
75000,500,1200,8814
75000,500,1400,10182
75000,500,1600,11756
75000,750,10,1369
75000,750,100,1603
75000,750,200,2554
75000,750,300,3560
75000,750,400,4656
75000,750,500,5789
75000,750,600,6806
75000,750,700,7912
75000,750,800,8799
75000,750,900,9861
75000,750,1000,11022
75000,750,1200,12779
75000,750,1400,15013
75000,750,1600,17461
75000,1000,10,945
75000,1000,100,2107
75000,1000,200,3443
75000,1000,300,5663
75000,1000,400,6243
75000,1000,500,7592
75000,1000,600,9525
75000,1000,700,10638
75000,1000,800,11853
75000,1000,900,13264
75000,1000,1000,16296
75000,1000,1200,17595
75000,1000,1400,20459
75000,1000,1600,23185
