data_points,dimensions,k,diskio_in
75000,10,10,52
75000,10,100,45
75000,10,200,52
75000,10,300,45
75000,10,400,43
75000,10,500,44
75000,10,600,46
75000,10,700,53
75000,10,800,44
75000,10,900,43
75000,10,1000,46
75000,10,1200,32
75000,10,1400,45
75000,10,1600,36
75000,50,10,102
75000,50,100,103
75000,50,200,102
75000,50,300,110
75000,50,400,102
75000,50,500,100
75000,50,600,100
75000,50,700,101
75000,50,800,111
75000,50,900,110
75000,50,1000,119
75000,50,1200,111
75000,50,1400,110
75000,50,1600,110
75000,100,10,173
75000,100,100,173
75000,100,200,175
75000,100,300,176
75000,100,400,174
75000,100,500,173
75000,100,600,178
75000,100,700,175
75000,100,800,176
75000,100,900,174
75000,100,1000,175
75000,100,1200,175
75000,100,1400,174
75000,100,1600,177
75000,250,10,392
75000,250,100,391
75000,250,200,391
75000,250,300,394
75000,250,400,392
75000,250,500,393
75000,250,600,400
75000,250,700,392
75000,250,800,395
75000,250,900,394
75000,250,1000,395
75000,250,1200,395
75000,250,1400,396
75000,250,1600,396
75000,500,10,752
75000,500,100,754
75000,500,200,756
75000,500,300,712
75000,500,400,764
75000,500,500,761
75000,500,600,739
75000,500,700,754
75000,500,800,654
75000,500,900,752
75000,500,1000,751
75000,500,1200,755
75000,500,1400,755
75000,500,1600,741
75000,750,10,1095
75000,750,100,1112
75000,750,200,1117
75000,750,300,1114
75000,750,400,1120
75000,750,500,1116
75000,750,600,1120
75000,750,700,1119
75000,750,800,1114
75000,750,900,1116
75000,750,1000,1119
75000,750,1200,1116
75000,750,1400,1118
75000,750,1600,1123
75000,1000,10,1474
75000,1000,100,1479
75000,1000,200,1487
75000,1000,300,1428
75000,1000,400,1475
75000,1000,500,1478
75000,1000,600,1448
75000,1000,700,1465
75000,1000,800,1475
75000,1000,900,1481
75000,1000,1000,1412
75000,1000,1200,1479
75000,1000,1400,1482
75000,1000,1600,1483
