vda,0.80,0.01,0.00,0,0
vda,62.00,0.23,0.01,1,0
vda,32.20,0.00,0.14,0,0
vda,9.00,0.00,0.04,0,0
vda,17.40,0.07,0.00,0,0
vda,2.20,0.00,0.01,0,0
vda,232.80,10.71,0.00,53,0
vda,92.40,5.33,0.02,26,0
vda,12.20,0.10,0.02,0,0
vda,1.80,0.00,0.01,0,0
vda,3.80,0.00,0.02,0,0
vda,52.20,0.00,0.21,0,1
vda,1.40,0.00,0.01,0,0
vda,4.20,0.00,1.29,0,6
vda,10.80,0.00,0.04,0,0
vda,1.40,0.00,0.01,0,0
vda,3.80,0.00,0.01,0,0
vda,3.80,0.00,0.02,0,0
vda,17.60,0.00,0.07,0,0
vda,0.40,0.00,0.00,0,0
vda,35.60,0.00,0.14,0,0
vda,1.20,0.00,0.00,0,0
vda,0.60,0.00,0.00,0,0
vda,9.40,0.00,0.04,0,0
vda,35.40,0.00,0.15,0,0
vda,0.80,0.00,0.00,0,0
vda,4.20,0.00,0.02,0,0
vda,42.00,0.00,0.18,0,0
vda,0.00,0.00,0.00,0,0
vda,3.60,0.00,0.01,0,0
vda,1.20,0.00,0.00,0,0
vda,0.00,0.00,0.00,0,0
vda,2.20,0.00,0.01,0,0
vda,1.60,0.00,0.01,0,0
vda,18.80,0.00,0.08,0,0
vda,38.60,0.00,0.15,0,0
vda,8.20,0.00,0.03,0,0
vda,0.00,0.00,0.00,0,0
vda,2.20,0.00,0.01,0,0
vda,1.80,0.00,0.01,0,0
vda,11.00,0.00,0.04,0,0
vda,3.60,0.00,0.01,0,0
vda,1.20,0.00,0.00,0,0
vda,33.20,0.00,0.13,0,0
vda,2.20,0.00,0.01,0,0
vda,3.00,0.00,0.01,0,0
vda,47.00,0.00,0.19,0,0
vda,2.80,0.00,0.01,0,0
vda,1.20,0.00,0.00,0,0
vda,0.00,0.00,0.00,0,0
vda,2.40,0.00,0.01,0,0
vda,1.20,0.00,0.00,0,0
vda,1.20,0.00,0.01,0,0
vda,20.40,0.00,0.09,0,0
vda,2.60,0.00,0.01,0,0
vda,2.80,0.00,0.01,0,0
vda,33.40,0.00,0.13,0,0
vda,1.20,0.00,0.00,0,0
vda,20.00,0.00,0.09,0,0
vda,3.00,0.00,0.01,0,0
vda,1.40,0.00,0.01,0,0
vda,0.80,0.00,0.00,0,0
vda,2.20,0.00,0.01,0,0
vda,13.40,0.11,0.01,0,0
vda,19.40,0.07,0.01,0,0
vda,71.20,0.00,0.29,0,1
vda,1.20,0.00,0.00,0,0
vda,0.00,0.00,0.00,0,0
vda,46.80,0.00,0.20,0,1
vda,1.60,0.00,0.01,0,0
vda,0.60,0.00,0.00,0,0
vda,35.80,0.00,0.15,0,0
vda,2.80,0.00,0.01,0,0
vda,3.00,0.00,0.01,0,0
vda,41.40,0.00,0.17,0,0
vda,1.40,0.00,0.01,0,0
vda,0.60,0.00,0.00,0,0
vda,53.20,0.00,0.22,0,1
vda,1.40,0.00,0.01,0,0
vda,2.60,0.00,0.01,0,0
vda,33.60,0.00,0.14,0,0
vda,1.40,0.00,0.01,0,0
vda,1.00,0.00,0.00,0,0
vda,38.20,0.00,0.16,0,0
vda,1.00,0.00,0.00,0,0
vda,0.00,0.00,0.00,0,0
vda,2.20,0.00,0.01,0,0
vda,42.80,0.00,0.18,0,0
vda,1.40,0.00,0.01,0,0
vda,4.80,0.00,0.02,0,0
vda,1.20,0.00,0.00,0,0
vda,45.40,0.00,0.18,0,0
vda,10.20,0.00,0.04,0,0
vda,2.80,0.00,0.01,0,0
vda,43.00,0.00,0.17,0,0
vda,1.60,0.00,0.01,0,0
vda,1.20,0.00,0.00,0,0
