vda,29.00,0.12,0.00,0,0
vda,15.60,0.05,0.01,0,0
vda,44.40,0.02,0.16,0,0
vda,2.60,0.00,0.01,0,0
vda,0.20,0.00,0.00,0,0
vda,69.80,0.07,0.21,0,1
vda,278.20,8.37,0.03,41,0
vda,0.00,0.00,0.00,0,0
vda,2.80,0.00,0.01,0,0
vda,16.80,0.00,1.32,0,6
vda,35.80,0.00,0.16,0,0
vda,0.60,0.00,0.00,0,0
vda,2.20,0.00,0.01,0,0
vda,0.00,0.00,0.00,0,0
vda,1.20,0.00,0.00,0,0
vda,5.20,0.00,0.02,0,0
vda,0.20,0.00,0.00,0,0
vda,1.80,0.00,0.01,0,0
vda,51.60,0.00,0.20,0,1
vda,2.40,0.00,0.01,0,0
vda,0.60,0.00,0.00,0,0
vda,2.60,0.00,0.01,0,0
vda,51.40,0.19,0.04,0,0
vda,1.40,0.00,0.01,0,0
vda,2.20,0.00,0.01,0,0
vda,25.00,0.00,0.10,0,0
vda,1.80,0.00,0.01,0,0
vda,21.60,0.00,0.09,0,0
vda,2.20,0.00,0.01,0,0
vda,4.60,0.00,0.02,0,0
vda,2.60,0.00,0.01,0,0
vda,1.60,0.00,0.01,0,0
vda,7.40,0.00,0.03,0,0
vda,19.60,0.00,0.08,0,0
