vda,25.95,0.11,0.00,0,0
vda,37.60,0.14,0.01,0,0
vda,51.20,0.00,0.21,0,1
vda,1.60,0.00,0.01,0,0
vda,82.60,0.57,0.02,2,0
vda,1.60,0.00,0.01,0,0
vda,309.40,13.14,0.22,65,1
vda,100.40,11.95,0.02,59,0
vda,106.40,13.05,0.01,65,0
vda,190.60,13.84,1.49,69,7
vda,145.40,13.54,0.01,67,0
vda,84.40,10.25,0.01,51,0
vda,130.40,16.30,0.00,81,0
vda,82.00,10.10,0.00,50,0
vda,119.80,1.45,0.44,7,2
vda,3.40,0.00,0.01,0,0
vda,2.40,0.00,0.01,0,0
vda,53.20,0.00,0.22,0,1
vda,1.40,0.00,0.01,0,0
vda,1.20,0.00,0.00,0,0
vda,47.40,0.00,0.20,0,0
vda,1.40,0.00,0.01,0,0
vda,1.20,0.00,0.00,0,0
vda,30.00,0.00,0.12,0,0
vda,51.40,0.00,0.21,0,1
vda,2.20,0.00,0.01,0,0
vda,0.00,0.00,0.00,0,0
vda,47.60,0.00,0.20,0,0
vda,1.40,0.00,0.01,0,0
vda,2.00,0.00,0.01,0,0
vda,47.00,0.00,0.19,0,0
vda,1.80,0.00,0.01,0,0
vda,2.00,0.00,0.01,0,0
vda,49.40,0.00,0.20,0,1
vda,10.60,0.00,0.04,0,0
vda,0.00,0.00,0.00,0,0
vda,1.20,0.00,0.00,0,0
vda,1.20,0.00,0.00,0,0
vda,43.80,0.19,0.01,0,0
vda,2.00,0.00,0.01,0,0
vda,20.60,0.00,0.09,0,0
vda,52.60,0.00,0.21,0,1
vda,0.60,0.00,0.00,0,0
vda,1.20,0.00,0.00,0,0
vda,4.00,0.00,0.02,0,0
vda,2.20,0.00,0.01,0,0
vda,2.80,0.00,0.01,0,0
vda,18.60,0.00,0.07,0,0
vda,1.20,0.00,0.00,0,0
vda,51.60,0.00,0.21,0,1
vda,2.00,0.00,0.01,0,0
vda,106.60,1.90,0.05,9,0
vda,18.20,0.06,0.05,0,0
vda,52.20,0.00,0.21,0,1
vda,10.00,0.60,0.01,2,0
vda,2.60,0.00,0.01,0,0
vda,54.00,0.00,0.22,0,1
vda,1.80,0.00,0.01,0,0
vda,1.20,0.00,0.00,0,0
vda,28.00,0.00,0.11,0,0
vda,44.00,0.00,0.18,0,0
vda,2.20,0.00,0.01,0,0
vda,45.40,0.00,0.18,0,0
vda,3.40,0.00,0.01,0,0
vda,2.60,0.00,0.01,0,0
vda,0.00,0.00,0.00,0,0
vda,1.20,0.00,0.00,0,0
vda,1.20,0.00,0.00,0,0
vda,2.20,0.00,0.01,0,0
vda,10.20,0.00,0.05,0,0
vda,68.60,0.00,0.27,0,1
vda,4.00,0.00,0.02,0,0
vda,1.60,0.00,0.01,0,0
vda,0.00,0.00,0.00,0,0
vda,2.40,0.00,0.01,0,0
vda,1.60,0.00,0.01,0,0
vda,3.20,0.00,0.01,0,0
vda,11.40,0.00,0.04,0,0
vda,8.20,0.00,0.03,0,0
vda,35.80,0.00,0.14,0,0
vda,3.40,0.04,0.01,0,0
vda,2.40,0.00,0.01,0,0
vda,2.40,0.00,0.01,0,0
vda,5.00,0.00,0.02,0,0
vda,1.20,0.00,0.00,0,0
vda,19.40,0.00,0.08,0,0
vda,0.40,0.00,0.00,0,0
vda,1.40,0.00,0.01,0,0
vda,59.80,0.00,0.24,0,1
vda,1.20,0.00,0.00,0,0
vda,0.80,0.00,0.01,0,0
vda,3.80,0.00,0.01,0,0
vda,12.40,0.00,0.05,0,0
vda,1.40,0.00,0.01,0,0
vda,2.20,0.00,0.01,0,0
vda,14.60,0.31,0.00,1,0
vda,1.80,0.00,0.01,0,0
vda,121.80,0.76,0.26,3,1
vda,0.60,0.00,0.00,0,0
vda,2.80,0.00,0.01,0,0
vda,20.20,0.00,0.08,0,0
vda,1.60,0.00,0.01,0,0
vda,2.80,0.03,0.01,0,0
vda,6.60,0.00,0.02,0,0
vda,17.20,0.12,0.07,0,0
vda,0.00,0.00,0.00,0,0
vda,58.00,0.03,0.21,0,1
vda,19.00,0.00,0.07,0,0
vda,2.40,0.02,0.00,0,0
vda,1.20,0.00,0.01,0,0
vda,6.40,0.00,0.03,0,0
vda,5.40,0.02,0.02,0,0
vda,10.00,0.00,0.07,0,0
vda,55.60,0.00,0.23,0,1
vda,2.20,0.00,0.01,0,0
vda,0.20,0.00,0.00,0,0
vda,49.00,0.00,0.20,0,1
vda,2.20,0.00,0.01,0,0
vda,0.20,0.00,0.00,0,0
vda,2.20,0.00,0.01,0,0
vda,2.00,0.00,0.01,0,0
vda,1.60,0.00,0.01,0,0
vda,2.80,0.00,0.01,0,0
vda,17.20,0.00,0.07,0,0
vda,7.60,0.00,0.03,0,0
vda,53.20,0.00,0.21,0,1
vda,8.20,0.00,0.03,0,0
vda,0.00,0.00,0.00,0,0
vda,2.80,0.00,0.01,0,0
vda,3.80,0.00,0.02,0,0
vda,25.80,0.00,0.10,0,0
vda,2.00,0.00,0.01,0,0
vda,1.20,0.00,0.00,0,0
vda,92.00,0.00,0.37,0,1
vda,3.40,0.00,0.01,0,0
vda,1.20,0.00,0.00,0,0
vda,0.00,0.00,0.00,0,0
vda,2.40,0.00,0.01,0,0
vda,1.20,0.00,0.00,0,0
vda,0.40,0.00,0.00,0,0
vda,62.00,0.33,0.16,1,0
vda,19.00,0.00,0.07,0,0
vda,0.00,0.00,0.00,0,0
vda,2.20,0.00,0.01,0,0
vda,14.60,0.06,0.01,0,0
vda,17.40,0.14,0.01,0,0
vda,44.20,0.00,0.23,0,1
vda,5.60,0.00,0.02,0,0
vda,19.20,0.00,0.07,0,0
vda,53.40,0.00,0.21,0,1
vda,9.20,0.00,0.06,0,0
vda,0.80,0.00,0.00,0,0
vda,2.40,0.00,0.01,0,0
vda,64.40,0.00,0.27,0,1
vda,4.20,0.00,0.02,0,0
vda,0.00,0.00,0.00,0,0
vda,1.20,0.00,0.00,0,0
vda,2.20,0.00,0.01,0,0
vda,0.00,0.00,0.00,0,0
vda,1.80,0.00,0.01,0,0
vda,64.60,0.00,0.26,0,1
vda,5.00,0.00,0.02,0,0
vda,1.20,0.00,0.00,0,0
vda,2.20,0.00,0.01,0,0
vda,52.20,0.00,0.21,0,1
vda,1.40,0.00,0.01,0,0
vda,2.40,0.00,0.01,0,0
vda,0.00,0.00,0.00,0,0
vda,1.20,0.00,0.00,0,0
vda,2.60,0.00,0.01,0,0
vda,10.60,0.00,0.04,0,0
vda,70.60,0.00,0.29,0,1
vda,2.40,0.00,0.01,0,0
vda,0.00,0.00,0.00,0,0
vda,1.20,0.00,0.00,0,0
vda,2.20,0.00,0.01,0,0
vda,0.00,0.00,0.00,0,0
vda,1.60,0.00,0.01,0,0
vda,71.20,0.00,0.28,0,1
vda,2.80,0.00,0.01,0,0
vda,0.00,0.00,0.00,0,0
vda,1.60,0.00,0.01,0,0
vda,55.80,0.00,0.23,0,1
vda,1.60,0.00,0.01,0,0
vda,0.00,0.00,0.00,0,0
vda,47.80,0.00,0.19,0,0
vda,1.40,0.00,0.01,0,0
vda,1.40,0.00,0.00,0,0
vda,47.80,0.00,0.19,0,0
vda,2.60,0.00,0.01,0,0
vda,1.80,0.00,0.01,0,0
vda,2.20,0.00,0.01,0,0
vda,0.00,0.00,0.00,0,0
vda,1.20,0.00,0.00,0,0
vda,2.40,0.00,0.01,0,0
vda,27.00,0.00,0.11,0,0
vda,51.80,0.00,0.21,0,1
vda,2.00,0.00,0.01,0,0
vda,3.00,0.00,0.01,0,0
vda,0.20,0.00,0.00,0,0
vda,2.80,0.00,0.01,0,0
vda,1.40,0.00,0.01,0,0
vda,19.60,0.00,0.08,0,0
vda,2.60,0.00,0.01,0,0
vda,8.20,0.00,0.03,0,0
vda,52.00,0.00,0.21,0,1
vda,2.40,0.00,0.01,0,0
vda,1.40,0.00,0.01,0,0
vda,1.40,0.00,0.00,0,0
vda,14.60,0.00,0.06,0,0
vda,8.60,0.00,0.06,0,0
vda,4.20,0.00,0.02,0,0
vda,2.80,0.00,0.01,0,0
vda,0.80,0.00,0.00,0,0
vda,50.60,0.00,0.20,0,1
vda,2.20,0.00,0.01,0,0
vda,11.00,0.00,0.05,0,0
vda,20.80,0.00,0.08,0,0
vda,0.40,0.00,0.00,0,0
vda,2.60,0.00,0.01,0,0
vda,2.60,0.00,0.01,0,0
vda,0.20,0.00,0.00,0,0
vda,1.20,0.00,0.00,0,0
vda,34.60,0.00,0.14,0,0
vda,22.00,0.00,0.09,0,0
vda,8.60,0.00,0.04,0,0
vda,0.80,0.00,0.00,0,0
vda,2.20,0.00,0.01,0,0
vda,2.40,0.00,0.01,0,0
vda,1.60,0.00,0.01,0,0
vda,4.00,0.00,0.01,0,0
vda,1.40,0.00,0.01,0,0
vda,63.40,0.00,0.25,0,1
vda,2.00,0.00,0.01,0,0
vda,8.40,0.00,0.03,0,0
vda,0.60,0.00,0.00,0,0
vda,2.60,0.00,0.01,0,0
vda,3.00,0.00,0.01,0,0
vda,2.00,0.00,0.01,0,0
vda,27.80,0.00,0.11,0,0
vda,1.20,0.00,0.00,0,0
vda,50.80,0.00,0.20,0,1
vda,2.60,0.00,0.01,0,0
vda,1.40,0.00,0.01,0,0
vda,45.80,0.00,0.18,0,0
vda,3.80,0.00,0.01,0,0
vda,1.40,0.00,0.01,0,0
vda,2.60,0.00,0.01,0,0
vda,0.00,0.00,0.00,0,0
vda,1.20,0.00,0.00,0,0
vda,3.20,0.00,0.01,0,0
vda,26.80,0.00,0.11,0,0
vda,12.60,0.00,0.05,0,0
vda,68.20,0.00,0.27,0,1
vda,2.20,0.00,0.01,0,0
vda,2.40,0.00,0.01,0,0
vda,2.80,0.00,0.01,0,0
vda,1.40,0.00,0.01,0,0
vda,2.20,0.00,0.01,0,0
vda,12.40,0.00,0.05,0,0
vda,2.40,0.00,0.01,0,0
vda,8.20,0.00,0.04,0,0
vda,51.20,0.00,0.20,0,1
vda,2.40,0.00,0.01,0,0
vda,1.60,0.00,0.01,0,0
vda,1.20,0.00,0.00,0,0
vda,21.00,0.00,0.09,0,0
vda,1.20,0.00,0.00,0,0
vda,0.40,0.00,0.00,0,0
vda,2.40,0.00,0.01,0,0
vda,53.80,0.00,0.22,0,1
vda,6.60,0.00,0.05,0,0
vda,4.40,0.00,0.02,0,0
vda,55.20,0.00,0.23,0,1
vda,4.00,0.00,0.01,0,0
vda,1.60,0.00,0.01,0,0
vda,73.80,0.00,0.30,0,1
vda,2.60,0.00,0.01,0,0
vda,0.40,0.00,0.00,0,0
vda,47.40,0.00,0.19,0,0
vda,0.80,0.00,0.00,0,0
vda,2.20,0.00,0.01,0,0
vda,47.00,0.00,0.19,0,0
vda,1.00,0.00,0.00,0,0
vda,2.20,0.00,0.01,0,0
vda,59.60,0.00,0.24,0,1
vda,2.20,0.00,0.01,0,0
vda,2.60,0.00,0.01,0,0
vda,71.60,0.00,0.29,0,1
vda,2.60,0.00,0.01,0,0
vda,0.00,0.00,0.00,0,0
vda,47.00,0.00,0.19,0,0
vda,2.20,0.00,0.01,0,0
vda,0.20,0.00,0.00,0,0
vda,47.00,0.00,0.19,0,0
vda,2.20,0.00,0.01,0,0
vda,2.40,0.00,0.01,0,0
vda,59.20,0.00,0.24,0,1
vda,1.40,0.00,0.01,0,0
vda,2.20,0.00,0.01,0,0
vda,63.20,0.00,0.25,0,1
vda,1.40,0.00,0.01,0,0
vda,2.20,0.00,0.01,0,0
vda,47.00,0.00,0.19,0,0
vda,0.00,0.00,0.00,0,0
vda,2.40,0.00,0.01,0,0
vda,3.80,0.00,0.01,0,0
vda,2.80,0.00,0.01,0,0
vda,59.60,0.00,0.24,0,1
vda,1.60,0.00,0.01,0,0
vda,0.20,0.00,0.00,0,0
vda,2.20,0.00,0.01,0,0
vda,1.20,0.00,0.00,0,0
vda,0.20,0.00,0.00,0,0
vda,2.80,0.00,0.01,0,0
vda,3.60,0.00,0.02,0,0
vda,64.00,0.00,0.25,0,1
vda,2.20,0.00,0.01,0,0
vda,0.00,0.00,0.00,0,0
vda,54.40,0.00,0.22,0,1
vda,2.60,0.00,0.01,0,0
vda,1.20,0.00,0.00,0,0
vda,68.40,0.00,0.27,0,1
vda,2.40,0.00,0.01,0,0
vda,0.00,0.00,0.00,0,0
vda,53.40,0.00,0.21,0,1
vda,3.20,0.00,0.01,0,0
vda,1.60,0.00,0.01,0,0
vda,0.00,0.00,0.00,0,0
vda,54.20,0.00,0.22,0,1
vda,1.00,0.00,0.00,0,0
vda,6.80,0.00,0.05,0,0
vda,4.40,0.00,0.02,0,0
vda,56.80,0.00,0.23,0,1
vda,0.20,0.00,0.00,0,0
vda,2.20,0.00,0.01,0,0
vda,73.20,0.00,0.29,0,1
vda,6.60,0.00,0.03,0,0
vda,1.80,0.00,0.01,0,0
vda,64.00,0.00,0.28,0,1
vda,1.60,0.00,0.01,0,0
vda,2.20,0.00,0.01,0,0
vda,47.00,0.00,0.19,0,0
vda,0.80,0.00,0.00,0,0
vda,2.20,0.00,0.01,0,0
vda,40.40,0.00,0.17,0,0
vda,3.40,0.00,0.01,0,0
vda,2.60,0.00,0.01,0,0
vda,76.80,0.00,0.31,0,1
vda,1.60,0.00,0.01,0,0
vda,2.20,0.00,0.01,0,0
vda,46.00,0.00,0.19,0,0
vda,1.40,0.00,0.01,0,0
vda,2.20,0.00,0.01,0,0
vda,0.00,0.00,0.00,0,0
vda,1.20,0.00,0.00,0,0
vda,3.60,0.00,0.01,0,0
vda,2.20,0.00,0.01,0,0
vda,18.20,0.00,0.07,0,0
vda,37.20,0.00,0.15,0,0
vda,0.00,0.00,0.00,0,0
vda,1.20,0.00,0.00,0,0
vda,9.60,0.00,0.04,0,0
vda,0.00,0.00,0.00,0,0
vda,1.60,0.00,0.01,0,0
vda,67.00,0.00,0.26,0,1
vda,11.20,0.00,0.05,0,0
vda,1.20,0.00,0.00,0,0
vda,48.20,0.00,0.19,0,0
vda,1.60,0.00,0.00,0,0
vda,2.00,0.00,0.01,0,0
vda,70.20,0.00,0.29,0,1
vda,0.20,0.00,0.00,0,0
vda,1.20,0.00,0.00,0,0
vda,83.20,0.00,0.33,0,1
vda,4.40,0.00,0.02,0,0
vda,0.00,0.00,0.00,0,0
vda,55.20,0.00,0.22,0,1
vda,2.40,0.00,0.01,0,0
vda,1.20,0.00,0.00,0,0
vda,47.80,0.00,0.19,0,0
vda,2.20,0.00,0.01,0,0
vda,1.20,0.00,0.00,0,0
vda,2.40,0.00,0.01,0,0
vda,0.00,0.00,0.00,0,0
vda,2.40,0.00,0.01,0,0
vda,2.20,0.00,0.01,0,0
vda,3.20,0.00,0.01,0,0
vda,17.20,0.00,0.07,0,0
vda,1.40,0.00,0.00,0,0
vda,53.40,0.00,0.21,0,1
vda,13.80,0.00,0.08,0,0
vda,4.40,0.00,0.02,0,0
vda,56.89,0.00,0.23,0,1
vda,2.20,0.00,0.01,0,0
vda,3.80,0.00,0.01,0,0
vda,73.80,0.00,0.30,0,1
vda,0.00,0.00,0.00,0,0
vda,1.20,0.00,0.00,0,0
vda,49.00,0.00,0.19,0,0
vda,0.00,0.00,0.00,0,0
vda,8.60,0.00,0.04,0,0
vda,50.20,0.00,0.20,0,1
vda,1.40,0.00,0.01,0,0
vda,4.00,0.00,0.02,0,0
vda,0.00,0.00,0.00,0,0
vda,5.00,0.00,0.02,0,0
vda,2.80,0.00,0.01,0,0
vda,0.40,0.00,0.00,0,0
vda,3.80,0.00,0.02,0,0
vda,18.40,0.00,0.07,0,0
vda,72.00,0.00,0.29,0,1
vda,1.40,0.00,0.01,0,0
vda,2.80,0.00,0.01,0,0
vda,1.80,0.00,0.01,0,0
vda,57.60,0.00,0.24,0,1
vda,3.00,0.00,0.01,0,0
vda,41.20,0.00,0.17,0,0
vda,1.60,0.00,0.01,0,0
vda,5.60,0.02,0.01,0,0
vda,91.00,0.05,0.32,0,1
vda,2.20,0.00,0.01,0,0
vda,2.20,0.00,0.01,0,0
vda,47.20,0.00,0.19,0,0
vda,1.40,0.00,0.01,0,0
vda,3.00,0.00,0.01,0,0
vda,56.00,0.00,0.23,0,1
vda,2.00,0.00,0.01,0,0
vda,2.20,0.00,0.01,0,0
vda,1.40,0.00,0.00,0,0
vda,55.00,0.00,0.22,0,1
vda,2.60,0.00,0.01,0,0
vda,58.80,0.00,0.24,0,1
vda,1.40,0.00,0.01,0,0
vda,1.40,0.00,0.00,0,0
vda,4.80,0.00,0.02,0,0
vda,1.00,0.00,0.00,0,0
vda,0.00,0.00,0.00,0,0
vda,2.60,0.00,0.01,0,0
vda,14.00,0.00,0.06,0,0
vda,34.40,0.00,0.14,0,0
vda,9.20,0.00,0.04,0,0
vda,1.20,0.00,0.00,0,0
vda,1.20,0.00,0.00,0,0
vda,2.40,0.00,0.01,0,0
vda,3.40,0.03,0.01,0,0
vda,22.40,0.00,0.09,0,0
vda,1.20,0.00,0.00,0,0
vda,7.00,0.66,0.00,3,0
vda,51.40,0.00,0.20,0,1
vda,2.60,0.00,0.01,0,0
vda,7.40,0.00,0.05,0,0
vda,11.60,0.00,0.05,0,0
vda,0.20,0.00,0.00,0,0
vda,56.40,0.00,0.23,0,1
vda,19.20,0.73,0.02,3,0
vda,246.40,4.93,0.01,24,0
vda,249.80,7.37,0.29,36,1
vda,105.20,11.46,0.01,57,0
vda,90.40,11.18,0.00,55,0
vda,91.00,11.20,0.00,56,0
vda,139.00,11.15,0.20,55,0
vda,88.80,11.10,0.00,55,0
vda,88.60,10.90,0.00,54,0
vda,30.60,3.45,0.01,17,0
vda,91.20,11.18,0.01,55,0
vda,89.20,11.15,0.00,55,0
vda,65.80,6.90,0.01,34,0
vda,19.60,0.00,0.08,0,0
vda,1.40,0.00,0.01,0,0
vda,60.60,0.00,0.24,0,1
vda,0.00,0.00,0.00,0,0
vda,1.20,0.00,0.00,0,0
vda,3.80,0.00,0.01,0,0
vda,1.40,0.00,0.01,0,0
vda,1.40,0.00,0.01,0,0
vda,14.40,0.00,0.06,0,0
vda,0.00,0.00,0.00,0,0
vda,1.40,0.00,0.01,0,0
vda,63.20,0.00,0.25,0,1
vda,0.60,0.00,0.00,0,0
vda,1.20,0.00,0.00,0,0
vda,2.40,0.00,0.01,0,0
vda,22.60,0.00,0.09,0,0
vda,2.20,0.00,0.01,0,0
vda,2.60,0.00,0.01,0,0
vda,0.00,0.00,0.00,0,0
