vda,50.20,0.20,0.00,1,0
vda,8.80,0.02,0.01,0,0
vda,1.20,0.00,0.00,0,0
vda,0.00,0.00,0.00,0,0
vda,77.80,0.48,0.01,2,0
vda,18.20,0.10,0.06,0,0
vda,246.20,9.77,0.15,48,0
vda,9.00,0.02,0.01,0,0
vda,1.20,0.00,0.00,0,0
vda,11.80,0.05,0.00,0,0
vda,48.50,0.00,1.47,0,7
vda,12.80,0.00,0.05,0,0
vda,0.60,0.00,0.00,0,0
vda,2.20,0.00,0.01,0,0
vda,1.40,0.00,0.01,0,0
vda,1.00,0.00,0.00,0,0
vda,3.60,0.00,0.02,0,0
vda,4.20,0.00,0.02,0,0
vda,32.20,0.00,0.13,0,0
vda,2.80,0.00,0.01,0,0
vda,1.20,0.00,0.00,0,0
vda,6.40,0.00,0.04,0,0
vda,2.40,0.00,0.01,0,0
vda,1.60,0.00,0.01,0,0
vda,4.60,0.00,0.02,0,0
vda,47.20,0.00,0.19,0,0
vda,13.40,0.00,0.07,0,0
vda,1.00,0.00,0.00,0,0
vda,2.20,0.00,0.01,0,0
vda,1.20,0.00,0.00,0,0
vda,0.00,0.00,0.00,0,0
vda,2.20,0.00,0.01,0,0
vda,19.20,0.00,0.08,0,0
vda,0.60,0.00,0.00,0,0
vda,37.60,0.00,0.15,0,0
vda,1.60,0.00,0.01,0,0
vda,0.00,0.00,0.00,0,0
vda,2.40,0.00,0.01,0,0
vda,1.80,0.00,0.01,0,0
vda,1.40,0.00,0.01,0,0
vda,16.00,0.00,0.06,0,0
vda,44.20,0.00,0.19,0,0
vda,2.20,0.00,0.01,0,0
vda,8.40,0.02,0.01,0,0
vda,36.20,0.11,0.11,0,0
vda,44.20,0.05,0.14,0,0
vda,3.80,0.00,0.01,0,0
vda,2.00,0.00,0.01,0,0
