vda,54.40,0.22,0.00,1,0
vda,21.40,0.07,0.01,0,0
vda,1.20,0.00,0.00,0,0
vda,80.20,0.55,0.01,2,0
vda,2.60,0.00,0.01,0,0
vda,12.00,0.00,0.05,0,0
vda,241.00,9.79,0.15,48,0
vda,139.40,11.77,0.06,58,0
vda,71.40,8.76,0.00,43,0
vda,3.20,0.00,0.01,0,0
vda,7.40,0.02,0.01,0,0
vda,1.20,0.00,0.00,0,0
vda,8.80,0.00,1.31,0,6
vda,5.60,0.00,0.02,0,0
vda,18.60,0.00,0.07,0,0
vda,34.20,0.00,0.14,0,0
vda,2.20,0.00,0.01,0,0
vda,0.00,0.00,0.00,0,0
vda,26.60,0.00,0.11,0,0
vda,22.40,0.00,0.09,0,0
vda,1.20,0.00,0.00,0,0
vda,1.40,0.00,0.00,0,0
vda,47.00,0.00,0.19,0,0
vda,1.20,0.00,0.00,0,0
vda,3.00,0.00,0.01,0,0
vda,39.80,0.00,0.16,0,0
