7969248.0,62896.0,2008.0
7711265.3333,108646.66667,2633.3333333
7195300.0,200148.0,3884.0
7194942.6667,200368.8,3944.8
7193960.0,200976.0,4112.0
7193960.0,200976.0,4112.0
7193960.0,200976.0,4112.0
7193960.0,200976.0,4112.0
7193960.0,200976.0,4112.0
7118112.0,203924.8,4744.0
7004340.0,208348.0,5692.0
7004340.0,208348.0,5692.0
7003693.6,208420.53333,5724.0
7003128.0,208484.0,5752.0
7003128.0,208484.0,5752.0
7003128.0,208484.0,5752.0
7003128.0,208484.0,5752.0
7002222.4,208495.2,5803.2
7000864.0,208512.0,5880.0
7000864.0,208512.0,5880.0
7000864.0,208512.0,5880.0
7000864.0,208512.0,5880.0
7000864.0,208512.0,5880.0
7000864.0,208512.0,5880.0
7000864.0,208512.0,5880.0
7000864.0,208512.0,5880.0
7000864.0,208512.0,5880.0
6999392.0,208520.0,5949.3333333
6996448.0,208536.0,6088.0
6996448.0,208536.0,6088.0
6958705.3333,208541.33333,6105.3333333
6883220.0,208552.0,6140.0
6883220.0,208552.0,6140.0
6882863.7333,208552.0,6150.6666667
6881884.0,208552.0,6180.0
6882365.0667,208553.06667,6192.8
6883688.0,208556.0,6228.0
6883688.0,208556.0,6228.0
6883688.0,208556.0,6228.0
6883688.0,208556.0,6228.0
6883688.0,208556.0,6228.0
6883688.0,208556.0,6228.0
6883688.0,208556.0,6228.0
6883688.0,208556.0,6228.0
6883688.0,208556.0,6228.0
6883688.0,208556.0,6228.0
6883688.0,208556.0,6228.0
6883402.1333,208582.66667,6287.7333333
6882616.0,208656.0,6452.0
6882160.5333,208659.2,6464.8
6880908.0,208668.0,6500.0
6880908.0,208668.0,6500.0
6880908.0,208668.0,6500.0
6880908.0,208668.0,6500.0
6880908.0,208668.0,6500.0
6880908.0,208668.0,6500.0
6880908.0,208668.0,6500.0
6880908.0,208668.0,6500.0
6880908.0,208668.0,6500.0
6880908.0,208668.0,6500.0
6881044.5333,208669.6,6528.8
6881932.0,208680.0,6716.0
6881932.0,208680.0,6716.0
6881932.0,208680.0,6716.0
6881718.4,208681.6,6723.4666667
6878728.0,208704.0,6828.0
6878728.0,208704.0,6828.0
6878728.0,208704.0,6828.0
6874180.0,208848.0,6892.0
6874180.0,208848.0,6892.0
6937440.2667,208426.93333,6895.7333333
7823084.0,202532.0,6948.0
7823084.0,202532.0,6948.0
