vda,11.40,0.04,0.01,0,0
vda,15.40,0.04,0.02,0,0
vda,19.20,0.03,0.05,0,0
vda,18.00,0.06,0.01,0,0
vda,35.38,0.05,0.09,0,1
vda,59.20,1.56,0.08,7,0
vda,66.00,1.19,0.11,5,0
vda,50.40,0.90,0.01,4,0
vda,90.20,0.53,0.11,2,0
vda,62.20,1.59,0.89,7,4
vda,47.80,2.09,0.48,10,2
vda,74.80,9.00,0.01,45,0
vda,63.60,4.16,0.13,20,0
vda,15.60,0.00,0.08,0,0
vda,2.00,0.00,0.01,0,0
vda,20.00,0.00,0.08,0,0
vda,36.80,0.00,0.15,0,0
vda,8.00,0.00,0.03,0,0
vda,15.40,0.00,0.06,0,0
vda,32.00,0.00,0.13,0,0
vda,0.00,0.00,0.00,0,0
vda,14.60,0.00,0.06,0,0
vda,2.00,0.00,0.01,0,0
vda,11.80,0.00,0.05,0,0
vda,20.40,0.00,0.09,0,0
vda,0.00,0.00,0.00,0,0
vda,35.60,0.00,0.15,0,0
vda,1.20,0.00,0.00,0,0
vda,42.60,0.00,0.17,0,0
vda,27.80,0.00,0.12,0,0
vda,19.80,0.00,0.08,0,0
vda,2.20,0.00,0.01,0,0
vda,29.20,0.00,0.12,0,0
vda,14.00,0.00,0.05,0,0
vda,25.20,0.00,0.11,0,0
vda,8.00,0.00,0.03,0,0
vda,13.80,0.00,0.05,0,0
vda,25.20,0.00,0.11,0,0
vda,1.40,0.00,0.00,0,0
vda,19.40,0.00,0.08,0,0
vda,36.20,0.00,0.15,0,0
vda,10.20,0.00,0.05,0,0
vda,14.00,0.00,0.05,0,0
vda,30.80,0.00,0.12,0,0
vda,0.20,0.00,0.00,0,0
vda,13.80,0.00,0.06,0,0
vda,32.40,0.00,0.13,0,0
vda,0.40,0.00,0.00,0,0
vda,1.00,0.00,0.00,0,0
vda,36.80,0.00,0.15,0,0
vda,2.20,0.00,0.01,0,0
vda,28.00,0.00,0.12,0,0
vda,43.60,0.00,0.18,0,0
vda,1.20,0.00,0.00,0,0
vda,0.00,0.00,0.00,0,0
vda,34.20,0.00,0.14,0,0
vda,3.80,0.00,0.02,0,0
vda,1.00,0.00,0.00,0,0
vda,37.60,0.00,0.15,0,0
vda,1.00,0.00,0.00,0,0
vda,21.40,0.00,0.09,0,0
vda,28.00,0.00,0.11,0,0
vda,3.20,0.00,0.01,0,0
vda,20.40,0.00,0.08,0,0
vda,0.00,0.00,0.00,0,0
vda,43.20,0.00,0.17,0,0
vda,0.00,0.00,0.00,0,0
vda,33.00,0.00,0.14,0,0
vda,20.20,0.00,0.09,0,0
vda,1.60,0.00,0.01,0,0
vda,35.00,0.00,0.14,0,0
vda,2.20,0.00,0.01,0,0
vda,12.80,0.00,0.05,0,0
vda,31.40,0.00,0.13,0,0
vda,1.20,0.00,0.00,0,0
vda,37.40,0.00,0.15,0,0
vda,17.40,0.00,0.07,0,0
vda,1.00,0.00,0.00,0,0
vda,3.40,0.00,0.01,0,0
vda,40.00,0.00,0.17,0,0
vda,3.40,0.00,0.01,0,0
vda,13.60,0.00,0.05,0,0
vda,25.00,0.00,0.10,0,0
vda,1.20,0.00,0.00,0,0
vda,0.00,0.00,0.00,0,0
vda,34.40,0.00,0.14,0,0
vda,4.20,0.00,0.02,0,0
vda,27.00,0.00,0.11,0,0
vda,41.20,0.00,0.17,0,0
vda,2.00,0.00,0.01,0,0
vda,14.60,0.00,0.06,0,0
vda,31.20,0.00,0.13,0,0
vda,1.20,0.00,0.00,0,0
vda,34.60,0.00,0.14,0,0
vda,2.20,0.00,0.01,0,0
vda,1.00,0.00,0.00,0,0
vda,13.60,0.00,0.05,0,0
vda,39.20,0.00,0.16,0,0
vda,0.00,0.00,0.00,0,0
vda,52.40,0.16,0.13,0,0
vda,15.00,0.02,0.04,0,0
vda,45.40,0.00,0.18,0,0
vda,15.00,0.00,0.06,0,0
vda,3.80,0.00,0.01,0,0
vda,32.00,0.00,0.13,0,0
vda,1.00,0.00,0.00,0,0
vda,36.40,0.00,0.15,0,0
vda,2.40,0.00,0.01,0,0
vda,20.20,0.00,0.09,0,0
vda,1.80,0.00,0.01,0,0
vda,2.00,0.00,0.01,0,0
