vda,3.20,0.01,0.01,0,0
vda,15.80,0.06,0.00,0,0
vda,21.60,0.08,0.01,0,0
vda,23.40,0.12,0.01,0,0
vda,53.60,0.33,0.01,1,0
vda,24.20,0.11,0.08,0,0
vda,53.60,1.99,0.04,9,0
vda,25.20,0.75,0.00,3,0
vda,60.80,0.32,0.14,1,0
vda,40.20,0.70,0.01,3,0
vda,18.80,0.29,0.02,1,0
vda,30.20,0.71,0.07,3,0
vda,29.40,0.91,0.02,4,0
vda,27.40,2.13,0.01,10,0
vda,23.60,2.60,0.01,13,0
vda,25.80,3.05,0.01,15,0
vda,24.60,3.05,0.00,15,0
vda,30.40,3.52,0.01,17,0
vda,36.40,1.35,0.11,6,0
vda,36.80,2.62,1.33,13,6
vda,30.00,3.50,0.01,17,0
vda,24.60,2.35,0.03,11,0
vda,25.60,2.95,0.01,14,0
vda,41.60,1.70,0.11,8,0
vda,50.80,2.05,0.14,10,0
vda,35.40,4.35,0.00,21,0
vda,38.00,1.27,0.11,6,0
vda,37.40,3.45,0.04,17,0
vda,16.60,2.08,0.00,10,0
vda,27.60,3.05,0.02,15,0
vda,47.80,2.60,0.11,13,0
vda,28.00,2.48,0.03,12,0
vda,21.00,2.30,0.01,11,0
vda,38.40,4.65,0.00,23,0
vda,17.80,2.10,0.00,10,0
vda,12.80,1.35,0.01,6,0
vda,19.60,2.40,0.00,12,0
vda,28.20,1.12,0.08,5,0
vda,47.20,0.73,0.17,3,0
vda,29.00,3.52,0.00,17,0
vda,16.80,1.95,0.00,9,0
vda,19.80,2.05,0.01,10,0
vda,25.00,3.05,0.00,15,0
vda,45.80,3.43,0.07,17,0
vda,25.40,2.80,0.01,14,0
vda,25.00,3.12,0.00,15,0
vda,9.20,1.00,0.00,5,0
vda,33.60,3.95,0.01,19,0
vda,7.00,0.05,0.03,0,0
vda,27.60,0.03,0.11,0,0
vda,20.80,1.30,0.05,6,0
vda,43.60,3.82,0.05,19,0
vda,20.60,2.57,0.00,12,0
vda,12.40,1.30,0.01,6,0
vda,14.60,1.39,0.00,6,0
vda,22.80,2.17,0.01,10,0
vda,15.20,0.95,0.01,4,0
vda,0.00,0.00,0.00,0,0
vda,17.74,0.10,0.06,1,0
vda,26.40,0.10,0.10,0,0
vda,28.00,1.22,0.05,6,0
vda,15.20,1.43,0.01,7,0
vda,13.00,1.05,0.02,5,0
vda,26.20,0.12,0.11,0,0
vda,19.80,1.80,0.02,9,0
vda,35.40,1.15,0.11,5,0
vda,22.00,2.60,0.00,13,0
vda,21.80,2.73,0.00,13,0
vda,47.00,2.45,0.11,12,0
vda,24.40,2.02,0.03,10,0
vda,46.80,3.05,0.09,15,0
vda,35.60,4.23,0.01,21,0
vda,30.60,3.65,0.01,18,0
vda,22.60,2.55,0.01,12,0
vda,17.60,2.20,0.00,11,0
vda,24.00,2.02,0.03,10,0
vda,25.20,2.83,0.01,14,0
vda,32.00,0.05,0.13,0,0
vda,28.60,3.15,0.01,15,0
vda,27.00,3.38,0.00,16,0
vda,44.20,5.25,0.01,26,0
vda,29.40,2.30,0.04,11,0
vda,25.20,2.61,0.01,13,0
vda,29.40,3.38,0.01,16,0
vda,15.80,1.12,0.03,5,0
vda,43.40,2.12,0.11,10,0
vda,36.20,3.23,0.04,16,0
vda,10.40,1.23,0.00,6,0
vda,21.20,1.70,0.04,8,0
vda,22.60,1.73,0.03,8,0
vda,31.20,3.60,0.01,18,0
vda,21.00,2.50,0.00,12,0
vda,32.00,2.70,0.04,13,0
vda,22.80,2.70,0.00,13,0
vda,23.80,2.90,0.00,14,0
vda,54.60,2.35,0.14,11,0
vda,39.60,3.40,0.05,17,0
vda,26.40,3.23,0.00,16,0
vda,21.60,2.43,0.01,12,0
vda,17.20,0.90,0.04,4,0
vda,28.00,3.33,0.01,16,0
vda,54.40,6.53,0.01,32,0
vda,27.60,3.15,0.01,15,0
vda,23.20,2.88,0.00,14,0
vda,58.60,1.40,0.19,7,0
vda,18.20,2.15,0.00,10,0
vda,21.20,2.60,0.00,13,0
vda,22.60,1.70,0.04,8,0
vda,34.60,3.52,0.03,17,0
vda,38.00,4.60,0.00,23,0
vda,17.40,1.88,0.01,9,0
vda,21.40,1.77,0.03,8,0
vda,42.80,2.35,0.10,11,0
vda,34.40,3.92,0.01,19,0
vda,30.80,2.83,0.03,14,0
vda,23.80,2.73,0.01,13,0
vda,23.60,2.80,0.00,14,0
vda,0.00,0.00,0.00,0,0
vda,11.80,1.25,0.01,6,0
vda,47.31,3.54,0.08,17,0
vda,26.40,3.17,0.00,15,0
vda,22.20,2.63,0.00,13,0
vda,54.20,1.75,0.16,8,0
vda,28.40,3.28,0.01,16,0
vda,37.40,4.47,0.01,22,0
vda,23.20,2.60,0.01,13,0
vda,27.00,2.38,0.04,11,0
vda,33.40,4.03,0.00,20,0
vda,25.40,2.93,0.01,14,0
vda,36.00,2.83,0.05,14,0
vda,20.00,2.08,0.01,10,0
vda,41.40,1.23,0.13,6,0
vda,35.40,2.57,0.06,12,0
vda,23.00,2.51,0.01,12,0
vda,2.00,0.00,0.01,0,0
vda,6.40,0.00,0.03,0,0
vda,1.00,0.00,0.00,0,0
vda,7.60,0.00,0.03,0,0
vda,1.40,0.00,0.01,0,0
vda,33.20,0.00,0.13,0,0
vda,16.80,0.00,0.07,0,0
vda,1.20,0.00,0.00,0,0
vda,2.00,0.00,0.01,0,0
vda,6.80,0.00,0.03,0,0
vda,1.20,0.00,0.01,0,0
vda,1.80,0.00,0.01,0,0
vda,2.40,0.00,0.01,0,0
vda,12.20,0.00,0.05,0,0
vda,26.40,0.00,0.11,0,0
vda,1.40,0.00,0.01,0,0
vda,7.40,0.00,0.03,0,0
vda,1.60,0.00,0.01,0,0
vda,2.00,0.00,0.01,0,0
vda,1.00,0.00,0.00,0,0
vda,7.60,0.00,0.03,0,0
vda,1.80,0.00,0.01,0,0
vda,11.00,0.00,0.04,0,0
vda,3.20,0.00,0.01,0,0
vda,37.60,0.00,0.15,0,0
vda,2.00,0.00,0.01,0,0
vda,1.40,0.00,0.01,0,0
vda,0.80,0.00,0.00,0,0
vda,2.00,0.00,0.01,0,0
vda,11.00,0.00,0.04,0,0
vda,2.00,0.00,0.01,0,0
vda,6.60,0.00,0.03,0,0
vda,8.20,0.00,0.03,0,0
vda,35.40,0.00,0.14,0,0
vda,3.40,0.00,0.02,0,0
vda,1.40,0.00,0.01,0,0
vda,6.60,0.00,0.03,0,0
vda,2.00,0.00,0.01,0,0
vda,1.00,0.00,0.00,0,0
vda,10.00,0.00,0.04,0,0
vda,10.60,0.00,0.05,0,0
vda,3.20,0.00,0.02,0,0
vda,34.60,0.00,0.14,0,0
vda,26.40,0.00,0.10,0,0
vda,1.40,0.00,0.01,0,0
vda,1.80,0.00,0.01,0,0
vda,7.80,0.00,0.03,0,0
vda,3.20,0.00,0.02,0,0
vda,2.40,0.00,0.01,0,0
vda,0.00,0.00,0.00,0,0
vda,6.60,0.00,0.03,0,0
vda,55.20,0.37,0.14,1,0
vda,1.20,0.00,0.00,0,0
vda,2.80,0.00,0.01,0,0
vda,9.40,0.00,0.04,0,0
vda,1.40,0.00,0.01,0,0
vda,0.00,0.00,0.00,0,0
vda,6.00,0.00,0.03,0,0
vda,15.60,0.00,0.07,0,0
vda,1.40,0.00,0.01,0,0
vda,0.00,0.00,0.00,0,0
vda,17.20,0.00,0.07,0,0
vda,25.40,0.00,0.10,0,0
vda,5.40,0.01,0.02,0,0
vda,1.00,0.00,0.00,0,0
vda,7.40,0.00,0.03,0,0
vda,11.60,0.00,0.05,0,0
vda,3.00,0.00,0.01,0,0
vda,1.00,0.00,0.00,0,0
vda,13.80,0.00,0.06,0,0
vda,28.80,0.00,0.11,0,0
vda,0.60,0.00,0.00,0,0
vda,4.60,0.00,0.02,0,0
vda,1.00,0.00,0.00,0,0
vda,8.00,0.00,0.03,0,0
vda,1.00,0.00,0.00,0,0
vda,2.00,0.00,0.01,0,0
vda,7.60,0.00,0.03,0,0
vda,26.60,0.00,0.11,0,0
vda,16.40,0.00,0.07,0,0
vda,0.60,0.00,0.00,0,0
vda,2.00,0.00,0.01,0,0
vda,11.80,0.00,0.05,0,0
vda,2.40,0.00,0.01,0,0
vda,2.20,0.00,0.01,0,0
vda,6.00,0.00,0.02,0,0
vda,0.20,0.00,0.00,0,0
vda,2.00,0.00,0.01,0,0
vda,24.60,0.00,0.10,0,0
vda,16.00,0.00,0.06,0,0
vda,2.40,0.00,0.01,0,0
vda,1.20,0.00,0.00,0,0
vda,8.80,0.00,0.03,0,0
vda,2.40,0.00,0.01,0,0
vda,1.00,0.00,0.00,0,0
vda,0.00,0.00,0.00,0,0
vda,35.60,0.00,0.14,0,0
vda,9.80,0.00,0.04,0,0
vda,6.40,0.00,0.03,0,0
vda,2.20,0.00,0.01,0,0
vda,8.00,0.00,0.03,0,0
vda,2.40,0.00,0.01,0,0
vda,36.00,0.00,0.14,0,0
vda,2.00,0.00,0.01,0,0
vda,10.60,0.00,0.04,0,0
vda,1.20,0.00,0.00,0,0
vda,2.00,0.00,0.01,0,0
vda,0.00,0.00,0.00,0,0
vda,12.20,0.00,0.05,0,0
vda,1.40,0.00,0.01,0,0
vda,1.00,0.00,0.00,0,0
vda,26.20,0.00,0.11,0,0
vda,11.00,0.00,0.04,0,0
vda,0.00,0.00,0.00,0,0
vda,2.20,0.00,0.01,0,0
vda,8.20,0.00,0.03,0,0
vda,0.80,0.00,0.00,0,0
vda,8.00,0.00,0.03,0,0
vda,2.40,0.00,0.01,0,0
vda,7.00,0.00,0.03,0,0
vda,37.00,0.00,0.15,0,0
vda,1.40,0.00,0.01,0,0
vda,4.60,0.00,0.02,0,0
vda,9.80,0.00,0.04,0,0
vda,1.60,0.00,0.01,0,0
vda,0.00,0.00,0.00,0,0
vda,3.60,0.00,0.02,0,0
vda,10.20,0.00,0.04,0,0
vda,0.20,0.00,0.00,0,0
vda,36.00,0.00,0.14,0,0
vda,9.40,0.00,0.04,0,0
vda,1.40,0.00,0.01,0,0
vda,2.40,0.00,0.01,0,0
vda,0.80,0.00,0.00,0,0
vda,6.60,0.00,0.03,0,0
vda,3.60,0.00,0.01,0,0
vda,1.20,0.00,0.00,0,0
vda,7.00,0.00,0.03,0,0
vda,35.80,0.00,0.15,0,0
vda,1.00,0.00,0.00,0,0
vda,0.00,0.00,0.00,0,0
vda,6.00,0.00,0.03,0,0
vda,11.00,0.00,0.04,0,0
vda,0.00,0.00,0.00,0,0
vda,21.80,0.00,0.09,0,0
vda,5.60,0.00,0.02,0,0
vda,0.60,0.00,0.00,0,0
vda,17.00,0.00,0.07,0,0
vda,1.40,0.00,0.01,0,0
vda,0.00,0.00,0.00,0,0
vda,12.00,0.00,0.05,0,0
vda,3.40,0.00,0.01,0,0
vda,9.40,0.00,0.04,0,0
vda,21.40,0.00,0.09,0,0
vda,1.40,0.00,0.01,0,0
vda,15.40,0.00,0.06,0,0
vda,3.40,0.00,0.01,0,0
vda,12.20,0.00,0.05,0,0
vda,1.60,0.00,0.01,0,0
vda,3.00,0.00,0.01,0,0
vda,12.20,0.00,0.05,0,0
vda,1.40,0.00,0.00,0,0
vda,14.80,0.00,0.06,0,0
vda,35.60,0.00,0.14,0,0
vda,0.00,0.00,0.00,0,0
vda,14.80,0.00,0.06,0,0
vda,9.40,0.00,0.04,0,0
vda,0.40,0.00,0.00,0,0
vda,8.00,0.00,0.03,0,0
vda,38.00,0.00,0.16,0,0
vda,4.60,0.00,0.02,0,0
vda,2.00,0.00,0.01,0,0
vda,0.00,0.00,0.00,0,0
vda,27.20,0.00,0.11,0,0
vda,2.20,0.00,0.01,0,0
vda,26.60,0.00,0.11,0,0
vda,0.00,0.00,0.00,0,0
vda,2.00,0.00,0.01,0,0
vda,28.00,0.00,0.11,0,0
vda,16.20,0.00,0.07,0,0
vda,0.00,0.00,0.00,0,0
vda,0.60,0.00,0.00,0,0
vda,3.20,0.00,0.01,0,0
vda,25.60,0.00,0.10,0,0
vda,10.80,0.00,0.04,0,0
vda,0.20,0.00,0.00,0,0
vda,2.20,0.00,0.01,0,0
vda,33.40,0.02,0.12,0,0
vda,47.40,0.28,0.03,1,0
vda,64.40,0.49,0.09,2,0
vda,66.80,0.60,0.07,3,0
vda,5.20,0.00,0.02,0,0
vda,29.00,0.32,0.10,1,0
vda,10.40,0.00,0.04,0,0
vda,15.20,0.00,0.06,0,0
vda,2.00,0.00,0.01,0,0
vda,1.00,0.00,0.00,0,0
vda,41.60,0.00,0.17,0,0
vda,6.00,0.00,0.04,0,0
vda,64.60,0.06,0.21,0,1
vda,57.40,0.21,0.05,1,0
vda,199.40,0.77,0.02,3,0
vda,32.60,0.00,0.13,0,0
vda,7.20,0.00,0.03,0,0
vda,26.80,0.00,0.11,0,0
vda,17.40,0.00,0.07,0,0
vda,1.20,0.00,0.00,0,0
vda,42.20,0.00,0.17,0,0
vda,18.80,0.00,0.08,0,0
vda,1.40,0.00,0.01,0,0
vda,7.40,0.00,0.03,0,0
vda,27.80,0.00,0.11,0,0
vda,3.60,0.00,0.01,0,0
vda,25.80,0.00,0.10,0,0
vda,5.80,0.00,0.02,0,0
vda,1.00,0.00,0.00,0,0
vda,26.60,0.00,0.11,0,0
vda,11.80,0.00,0.05,0,0
vda,1.40,0.00,0.01,0,0
vda,25.80,0.00,0.10,0,0
vda,12.00,0.00,0.05,0,0
vda,1.00,0.00,0.00,0,0
vda,44.20,0.00,0.17,0,0
vda,5.20,0.00,0.02,0,0
vda,1.00,0.00,0.00,0,0
vda,0.20,0.00,0.00,0,0
vda,28.00,0.00,0.11,0,0
vda,11.60,0.00,0.05,0,0
vda,2.20,0.00,0.01,0,0
vda,7.20,0.00,0.03,0,0
vda,27.00,0.00,0.11,0,0
vda,10.00,0.00,0.04,0,0
vda,27.40,0.00,0.11,0,0
vda,0.80,0.00,0.00,0,0
vda,37.00,0.00,0.14,0,0
vda,7.60,0.00,0.03,0,0
vda,0.60,0.00,0.00,0,0
vda,1.20,0.00,0.00,0,0
vda,5.79,0.00,0.02,0,0
vda,0.00,0.00,0.00,0,0
vda,5.76,0.00,0.02,0,0
vda,13.40,0.00,0.05,0,0
vda,13.40,0.00,0.05,0,0
vda,7.60,0.00,0.03,0,0
vda,0.20,0.00,0.00,0,0
vda,49.40,0.00,0.20,0,0
vda,9.00,0.00,0.04,0,0
vda,5.00,0.00,0.02,0,0
vda,31.40,0.00,0.13,0,0
vda,3.00,0.00,0.01,0,0
vda,0.00,0.00,0.00,0,0
vda,16.25,0.00,0.06,0,1
vda,12.60,0.00,0.05,0,0
vda,28.00,0.00,0.11,0,0
vda,11.20,0.00,0.05,0,0
vda,28.20,0.00,0.11,0,0
vda,6.60,0.00,0.02,0,0
vda,1.00,0.00,0.00,0,0
vda,47.20,0.00,0.19,0,0
vda,8.40,0.00,0.03,0,0
vda,1.00,0.00,0.00,0,0
vda,37.20,0.00,0.15,0,0
vda,1.20,0.00,0.00,0,0
vda,2.40,0.00,0.01,0,0
vda,41.60,0.00,0.17,0,0
vda,2.40,0.00,0.01,0,0
vda,0.00,0.00,0.00,0,0
vda,28.80,0.00,0.11,0,0
vda,10.80,0.00,0.04,0,0
vda,27.60,0.00,0.11,0,0
vda,32.40,0.00,0.13,0,0
vda,22.60,0.00,0.09,0,0
vda,4.80,0.00,0.02,0,0
vda,28.80,0.00,0.12,0,0
vda,14.00,0.00,0.05,0,0
vda,7.00,0.00,0.03,0,0
vda,21.80,0.00,0.09,0,0
vda,10.40,0.00,0.04,0,0
vda,0.20,0.00,0.00,0,0
vda,13.45,0.00,0.05,0,0
vda,20.22,0.00,0.08,0,1
vda,23.20,0.00,0.10,0,0
vda,15.40,0.00,0.06,0,0
vda,10.80,0.00,0.04,0,0
vda,0.80,0.00,0.00,0,0
vda,27.60,0.00,0.11,0,0
vda,10.00,0.00,0.04,0,0
vda,0.00,0.00,0.00,0,0
vda,36.60,0.00,0.15,0,0
vda,20.00,0.00,0.08,0,0
vda,29.20,0.00,0.12,0,0
vda,28.40,0.00,0.11,0,0
vda,1.40,0.00,0.01,0,0
vda,25.80,0.00,0.10,0,0
vda,11.80,0.00,0.05,0,0
vda,0.60,0.00,0.00,0,0
vda,27.40,0.00,0.11,0,0
vda,8.00,0.00,0.03,0,0
vda,4.60,0.00,0.02,0,0
vda,9.03,0.00,0.04,0,0
vda,1.00,0.00,0.00,0,0
vda,1.20,0.00,0.00,0,0
vda,11.80,0.00,0.05,0,0
vda,13.40,0.00,0.05,0,0
vda,31.40,0.00,0.12,0,0
vda,21.40,0.00,0.09,0,0
vda,0.00,0.00,0.00,0,0
vda,12.26,0.00,0.05,0,1
vda,0.00,0.00,0.00,0,0
vda,7.40,0.00,0.03,0,0
vda,12.05,0.00,0.05,0,0
vda,6.40,0.00,0.03,0,0
vda,5.60,0.00,0.02,0,0
vda,3.20,0.00,0.01,0,0
vda,12.40,0.00,0.05,0,0
vda,16.60,0.00,0.06,0,0
vda,2.60,0.00,0.01,0,0
vda,24.60,0.00,0.10,0,0
vda,12.60,0.00,0.05,0,0
vda,30.00,0.00,0.12,0,0
vda,15.40,0.00,0.06,0,0
vda,2.20,0.00,0.01,0,0
vda,11.93,0.00,0.05,0,1
vda,8.00,0.00,0.03,0,0
vda,31.20,0.00,0.12,0,0
vda,0.00,0.00,0.00,0,0
vda,44.00,0.00,0.18,0,0
vda,12.60,0.00,0.05,0,0
vda,1.20,0.00,0.00,0,0
vda,27.60,0.00,0.11,0,0
vda,4.80,0.00,0.02,0,0
vda,0.00,0.00,0.00,0,0
vda,6.46,0.00,0.03,0,0
vda,0.00,0.00,0.00,0,0
vda,0.00,0.00,0.00,0,0
vda,0.00,0.00,0.00,0,0
vda,5.20,0.00,0.02,0,0
vda,3.80,0.00,0.01,0,0
vda,2.76,0.00,0.01,0,0
vda,0.00,0.00,0.00,0,0
vda,5.80,0.00,0.02,0,0
vda,0.00,0.00,0.00,0,0
vda,7.80,0.00,0.03,0,0
vda,3.80,0.00,0.01,0,0
vda,0.00,0.00,0.00,0,0
vda,0.00,0.00,0.00,0,0
vda,6.40,0.00,0.03,0,0
vda,1.80,0.00,0.01,0,0
vda,0.80,0.00,0.00,0,0
vda,0.00,0.00,0.00,0,0
vda,1.40,0.00,0.01,0,0
vda,3.40,0.00,0.01,0,0
vda,0.60,0.00,0.00,0,0
vda,2.34,0.00,0.01,0,0
vda,4.00,0.01,0.01,0,0
vda,1.00,0.00,0.00,0,0
vda,7.00,0.00,0.03,0,0
vda,9.40,0.00,0.04,0,0
vda,5.60,0.00,0.02,0,0
vda,3.20,0.00,0.01,0,0
vda,0.00,0.00,0.00,0,0
vda,0.00,0.00,0.00,0,0
vda,11.20,0.00,0.04,0,0
vda,3.08,0.00,0.01,0,0
vda,3.80,0.00,0.01,0,0
vda,5.80,0.00,0.02,0,0
vda,4.60,0.00,0.02,0,0
vda,6.60,0.00,0.03,0,0
vda,2.00,0.00,0.01,0,0
vda,0.00,0.00,0.00,0,0
vda,2.80,0.00,0.01,0,0
vda,1.60,0.01,0.01,0,0
vda,0.60,0.00,0.00,0,0
vda,2.29,0.00,0.01,0,0
vda,0.00,0.00,0.00,0,0
vda,3.60,0.00,0.01,0,0
vda,0.00,0.00,0.00,0,0
vda,0.00,0.00,0.00,0,0
vda,0.00,0.00,0.00,0,0
vda,0.00,0.00,0.00,0,0
vda,0.00,0.00,0.00,0,0
vda,0.00,0.00,0.00,0,0
vda,0.00,0.00,0.00,0,0
vda,0.00,0.00,0.00,0,0
vda,0.00,0.00,0.00,0,0
vda,0.00,0.00,0.00,0,0
vda,0.00,0.00,0.00,0,0
vda,6.40,0.00,0.03,0,0
vda,1.60,0.00,0.01,0,0
vda,4.40,0.00,0.02,0,0
vda,5.40,0.00,0.02,0,0
vda,3.55,0.01,0.01,0,0
vda,4.80,0.00,0.02,0,0
vda,6.80,0.00,0.03,0,0
vda,0.60,0.04,0.00,0,0
vda,3.20,0.00,0.01,0,0
vda,1.20,0.00,0.00,0,0
vda,1.00,0.00,0.00,0,0
vda,4.20,0.02,0.00,0,0
vda,0.00,0.00,0.00,0,0
vda,0.00,0.00,0.00,0,0
vda,6.40,0.00,0.03,0,0
vda,6.80,0.05,0.02,0,0
vda,0.00,0.00,0.00,0,0
vda,2.00,0.00,0.01,0,0
vda,1.00,0.00,0.00,0,0
vda,6.20,0.00,0.02,0,0
vda,2.00,0.00,0.01,0,0
vda,2.60,0.00,0.01,0,0
vda,2.20,0.00,0.01,0,0
vda,11.40,0.00,0.05,0,0
vda,3.97,0.00,0.02,0,0
vda,0.00,0.00,0.00,0,0
vda,0.00,0.00,0.00,0,0
vda,0.00,0.00,0.00,0,0
vda,0.00,0.00,0.00,0,0
vda,0.00,0.00,0.00,0,0
vda,0.00,0.00,0.00,0,0
vda,0.00,0.00,0.00,0,0
vda,0.00,0.00,0.00,0,0
vda,19.80,0.00,0.08,0,0
vda,3.00,0.00,0.01,0,0
vda,0.00,0.00,0.00,0,0
vda,0.00,0.00,0.00,0,0
vda,2.60,0.00,0.01,0,0
vda,0.40,0.01,0.00,0,0
vda,0.00,0.00,0.00,0,0
vda,0.00,0.00,0.00,0,0
vda,0.00,0.00,0.00,0,0
vda,0.00,0.00,0.00,0,0
vda,0.00,0.00,0.00,0,0
vda,0.00,0.00,0.00,0,0
vda,25.40,0.00,0.10,0,0
vda,3.25,0.00,0.01,0,0
vda,0.00,0.00,0.00,0,0
vda,16.80,0.09,0.05,0,0
vda,2.00,0.00,0.01,0,0
vda,4.42,0.00,0.02,0,0
vda,0.00,0.00,0.00,0,0
vda,0.00,0.00,0.00,0,0
vda,4.20,0.00,0.02,0,0
vda,0.00,0.00,0.00,0,0
vda,4.00,0.00,0.02,0,0
vda,1.20,0.00,0.00,0,0
vda,5.26,0.00,0.02,0,1
vda,0.80,0.00,0.00,0,0
vda,0.80,0.00,0.00,0,0
vda,0.80,0.00,0.00,0,0
vda,1.40,0.00,0.01,0,0
vda,1.20,0.00,0.00,0,0
vda,1.60,0.00,0.00,0,0
vda,1.60,0.00,0.01,0,0
vda,4.20,0.00,0.02,0,0
vda,3.60,0.00,0.01,0,0
vda,0.00,0.00,0.00,0,0
vda,7.40,0.00,0.03,0,0
vda,3.80,0.00,0.01,0,0
vda,3.76,0.00,0.01,0,0
vda,4.60,0.00,0.02,0,0
vda,6.40,0.00,0.03,0,0
vda,4.20,0.00,0.02,0,0
vda,0.00,0.00,0.00,0,0
vda,5.60,0.00,0.02,0,0
vda,4.00,0.00,0.02,0,0
vda,4.72,0.00,0.02,0,0
vda,8.80,0.00,0.04,0,0
vda,0.00,0.00,0.00,0,0
vda,2.80,0.00,0.01,0,0
vda,2.00,0.00,0.01,0,0
vda,0.00,0.00,0.00,0,0
vda,7.80,0.00,0.03,0,0
vda,5.60,0.00,0.02,0,0
vda,1.20,0.01,0.00,0,0
vda,14.06,0.03,0.14,0,1
vda,8.20,0.00,0.52,0,2
vda,1.40,0.00,0.00,0,0
vda,1.20,0.00,0.00,0,0
vda,2.60,0.00,0.01,0,0
vda,0.00,0.00,0.00,0,0
vda,5.20,0.00,0.03,0,0
vda,0.00,0.00,0.00,0,0
vda,0.00,0.00,0.00,0,0
vda,2.20,0.00,0.01,0,0
vda,0.00,0.00,0.00,0,0
vda,0.00,0.00,0.00,0,0
vda,6.40,0.00,0.03,0,0
vda,0.00,0.00,0.00,0,0
vda,13.60,0.00,0.06,0,0
vda,2.60,0.00,0.01,0,0
vda,2.00,0.00,0.01,0,0
vda,7.40,0.00,0.03,0,0
vda,10.71,0.00,0.04,0,1
vda,0.00,0.00,0.00,0,0
vda,27.60,0.00,0.11,0,0
vda,0.00,0.00,0.00,0,0
vda,27.40,0.00,0.11,0,0
vda,1.20,0.00,0.00,0,0
vda,0.00,0.00,0.00,0,0
vda,35.80,0.00,0.15,0,0
vda,2.00,0.00,0.01,0,0
vda,17.80,0.00,0.07,0,0
vda,9.20,0.00,0.04,0,0
vda,12.00,0.00,0.05,0,0
vda,5.40,0.00,0.02,0,0
vda,9.20,0.00,0.04,0,0
vda,4.40,0.00,0.02,0,0
vda,32.80,0.00,0.14,0,0
vda,6.80,0.00,0.03,0,0
vda,0.00,0.00,0.00,0,0
vda,2.00,0.00,0.01,0,0
vda,35.00,0.00,0.15,0,0
vda,0.00,0.00,0.00,0,0
vda,3.00,0.00,0.01,0,0
vda,13.65,0.00,0.06,0,0
vda,0.00,0.00,0.00,0,0
vda,13.40,0.00,0.05,0,0
vda,14.00,0.00,0.06,0,0
vda,0.00,0.00,0.00,0,0
vda,0.60,0.00,0.00,0,0
vda,2.40,0.00,0.01,0,0
vda,2.20,0.00,0.01,0,0
vda,3.00,0.00,0.01,0,0
vda,0.00,0.00,0.00,0,0
vda,17.28,0.00,0.07,0,1
vda,16.60,0.00,0.07,0,0
vda,3.60,0.00,0.01,0,0
vda,6.80,0.00,0.03,0,0
vda,0.00,0.00,0.00,0,0
vda,2.20,0.00,0.01,0,0
vda,6.00,0.00,0.02,0,0
vda,23.00,0.00,0.10,0,0
vda,13.40,0.00,0.06,0,0
vda,1.20,0.00,0.00,0,0
vda,0.40,0.00,0.00,0,0
vda,9.00,0.00,0.04,0,0
vda,1.60,0.00,0.01,0,0
vda,2.00,0.00,0.01,0,0
vda,27.40,0.00,0.11,0,0
vda,8.00,0.00,0.04,0,0
vda,2.40,0.00,0.01,0,0
vda,5.80,0.00,0.02,0,0
vda,8.00,0.00,0.03,0,0
vda,1.00,0.00,0.00,0,0
vda,4.20,0.00,0.02,0,0
vda,1.60,0.00,0.01,0,0
vda,9.40,0.00,0.04,0,0
vda,27.00,0.00,0.11,0,0
vda,1.20,0.00,0.00,0,0
vda,8.00,0.00,0.03,0,0
vda,35.40,0.00,0.15,0,0
vda,0.00,0.00,0.00,0,0
vda,0.80,0.00,0.00,0,0
vda,2.00,0.00,0.01,0,0
vda,0.80,0.00,0.00,0,0
vda,0.80,0.00,0.00,0,0
vda,0.20,0.00,0.00,0,0
vda,2.00,0.00,0.01,0,0
vda,0.00,0.00,0.00,0,0
vda,0.00,0.00,0.00,0,0
vda,0.00,0.00,0.00,0,0
vda,0.00,0.00,0.00,0,0
vda,0.00,0.00,0.00,0,0
vda,0.00,0.00,0.00,0,0
vda,0.00,0.00,0.00,0,0
vda,0.00,0.00,0.00,0,0
vda,1.60,0.00,0.01,0,0
vda,0.60,0.00,0.00,0,0
vda,16.52,0.00,0.07,0,1
vda,0.00,0.00,0.00,0,0
vda,1.00,0.00,0.00,0,0
vda,3.40,0.00,0.02,0,0
vda,1.20,0.00,0.00,0,0
vda,2.60,0.00,0.02,0,0
vda,29.00,0.00,0.11,0,0
vda,25.20,0.00,0.10,0,0
vda,1.00,0.00,0.00,0,0
vda,1.80,0.00,0.01,0,0
vda,4.40,0.00,0.02,0,0
vda,1.40,0.00,0.01,0,0
vda,2.40,0.00,0.01,0,0
vda,17.40,0.00,0.07,0,0
vda,30.00,0.00,0.12,0,0
vda,6.00,0.00,0.02,0,0
vda,2.80,0.00,0.02,0,0
vda,2.40,0.00,0.01,0,0
vda,2.20,0.00,0.01,0,0
vda,2.60,0.00,0.01,0,0
vda,5.20,0.00,0.03,0,0
vda,0.00,0.00,0.00,0,0
vda,18.80,0.00,0.08,0,0
vda,16.80,0.00,0.07,0,0
vda,20.40,0.00,0.08,0,0
vda,2.20,0.00,0.01,0,0
vda,1.00,0.00,0.00,0,0
vda,34.20,0.00,0.14,0,0
vda,2.20,0.00,0.01,0,0
vda,2.00,0.00,0.01,0,0
vda,2.80,0.00,0.01,0,0
vda,1.20,0.00,0.00,0,0
vda,1.00,0.00,0.00,0,0
vda,40.00,0.00,0.16,0,0
vda,3.80,0.00,0.02,0,0
vda,1.20,0.00,0.00,0,0
vda,13.00,0.00,0.06,0,0
vda,2.00,0.00,0.01,0,0
vda,1.00,0.00,0.00,0,0
vda,3.40,0.00,0.01,0,0
vda,1.60,0.00,0.01,0,0
vda,12.60,0.00,0.06,0,0
vda,15.40,0.00,0.06,0,0
vda,2.00,0.00,0.01,0,0
vda,1.00,0.00,0.00,0,0
vda,12.80,0.00,0.06,0,0
vda,2.60,0.00,0.01,0,0
vda,1.60,0.00,0.01,0,0
vda,20.60,0.00,0.08,0,0
vda,2.20,0.00,0.01,0,0
vda,1.00,0.00,0.00,0,0
vda,23.60,0.00,0.09,0,0
vda,2.40,0.00,0.01,0,0
vda,1.20,0.00,0.00,0,0
vda,9.60,0.00,0.04,0,0
vda,3.00,0.00,0.02,0,0
vda,18.60,0.00,0.08,0,0
vda,2.60,0.00,0.01,0,0
vda,23.80,0.00,0.09,0,0
vda,1.20,0.00,0.00,0,0
vda,0.60,0.00,0.00,0,0
vda,2.20,0.00,0.01,0,0
vda,3.80,0.00,0.03,0,0
vda,22.20,0.00,0.09,0,0
vda,2.40,0.00,0.01,0,0
vda,1.20,0.00,0.00,0,0
vda,18.80,0.00,0.07,0,0
vda,1.80,0.00,0.01,0,0
vda,0.40,0.00,0.00,0,0
vda,1.80,0.00,0.01,0,0
vda,2.60,0.00,0.01,0,0
vda,23.20,0.00,0.10,0,0
vda,14.80,0.00,0.06,0,0
vda,4.20,0.00,0.03,0,0
vda,2.40,0.00,0.01,0,0
vda,35.20,0.00,0.14,0,0
vda,4.00,0.00,0.02,0,0
vda,0.00,0.00,0.00,0,0
vda,11.40,0.00,0.05,0,0
vda,1.80,0.00,0.01,0,0
vda,1.60,0.00,0.01,0,0
vda,19.00,0.00,0.09,0,0
vda,2.60,0.00,0.01,0,0
vda,2.40,0.00,0.01,0,0
vda,24.60,0.00,0.10,0,0
vda,18.00,0.00,0.07,0,0
vda,2.60,0.00,0.01,0,0
vda,1.60,0.00,0.01,0,0
vda,2.20,0.00,0.01,0,0
vda,4.20,0.00,0.03,0,0
vda,10.00,0.00,0.04,0,0
vda,0.00,0.00,0.00,0,0
vda,1.00,0.00,0.00,0,0
vda,32.80,0.00,0.13,0,0
vda,10.00,0.00,0.04,0,0
vda,1.20,0.00,0.00,0,0
vda,6.79,0.00,0.03,0,0
vda,1.40,0.00,0.01,0,0
vda,0.00,0.00,0.00,0,0
vda,11.20,0.00,0.04,0,0
vda,12.80,0.00,0.05,0,0
vda,1.20,0.00,0.00,0,0
vda,18.00,0.00,0.08,0,0
vda,3.40,0.00,0.02,0,0
vda,1.60,0.00,0.01,0,0
vda,2.40,0.00,0.01,0,0
vda,2.60,0.00,0.01,0,0
vda,1.20,0.00,0.00,0,0
vda,26.80,0.00,0.11,0,0
vda,2.00,0.00,0.01,0,0
vda,3.00,0.00,0.02,0,0
vda,19.20,0.00,0.08,0,0
vda,9.60,0.00,0.04,0,0
vda,0.80,0.00,0.00,0,0
vda,0.00,0.00,0.00,0,0
vda,18.20,0.00,0.07,0,0
vda,1.80,0.00,0.01,0,0
vda,12.00,0.00,0.05,0,0
vda,3.80,0.00,0.02,0,0
vda,1.00,0.00,0.00,0,0
vda,0.20,0.00,0.00,0,0
vda,0.00,0.00,0.00,0,0
vda,10.56,0.00,0.04,0,0
vda,4.20,0.00,0.02,0,0
vda,7.00,0.00,0.03,0,0
vda,0.60,0.00,0.00,0,0
vda,1.00,0.00,0.00,0,0
vda,2.00,0.00,0.01,0,0
vda,42.40,0.00,0.18,0,0
vda,1.20,0.00,0.00,0,0
vda,3.00,0.00,0.01,0,0
vda,1.00,0.00,0.01,0,0
vda,12.00,0.00,0.05,0,0
vda,2.00,0.00,0.01,0,0
vda,0.40,0.00,0.00,0,0
vda,27.80,0.00,0.11,0,0
vda,4.40,0.00,0.02,0,0
vda,0.80,0.00,0.00,0,0
vda,1.20,0.00,0.01,0,0
vda,3.20,0.00,0.01,0,0
vda,1.80,0.00,0.01,0,0
vda,12.60,0.00,0.05,0,0
vda,0.40,0.00,0.00,0,0
vda,17.00,0.00,0.07,0,0
vda,24.60,0.00,0.10,0,0
vda,5.20,0.00,0.03,0,0
vda,1.60,0.00,0.01,0,0
vda,2.20,0.00,0.01,0,0
vda,0.00,0.00,0.00,0,0
vda,1.00,0.00,0.00,0,0
vda,28.00,0.00,0.11,0,0
vda,3.80,0.00,0.01,0,0
vda,1.80,0.00,0.01,0,0
vda,4.00,0.00,0.02,0,0
vda,25.60,0.00,0.10,0,0
vda,0.00,0.00,0.00,0,0
vda,1.20,0.00,0.00,0,0
vda,2.00,0.00,0.01,0,0
vda,0.00,0.00,0.00,0,0
vda,12.20,0.00,0.05,0,0
vda,11.40,0.00,0.04,0,0
vda,1.40,0.00,0.01,0,0
vda,0.00,0.00,0.00,0,0
vda,26.00,0.00,0.10,0,0
vda,1.20,0.00,0.00,0,0
vda,1.20,0.00,0.00,0,0
vda,19.00,0.00,0.08,0,0
vda,3.40,0.00,0.03,0,0
vda,1.20,0.00,0.00,0,0
vda,12.60,0.00,0.05,0,0
vda,0.20,0.00,0.00,0,0
vda,2.20,0.00,0.01,0,0
vda,18.60,0.00,0.07,0,0
vda,0.20,0.00,0.00,0,0
vda,18.80,0.00,0.08,0,0
vda,1.00,0.00,0.00,0,0
vda,2.20,0.00,0.01,0,0
vda,3.00,0.00,0.02,0,0
vda,11.00,0.00,0.04,0,0
vda,2.20,0.00,0.01,0,0
vda,1.80,0.00,0.01,0,0
vda,1.40,0.00,0.01,0,0
vda,37.20,0.00,0.15,0,0
vda,1.00,0.00,0.00,0,0
vda,0.80,0.00,0.00,0,0
vda,10.00,0.00,0.04,0,0
vda,3.20,0.00,0.02,0,0
vda,0.00,0.00,0.00,0,0
vda,2.00,0.00,0.01,0,0
vda,24.80,0.00,0.10,0,0
vda,3.40,0.00,0.01,0,0
vda,34.60,0.00,0.14,0,0
vda,1.20,0.00,0.00,0,0
vda,2.00,0.00,0.01,0,0
vda,14.20,0.00,0.06,0,0
vda,1.20,0.00,0.00,0,0
vda,17.40,0.00,0.08,0,0
vda,0.00,0.00,0.00,0,0
vda,1.20,0.00,0.00,0,0
vda,25.40,0.00,0.10,0,0
vda,2.80,0.00,0.01,0,0
vda,2.20,0.00,0.01,0,0
vda,11.20,0.00,0.04,0,0
vda,2.40,0.00,0.01,0,0
vda,17.40,0.00,0.07,0,0
vda,2.00,0.00,0.01,0,0
vda,1.00,0.00,0.00,0,0
vda,3.00,0.00,0.02,0,0
vda,17.80,0.00,0.07,0,0
vda,1.20,0.00,0.00,0,0
vda,2.40,0.00,0.01,0,0
vda,29.60,0.00,0.12,0,0
vda,0.20,0.00,0.00,0,0
vda,1.00,0.00,0.00,0,0
vda,2.60,0.00,0.01,0,0
vda,0.00,0.00,0.00,0,0
vda,3.00,0.00,0.02,0,0
vda,26.40,0.00,0.10,0,0
vda,0.60,0.00,0.00,0,0
vda,12.80,0.00,0.05,0,0
vda,11.20,0.00,0.04,0,0
vda,2.00,0.00,0.01,0,0
vda,1.40,0.00,0.01,0,0
vda,2.00,0.00,0.01,0,0
vda,2.00,0.00,0.01,0,0
vda,1.00,0.00,0.00,0,0
vda,42.60,0.00,0.17,0,0
vda,2.80,0.00,0.02,0,0
vda,1.00,0.00,0.00,0,0
vda,10.80,0.00,0.04,0,0
vda,2.00,0.00,0.01,0,0
vda,2.40,0.00,0.01,0,0
vda,3.20,0.00,0.01,0,0
vda,1.60,0.00,0.01,0,0
vda,17.80,0.00,0.07,0,0
vda,25.80,0.00,0.10,0,0
vda,0.00,0.00,0.00,0,0
vda,1.00,0.00,0.00,0,0
vda,16.20,0.00,0.07,0,0
vda,0.00,0.00,0.00,0,0
vda,1.20,0.00,0.00,0,0
vda,14.00,0.00,0.06,0,0
vda,1.40,0.00,0.01,0,0
vda,0.00,0.00,0.00,0,0
vda,18.00,0.00,0.07,0,0
vda,2.20,0.00,0.01,0,0
vda,0.00,0.00,0.00,0,0
vda,15.20,0.00,0.07,0,0
vda,18.20,0.00,0.07,0,0
vda,0.00,0.00,0.00,0,0
vda,2.40,0.00,0.01,0,0
vda,2.40,0.00,0.01,0,0
vda,2.60,0.00,0.01,0,0
vda,25.60,0.00,0.10,0,0
vda,0.20,0.00,0.00,0,0
vda,1.00,0.00,0.00,0,0
vda,20.60,0.00,0.08,0,0
vda,2.40,0.00,0.02,0,0
vda,1.20,0.00,0.00,0,0
vda,2.40,0.00,0.01,0,0
vda,0.20,0.00,0.00,0,0
vda,2.40,0.00,0.01,0,0
vda,26.40,0.00,0.10,0,0
vda,1.00,0.00,0.00,0,0
vda,17.80,0.00,0.07,0,0
vda,12.80,0.00,0.05,0,0
vda,1.40,0.00,0.01,0,0
vda,3.20,0.00,0.02,0,0
vda,2.80,0.00,0.01,0,0
vda,2.80,0.00,0.01,0,0
vda,1.80,0.00,0.00,0,0
vda,42.00,0.00,0.17,0,0
vda,0.40,0.00,0.00,0,0
vda,2.40,0.00,0.01,0,0
vda,6.40,0.00,0.03,0,0
vda,9.80,0.00,0.05,0,0
vda,1.80,0.00,0.01,0,0
vda,1.80,0.00,0.01,0,0
vda,11.40,0.00,0.05,0,0
vda,1.00,0.00,0.00,0,0
vda,23.00,0.00,0.10,0,0
vda,1.60,0.00,0.01,0,0
vda,1.20,0.00,0.00,0,0
vda,12.80,0.00,0.05,0,0
vda,0.00,0.00,0.00,0,0
vda,1.00,0.00,0.00,0,0
vda,17.20,0.00,0.07,0,0
vda,2.20,0.00,0.01,0,0
vda,1.60,0.00,0.01,0,0
vda,27.40,0.00,0.11,0,0
vda,1.40,0.00,0.01,0,0
vda,0.00,0.00,0.00,0,0
vda,38.20,0.00,0.16,0,0
vda,2.40,0.00,0.01,0,0
vda,1.00,0.00,0.00,0,0
vda,26.80,0.00,0.10,0,0
vda,28.20,0.00,0.11,0,0
vda,1.00,0.00,0.00,0,0
vda,1.80,0.00,0.01,0,0
vda,0.20,0.00,0.00,0,0
vda,2.80,0.00,0.01,0,0
vda,3.00,0.00,0.01,0,0
vda,2.60,0.00,0.01,0,0
vda,12.20,0.00,0.05,0,0
vda,24.80,0.00,0.10,0,0
vda,0.20,0.00,0.00,0,0
vda,4.40,0.00,0.03,0,0
vda,2.40,0.00,0.01,0,0
vda,1.20,0.00,0.00,0,0
vda,0.00,0.00,0.00,0,0
vda,26.40,0.00,0.11,0,0
vda,3.60,0.00,0.01,0,0
vda,48.80,0.00,0.19,0,0
vda,2.40,0.00,0.01,0,0
vda,1.20,0.00,0.00,0,0
vda,31.80,0.00,0.14,0,0
vda,8.40,0.00,0.03,0,0
vda,1.20,0.00,0.00,0,0
vda,1.20,0.00,0.00,0,0
vda,2.00,0.00,0.01,0,0
vda,2.00,0.00,0.01,0,0
vda,27.60,0.00,0.11,0,0
vda,18.80,0.00,0.08,0,0
vda,1.20,0.00,0.00,0,0
vda,11.00,0.00,0.04,0,0
vda,1.00,0.00,0.00,0,0
vda,2.20,0.00,0.02,0,0
vda,1.00,0.00,0.00,0,0
vda,2.00,0.00,0.01,0,0
vda,20.00,0.00,0.08,0,0
vda,29.00,0.00,0.11,0,0
vda,0.80,0.00,0.00,0,0
vda,19.40,0.00,0.09,0,0
vda,6.60,0.00,0.03,0,0
vda,32.20,0.00,0.13,0,0
vda,1.20,0.00,0.00,0,0
vda,0.00,0.00,0.00,0,0
vda,11.80,0.00,0.05,0,0
vda,27.00,0.00,0.11,0,0
vda,3.20,0.00,0.01,0,0
vda,1.40,0.00,0.01,0,0
vda,0.40,0.00,0.00,0,0
vda,1.20,0.00,0.00,0,0
vda,2.00,0.00,0.01,0,0
vda,0.60,0.00,0.00,0,0
vda,19.60,0.00,0.08,0,0
vda,38.40,0.00,0.16,0,0
vda,1.00,0.00,0.00,0,0
vda,2.20,0.00,0.01,0,0
vda,5.60,0.00,0.03,0,0
vda,2.00,0.00,0.01,0,0
vda,0.20,0.00,0.00,0,0
vda,3.20,0.00,0.02,0,0
vda,12.60,0.00,0.05,0,0
vda,2.00,0.00,0.01,0,0
vda,34.40,0.00,0.13,0,0
vda,3.00,0.00,0.02,0,0
vda,3.60,0.00,0.01,0,0
vda,2.40,0.00,0.01,0,0
vda,0.00,0.00,0.00,0,0
vda,20.20,0.00,0.08,0,0
vda,1.80,0.00,0.01,0,0
vda,1.60,0.00,0.01,0,0
vda,2.00,0.00,0.01,0,0
vda,24.80,0.00,0.11,0,0
vda,1.60,0.00,0.01,0,0
vda,1.20,0.00,0.00,0,0
vda,4.00,0.00,0.02,0,0
vda,20.60,0.00,0.09,0,0
vda,0.00,0.00,0.00,0,0
vda,1.80,0.00,0.01,0,0
vda,1.00,0.00,0.00,0,0
vda,1.40,0.00,0.01,0,0
vda,36.40,0.00,0.14,0,0
vda,2.80,0.00,0.02,0,0
vda,13.80,0.00,0.06,0,0
vda,1.80,0.00,0.01,0,0
vda,1.00,0.00,0.00,0,0
vda,2.40,0.00,0.01,0,0
vda,2.60,0.00,0.01,0,0
vda,0.40,0.00,0.00,0,0
vda,1.20,0.00,0.00,0,0
vda,37.60,0.00,0.15,0,0
vda,18.20,0.00,0.07,0,0
vda,3.80,0.00,0.02,0,0
vda,2.00,0.00,0.01,0,0
vda,2.60,0.00,0.01,0,0
vda,2.00,0.00,0.01,0,0
vda,0.00,0.00,0.00,0,0
vda,4.00,0.00,0.02,0,0
vda,18.60,0.00,0.07,0,0
vda,36.40,0.00,0.14,0,0
vda,0.60,0.00,0.00,0,0
vda,1.00,0.00,0.00,0,0
vda,2.00,0.00,0.01,0,0
vda,3.40,0.00,0.02,0,0
vda,1.20,0.00,0.01,0,0
vda,2.00,0.00,0.01,0,0
vda,13.00,0.00,0.05,0,0
vda,0.00,0.00,0.00,0,0
vda,26.60,0.00,0.10,0,0
vda,1.40,0.00,0.01,0,0
vda,0.00,0.00,0.00,0,0
vda,2.20,0.00,0.01,0,0
vda,2.40,0.00,0.01,0,0
vda,18.00,0.00,0.07,0,0
vda,3.99,0.00,0.03,0,0
vda,1.20,0.00,0.00,0,0
vda,0.00,0.00,0.00,0,0
vda,42.00,0.00,0.17,0,0
vda,2.80,0.00,0.01,0,0
vda,0.00,0.00,0.00,0,0
vda,13.40,0.00,0.05,0,0
vda,1.00,0.00,0.00,0,0
vda,0.40,0.00,0.00,0,0
vda,2.00,0.00,0.01,0,0
vda,1.60,0.00,0.01,0,0
vda,4.40,0.00,0.02,0,0
vda,34.60,0.00,0.14,0,0
vda,18.60,0.00,0.07,0,0
vda,1.20,0.00,0.00,0,0
vda,0.60,0.00,0.00,0,0
vda,3.00,0.00,0.01,0,0
vda,0.80,0.00,0.00,0,0
vda,5.60,0.00,0.03,0,0
vda,2.00,0.00,0.01,0,0
vda,24.00,0.00,0.09,0,0
vda,49.40,0.00,0.19,0,0
vda,2.20,0.00,0.01,0,0
vda,0.00,0.00,0.00,0,0
vda,2.00,0.00,0.01,0,0
vda,7.00,0.00,0.04,0,0
vda,0.00,0.00,0.00,0,0
vda,2.00,0.00,0.01,0,0
vda,13.00,0.00,0.05,0,0
vda,0.20,0.00,0.00,0,0
vda,25.00,0.00,0.10,0,0
vda,2.40,0.00,0.01,0,0
vda,3.60,0.00,0.02,0,0
vda,2.00,0.00,0.01,0,0
vda,39.80,0.00,0.17,0,0
vda,16.80,0.00,0.07,0,0
vda,2.00,0.00,0.01,0,0
vda,0.00,0.00,0.00,0,0
vda,1.20,0.00,0.00,0,0
vda,2.00,0.00,0.01,0,0
vda,1.40,0.00,0.01,0,0
vda,12.00,0.00,0.05,0,0
vda,13.60,0.00,0.05,0,0
vda,16.40,0.00,0.07,0,0
vda,1.00,0.00,0.00,0,0
vda,1.80,0.00,0.01,0,0
vda,0.60,0.00,0.00,0,0
vda,3.20,0.00,0.02,0,0
vda,2.40,0.00,0.01,0,0
vda,19.40,0.00,0.08,0,0
vda,34.40,0.00,0.13,0,0
vda,3.40,0.00,0.01,0,0
vda,2.00,0.00,0.01,0,0
vda,2.00,0.00,0.01,0,0
vda,1.00,0.00,0.00,0,0
vda,0.20,0.00,0.00,0,0
vda,2.20,0.00,0.01,0,0
vda,21.60,0.00,0.09,0,0
vda,1.40,0.00,0.01,0,0
vda,36.40,0.00,0.14,0,0
vda,1.00,0.00,0.00,0,0
vda,1.40,0.00,0.01,0,0
vda,2.80,0.00,0.01,0,0
vda,2.40,0.00,0.01,0,0
vda,11.80,0.00,0.05,0,0
vda,1.20,0.00,0.00,0,0
vda,34.00,0.00,0.15,0,0
vda,2.00,0.00,0.01,0,0
vda,1.20,0.00,0.00,0,0
vda,27.60,0.00,0.11,0,0
vda,20.40,0.00,0.08,0,0
vda,12.00,0.00,0.05,0,0
vda,2.60,0.00,0.01,0,0
vda,0.00,0.00,0.00,0,0
vda,1.20,0.00,0.00,0,0
vda,0.00,0.00,0.00,0,0
vda,0.60,0.00,0.00,0,0
vda,7.00,0.00,0.03,0,0
vda,23.00,0.00,0.09,0,0
vda,11.00,0.00,0.05,0,0
vda,0.40,0.00,0.00,0,0
vda,2.00,0.00,0.01,0,0
vda,2.40,0.00,0.01,0,0
vda,6.40,0.00,0.03,0,0
vda,35.40,0.00,0.14,0,0
vda,0.00,0.00,0.00,0,0
vda,1.00,0.00,0.00,0,0
vda,16.00,0.00,0.06,0,0
vda,0.60,0.00,0.00,0,0
vda,3.40,0.00,0.02,0,0
vda,2.00,0.00,0.01,0,0
vda,0.80,0.00,0.00,0,0
vda,0.00,0.00,0.00,0,0
vda,0.00,0.00,0.00,0,0
vda,0.00,0.00,0.00,0,0
vda,1.00,0.00,0.01,0,0
vda,27.60,0.00,0.11,0,0
vda,17.80,0.00,0.07,0,0
vda,0.00,0.00,0.00,0,0
vda,1.00,0.00,0.00,0,0
vda,2.00,0.00,0.01,0,0
vda,0.00,0.00,0.00,0,0
vda,10.00,0.00,0.05,0,0
vda,17.65,0.00,0.07,0,0
vda,2.20,0.00,0.01,0,0
vda,12.60,0.00,0.05,0,0
vda,27.20,0.00,0.11,0,0
vda,14.80,0.00,0.06,0,0
vda,15.20,0.00,0.07,0,0
vda,0.00,0.00,0.00,0,0
vda,19.00,0.00,0.08,0,0
vda,2.20,0.00,0.01,0,0
vda,26.40,0.00,0.11,0,0
vda,9.20,0.00,0.03,0,0
vda,2.00,0.00,0.01,0,0
vda,0.60,0.00,0.00,0,0
vda,2.80,0.00,0.01,0,0
vda,35.00,0.00,0.14,0,0
vda,21.40,0.00,0.09,0,0
vda,1.00,0.00,0.00,0,0
vda,37.80,0.00,0.15,0,0
vda,0.80,0.00,0.00,0,0
vda,1.00,0.00,0.00,0,0
vda,37.60,0.00,0.15,0,0
vda,0.80,0.00,0.00,0,0
vda,1.60,0.00,0.00,0,0
vda,57.60,0.00,0.23,0,1
vda,0.00,0.00,0.00,0,0
vda,1.40,0.00,0.01,0,0
vda,36.80,0.00,0.16,0,0
vda,4.99,0.00,0.02,0,0
vda,2.20,0.00,0.01,0,0
vda,28.20,0.00,0.11,0,0
vda,9.20,0.00,0.04,0,0
vda,1.00,0.00,0.00,0,0
vda,3.20,0.00,0.01,0,0
vda,1.40,0.00,0.01,0,0
vda,1.60,0.00,0.01,0,0
vda,3.20,0.00,0.01,0,0
vda,25.00,0.00,0.10,0,0
vda,1.20,0.00,0.00,0,0
vda,51.40,0.00,0.21,0,1
vda,0.60,0.00,0.00,0,0
vda,36.60,0.00,0.14,0,0
vda,3.00,0.00,0.01,0,0
vda,0.60,0.00,0.00,0,0
vda,2.20,0.00,0.01,0,0
vda,13.20,0.00,0.05,0,0
vda,12.50,0.00,0.05,0,0
vda,0.00,0.00,0.00,0,0
vda,1.00,0.00,0.00,0,0
vda,27.20,0.00,0.11,0,0
vda,29.20,0.00,0.12,0,0
vda,1.00,0.00,0.00,0,0
vda,1.80,0.00,0.01,0,0
vda,38.60,0.00,0.16,0,0
vda,3.80,0.00,0.01,0,0
vda,0.00,0.00,0.00,0,0
vda,2.00,0.00,0.01,0,0
vda,1.00,0.00,0.00,0,0
vda,0.00,0.00,0.00,0,0
vda,2.40,0.00,0.01,0,0
vda,1.40,0.00,0.01,0,0
vda,54.80,0.00,0.21,0,1
vda,1.00,0.00,0.00,0,0
vda,1.40,0.00,0.01,0,0
vda,0.00,0.00,0.00,0,0
vda,2.00,0.00,0.01,0,0
vda,1.40,0.00,0.01,0,0
vda,0.20,0.00,0.00,0,0
vda,5.71,0.00,0.02,0,0
vda,37.20,0.00,0.15,0,0
vda,1.00,0.00,0.00,0,0
vda,26.00,0.00,0.11,0,0
vda,8.20,0.00,0.03,0,0
vda,1.00,0.00,0.00,0,0
vda,0.60,0.00,0.00,0,0
vda,2.00,0.00,0.01,0,0
vda,1.00,0.00,0.00,0,0
vda,5.80,0.00,0.02,0,0
vda,28.60,0.00,0.12,0,0
vda,10.40,0.00,0.04,0,0
vda,0.80,0.00,0.00,0,0
vda,2.00,0.00,0.01,0,0
vda,1.00,0.00,0.00,0,0
vda,0.40,0.00,0.00,0,0
vda,13.00,0.00,0.06,0,0
vda,1.40,0.00,0.01,0,0
vda,5.40,0.00,0.03,0,0
vda,41.40,0.00,0.16,0,0
vda,4.40,0.00,0.03,0,0
vda,0.40,0.00,0.00,0,0
vda,2.20,0.00,0.01,0,0
vda,9.20,0.00,0.04,0,0
vda,0.80,0.00,0.00,0,0
vda,3.40,0.00,0.02,0,0
vda,10.00,0.00,0.04,0,0
vda,38.00,0.00,0.15,0,0
vda,1.40,0.00,0.01,0,0
vda,1.40,0.00,0.01,0,0
vda,32.40,0.00,0.14,0,0
vda,7.80,0.00,0.03,0,0
vda,1.00,0.00,0.00,0,0
vda,0.20,0.00,0.00,0,0
vda,2.00,0.00,0.01,0,0
vda,1.00,0.00,0.00,0,0
vda,17.60,0.00,0.07,0,0
vda,3.39,0.00,0.02,0,0
vda,1.00,0.00,0.00,0,0
vda,35.80,0.00,0.14,0,0
vda,2.40,0.00,0.01,0,0
vda,1.00,0.00,0.00,0,0
vda,0.40,0.00,0.00,0,0
vda,2.20,0.00,0.01,0,0
vda,14.60,0.00,0.06,0,0
vda,2.40,0.00,0.02,0,0
vda,2.00,0.00,0.01,0,0
vda,1.20,0.00,0.00,0,0
vda,37.80,0.00,0.15,0,0
vda,1.20,0.00,0.00,0,0
vda,1.00,0.00,0.00,0,0
vda,20.60,0.00,0.08,0,0
vda,0.00,0.00,0.00,0,0
vda,1.00,0.00,0.00,0,0
vda,4.60,0.00,0.03,0,0
vda,1.40,0.00,0.01,0,0
vda,1.00,0.00,0.00,0,0
vda,24.60,0.00,0.10,0,0
vda,3.40,0.00,0.02,0,0
vda,18.60,0.00,0.07,0,0
vda,2.60,0.00,0.01,0,0
vda,0.00,0.00,0.00,0,0
vda,1.00,0.00,0.00,0,0
vda,1.80,0.00,0.01,0,0
vda,2.60,0.00,0.02,0,0
vda,2.40,0.00,0.01,0,0
vda,48.00,0.00,0.19,0,0
vda,2.40,0.00,0.01,0,0
vda,1.40,0.00,0.01,0,0
vda,0.00,0.00,0.00,0,0
vda,2.00,0.00,0.01,0,0
vda,1.00,0.00,0.00,0,0
vda,1.60,0.00,0.01,0,0
vda,4.80,0.00,0.03,0,0
vda,18.20,0.00,0.07,0,0
vda,36.40,0.00,0.14,0,0
vda,2.20,0.00,0.01,0,0
vda,0.40,0.00,0.00,0,0
vda,41.80,0.00,0.18,0,0
vda,1.40,0.00,0.01,0,0
vda,0.00,0.00,0.00,0,0
vda,2.00,0.00,0.01,0,0
vda,0.60,0.00,0.00,0,0
vda,1.80,0.00,0.01,0,0
vda,2.40,0.00,0.01,0,0
vda,24.00,0.00,0.09,0,0
vda,2.40,0.00,0.01,0,0
vda,54.40,0.00,0.22,0,1
vda,2.20,0.00,0.02,0,0
vda,2.20,0.00,0.01,0,0
vda,2.40,0.00,0.01,0,0
vda,32.60,0.00,0.13,0,0
vda,6.80,0.00,0.03,0,0
vda,1.20,0.00,0.00,0,0
vda,16.60,0.00,0.07,0,0
vda,19.20,0.00,0.07,0,0
vda,4.40,0.00,0.02,0,0
vda,30.40,0.00,0.12,0,0
vda,18.80,0.00,0.07,0,0
vda,2.40,0.00,0.01,0,0
vda,25.80,0.00,0.11,0,0
vda,14.60,0.00,0.06,0,0
vda,27.80,0.00,0.11,0,0
vda,5.20,0.00,0.02,0,0
vda,1.20,0.00,0.00,0,0
vda,37.20,0.00,0.15,0,0
vda,0.00,0.00,0.00,0,0
vda,1.40,0.00,0.00,0,0
vda,40.00,0.00,0.16,0,0
vda,18.80,0.00,0.08,0,0
vda,1.00,0.00,0.00,0,0
vda,25.80,0.00,0.10,0,0
vda,12.00,0.00,0.05,0,0
vda,1.00,0.00,0.00,0,0
vda,25.80,0.00,0.10,0,0
vda,11.40,0.00,0.04,0,0
vda,1.00,0.00,0.00,0,0
vda,35.60,0.00,0.14,0,0
vda,3.40,0.00,0.01,0,0
vda,1.40,0.00,0.01,0,0
vda,40.00,0.00,0.16,0,0
vda,17.80,0.00,0.07,0,0
vda,1.00,0.00,0.00,0,0
vda,26.60,0.00,0.10,0,0
vda,11.40,0.00,0.04,0,0
vda,1.00,0.00,0.00,0,0
vda,35.80,0.00,0.14,0,0
vda,2.80,0.00,0.01,0,0
vda,2.40,0.00,0.01,0,0
vda,1.40,0.00,0.01,0,0
vda,2.00,0.00,0.01,0,0
vda,1.00,0.00,0.00,0,0
vda,0.40,0.00,0.00,0,0
vda,4.00,0.00,0.02,0,0
vda,20.80,0.00,0.09,0,0
vda,35.00,0.00,0.14,0,0
vda,2.00,0.00,0.01,0,0
vda,2.40,0.00,0.01,0,0
vda,1.80,0.00,0.01,0,0
vda,2.20,0.00,0.01,0,0
vda,2.40,0.00,0.01,0,0
vda,11.40,0.00,0.04,0,0
vda,28.00,0.00,0.12,0,0
vda,2.00,0.00,0.01,0,0
vda,0.60,0.00,0.00,0,0
vda,2.20,0.00,0.01,0,0
vda,2.20,0.00,0.01,0,0
vda,1.20,0.00,0.00,0,0
vda,6.00,0.00,0.03,0,0
vda,34.80,0.00,0.14,0,0
vda,21.00,0.00,0.09,0,0
vda,2.00,0.00,0.01,0,0
vda,1.00,0.00,0.00,0,0
vda,18.60,0.00,0.07,0,0
vda,24.20,0.00,0.10,0,0
vda,1.00,0.00,0.00,0,0
vda,40.60,0.00,0.17,0,0
vda,14.80,0.00,0.06,0,0
vda,1.00,0.00,0.00,0,0
vda,0.00,0.00,0.00,0,0
vda,2.00,0.00,0.01,0,0
vda,1.00,0.00,0.00,0,0
vda,1.20,0.00,0.00,0,0
vda,32.20,0.00,0.13,0,0
vda,1.40,0.00,0.01,0,0
vda,7.80,0.00,0.03,0,0
vda,2.00,0.00,0.01,0,0
vda,0.00,0.00,0.00,0,0
vda,40.00,0.00,0.16,0,0
vda,18.80,0.00,0.08,0,0
vda,1.00,0.00,0.00,0,0
vda,9.40,0.00,0.04,0,0
vda,28.00,0.00,0.11,0,0
vda,2.60,0.00,0.01,0,0
vda,1.00,0.00,0.00,0,0
vda,29.00,0.00,0.12,0,0
vda,0.00,0.00,0.00,0,0
vda,1.00,0.00,0.00,0,0
vda,28.00,0.00,0.11,0,0
vda,9.60,0.00,0.04,0,0
vda,1.20,0.00,0.00,0,0
vda,51.20,0.00,0.20,0,1
vda,6.80,0.00,0.03,0,0
vda,2.40,0.00,0.01,0,0
vda,0.00,0.00,0.00,0,0
vda,0.60,0.00,0.00,0,0
vda,1.00,0.00,0.00,0,0
vda,2.60,0.00,0.01,0,0
vda,13.20,0.00,0.05,0,0
vda,3.80,0.00,0.03,0,0
vda,36.60,0.00,0.14,0,0
vda,1.00,0.00,0.00,0,0
vda,0.60,0.00,0.00,0,0
vda,4.00,0.00,0.01,0,0
vda,1.60,0.00,0.01,0,0
vda,1.80,0.00,0.01,0,0
vda,18.20,0.00,0.07,0,0
vda,2.00,0.00,0.01,0,0
vda,0.00,0.00,0.00,0,0
vda,27.00,0.00,0.12,0,0
vda,2.40,0.00,0.01,0,0
vda,0.60,0.00,0.00,0,0
vda,1.80,0.00,0.01,0,0
vda,26.60,0.00,0.10,0,0
vda,1.00,0.00,0.00,0,0
vda,2.60,0.00,0.01,0,0
vda,0.00,0.00,0.00,0,0
vda,1.00,0.00,0.00,0,0
vda,47.20,0.00,0.18,0,0
vda,7.40,0.00,0.04,0,0
vda,1.00,0.00,0.00,0,0
vda,14.00,0.00,0.05,0,0
vda,0.00,0.00,0.00,0,0
vda,2.80,0.00,0.01,0,0
vda,9.00,0.00,0.05,0,0
vda,0.20,0.00,0.00,0,0
vda,2.80,0.00,0.01,0,0
vda,37.60,0.00,0.15,0,0
vda,18.40,0.00,0.07,0,0
vda,0.80,0.00,0.00,0,0
vda,2.20,0.00,0.01,0,0
vda,0.00,0.00,0.00,0,0
vda,1.00,0.00,0.00,0,0
vda,1.60,0.00,0.01,0,0
vda,6.40,0.00,0.03,0,0
vda,1.00,0.00,0.00,0,0
vda,34.60,0.00,0.14,0,0
vda,13.40,0.00,0.05,0,0
vda,1.00,0.00,0.00,0,0
vda,2.40,0.00,0.01,0,0
vda,4.80,0.00,0.03,0,0
vda,0.20,0.00,0.00,0,0
vda,1.20,0.00,0.00,0,0
vda,19.00,0.00,0.07,0,0
vda,2.20,0.00,0.01,0,0
vda,24.80,0.00,0.10,0,0
vda,2.20,0.00,0.01,0,0
vda,1.40,0.00,0.01,0,0
vda,1.20,0.00,0.00,0,0
vda,4.20,0.00,0.03,0,0
vda,5.80,0.00,0.02,0,0
vda,13.80,0.00,0.05,0,0
vda,2.00,0.00,0.01,0,0
vda,1.20,0.00,0.00,0,0
vda,3.40,0.00,0.01,0,0
vda,35.80,0.00,0.14,0,0
vda,2.00,0.00,0.01,0,0
vda,2.00,0.00,0.01,0,0
vda,0.40,0.00,0.00,0,0
vda,12.60,0.00,0.05,0,0
vda,2.00,0.00,0.01,0,0
vda,2.60,0.00,0.02,0,0
vda,2.60,0.00,0.01,0,0
vda,38.00,0.00,0.15,0,0
vda,2.20,0.00,0.01,0,0
vda,0.00,0.00,0.00,0,0
vda,19.20,0.00,0.08,0,0
vda,1.00,0.00,0.00,0,0
vda,0.20,0.00,0.00,0,0
vda,5.60,0.00,0.04,0,0
vda,1.00,0.00,0.00,0,0
vda,1.20,0.00,0.00,0,0
vda,25.00,0.00,0.10,0,0
vda,19.60,0.00,0.08,0,0
vda,2.60,0.00,0.01,0,0
vda,0.20,0.00,0.00,0,0
vda,1.00,0.00,0.00,0,0
vda,2.20,0.00,0.01,0,0
vda,2.00,0.00,0.01,0,0
vda,0.00,0.00,0.00,0,0
vda,3.60,0.00,0.02,0,0
vda,48.00,0.00,0.19,0,0
vda,1.40,0.00,0.01,0,0
vda,3.00,0.00,0.02,0,0
vda,3.20,0.00,0.01,0,0
vda,1.00,0.00,0.00,0,0
vda,1.20,0.00,0.00,0,0
vda,2.00,0.00,0.01,0,0
vda,17.80,0.00,0.07,0,0
vda,1.40,0.00,0.01,0,0
vda,40.00,0.00,0.17,0,0
vda,0.80,0.00,0.00,0,0
vda,1.00,0.00,0.00,0,0
vda,1.00,0.00,0.00,0,0
vda,7.80,0.00,0.04,0,0
vda,1.00,0.00,0.00,0,0
vda,13.80,0.00,0.05,0,0
vda,1.20,0.00,0.01,0,0
vda,1.00,0.00,0.00,0,0
vda,34.60,0.00,0.14,0,0
vda,3.60,0.00,0.03,0,0
vda,1.20,0.00,0.00,0,0
vda,4.00,0.00,0.02,0,0
vda,17.80,0.00,0.07,0,0
vda,1.40,0.00,0.01,0,0
vda,0.87,0.00,0.00,0,0
vda,15.61,0.00,0.07,0,0
vda,2.80,0.00,0.01,0,0
vda,0.00,0.00,0.00,0,0
vda,2.00,0.00,0.01,0,0
vda,19.20,0.00,0.07,0,0
vda,1.00,0.00,0.00,0,0
vda,0.60,0.00,0.00,0,0
vda,26.35,0.00,0.10,0,0
vda,3.20,0.00,0.02,0,0
vda,1.00,0.00,0.00,0,0
vda,2.60,0.00,0.01,0,0
vda,19.20,0.00,0.07,0,0
vda,1.40,0.00,0.01,0,0
vda,2.40,0.00,0.01,0,0
vda,2.80,0.00,0.01,0,0
vda,0.40,0.00,0.00,0,0
vda,36.80,0.00,0.14,0,0
vda,3.80,0.00,0.03,0,0
vda,11.80,0.00,0.05,0,0
vda,2.00,0.00,0.01,0,0
vda,2.60,0.00,0.01,0,0
vda,3.60,0.00,0.02,0,0
vda,1.60,0.00,0.01,0,0
vda,1.80,0.00,0.01,0,0
vda,0.00,0.00,0.00,0,0
vda,71.40,0.00,0.28,0,1
vda,4.40,0.00,0.04,0,0
vda,1.80,0.00,0.01,0,0
vda,3.00,0.00,0.01,0,0
vda,0.60,0.00,0.00,0,0
vda,3.80,0.00,0.01,0,0
vda,2.20,0.00,0.01,0,0
vda,11.60,0.00,0.05,0,0
vda,1.60,0.00,0.01,0,0
vda,37.20,0.00,0.15,0,0
vda,3.40,0.00,0.02,0,0
vda,2.80,0.00,0.02,0,0
vda,2.20,0.00,0.01,0,0
vda,1.00,0.00,0.00,0,0
vda,20.20,0.00,0.08,0,0
vda,2.40,0.00,0.01,0,0
vda,1.20,0.00,0.00,0,0
vda,24.40,0.00,0.10,0,0
vda,2.00,0.00,0.01,0,0
vda,5.00,0.00,0.03,0,0
vda,0.40,0.00,0.00,0,0
vda,2.20,0.00,0.01,0,0
vda,18.40,0.00,0.07,0,0
vda,0.80,0.00,0.00,0,0
vda,5.20,0.00,0.02,0,0
vda,1.40,0.00,0.01,0,0
vda,35.20,0.00,0.14,0,0
vda,2.20,0.00,0.01,0,0
vda,1.00,0.00,0.00,0,0
vda,12.20,0.00,0.05,0,0
vda,5.40,0.00,0.03,0,0
vda,2.20,0.00,0.01,0,0
vda,4.20,0.00,0.02,0,0
vda,1.40,0.00,0.00,0,0
vda,0.00,0.00,0.00,0,0
vda,35.80,0.00,0.14,0,0
vda,2.20,0.00,0.01,0,0
vda,18.80,0.00,0.07,0,0
vda,4.80,0.00,0.03,0,0
vda,3.80,0.00,0.02,0,0
vda,1.00,0.00,0.00,0,0
vda,0.60,0.00,0.00,0,0
vda,2.00,0.00,0.01,0,0
vda,3.00,0.00,0.01,0,0
vda,49.20,0.00,0.19,0,0
vda,1.20,0.00,0.00,0,0
vda,2.40,0.00,0.01,0,0
vda,0.00,0.00,0.00,0,0
vda,2.00,0.00,0.01,0,0
vda,4.40,0.00,0.03,0,0
vda,1.20,0.00,0.00,0,0
vda,19.80,0.00,0.08,0,0
vda,1.00,0.00,0.00,0,0
vda,24.60,0.00,0.10,0,0
vda,4.00,0.00,0.02,0,0
vda,1.40,0.00,0.01,0,0
vda,0.40,0.00,0.00,0,0
vda,2.40,0.00,0.01,0,0
vda,1.20,0.00,0.00,0,0
vda,21.40,0.00,0.09,0,0
vda,38.20,0.00,0.15,0,0
vda,1.00,0.00,0.00,0,0
vda,1.00,0.00,0.00,0,0
vda,2.20,0.00,0.01,0,0
vda,1.00,0.00,0.00,0,0
vda,2.80,0.00,0.01,0,0
vda,14.40,0.00,0.06,0,0
vda,3.00,0.00,0.02,0,0
vda,0.40,0.00,0.00,0,0
vda,37.20,0.00,0.14,0,0
vda,4.40,0.00,0.03,0,0
vda,0.60,0.00,0.00,0,0
vda,2.20,0.00,0.01,0,0
vda,2.40,0.00,0.01,0,0
vda,19.20,0.00,0.07,0,0
vda,0.60,0.00,0.00,0,0
vda,2.20,0.00,0.01,0,0
vda,0.60,0.00,0.00,0,0
vda,25.20,0.00,0.10,0,0
vda,4.20,0.00,0.03,0,0
vda,0.00,0.00,0.00,0,0
vda,4.19,0.00,0.02,0,0
vda,19.40,0.00,0.08,0,0
vda,1.40,0.00,0.01,0,0
vda,5.80,0.00,0.03,0,0
vda,1.00,0.00,0.00,0,0
vda,6.40,0.00,0.03,0,0
vda,29.60,0.00,0.12,0,0
vda,2.40,0.00,0.01,0,0
vda,0.80,0.00,0.00,0,0
vda,15.00,0.00,0.06,0,0
vda,0.00,0.00,0.00,0,0
vda,1.00,0.00,0.00,0,0
vda,6.00,0.00,0.02,0,0
vda,35.20,0.00,0.14,0,0
vda,1.60,0.00,0.01,0,0
vda,1.00,0.00,0.00,0,0
vda,21.00,0.00,0.09,0,0
vda,0.60,0.00,0.00,0,0
vda,1.00,0.00,0.00,0,0
vda,6.00,0.00,0.03,0,0
vda,1.00,0.00,0.00,0,0
vda,2.40,0.00,0.01,0,0
vda,25.60,0.00,0.10,0,0
vda,0.00,0.00,0.00,0,0
vda,14.00,0.00,0.06,0,0
vda,2.40,0.00,0.01,0,0
vda,1.00,0.00,0.00,0,0
vda,4.40,0.00,0.03,0,0
vda,2.20,0.00,0.01,0,0
vda,0.60,0.00,0.00,0,0
vda,1.00,0.00,0.00,0,0
vda,55.20,0.00,0.22,0,1
vda,2.80,0.00,0.01,0,0
vda,1.60,0.00,0.01,0,0
vda,2.00,0.00,0.01,0,0
vda,0.20,0.00,0.00,0,0
vda,1.00,0.00,0.00,0,0
vda,2.60,0.00,0.01,0,0
vda,8.00,0.00,0.05,0,0
vda,24.60,0.00,0.10,0,0
vda,50.40,0.00,0.20,0,0
vda,0.40,0.00,0.00,0,0
vda,1.60,0.00,0.01,0,0
vda,2.20,0.00,0.01,0,0
vda,2.20,0.00,0.01,0,0
vda,1.20,0.00,0.00,0,0
vda,15.80,0.00,0.06,0,0
vda,5.40,0.00,0.04,0,0
vda,1.40,0.00,0.00,0,0
vda,36.60,0.00,0.14,0,0
vda,2.80,0.00,0.01,0,0
vda,2.80,0.00,0.01,0,0
vda,0.00,0.00,0.00,0,0
vda,2.20,0.00,0.01,0,0
vda,18.60,0.00,0.07,0,0
vda,2.00,0.00,0.01,0,0
vda,5.60,0.00,0.03,0,0
vda,24.40,0.00,0.10,0,0
vda,3.60,0.00,0.01,0,0
vda,2.40,0.00,0.01,0,0
vda,1.60,0.00,0.01,0,0
vda,18.80,0.00,0.07,0,0
vda,1.40,0.00,0.01,0,0
vda,1.60,0.00,0.01,0,0
vda,2.00,0.00,0.01,0,0
vda,4.20,0.00,0.03,0,0
vda,35.60,0.00,0.14,0,0
vda,2.40,0.00,0.01,0,0
vda,1.80,0.00,0.01,0,0
vda,16.00,0.00,0.06,0,0
vda,1.40,0.00,0.01,0,0
vda,0.40,0.00,0.00,0,0
vda,7.40,0.00,0.04,0,0
vda,0.00,0.00,0.00,0,0
vda,3.20,0.00,0.02,0,0
vda,37.00,0.00,0.14,0,0
vda,18.00,0.00,0.07,0,0
vda,1.20,0.00,0.00,0,0
vda,4.00,0.00,0.02,0,0
vda,0.20,0.00,0.00,0,0
vda,1.80,0.00,0.01,0,0
vda,2.20,0.00,0.01,0,0
vda,2.00,0.00,0.01,0,0
vda,1.20,0.00,0.00,0,0
vda,57.20,0.00,0.23,0,1
vda,2.00,0.00,0.01,0,0
vda,2.20,0.00,0.01,0,0
vda,2.00,0.00,0.01,0,0
vda,1.60,0.00,0.01,0,0
vda,2.80,0.00,0.01,0,0
vda,0.20,0.00,0.00,0,0
vda,11.40,0.00,0.05,0,0
vda,4.40,0.00,0.02,0,0
vda,27.20,0.00,0.11,0,0
vda,1.00,0.00,0.00,0,0
vda,7.40,0.00,0.04,0,0
vda,1.40,0.00,0.01,0,0
vda,2.40,0.00,0.01,0,0
vda,18.80,0.00,0.07,0,0
vda,2.00,0.00,0.01,0,0
vda,2.40,0.00,0.01,0,0
