vda,87.40,0.62,0.01,3,0
vda,21.20,0.08,0.01,0,0
vda,40.40,0.16,0.00,0,0
vda,56.00,0.00,0.23,0,1
vda,0.00,0.00,0.00,0,0
vda,1.80,0.00,0.01,0,0
vda,267.60,13.14,0.02,65,0
vda,167.80,14.28,1.49,71,7
vda,78.60,9.83,0.00,49,0
vda,66.00,7.80,0.01,38,0
vda,2.60,0.00,0.01,0,0
vda,77.40,0.09,0.23,0,1
vda,2.40,0.00,0.01,0,0
vda,0.00,0.00,0.00,0,0
vda,1.20,0.00,0.00,0,0
vda,2.20,0.00,0.01,0,0
vda,0.00,0.00,0.00,0,0
vda,1.60,0.00,0.01,0,0
vda,69.60,0.00,0.28,0,1
vda,1.00,0.00,0.01,0,0
vda,2.60,0.00,0.01,0,0
vda,2.60,0.00,0.01,0,0
vda,52.60,0.00,0.22,0,1
vda,1.60,0.00,0.01,0,0
vda,2.20,0.00,0.01,0,0
vda,68.20,0.00,0.28,0,1
vda,1.40,0.00,0.01,0,0
vda,2.20,0.00,0.01,0,0
vda,0.00,0.00,0.00,0,0
vda,1.80,0.00,0.00,0,0
vda,3.40,0.00,0.01,0,0
vda,1.40,0.00,0.01,0,0
vda,13.00,0.00,0.05,0,0
vda,37.00,0.00,0.15,0,0
vda,0.00,0.00,0.00,0,0
vda,1.40,0.00,0.00,0,0
vda,77.40,0.00,0.31,0,1
vda,0.00,0.00,0.00,0,0
vda,1.40,0.00,0.00,0,0
vda,2.20,0.00,0.01,0,0
vda,2.00,0.00,0.01,0,0
vda,0.00,0.00,0.00,0,0
vda,3.00,0.00,0.01,0,0
vda,1.80,0.00,0.01,0,0
vda,12.20,0.00,0.05,0,0
vda,35.80,0.00,0.14,0,0
vda,0.00,0.00,0.00,0,0
vda,8.40,0.00,0.03,0,0
vda,2.80,0.00,0.01,0,0
vda,69.20,0.00,0.28,0,1
vda,1.20,0.00,0.00,0,0
vda,3.40,0.00,0.01,0,0
vda,1.60,0.00,0.01,0,0
vda,53.00,0.00,0.22,0,1
vda,2.60,0.00,0.01,0,0
vda,0.00,0.00,0.00,0,0
vda,47.20,0.00,0.19,0,0
vda,2.80,0.00,0.01,0,0
vda,0.00,0.00,0.00,0,0
vda,47.20,0.00,0.20,0,0
vda,5.00,0.00,0.02,0,0
vda,1.60,0.00,0.01,0,0
vda,0.00,0.00,0.00,0,0
vda,2.20,0.00,0.01,0,0
vda,0.00,0.00,0.00,0,0
vda,1.60,0.00,0.01,0,0
vda,77.80,0.00,0.31,0,1
vda,1.20,0.00,0.00,0,0
vda,0.20,0.00,0.00,0,0
vda,2.20,0.00,0.01,0,0
vda,68.20,0.16,0.19,0,0
vda,26.40,0.09,0.01,0,0
vda,2.60,0.00,0.01,0,0
vda,0.00,0.00,0.00,0,0
vda,1.20,0.00,0.00,0,0
vda,2.20,0.00,0.01,0,0
vda,23.40,0.00,0.10,0,0
vda,15.40,0.00,0.07,0,0
vda,70.60,0.00,0.28,0,1
vda,0.60,0.00,0.00,0,0
vda,2.60,0.00,0.01,0,0
vda,2.60,0.00,0.01,0,0
vda,57.60,0.50,0.12,2,0
vda,31.60,0.00,0.13,0,0
vda,0.00,0.00,0.00,0,0
vda,0.60,0.00,0.00,0,0
vda,1.20,0.00,0.00,0,0
vda,2.20,0.00,0.01,0,0
vda,0.40,0.00,0.00,0,0
vda,34.60,0.00,0.18,0,0
vda,71.20,0.00,0.28,0,1
vda,3.00,0.00,0.01,0,0
vda,1.40,0.00,0.01,0,0
vda,2.20,0.00,0.01,0,0
vda,0.40,0.00,0.00,0,0
vda,1.60,0.00,0.01,0,0
vda,4.40,0.00,0.02,0,0
vda,25.60,0.00,0.10,0,0
vda,0.20,0.00,0.00,0,0
vda,54.80,0.00,0.22,0,1
vda,0.60,0.00,0.00,0,0
vda,1.20,0.00,0.00,0,0
vda,2.20,0.00,0.01,0,0
vda,1.40,0.00,0.01,0,0
vda,1.40,0.00,0.00,0,0
vda,13.20,0.00,0.05,0,0
vda,7.40,0.00,0.03,0,0
vda,1.80,0.00,0.01,0,0
vda,52.20,0.00,0.21,0,1
vda,2.00,0.00,0.01,0,0
vda,2.20,0.00,0.01,0,0
vda,3.00,0.00,0.01,0,0
vda,18.80,0.00,0.08,0,0
vda,0.80,0.00,0.00,0,0
vda,2.20,0.00,0.01,0,0
vda,0.00,0.00,0.00,0,0
vda,1.20,0.00,0.00,0,0
vda,43.00,0.00,0.17,0,0
vda,2.80,0.00,0.01,0,0
vda,1.40,0.00,0.01,0,0
vda,20.60,0.00,0.08,0,0
vda,2.80,0.00,0.01,0,0
vda,1.60,0.00,0.01,0,0
vda,0.20,0.00,0.00,0,0
vda,4.19,0.00,0.02,0,0
vda,1.60,0.00,0.01,0,0
vda,53.20,0.00,0.21,0,1
vda,18.40,0.00,0.08,0,0
vda,1.60,0.00,0.01,0,0
vda,1.20,0.00,0.00,0,0
vda,4.00,0.00,0.02,0,0
vda,3.20,0.00,0.02,0,0
vda,2.20,0.00,0.01,0,0
vda,0.00,0.00,0.00,0,0
vda,1.20,0.00,0.00,0,0
vda,68.80,0.00,0.27,0,1
vda,9.40,0.00,0.04,0,0
vda,1.40,0.00,0.01,0,0
vda,1.40,0.00,0.01,0,0
vda,2.60,0.00,0.01,0,0
vda,1.60,0.00,0.00,0,0
vda,4.00,0.00,0.02,0,0
vda,13.60,0.00,0.06,0,0
vda,0.20,0.00,0.00,0,0
vda,52.40,0.00,0.21,0,1
vda,3.00,0.00,0.01,0,0
vda,1.40,0.00,0.01,0,0
vda,8.20,0.00,0.03,0,0
vda,2.40,0.00,0.01,0,0
vda,3.40,0.00,0.01,0,0
vda,19.20,0.00,0.08,0,0
vda,0.00,0.00,0.00,0,0
vda,1.40,0.00,0.01,0,0
vda,36.60,0.00,0.15,0,0
vda,1.60,0.00,0.01,0,0
vda,8.20,0.00,0.04,0,0
vda,2.40,0.00,0.01,0,0
vda,16.80,0.00,0.07,0,0
vda,1.40,0.00,0.00,0,0
vda,1.40,0.00,0.01,0,0
vda,3.40,0.00,0.01,0,0
vda,3.20,0.00,0.01,0,0
vda,53.60,0.00,0.21,0,1
vda,1.20,0.00,0.00,0,0
vda,0.20,0.00,0.00,0,0
vda,13.20,0.00,0.05,0,0
vda,1.80,0.00,0.01,0,0
vda,8.80,0.00,0.04,0,0
vda,2.20,0.00,0.01,0,0
vda,2.00,0.00,0.01,0,0
vda,2.00,0.00,0.01,0,0
vda,51.00,0.00,0.20,0,1
vda,19.20,0.00,0.08,0,0
vda,2.60,0.00,0.01,0,0
vda,3.20,0.00,0.01,0,0
vda,7.20,0.00,0.03,0,0
vda,1.20,0.00,0.00,0,0
vda,0.20,0.00,0.00,0,0
vda,2.60,0.00,0.01,0,0
vda,1.40,0.00,0.01,0,0
vda,71.20,0.00,0.28,0,1
vda,10.80,0.00,0.05,0,0
vda,1.20,0.00,0.00,0,0
vda,0.00,0.00,0.00,0,0
vda,2.60,0.00,0.01,0,0
vda,1.40,0.00,0.01,0,0
vda,2.00,0.00,0.01,0,0
vda,12.80,0.00,0.05,0,0
vda,1.80,0.00,0.01,0,0
vda,38.40,0.00,0.15,0,0
vda,2.20,0.00,0.01,0,0
vda,0.00,0.00,0.00,0,0
vda,3.00,0.00,0.01,0,0
vda,1.20,0.00,0.00,0,0
vda,24.40,0.00,0.10,0,0
vda,13.20,0.00,0.06,0,0
vda,2.60,0.00,0.01,0,0
vda,2.80,0.00,0.01,0,0
vda,68.40,0.00,0.27,0,1
vda,3.40,0.00,0.01,0,0
vda,1.60,0.00,0.01,0,0
vda,11.60,0.00,0.05,0,0
vda,5.20,0.00,0.02,0,0
vda,1.40,0.00,0.01,0,0
vda,0.40,0.00,0.00,0,0
vda,9.20,0.00,0.04,0,0
vda,1.40,0.00,0.01,0,0
vda,51.00,0.00,0.20,0,1
vda,19.80,0.00,0.08,0,0
vda,1.40,0.00,0.01,0,0
vda,4.20,0.00,0.02,0,0
vda,1.00,0.00,0.00,0,0
vda,53.80,0.00,0.22,0,1
vda,0.00,0.00,0.00,0,0
vda,2.20,0.00,0.01,0,0
vda,1.20,0.00,0.00,0,0
vda,0.00,0.00,0.00,0,0
vda,2.20,0.00,0.01,0,0
vda,2.00,0.00,0.01,0,0
vda,70.40,0.00,0.28,0,1
vda,1.20,0.00,0.00,0,0
vda,1.60,0.00,0.01,0,0
vda,2.20,0.00,0.01,0,0
vda,53.20,0.00,0.22,0,1
vda,1.60,0.00,0.01,0,0
vda,2.20,0.00,0.01,0,0
vda,40.40,0.00,0.16,0,0
vda,1.40,0.00,0.01,0,0
vda,3.40,0.00,0.01,0,0
vda,0.00,0.00,0.00,0,0
vda,1.60,0.00,0.01,0,0
vda,2.20,0.00,0.01,0,0
vda,1.00,0.00,0.00,0,0
vda,53.40,0.00,0.21,0,1
vda,27.20,0.00,0.11,0,0
vda,1.60,0.00,0.01,0,0
vda,1.20,0.00,0.00,0,0
vda,4.60,0.00,0.02,0,0
vda,2.20,0.00,0.01,0,0
vda,0.00,0.00,0.00,0,0
vda,4.20,0.00,0.02,0,0
vda,18.60,0.00,0.07,0,0
vda,51.80,0.00,0.21,0,1
vda,9.20,0.00,0.04,0,0
vda,1.60,0.00,0.01,0,0
vda,1.40,0.00,0.01,0,0
vda,2.20,0.00,0.01,0,0
vda,2.00,0.00,0.01,0,0
vda,3.20,0.00,0.01,0,0
vda,58.80,0.00,0.24,0,1
vda,1.40,0.00,0.01,0,0
vda,0.00,0.00,0.00,0,0
vda,2.00,0.00,0.01,0,0
vda,1.60,0.00,0.00,0,0
vda,71.00,0.00,0.28,0,1
vda,0.20,0.00,0.00,0,0
vda,1.20,0.00,0.00,0,0
vda,3.00,0.00,0.01,0,0
vda,2.60,0.00,0.01,0,0
vda,0.00,0.00,0.00,0,0
vda,1.60,0.00,0.01,0,0
vda,15.60,0.00,0.06,0,0
vda,0.00,0.00,0.00,0,0
vda,41.40,0.00,0.17,0,0
vda,2.40,0.00,0.01,0,0
vda,0.00,0.00,0.00,0,0
vda,1.60,0.00,0.01,0,0
vda,3.20,0.00,0.01,0,0
vda,20.20,0.00,0.08,0,0
vda,1.20,0.00,0.00,0,0
vda,50.60,0.00,0.20,0,1
vda,2.20,0.00,0.01,0,0
vda,2.00,0.00,0.01,0,0
vda,7.00,0.00,0.03,0,0
vda,2.20,0.00,0.01,0,0
vda,19.80,0.00,0.08,0,0
vda,0.00,0.00,0.00,0,0
vda,3.40,0.00,0.01,0,0
vda,2.00,0.00,0.01,0,0
vda,52.80,0.00,0.21,0,1
vda,1.20,0.00,0.00,0,0
vda,0.00,0.00,0.00,0,0
vda,13.60,0.00,0.05,0,0
vda,9.60,0.00,0.04,0,0
vda,1.80,0.00,0.01,0,0
vda,2.80,0.00,0.01,0,0
vda,1.00,0.00,0.00,0,0
vda,1.60,0.00,0.01,0,0
vda,50.60,0.00,0.20,0,1
vda,21.60,0.00,0.09,0,0
vda,2.20,0.00,0.01,0,0
vda,7.60,0.00,0.03,0,0
vda,2.20,0.00,0.01,0,0
vda,1.20,0.00,0.00,0,0
vda,2.00,0.00,0.01,0,0
vda,1.20,0.00,0.00,0,0
vda,4.40,0.00,0.02,0,0
vda,47.20,0.00,0.19,0,0
vda,1.20,0.00,0.00,0,0
vda,1.20,0.00,0.00,0,0
vda,0.00,0.00,0.00,0,0
vda,9.20,0.00,0.04,0,0
vda,1.60,0.00,0.01,0,0
vda,1.80,0.00,0.01,0,0
vda,19.60,0.00,0.08,0,0
vda,3.20,0.00,0.01,0,0
vda,53.20,0.00,0.21,0,1
vda,1.20,0.00,0.00,0,0
vda,0.40,0.00,0.00,0,0
vda,0.80,0.00,0.00,0,0
vda,4.20,0.00,0.02,0,0
vda,14.00,0.00,0.06,0,0
vda,25.40,0.00,0.10,0,0
vda,0.20,0.00,0.00,0,0
vda,1.60,0.00,0.01,0,0
vda,70.00,0.00,0.28,0,1
vda,2.20,0.00,0.01,0,0
vda,11.00,0.00,0.05,0,0
vda,0.00,0.00,0.00,0,0
vda,14.80,0.00,0.06,0,0
vda,1.60,0.00,0.01,0,0
vda,0.00,0.00,0.00,0,0
vda,2.40,0.00,0.01,0,0
vda,1.20,0.00,0.00,0,0
vda,50.80,0.00,0.20,0,1
vda,4.00,0.00,0.02,0,0
vda,3.20,0.00,0.01,0,0
vda,20.20,0.00,0.08,0,0
vda,0.00,0.00,0.00,0,0
vda,1.20,0.00,0.00,0,0
vda,0.00,0.00,0.00,0,0
vda,2.40,0.00,0.01,0,0
vda,10.00,0.00,0.05,0,0
vda,35.80,0.00,0.14,0,0
vda,18.80,0.00,0.07,0,0
vda,0.00,0.00,0.00,0,0
vda,3.40,0.00,0.01,0,0
vda,1.60,0.00,0.01,0,0
vda,0.60,0.00,0.00,0,0
vda,1.40,0.00,0.01,0,0
vda,3.60,0.00,0.02,0,0
vda,1.20,0.00,0.00,0,0
vda,69.20,0.00,0.27,0,1
vda,2.20,0.00,0.01,0,0
vda,1.60,0.00,0.01,0,0
vda,2.60,0.00,0.01,0,0
vda,1.80,0.00,0.01,0,0
vda,4.00,0.00,0.01,0,0
vda,2.60,0.00,0.01,0,0
vda,17.40,0.00,0.07,0,0
vda,52.20,0.00,0.21,0,1
vda,0.00,0.00,0.00,0,0
vda,9.80,0.00,0.04,0,0
vda,1.40,0.00,0.01,0,0
vda,0.80,0.00,0.00,0,0
vda,2.20,0.00,0.01,0,0
vda,3.80,0.00,0.01,0,0
vda,12.00,0.00,0.05,0,0
vda,2.40,0.00,0.01,0,0
vda,35.00,0.00,0.14,0,0
vda,0.00,0.00,0.00,0,0
vda,3.60,0.00,0.02,0,0
vda,9.00,0.00,0.04,0,0
vda,2.60,0.00,0.01,0,0
vda,18.20,0.00,0.07,0,0
vda,1.40,0.00,0.00,0,0
vda,53.00,0.00,0.21,0,1
vda,1.80,0.00,0.01,0,0
vda,3.20,0.00,0.01,0,0
vda,2.40,0.00,0.01,0,0
vda,0.00,0.00,0.00,0,0
vda,18.80,0.00,0.07,0,0
vda,9.40,0.00,0.04,0,0
vda,2.20,0.00,0.01,0,0
vda,51.00,0.00,0.20,0,1
vda,3.80,0.00,0.02,0,0
vda,2.60,0.00,0.01,0,0
vda,2.40,0.00,0.01,0,0
vda,1.20,0.00,0.00,0,0
vda,0.00,0.00,0.00,0,0
vda,13.00,0.00,0.05,0,0
vda,2.60,0.00,0.01,0,0
vda,0.80,0.00,0.00,0,0
vda,10.00,0.00,0.04,0,0
vda,52.60,0.00,0.21,0,1
vda,1.40,0.00,0.01,0,0
vda,10.00,0.00,0.04,0,0
vda,20.40,0.00,0.08,0,0
vda,0.00,0.00,0.00,0,0
vda,1.20,0.00,0.00,0,0
vda,48.60,0.00,0.19,0,0
vda,0.00,0.00,0.00,0,0
vda,1.20,0.00,0.00,0,0
vda,2.20,0.00,0.01,0,0
vda,0.00,0.00,0.00,0,0
vda,3.60,0.00,0.01,0,0
vda,3.20,0.00,0.01,0,0
vda,1.20,0.00,0.01,0,0
vda,18.60,0.00,0.07,0,0
vda,52.80,0.00,0.21,0,1
vda,0.60,0.00,0.00,0,0
vda,1.40,0.00,0.01,0,0
vda,9.80,0.00,0.04,0,0
vda,0.00,0.00,0.00,0,0
vda,51.00,0.00,0.21,0,1
vda,0.00,0.00,0.00,0,0
vda,1.60,0.00,0.01,0,0
vda,2.20,0.00,0.01,0,0
vda,1.60,0.00,0.01,0,0
vda,0.00,0.00,0.00,0,0
vda,1.80,0.00,0.01,0,0
vda,79.00,0.00,0.32,0,1
vda,0.80,0.00,0.00,0,0
vda,4.00,0.00,0.02,0,0
vda,1.60,0.00,0.01,0,0
vda,53.80,0.00,0.22,0,1
vda,1.40,0.00,0.01,0,0
vda,2.20,0.00,0.01,0,0
vda,0.00,0.00,0.00,0,0
vda,1.40,0.00,0.00,0,0
vda,2.20,0.00,0.01,0,0
vda,1.80,0.00,0.01,0,0
vda,17.60,0.00,0.07,0,0
vda,55.40,0.02,0.22,0,1
vda,0.00,0.00,0.00,0,0
vda,1.80,0.00,0.01,0,0
vda,2.20,0.00,0.01,0,0
vda,0.40,0.00,0.00,0,0
vda,1.40,0.00,0.01,0,0
vda,14.17,0.00,0.06,0,0
vda,9.80,0.00,0.04,0,0
vda,1.20,0.00,0.00,0,0
vda,71.60,0.00,0.28,0,1
vda,2.20,0.00,0.01,0,0
vda,0.00,0.00,0.00,0,0
vda,2.20,0.00,0.01,0,0
vda,0.20,0.00,0.00,0,0
vda,27.00,0.00,0.11,0,0
vda,15.20,0.00,0.06,0,0
vda,0.40,0.00,0.00,0,0
vda,1.40,0.00,0.01,0,0
vda,36.20,0.00,0.14,0,0
vda,1.60,0.00,0.01,0,0
vda,0.20,0.00,0.00,0,0
vda,19.60,0.00,0.08,0,0
vda,3.80,0.00,0.02,0,0
vda,1.00,0.00,0.00,0,0
vda,9.20,0.00,0.04,0,0
vda,0.00,0.00,0.00,0,0
vda,65.20,0.00,0.26,0,1
vda,4.20,0.00,0.02,0,0
vda,0.00,0.00,0.00,0,0
vda,55.60,0.00,0.23,0,1
vda,2.60,0.00,0.01,0,0
vda,0.00,0.00,0.00,0,0
vda,2.40,0.00,0.01,0,0
vda,2.20,0.00,0.01,0,0
vda,0.00,0.00,0.00,0,0
vda,1.60,0.00,0.01,0,0
vda,74.20,0.00,0.29,0,1
vda,3.60,0.00,0.02,0,0
vda,7.00,0.00,0.03,0,0
vda,2.20,0.00,0.01,0,0
vda,0.00,0.00,0.00,0,0
vda,1.60,0.00,0.01,0,0
vda,2.40,0.00,0.01,0,0
vda,11.80,0.00,0.05,0,0
vda,2.00,0.00,0.01,0,0
vda,52.80,0.00,0.21,0,1
vda,2.60,0.00,0.01,0,0
vda,3.20,0.00,0.01,0,0
vda,0.00,0.00,0.00,0,0
vda,0.60,0.00,0.00,0,0
vda,1.60,0.00,0.01,0,0
vda,20.60,0.00,0.09,0,0
vda,8.40,0.00,0.04,0,0
vda,34.80,0.00,0.14,0,0
vda,2.40,0.00,0.01,0,0
vda,2.60,0.00,0.01,0,0
vda,2.80,0.00,0.01,0,0
vda,0.20,0.00,0.00,0,0
vda,19.80,0.00,0.08,0,0
vda,1.00,0.00,0.01,0,0
vda,53.00,0.00,0.21,0,1
vda,1.20,0.00,0.00,0,0
vda,7.60,0.00,0.03,0,0
vda,2.40,0.00,0.01,0,0
vda,1.00,0.00,0.00,0,0
vda,5.20,0.00,0.02,0,0
vda,15.00,0.00,0.06,0,0
vda,0.00,0.00,0.00,0,0
vda,34.40,0.00,0.14,0,0
vda,2.20,0.00,0.01,0,0
vda,0.00,0.00,0.00,0,0
vda,9.00,0.00,0.04,0,0
vda,2.60,0.00,0.01,0,0
vda,19.20,0.00,0.08,0,0
vda,1.40,0.00,0.00,0,0
vda,54.40,0.00,0.21,0,1
vda,1.60,0.00,0.01,0,0
vda,0.60,0.00,0.00,0,0
vda,2.60,0.00,0.01,0,0
vda,1.20,0.00,0.00,0,0
vda,1.00,0.00,0.01,0,0
vda,26.80,0.00,0.11,0,0
vda,1.40,0.00,0.01,0,0
vda,4.20,0.00,0.02,0,0
vda,51.60,0.00,0.20,0,1
vda,0.40,0.00,0.00,0,0
vda,1.20,0.00,0.00,0,0
vda,3.20,0.00,0.01,0,0
vda,11.60,0.00,0.05,0,0
vda,1.80,0.00,0.01,0,0
vda,9.40,0.00,0.04,0,0
vda,0.60,0.00,0.00,0,0
vda,1.60,0.00,0.01,0,0
vda,55.00,0.00,0.22,0,1
vda,1.80,0.00,0.01,0,0
vda,2.00,0.00,0.01,0,0
vda,28.00,0.00,0.11,0,0
vda,0.00,0.00,0.00,0,0
vda,1.20,0.00,0.00,0,0
vda,2.40,0.00,0.01,0,0
vda,1.20,0.00,0.00,0,0
vda,2.00,0.00,0.01,0,0
vda,35.60,0.00,0.14,0,0
vda,12.80,0.00,0.05,0,0
vda,4.40,0.00,0.02,0,0
vda,1.00,0.00,0.00,0,0
vda,0.20,0.00,0.00,0,0
vda,1.60,0.00,0.01,0,0
vda,3.59,0.00,0.02,0,0
vda,1.20,0.00,0.00,0,0
vda,7.80,0.00,0.03,0,0
vda,70.60,0.00,0.28,0,1
vda,1.20,0.00,0.00,0,0
vda,1.20,0.00,0.00,0,0
vda,2.40,0.00,0.01,0,0
vda,3.60,0.00,0.02,0,0
vda,1.00,0.00,0.00,0,0
vda,2.20,0.00,0.01,0,0
vda,18.60,0.00,0.07,0,0
vda,0.40,0.00,0.00,0,0
vda,53.40,0.00,0.21,0,1
vda,8.80,0.00,0.04,0,0
vda,2.20,0.00,0.01,0,0
vda,2.20,0.00,0.01,0,0
vda,1.20,0.00,0.00,0,0
vda,1.00,0.00,0.00,0,0
vda,15.80,0.00,0.06,0,0
vda,1.80,0.00,0.01,0,0
vda,0.00,0.00,0.00,0,0
vda,73.40,0.00,0.29,0,1
vda,1.20,0.00,0.00,0,0
vda,0.40,0.00,0.00,0,0
vda,14.00,0.00,0.06,0,0
vda,24.60,0.00,0.10,0,0
vda,0.20,0.00,0.00,0,0
vda,2.60,0.00,0.01,0,0
vda,2.60,0.00,0.01,0,0
vda,3.40,0.00,0.01,0,0
vda,33.40,0.00,0.13,0,0
vda,2.20,0.00,0.01,0,0
vda,18.00,0.00,0.07,0,0
vda,2.40,0.00,0.01,0,0
vda,8.20,0.00,0.03,0,0
vda,1.00,0.00,0.00,0,0
vda,3.20,0.00,0.02,0,0
vda,1.20,0.00,0.00,0,0
vda,2.20,0.00,0.01,0,0
vda,53.20,0.00,0.21,0,1
vda,13.00,0.00,0.05,0,0
vda,0.40,0.00,0.00,0,0
vda,2.40,0.00,0.01,0,0
vda,2.20,0.00,0.01,0,0
vda,8.40,0.00,0.03,0,0
vda,2.40,0.00,0.01,0,0
vda,1.20,0.00,0.00,0,0
vda,22.80,0.00,0.09,0,0
vda,52.00,0.00,0.21,0,1
vda,1.20,0.00,0.00,0,0
vda,0.20,0.00,0.00,0,0
vda,3.80,0.00,0.02,0,0
vda,1.20,0.00,0.00,0,0
vda,8.20,0.00,0.03,0,0
vda,2.80,0.00,0.01,0,0
vda,12.80,0.00,0.05,0,0
vda,1.80,0.00,0.01,0,0
vda,53.00,0.00,0.21,0,1
vda,4.20,0.00,0.02,0,0
vda,3.20,0.00,0.01,0,0
vda,0.00,0.00,0.00,0,0
vda,1.40,0.00,0.01,0,0
vda,25.20,0.00,0.10,0,0
vda,2.60,0.00,0.02,0,0
vda,4.20,0.00,0.02,0,0
vda,4.00,0.00,0.02,0,0
vda,35.40,0.00,0.14,0,0
vda,1.20,0.00,0.00,0,0
vda,0.80,0.00,0.00,0,0
vda,4.00,0.00,0.02,0,0
vda,19.20,0.00,0.07,0,0
vda,0.00,0.00,0.00,0,0
