3403537.6,184040.8,4960.8
3353156.0,156816.0,4088.0
3353156.0,156816.0,4088.0
2759133.6,269395.2,4126.4
2610628.0,297540.0,4136.0
2610628.0,297540.0,4136.0
2610628.0,297540.0,4136.0
2610628.0,297540.0,4136.0
2610628.0,297540.0,4136.0
2610628.0,297540.0,4136.0
2610628.0,297540.0,4136.0
2610628.0,297540.0,4136.0
2610628.0,297540.0,4136.0
2610628.0,297540.0,4136.0
2610628.0,297540.0,4136.0
2608850.4,297654.4,4282.6666667
2608204.0,297696.0,4336.0
2608204.0,297696.0,4336.0
2608204.0,297696.0,4336.0
2608204.0,297696.0,4336.0
2608204.0,297696.0,4336.0
2602268.0,298077.33333,4717.3333333
2599300.0,298268.0,4908.0
2599300.0,298268.0,4908.0
2599300.0,298268.0,4908.0
2599300.0,298268.0,4908.0
2599300.0,298268.0,4908.0
2596777.3333,300209.33333,5134.6666667
2595516.0,301180.0,5248.0
2595516.0,301180.0,5248.0
2595516.0,301180.0,5248.0
2595516.0,301180.0,5248.0
2595516.0,301180.0,5248.0
2595516.0,301180.0,5248.0
2595516.0,301180.0,5248.0
2595516.0,301180.0,5248.0
2595516.0,301180.0,5248.0
2595516.0,301180.0,5248.0
2595516.0,301180.0,5248.0
2595717.6,301193.06667,5354.4
2595948.0,301208.0,5476.0
2595948.0,301208.0,5476.0
2595948.0,301208.0,5476.0
2595948.0,301208.0,5476.0
2595948.0,301208.0,5476.0
2595421.6,301278.93333,5565.6
2594820.0,301360.0,5668.0
2594820.0,301360.0,5668.0
2594820.0,301360.0,5668.0
2594820.0,301360.0,5668.0
2594820.0,301360.0,5668.0
2594820.0,301360.0,5668.0
2594820.0,301360.0,5668.0
2594820.0,301360.0,5668.0
2594820.0,301360.0,5668.0
2594820.0,301360.0,5668.0
2594820.0,301360.0,5668.0
2594935.2,301415.46667,5787.4666667
2595036.0,301464.0,5892.0
2595036.0,301464.0,5892.0
2595036.0,301464.0,5892.0
2595036.0,301464.0,5892.0
2595036.0,301464.0,5892.0
2595036.0,301464.0,5892.0
2595036.0,301464.0,5892.0
2595036.0,301464.0,5892.0
2595036.0,301464.0,5892.0
2595036.0,301464.0,5892.0
2595036.0,301464.0,5892.0
2594730.9333,301478.93333,6037.0666667
2594464.0,301492.0,6164.0
2594464.0,301492.0,6164.0
2594464.0,301492.0,6164.0
2594464.0,301492.0,6164.0
2594464.0,301492.0,6164.0
2594464.0,301492.0,6164.0
2594464.0,301492.0,6164.0
2594464.0,301492.0,6164.0
2594464.0,301492.0,6164.0
2594464.0,301492.0,6164.0
2589277.8667,301547.73333,6342.9333333
2587392.0,301568.0,6408.0
2587392.0,301568.0,6408.0
2586600.0,301570.66667,6456.0
2586204.0,301572.0,6480.0
2586204.0,301572.0,6480.0
2586204.0,301572.0,6480.0
2586204.0,301572.0,6480.0
2586204.0,301572.0,6480.0
2586204.0,301572.0,6480.0
2586204.0,301572.0,6480.0
2586204.0,301572.0,6480.0
2586204.0,301572.0,6480.0
2586204.0,301572.0,6480.0
2586204.0,301572.0,6480.0
2586071.7333,301614.66667,6595.2
2585956.0,301652.0,6696.0
2585956.0,301652.0,6696.0
2585956.0,301652.0,6696.0
2585956.0,301652.0,6696.0
2585956.0,301652.0,6696.0
2585956.0,301652.0,6696.0
2585956.0,301652.0,6696.0
2585956.0,301652.0,6696.0
2585956.0,301652.0,6696.0
2585956.0,301652.0,6696.0
2585956.0,301652.0,6696.0
2585335.2,301743.73333,6849.6
2584792.0,301824.0,6984.0
2584792.0,301824.0,6984.0
2584792.0,301824.0,6984.0
2584792.0,301824.0,6984.0
2584792.0,301824.0,6984.0
2584792.0,301824.0,6984.0
2584792.0,301824.0,6984.0
2584792.0,301824.0,6984.0
2584792.0,301824.0,6984.0
2584792.0,301824.0,6984.0
2584792.0,301824.0,6984.0
2584643.2,301869.6,7113.6
2584544.0,301900.0,7200.0
2584544.0,301900.0,7200.0
2584544.0,301900.0,7200.0
2584544.0,301900.0,7200.0
2584544.0,301900.0,7200.0
2584544.0,301900.0,7200.0
2584544.0,301900.0,7200.0
2584544.0,301900.0,7200.0
2584544.0,301900.0,7200.0
2584544.0,301900.0,7200.0
2584544.0,301900.0,7200.0
2584579.2,301976.26667,7417.0666667
2584592.0,302004.0,7496.0
2584592.0,302004.0,7496.0
2584592.0,302004.0,7496.0
2584592.0,302004.0,7496.0
2584592.0,302004.0,7496.0
2584592.0,302004.0,7496.0
2584592.0,302004.0,7496.0
2583427.4667,302112.53333,7613.3333333
2583004.0,302152.0,7656.0
2583004.0,302152.0,7656.0
2583758.6667,302229.33333,7693.3333333
2584136.0,302268.0,7712.0
2584136.0,302268.0,7712.0
2584136.0,302268.0,7712.0
2584136.0,302268.0,7712.0
2584136.0,302268.0,7712.0
2584136.0,302268.0,7712.0
2584136.0,302268.0,7712.0
2584136.0,302268.0,7712.0
2584136.0,302268.0,7712.0
2584136.0,302268.0,7712.0
2584136.0,302268.0,7712.0
2583817.0667,302285.33333,7899.2
2583768.0,302288.0,7928.0
2583768.0,302288.0,7928.0
2583768.0,302288.0,7928.0
2581435.2,302348.8,8024.0
2580852.0,302364.0,8048.0
2580852.0,302364.0,8048.0
2580852.0,302364.0,8048.0
2580852.0,302364.0,8048.0
2580852.0,302364.0,8048.0
2580852.0,302364.0,8048.0
2580852.0,302364.0,8048.0
2580852.0,302364.0,8048.0
2580852.0,302364.0,8048.0
2580852.0,302364.0,8048.0
2580852.0,302364.0,8048.0
2580045.3333,302419.73333,8218.1333333
2579752.0,302440.0,8280.0
2579752.0,302440.0,8280.0
2579752.0,302440.0,8280.0
2579752.0,302440.0,8280.0
2579752.0,302440.0,8280.0
2579752.0,302440.0,8280.0
2579752.0,302440.0,8280.0
2579752.0,302440.0,8280.0
2579752.0,302440.0,8280.0
2579752.0,302440.0,8280.0
2579752.0,302440.0,8280.0
2579197.6,302501.6,8520.5333333
2578996.0,302524.0,8608.0
2578996.0,302524.0,8608.0
2578996.0,302524.0,8608.0
2578996.0,302524.0,8608.0
2578996.0,302524.0,8608.0
2578996.0,302524.0,8608.0
2578996.0,302524.0,8608.0
2578996.0,302524.0,8608.0
2578996.0,302524.0,8608.0
2578996.0,302524.0,8608.0
2578996.0,302524.0,8608.0
2579158.6667,302585.33333,8768.0
2579240.0,302616.0,8848.0
2579240.0,302616.0,8848.0
3192392.0,298696.8,8929.6
