vda,78.20,0.31,0.00,1,0
vda,24.20,0.00,0.10,0,0
vda,27.40,0.00,0.11,0,0
vda,9.00,0.00,0.03,0,0
vda,4.20,0.02,0.01,0,0
vda,104.60,0.44,0.14,2,0
vda,207.20,7.90,0.02,39,0
vda,4.40,0.00,0.02,0,0
vda,25.80,0.00,1.38,0,6
vda,25.40,0.00,0.10,0,0
vda,2.40,0.00,0.01,0,0
vda,5.80,0.00,0.02,0,0
vda,42.00,0.00,0.17,0,0
vda,2.40,0.00,0.01,0,0
vda,4.00,0.00,0.02,0,0
vda,4.00,0.00,0.02,0,0
vda,57.80,0.00,0.24,0,1
vda,157.80,1.38,0.05,6,0
vda,3.60,0.00,0.01,0,0
vda,5.80,0.37,0.01,1,0
vda,35.80,0.00,0.15,0,0
vda,2.00,0.00,0.01,0,0
vda,2.20,0.00,0.01,0,0
vda,36.20,0.00,0.15,0,0
