16211856.0,47048.0,4844.0
16211856.0,47048.0,4844.0
15690415.2,115865.6,5304.8
15342788.0,161744.0,5612.0
15342788.0,161744.0,5612.0
15342788.0,161744.0,5612.0
15342788.0,161744.0,5612.0
15341173.067,161750.4,5669.6
15339760.0,161756.0,5720.0
15339760.0,161756.0,5720.0
15339760.0,161756.0,5720.0
15339760.0,161756.0,5720.0
15339760.0,161756.0,5720.0
15339760.0,161756.0,5720.0
15339760.0,161756.0,5720.0
15339760.0,161756.0,5720.0
15339760.0,161756.0,5720.0
15339760.0,161756.0,5720.0
15336760.533,162180.53333,5865.0666667
15334136.0,162552.0,5992.0
15332368.267,162555.73333,6014.4
15330348.0,162560.0,6040.0
15330348.0,162560.0,6040.0
15330348.0,162560.0,6040.0
15330348.0,162560.0,6040.0
15330348.0,162560.0,6040.0
15326151.733,162662.66667,6099.7333333
15321356.0,162780.0,6168.0
15321356.0,162780.0,6168.0
15321356.0,162780.0,6168.0
15321356.0,162780.0,6168.0
15321356.0,162780.0,6168.0
15321356.0,162780.0,6168.0
15321356.0,162780.0,6168.0
15319959.2,162808.8,6235.2
15317864.0,162852.0,6336.0
15317864.0,162852.0,6336.0
15317864.0,162852.0,6336.0
15317864.0,162852.0,6336.0
15317864.0,162852.0,6336.0
15317864.0,162852.0,6336.0
15317864.0,162852.0,6336.0
15317864.0,162852.0,6336.0
15317864.0,162852.0,6336.0
15317864.0,162852.0,6336.0
15317864.0,162852.0,6336.0
15318000.0,162856.8,6425.6
15318204.0,162864.0,6560.0
15318204.0,162864.0,6560.0
15268859.467,162869.86667,6636.2666667
15268859.467,162869.86667,6636.2666667
15250916.0,162872.0,6664.0
15250916.0,162872.0,6664.0
15250916.0,162872.0,6664.0
15250916.0,162872.0,6664.0
15250916.0,162872.0,6664.0
15250916.0,162872.0,6664.0
15250916.0,162872.0,6664.0
15221205.067,162874.13333,6678.9333333
15139500.0,162880.0,6720.0
15139500.0,162880.0,6720.0
15139500.0,162880.0,6720.0
15139500.0,162880.0,6720.0
15139500.0,162880.0,6720.0
15139500.0,162880.0,6720.0
15139500.0,162880.0,6720.0
15139500.0,162880.0,6720.0
15139500.0,162880.0,6720.0
15137374.933,163486.66667,6900.2666667
15137048.0,163580.0,6928.0
15137048.0,163580.0,6928.0
15137048.0,163580.0,6928.0
15137048.0,163580.0,6928.0
15137048.0,163580.0,6928.0
15137048.0,163580.0,6928.0
15137048.0,163580.0,6928.0
15137048.0,163580.0,6928.0
15137048.0,163580.0,6928.0
15137048.0,163580.0,6928.0
15137048.0,163580.0,6928.0
15137275.2,163853.6,7024.0
15137616.0,164264.0,7168.0
