vda,61.60,0.25,0.00,1,0
vda,3.60,0.00,0.01,0,0
vda,72.80,0.53,0.01,2,0
vda,2.00,0.00,0.01,0,0
vda,0.00,0.00,0.00,0,0
vda,3.00,0.00,0.02,0,0
vda,227.20,6.92,0.19,34,0
vda,72.60,8.67,0.01,43,0
vda,2.40,0.00,0.01,0,0
vda,17.60,0.07,0.00,0,0
vda,2.20,0.00,0.01,0,0
vda,0.60,0.00,0.00,0,0
vda,10.20,0.00,1.32,0,6
vda,3.60,0.00,0.01,0,0
vda,18.80,0.00,0.07,0,0
vda,6.20,0.00,0.03,0,0
vda,28.40,0.00,0.11,0,0
vda,1.20,0.00,0.00,0,0
vda,1.40,0.00,0.01,0,0
vda,43.40,0.00,0.19,0,0
vda,4.20,0.00,0.02,0,0
vda,1.40,0.00,0.00,0,0
vda,44.00,0.00,0.18,0,0
vda,2.59,0.00,0.01,0,0
vda,1.60,0.00,0.01,0,0
vda,48.20,0.00,0.20,0,0
vda,0.80,0.00,0.00,0,0
vda,1.20,0.00,0.00,0,0
