7963312.0,67468.0,1900.0
7194635.2,219714.4,3116.8
6682184.0,321212.0,3928.0
6682184.0,321212.0,3928.0
5064975.7333,686664.26667,3974.9333333
4476900.0,819556.0,3992.0
4476900.0,819556.0,3992.0
3414172.0,1182625.3333,4029.3333333
2882808.0,1364160.0,4048.0
2572549.3333,1522021.3333,4421.3333333
2417420.0,1600952.0,4608.0
2417420.0,1600952.0,4608.0
2417420.0,1600952.0,4608.0
2417420.0,1600952.0,4608.0
2417420.0,1600952.0,4608.0
2412566.6667,1604698.1333,5241.6
2408320.0,1607976.0,5796.0
2408320.0,1607976.0,5796.0
2408320.0,1607976.0,5796.0
2408320.0,1607976.0,5796.0
2408320.0,1607976.0,5796.0
2408320.0,1607976.0,5796.0
2408320.0,1607976.0,5796.0
2408320.0,1607976.0,5796.0
2408320.0,1607976.0,5796.0
2408320.0,1607976.0,5796.0
2408320.0,1607976.0,5796.0
2408334.9333,1608059.2,5934.6666667
2408348.0,1608132.0,6056.0
2408348.0,1608132.0,6056.0
2408348.0,1608132.0,6056.0
2408348.0,1608132.0,6056.0
2408348.0,1608132.0,6056.0
2407545.3333,1608148.8,6126.9333333
2406628.0,1608168.0,6208.0
2406628.0,1608168.0,6208.0
2406628.0,1608168.0,6208.0
2406628.0,1608168.0,6208.0
2406628.0,1608168.0,6208.0
2406628.0,1608168.0,6208.0
2406628.0,1608168.0,6208.0
2406628.0,1608168.0,6208.0
2406628.0,1608168.0,6208.0
2406628.0,1608168.0,6208.0
2406628.0,1608168.0,6208.0
2407065.3333,1608174.4,6331.7333333
2407448.0,1608180.0,6440.0
2407448.0,1608180.0,6440.0
2407448.0,1608180.0,6440.0
2407448.0,1608180.0,6440.0
2407448.0,1608180.0,6440.0
2407448.0,1608180.0,6440.0
2407448.0,1608180.0,6440.0
2407448.0,1608180.0,6440.0
2407448.0,1608180.0,6440.0
2407448.0,1608180.0,6440.0
2407448.0,1608180.0,6440.0
2407661.6,1608218.4,6744.8
2407804.0,1608244.0,6948.0
2407804.0,1608244.0,6948.0
2407804.0,1608244.0,6948.0
2407804.0,1608244.0,6948.0
2407804.0,1608244.0,6948.0
2407804.0,1608244.0,6948.0
2407804.0,1608244.0,6948.0
2407804.0,1608244.0,6948.0
2407804.0,1608244.0,6948.0
2407804.0,1608244.0,6948.0
2407804.0,1608244.0,6948.0
2407765.6,1608301.6,7087.2
2407740.0,1608340.0,7180.0
2407740.0,1608340.0,7180.0
2407740.0,1608340.0,7180.0
2406658.4,1608342.1333,7235.4666667
2405712.0,1608344.0,7284.0
2405712.0,1608344.0,7284.0
2405712.0,1608344.0,7284.0
2405712.0,1608344.0,7284.0
2405712.0,1608344.0,7284.0
2406627.2,1608348.2667,7330.9333333
2407428.0,1608352.0,7372.0
2407428.0,1608352.0,7372.0
2407428.0,1608352.0,7372.0
2407428.0,1608352.0,7372.0
2407428.0,1608352.0,7372.0
2407428.0,1608352.0,7372.0
2407428.0,1608352.0,7372.0
2407428.0,1608352.0,7372.0
2407428.0,1608352.0,7372.0
2407428.0,1608352.0,7372.0
2407428.0,1608352.0,7372.0
2407226.4,1608361.3333,7472.8
2406996.0,1608372.0,7588.0
2406996.0,1608372.0,7588.0
2406996.0,1608372.0,7588.0
2406996.0,1608372.0,7588.0
2406996.0,1608372.0,7588.0
2406996.0,1608372.0,7588.0
2406996.0,1608372.0,7588.0
2406996.0,1608372.0,7588.0
2406996.0,1608372.0,7588.0
2406996.0,1608372.0,7588.0
2406510.6667,1608464.0,7676.0
2405540.0,1608648.0,7852.0
2405540.0,1608648.0,7852.0
2405540.0,1608648.0,7852.0
2405540.0,1608648.0,7852.0
2405540.0,1608648.0,7852.0
2404213.6,1608676.8,7900.0
2402224.0,1608720.0,7972.0
2402224.0,1608720.0,7972.0
2403555.2,1608721.6,7997.6
2405552.0,1608724.0,8036.0
2405552.0,1608724.0,8036.0
2405552.0,1608724.0,8036.0
2405552.0,1608724.0,8036.0
2405552.0,1608724.0,8036.0
2405552.0,1608724.0,8036.0
2405552.0,1608724.0,8036.0
2405552.0,1608724.0,8036.0
2405552.0,1608724.0,8036.0
2404600.5333,1608732.5333,8146.9333333
2403768.0,1608740.0,8244.0
2403768.0,1608740.0,8244.0
2404604.2667,1608741.8667,8270.1333333
2405560.0,1608744.0,8300.0
2405560.0,1608744.0,8300.0
2405560.0,1608744.0,8300.0
2405560.0,1608744.0,8300.0
2405560.0,1608744.0,8300.0
2405560.0,1608744.0,8300.0
2405560.0,1608744.0,8300.0
2405560.0,1608744.0,8300.0
2405560.0,1608744.0,8300.0
2405560.0,1608744.0,8300.0
2405560.0,1608744.0,8300.0
2405488.0,1608772.0,8374.6666667
2405344.0,1608828.0,8524.0
2405344.0,1608828.0,8524.0
2405344.0,1608828.0,8524.0
2405344.0,1608828.0,8524.0
2405344.0,1608828.0,8524.0
2405344.0,1608828.0,8524.0
2405344.0,1608828.0,8524.0
2405344.0,1608828.0,8524.0
2405344.0,1608828.0,8524.0
2405344.0,1608828.0,8524.0
2405344.0,1608828.0,8524.0
2404588.0,1608832.0,8578.4
2401564.0,1608848.0,8796.0
2401564.0,1608848.0,8796.0
2401564.0,1608848.0,8796.0
2401564.0,1608848.0,8796.0
2401564.0,1608848.0,8796.0
2401564.0,1608848.0,8796.0
2401564.0,1608848.0,8796.0
2401564.0,1608848.0,8796.0
2401564.0,1608848.0,8796.0
2401564.0,1608848.0,8796.0
2401564.0,1608848.0,8796.0
2401124.0,1608853.3333,8873.3333333
2400244.0,1608864.0,9028.0
2400244.0,1608864.0,9028.0
2400244.0,1608864.0,9028.0
2400244.0,1608864.0,9028.0
2400244.0,1608864.0,9028.0
2400244.0,1608864.0,9028.0
2400244.0,1608864.0,9028.0
2400244.0,1608864.0,9028.0
2400244.0,1608864.0,9028.0
2400244.0,1608864.0,9028.0
2400244.0,1608864.0,9028.0
2400198.6667,1608886.4,9063.2
2399904.0,1609032.0,9292.0
2399904.0,1609032.0,9292.0
2399904.0,1609032.0,9292.0
2399904.0,1609032.0,9292.0
2399904.0,1609032.0,9292.0
2399904.0,1609032.0,9292.0
2399904.0,1609032.0,9292.0
2399904.0,1609032.0,9292.0
2399904.0,1609032.0,9292.0
2399904.0,1609032.0,9292.0
2399904.0,1609032.0,9292.0
2399860.8,1609035.2,9333.6
2399688.0,1609048.0,9500.0
2399688.0,1609048.0,9500.0
2399688.0,1609048.0,9500.0
2399526.4,1609048.8,9527.2
2398880.0,1609052.0,9636.0
2398880.0,1609052.0,9636.0
2398880.0,1609052.0,9636.0
2398880.0,1609052.0,9636.0
2398880.0,1609052.0,9636.0
2398880.0,1609052.0,9636.0
2398880.0,1609052.0,9636.0
2398880.0,1609052.0,9636.0
2398880.0,1609052.0,9636.0
2398880.0,1609052.0,9636.0
2398880.0,1609052.0,9636.0
2398838.4,1609062.6667,9704.2666667
2398724.0,1609092.0,9892.0
2398724.0,1609092.0,9892.0
2398724.0,1609092.0,9892.0
2398724.0,1609092.0,9892.0
2398724.0,1609092.0,9892.0
2398724.0,1609092.0,9892.0
2398724.0,1609092.0,9892.0
2398724.0,1609092.0,9892.0
2398724.0,1609092.0,9892.0
2398724.0,1609092.0,9892.0
2398724.0,1609092.0,9892.0
2398418.9333,1609111.2,9975.2
2397580.0,1609164.0,10204.0
2397580.0,1609164.0,10204.0
2397580.0,1609164.0,10204.0
2397580.0,1609164.0,10204.0
2397580.0,1609164.0,10204.0
2397580.0,1609164.0,10204.0
2397580.0,1609164.0,10204.0
2397580.0,1609164.0,10204.0
2397580.0,1609164.0,10204.0
2397580.0,1609164.0,10204.0
2397580.0,1609164.0,10204.0
2397725.6,1609164.8,10258.4
2398308.0,1609168.0,10476.0
2398308.0,1609168.0,10476.0
2398308.0,1609168.0,10476.0
2398308.0,1609168.0,10476.0
2398308.0,1609168.0,10476.0
2398308.0,1609168.0,10476.0
2398308.0,1609168.0,10476.0
2398308.0,1609168.0,10476.0
2398308.0,1609168.0,10476.0
2398308.0,1609168.0,10476.0
2398308.0,1609168.0,10476.0
2398184.8,1609173.3333,10516.533333
2397384.0,1609208.0,10780.0
2397384.0,1609208.0,10780.0
2397384.0,1609208.0,10780.0
2397384.0,1609208.0,10780.0
2397384.0,1609208.0,10780.0
2397384.0,1609208.0,10780.0
2397384.0,1609208.0,10780.0
2397384.0,1609208.0,10780.0
2397384.0,1609208.0,10780.0
2397384.0,1609208.0,10780.0
2397384.0,1609208.0,10780.0
2397370.1333,1609210.1333,10814.133333
2397280.0,1609224.0,11036.0
2397280.0,1609224.0,11036.0
2397280.0,1609224.0,11036.0
2397280.0,1609224.0,11036.0
2397280.0,1609224.0,11036.0
2397280.0,1609224.0,11036.0
2397280.0,1609224.0,11036.0
2397280.0,1609224.0,11036.0
2397280.0,1609224.0,11036.0
2397280.0,1609224.0,11036.0
2397280.0,1609224.0,11036.0
2397170.6667,1609226.6667,11074.4
2396460.0,1609244.0,11324.0
2396460.0,1609244.0,11324.0
2396460.0,1609244.0,11324.0
2396460.0,1609244.0,11324.0
2396460.0,1609244.0,11324.0
2396460.0,1609244.0,11324.0
2396460.0,1609244.0,11324.0
2396460.0,1609244.0,11324.0
2396460.0,1609244.0,11324.0
2396460.0,1609244.0,11324.0
2396460.0,1609244.0,11324.0
2396575.2,1609248.8,11367.2
2397036.0,1609268.0,11540.0
2397036.0,1609268.0,11540.0
2397036.0,1609268.0,11540.0
2397036.0,1609268.0,11540.0
2397036.0,1609268.0,11540.0
2397036.0,1609268.0,11540.0
2397036.0,1609268.0,11540.0
2397036.0,1609268.0,11540.0
2397036.0,1609268.0,11540.0
2397036.0,1609268.0,11540.0
2397036.0,1609268.0,11540.0
2396922.1333,1609269.6,11559.2
2395328.0,1609292.0,11828.0
2395328.0,1609292.0,11828.0
2395328.0,1609292.0,11828.0
2395328.0,1609292.0,11828.0
2395328.0,1609292.0,11828.0
2395328.0,1609292.0,11828.0
2395328.0,1609292.0,11828.0
2395328.0,1609292.0,11828.0
2395328.0,1609292.0,11828.0
2395328.0,1609292.0,11828.0
2395328.0,1609292.0,11828.0
2395207.2,1609294.4,11872.8
2394724.0,1609304.0,12052.0
2394724.0,1609304.0,12052.0
2394724.0,1609304.0,12052.0
2394724.0,1609304.0,12052.0
2394724.0,1609304.0,12052.0
2394724.0,1609304.0,12052.0
2394724.0,1609304.0,12052.0
2394724.0,1609304.0,12052.0
2394724.0,1609304.0,12052.0
2394724.0,1609304.0,12052.0
2394724.0,1609304.0,12052.0
2394723.2,1609319.4667,12071.2
2394712.0,1609536.0,12340.0
2394712.0,1609536.0,12340.0
2394712.0,1609536.0,12340.0
2394712.0,1609536.0,12340.0
2394533.8667,1609546.1333,12354.933333
2393376.0,1609612.0,12452.0
2393376.0,1609612.0,12452.0
2393376.0,1609612.0,12452.0
2393376.0,1609612.0,12452.0
2393376.0,1609612.0,12452.0
2393376.0,1609612.0,12452.0
2393376.0,1609612.0,12452.0
2393376.0,1609612.0,12452.0
2393753.0667,1609623.2,12593.866667
2393780.0,1609624.0,12604.0
2393780.0,1609624.0,12604.0
2393780.0,1609624.0,12604.0
2393780.0,1609624.0,12604.0
2393780.0,1609624.0,12604.0
2393780.0,1609624.0,12604.0
2393780.0,1609624.0,12604.0
2393780.0,1609624.0,12604.0
2393780.0,1609624.0,12604.0
2393780.0,1609624.0,12604.0
2393780.0,1609624.0,12604.0
2393620.5333,1609755.7333,12832.8
2393596.0,1609776.0,12868.0
2393596.0,1609776.0,12868.0
2393596.0,1609776.0,12868.0
2393596.0,1609776.0,12868.0
2393596.0,1609776.0,12868.0
2393596.0,1609776.0,12868.0
2393596.0,1609776.0,12868.0
2393596.0,1609776.0,12868.0
2393596.0,1609776.0,12868.0
2393596.0,1609776.0,12868.0
2393596.0,1609776.0,12868.0
2393133.0667,1609858.1333,13121.866667
2393100.0,1609864.0,13140.0
2393100.0,1609864.0,13140.0
2393100.0,1609864.0,13140.0
2393100.0,1609864.0,13140.0
2393100.0,1609864.0,13140.0
2393100.0,1609864.0,13140.0
2393100.0,1609864.0,13140.0
2393100.0,1609864.0,13140.0
2393100.0,1609864.0,13140.0
2393100.0,1609864.0,13140.0
2393056.5333,1609864.5333,13156.0
2392448.0,1609872.0,13380.0
2392448.0,1609872.0,13380.0
2392448.0,1609872.0,13380.0
2392448.0,1609872.0,13380.0
2392448.0,1609872.0,13380.0
2392448.0,1609872.0,13380.0
2392448.0,1609872.0,13380.0
2392448.0,1609872.0,13380.0
2392448.0,1609872.0,13380.0
2392448.0,1609872.0,13380.0
2392448.0,1609872.0,13380.0
2392460.2667,1609873.8667,13399.733333
2392632.0,1609900.0,13676.0
2392632.0,1609900.0,13676.0
2392632.0,1609900.0,13676.0
2392632.0,1609900.0,13676.0
2392632.0,1609900.0,13676.0
2392632.0,1609900.0,13676.0
2392632.0,1609900.0,13676.0
2392632.0,1609900.0,13676.0
2392632.0,1609900.0,13676.0
2392632.0,1609900.0,13676.0
2392632.0,1609900.0,13676.0
2393160.0,1609924.0,13876.0
2393160.0,1609924.0,13876.0
2393160.0,1609924.0,13876.0
2393160.0,1609924.0,13876.0
2393160.0,1609924.0,13876.0
2393160.0,1609924.0,13876.0
2393160.0,1609924.0,13876.0
2393160.0,1609924.0,13876.0
2393160.0,1609924.0,13876.0
2393160.0,1609924.0,13876.0
2393160.0,1609924.0,13876.0
2393160.0,1609924.0,13876.0
2393160.0,1609948.2667,14077.066667
2393160.0,1609952.0,14108.0
2393160.0,1609952.0,14108.0
2393160.0,1609952.0,14108.0
2393160.0,1609952.0,14108.0
2393160.0,1609952.0,14108.0
2393160.0,1609952.0,14108.0
2393160.0,1609952.0,14108.0
2393160.0,1609952.0,14108.0
2393160.0,1609952.0,14108.0
2393160.0,1609952.0,14108.0
2393160.0,1609952.0,14108.0
2392465.6,1609974.4,14376.8
2392416.0,1609976.0,14396.0
2392416.0,1609976.0,14396.0
2392416.0,1609976.0,14396.0
2392416.0,1609976.0,14396.0
2392416.0,1609976.0,14396.0
2392416.0,1609976.0,14396.0
2392416.0,1609976.0,14396.0
2392416.0,1609976.0,14396.0
2392416.0,1609976.0,14396.0
2392416.0,1609976.0,14396.0
2392416.0,1609976.0,14396.0
2392266.9333,1610055.7333,14638.666667
2392244.0,1610068.0,14676.0
2392244.0,1610068.0,14676.0
2392244.0,1610068.0,14676.0
2438871.2,1610074.4,14765.6
2450528.0,1610076.0,14788.0
2450528.0,1610076.0,14788.0
2450528.0,1610076.0,14788.0
2450528.0,1610076.0,14788.0
2449436.8,1610093.6,14864.266667
2449040.0,1610100.0,14892.0
2450403.2,1610103.2,14943.2
2450744.0,1610104.0,14956.0
2450744.0,1610104.0,14956.0
2450744.0,1610104.0,14956.0
2450744.0,1610104.0,14956.0
2450744.0,1610104.0,14956.0
2450744.0,1610104.0,14956.0
2450744.0,1610104.0,14956.0
2450744.0,1610104.0,14956.0
2450744.0,1610104.0,14956.0
2450744.0,1610104.0,14956.0
2450744.0,1610104.0,14956.0
2450744.0,1610104.0,14956.0
2450594.6667,1610107.7333,15187.466667
2450584.0,1610108.0,15204.0
2450584.0,1610108.0,15204.0
2450584.0,1610108.0,15204.0
2449228.8,1610122.9333,15316.0
2449132.0,1610124.0,15324.0
2449132.0,1610124.0,15324.0
2449132.0,1610124.0,15324.0
2449132.0,1610124.0,15324.0
2449132.0,1610124.0,15324.0
2449132.0,1610124.0,15324.0
2449132.0,1610124.0,15324.0
2449132.0,1610124.0,15324.0
2449132.0,1610124.0,15324.0
2449132.0,1610124.0,15324.0
2449132.0,1610124.0,15324.0
2449960.8,1610150.1333,15555.466667
2450020.0,1610152.0,15572.0
2450020.0,1610152.0,15572.0
2450020.0,1610152.0,15572.0
2450020.0,1610152.0,15572.0
2450020.0,1610152.0,15572.0
2450020.0,1610152.0,15572.0
2450020.0,1610152.0,15572.0
2450020.0,1610152.0,15572.0
2450020.0,1610152.0,15572.0
2450020.0,1610152.0,15572.0
2450020.0,1610152.0,15572.0
2448224.2667,1610170.6667,15848.266667
2448096.0,1610172.0,15868.0
2448096.0,1610172.0,15868.0
2448096.0,1610172.0,15868.0
2448096.0,1610172.0,15868.0
2448096.0,1610172.0,15868.0
2448096.0,1610172.0,15868.0
2448096.0,1610172.0,15868.0
2448096.0,1610172.0,15868.0
2448096.0,1610172.0,15868.0
2448096.0,1610172.0,15868.0
2448096.0,1610172.0,15868.0
2448393.6,1610197.6,16060.0
2448468.0,1610204.0,16108.0
2448468.0,1610204.0,16108.0
2448468.0,1610204.0,16108.0
2448468.0,1610204.0,16108.0
2448468.0,1610204.0,16108.0
2448468.0,1610204.0,16108.0
2448468.0,1610204.0,16108.0
2448468.0,1610204.0,16108.0
2448468.0,1610204.0,16108.0
2448468.0,1610204.0,16108.0
2448468.0,1610204.0,16108.0
2448322.4,1610228.2667,16364.533333
2448300.0,1610232.0,16404.0
2448300.0,1610232.0,16404.0
2448300.0,1610232.0,16404.0
2448300.0,1610232.0,16404.0
2448300.0,1610232.0,16404.0
2448300.0,1610232.0,16404.0
2448300.0,1610232.0,16404.0
2448300.0,1610232.0,16404.0
2448300.0,1610232.0,16404.0
2448300.0,1610232.0,16404.0
2448300.0,1610232.0,16404.0
2447440.0,1610248.0,16620.0
2447440.0,1610248.0,16620.0
2447440.0,1610248.0,16620.0
2447440.0,1610248.0,16620.0
2447440.0,1610248.0,16620.0
2447440.0,1610248.0,16620.0
2447440.0,1610248.0,16620.0
2447440.0,1610248.0,16620.0
2447440.0,1610248.0,16620.0
2447440.0,1610248.0,16620.0
2447440.0,1610248.0,16620.0
2447368.0,1610259.2,16657.333333
2446900.0,1610332.0,16900.0
2446900.0,1610332.0,16900.0
2446900.0,1610332.0,16900.0
2446900.0,1610332.0,16900.0
2446900.0,1610332.0,16900.0
2446900.0,1610332.0,16900.0
2446900.0,1610332.0,16900.0
2446900.0,1610332.0,16900.0
2446900.0,1610332.0,16900.0
2446900.0,1610332.0,16900.0
2446900.0,1610332.0,16900.0
2446970.9333,1610334.1333,16932.0
2447432.0,1610348.0,17140.0
2447432.0,1610348.0,17140.0
2447432.0,1610348.0,17140.0
2447432.0,1610348.0,17140.0
2447432.0,1610348.0,17140.0
2447432.0,1610348.0,17140.0
2447432.0,1610348.0,17140.0
2447432.0,1610348.0,17140.0
2447432.0,1610348.0,17140.0
2447432.0,1610348.0,17140.0
2447432.0,1610348.0,17140.0
2447299.2,1610351.2,17180.533333
2446436.0,1610372.0,17444.0
2446436.0,1610372.0,17444.0
2446436.0,1610372.0,17444.0
2446436.0,1610372.0,17444.0
2446436.0,1610372.0,17444.0
2446436.0,1610372.0,17444.0
2446436.0,1610372.0,17444.0
2446436.0,1610372.0,17444.0
2446436.0,1610372.0,17444.0
2446436.0,1610372.0,17444.0
2446436.0,1610372.0,17444.0
2446510.4,1610389.6,17495.2
2506843.2,1610460.8,17711.2
2746984.0,1610464.0,17756.0
2746984.0,1610464.0,17756.0
2746984.0,1610464.0,17756.0
2746984.0,1610464.0,17756.0
2746984.0,1610464.0,17756.0
2746984.0,1610464.0,17756.0
2746984.0,1610464.0,17756.0
2746984.0,1610464.0,17756.0
2746984.0,1610464.0,17756.0
2746984.0,1610464.0,17756.0
2746984.0,1610464.0,17756.0
2747232.0,1610514.6667,17838.666667
2747728.0,1610616.0,18004.0
2747728.0,1610616.0,18004.0
2747728.0,1610616.0,18004.0
2747728.0,1610616.0,18004.0
2747728.0,1610616.0,18004.0
2747728.0,1610616.0,18004.0
2747728.0,1610616.0,18004.0
2747728.0,1610616.0,18004.0
2747728.0,1610616.0,18004.0
2747728.0,1610616.0,18004.0
2747728.0,1610616.0,18004.0
2747616.0,1610617.0667,18046.666667
2746888.0,1610624.0,18324.0
2746888.0,1610624.0,18324.0
2746888.0,1610624.0,18324.0
2746888.0,1610624.0,18324.0
2746888.0,1610624.0,18324.0
2746888.0,1610624.0,18324.0
2746888.0,1610624.0,18324.0
2746888.0,1610624.0,18324.0
2746888.0,1610624.0,18324.0
2746888.0,1610624.0,18324.0
2746888.0,1610624.0,18324.0
2746888.0,1610624.0,18324.0
2747236.8,1610630.4,18429.6
2747760.0,1610640.0,18588.0
2747760.0,1610640.0,18588.0
2747760.0,1610640.0,18588.0
2747760.0,1610640.0,18588.0
2747760.0,1610640.0,18588.0
2747760.0,1610640.0,18588.0
2747760.0,1610640.0,18588.0
2747760.0,1610640.0,18588.0
2747760.0,1610640.0,18588.0
2747760.0,1610640.0,18588.0
2747587.2,1610646.4,18666.933333
2747112.0,1610664.0,18884.0
2747112.0,1610664.0,18884.0
2746751.4667,1610665.0667,18898.933333
2745760.0,1610668.0,18940.0
2745760.0,1610668.0,18940.0
2746053.3333,1610668.0,18957.066667
2746860.0,1610668.0,19004.0
2746860.0,1610668.0,19004.0
2746860.0,1610668.0,19004.0
2746860.0,1610668.0,19004.0
2746860.0,1610668.0,19004.0
2746860.0,1610668.0,19004.0
2746860.0,1610668.0,19004.0
2746860.0,1610668.0,19004.0
2746860.0,1610668.0,19004.0
2746860.0,1610668.0,19004.0
2746860.0,1610668.0,19004.0
2746812.5333,1610671.2,19031.733333
2746504.0,1610692.0,19212.0
2746504.0,1610692.0,19212.0
2746504.0,1610692.0,19212.0
2746504.0,1610692.0,19212.0
2746504.0,1610692.0,19212.0
2746504.0,1610692.0,19212.0
2746504.0,1610692.0,19212.0
2746504.0,1610692.0,19212.0
2746504.0,1610692.0,19212.0
2746504.0,1610692.0,19212.0
2746504.0,1610692.0,19212.0
2746485.6,1610698.4,19266.4
2746412.0,1610724.0,19484.0
2746412.0,1610724.0,19484.0
2746010.9333,1610725.0667,19494.666667
2744908.0,1610728.0,19524.0
2745366.6667,1610728.0,19538.933333
2746628.0,1610728.0,19580.0
2746628.0,1610728.0,19580.0
2746628.0,1610728.0,19580.0
2746628.0,1610728.0,19580.0
2746628.0,1610728.0,19580.0
2746628.0,1610728.0,19580.0
2746628.0,1610728.0,19580.0
2746628.0,1610728.0,19580.0
2746628.0,1610728.0,19580.0
2746628.0,1610728.0,19580.0
2746628.0,1610728.0,19580.0
2746522.4,1610730.4,19623.2
2746100.0,1610740.0,19796.0
2746100.0,1610740.0,19796.0
2746100.0,1610740.0,19796.0
2746100.0,1610740.0,19796.0
2746100.0,1610740.0,19796.0
2746100.0,1610740.0,19796.0
2746100.0,1610740.0,19796.0
2746100.0,1610740.0,19796.0
2746100.0,1610740.0,19796.0
2746100.0,1610740.0,19796.0
2746100.0,1610740.0,19796.0
2745918.6667,1610752.0,19892.0
2745556.0,1610776.0,20084.0
2745556.0,1610776.0,20084.0
2745556.0,1610776.0,20084.0
2745556.0,1610776.0,20084.0
2745556.0,1610776.0,20084.0
2745556.0,1610776.0,20084.0
2745556.0,1610776.0,20084.0
2745556.0,1610776.0,20084.0
2745556.0,1610776.0,20084.0
2745556.0,1610776.0,20084.0
2745556.0,1610776.0,20084.0
2745519.2,1610778.6667,20114.933333
2745280.0,1610796.0,20316.0
2745280.0,1610796.0,20316.0
2745280.0,1610796.0,20316.0
2745280.0,1610796.0,20316.0
2745280.0,1610796.0,20316.0
2745280.0,1610796.0,20316.0
2745280.0,1610796.0,20316.0
2745280.0,1610796.0,20316.0
2745280.0,1610796.0,20316.0
2745280.0,1610796.0,20316.0
2745280.0,1610796.0,20316.0
2745163.7333,1610800.2667,20390.666667
2744844.0,1610812.0,20596.0
2744844.0,1610812.0,20596.0
2796669.6,1610814.4,20607.2
3003972.0,1610824.0,20652.0
3003972.0,1610824.0,20652.0
3003972.0,1610824.0,20652.0
3003972.0,1610824.0,20652.0
3003972.0,1610824.0,20652.0
3003972.0,1610824.0,20652.0
3003972.0,1610824.0,20652.0
3003972.0,1610824.0,20652.0
3003972.0,1610824.0,20652.0
3003972.0,1610824.0,20652.0
3003972.0,1610824.0,20652.0
3003863.7333,1610828.8,20685.066667
3003160.0,1610860.0,20900.0
3003160.0,1610860.0,20900.0
3003160.0,1610860.0,20900.0
3003160.0,1610860.0,20900.0
3003160.0,1610860.0,20900.0
3003160.0,1610860.0,20900.0
3003160.0,1610860.0,20900.0
3003160.0,1610860.0,20900.0
3002993.6,1610864.2667,20959.733333
3002536.0,1610876.0,21124.0
3002536.0,1610876.0,21124.0
3002536.0,1610876.0,21124.0
3002536.0,1610876.0,21124.0
3002536.0,1610876.0,21124.0
3002536.0,1610876.0,21124.0
3002536.0,1610876.0,21124.0
3002536.0,1610876.0,21124.0
3002536.0,1610876.0,21124.0
3002536.0,1610876.0,21124.0
3002536.0,1610876.0,21124.0
3002909.3333,1610877.3333,21193.333333
3003656.0,1610880.0,21332.0
3003656.0,1610880.0,21332.0
3003656.0,1610880.0,21332.0
3003656.0,1610880.0,21332.0
3003656.0,1610880.0,21332.0
3003656.0,1610880.0,21332.0
3003656.0,1610880.0,21332.0
3003656.0,1610880.0,21332.0
3003656.0,1610880.0,21332.0
3003656.0,1610880.0,21332.0
3003656.0,1610880.0,21332.0
3003656.0,1610880.0,21332.0
3003796.8,1610892.8,21468.533333
3003920.0,1610904.0,21588.0
3003412.2667,1610909.6,21617.866667
3002832.0,1610916.0,21652.0
3002832.0,1610916.0,21652.0
3002832.0,1610916.0,21652.0
3002832.0,1610916.0,21652.0
3002832.0,1610916.0,21652.0
3002832.0,1610916.0,21652.0
3002832.0,1610916.0,21652.0
3002832.0,1610916.0,21652.0
3002832.0,1610916.0,21652.0
3002832.0,1610916.0,21652.0
3002832.0,1610916.0,21652.0
3002612.0,1610925.3333,21732.0
3002172.0,1610944.0,21892.0
3002172.0,1610944.0,21892.0
3002172.0,1610944.0,21892.0
3002172.0,1610944.0,21892.0
3002172.0,1610944.0,21892.0
3002172.0,1610944.0,21892.0
3002172.0,1610944.0,21892.0
3002172.0,1610944.0,21892.0
3001824.2667,1610946.1333,21942.133333
3000868.0,1610952.0,22080.0
3000868.0,1610952.0,22080.0
3001345.3333,1610954.6667,22102.666667
3002300.0,1610960.0,22148.0
3002300.0,1610960.0,22148.0
3002300.0,1610960.0,22148.0
3002300.0,1610960.0,22148.0
3002300.0,1610960.0,22148.0
3002300.0,1610960.0,22148.0
3002300.0,1610960.0,22148.0
3002300.0,1610960.0,22148.0
3002300.0,1610960.0,22148.0
3002300.0,1610960.0,22148.0
3001746.6667,1610965.3333,22209.333333
3000640.0,1610976.0,22332.0
3001074.1333,1610977.0667,22348.0
3002268.0,1610980.0,22392.0
3002268.0,1610980.0,22392.0
3002268.0,1610980.0,22392.0
3002268.0,1610980.0,22392.0
3002268.0,1610980.0,22392.0
3002268.0,1610980.0,22392.0
3002268.0,1610980.0,22392.0
3002268.0,1610980.0,22392.0
3002268.0,1610980.0,22392.0
3002268.0,1610980.0,22392.0
3002268.0,1610980.0,22392.0
3002144.0,1610986.6667,22454.666667
3001896.0,1611000.0,22580.0
3001896.0,1611000.0,22580.0
3001896.0,1611000.0,22580.0
3001896.0,1611000.0,22580.0
3001896.0,1611000.0,22580.0
3001896.0,1611000.0,22580.0
3001896.0,1611000.0,22580.0
3001896.0,1611000.0,22580.0
3001896.0,1611000.0,22580.0
3001896.0,1611000.0,22580.0
3001896.0,1611000.0,22580.0
3001708.8,1611051.2,22655.2
3001428.0,1611128.0,22768.0
3001428.0,1611128.0,22768.0
3001428.0,1611128.0,22768.0
3001428.0,1611128.0,22768.0
3001428.0,1611128.0,22768.0
3001428.0,1611128.0,22768.0
3001428.0,1611128.0,22768.0
3001428.0,1611128.0,22768.0
3001428.0,1611128.0,22768.0
3001428.0,1611128.0,22768.0
3001428.0,1611128.0,22768.0
3001400.8,1611148.8,22835.2
3001360.0,1611180.0,22936.0
3001360.0,1611180.0,22936.0
3001360.0,1611180.0,22936.0
3001360.0,1611180.0,22936.0
3001360.0,1611180.0,22936.0
3001360.0,1611180.0,22936.0
3001360.0,1611180.0,22936.0
3001360.0,1611180.0,22936.0
3001360.0,1611180.0,22936.0
3068742.6667,1611192.0,22990.666667
3203508.0,1611216.0,23100.0
3203508.0,1611216.0,23100.0
3203508.0,1611216.0,23100.0
3203508.0,1611216.0,23100.0
3203508.0,1611216.0,23100.0
3203508.0,1611216.0,23100.0
3203508.0,1611216.0,23100.0
3203508.0,1611216.0,23100.0
3203508.0,1611216.0,23100.0
3203508.0,1611216.0,23100.0
3203508.0,1611216.0,23100.0
3203682.9333,1611222.4,23158.666667
3204164.0,1611240.0,23320.0
3204164.0,1611240.0,23320.0
3204164.0,1611240.0,23320.0
3204164.0,1611240.0,23320.0
3204164.0,1611240.0,23320.0
3204164.0,1611240.0,23320.0
3204164.0,1611240.0,23320.0
3204164.0,1611240.0,23320.0
3204164.0,1611240.0,23320.0
3204164.0,1611240.0,23320.0
3204164.0,1611240.0,23320.0
3204081.3333,1611244.0,23397.333333
3203916.0,1611252.0,23552.0
3203916.0,1611252.0,23552.0
3203916.0,1611252.0,23552.0
3203916.0,1611252.0,23552.0
3203916.0,1611252.0,23552.0
3203916.0,1611252.0,23552.0
3203916.0,1611252.0,23552.0
3203916.0,1611252.0,23552.0
3203916.0,1611252.0,23552.0
3203916.0,1611252.0,23552.0
3203916.0,1611252.0,23552.0
3203947.2,1611255.2,23595.2
3204072.0,1611268.0,23768.0
3204072.0,1611268.0,23768.0
3204072.0,1611268.0,23768.0
3204072.0,1611268.0,23768.0
3204072.0,1611268.0,23768.0
3204072.0,1611268.0,23768.0
3204072.0,1611268.0,23768.0
3204072.0,1611268.0,23768.0
3204072.0,1611268.0,23768.0
3204072.0,1611268.0,23768.0
3204072.0,1611268.0,23768.0
3204060.0,1611270.6667,23840.0
3204036.0,1611276.0,23984.0
3203384.0,1611281.3333,23994.666667
3202080.0,1611292.0,24016.0
3202080.0,1611292.0,24016.0
3202420.2667,1611292.0,24032.0
3203356.0,1611292.0,24076.0
3203356.0,1611292.0,24076.0
3203356.0,1611292.0,24076.0
3203356.0,1611292.0,24076.0
3203356.0,1611292.0,24076.0
3203356.0,1611292.0,24076.0
3203356.0,1611292.0,24076.0
3203356.0,1611292.0,24076.0
3203356.0,1611292.0,24076.0
3203356.0,1611292.0,24076.0
3203356.0,1611292.0,24076.0
3203367.2,1611300.8,24116.8
3203412.0,1611336.0,24280.0
3203412.0,1611336.0,24280.0
3203412.0,1611336.0,24280.0
3203412.0,1611336.0,24280.0
3203412.0,1611336.0,24280.0
3203412.0,1611336.0,24280.0
3203412.0,1611336.0,24280.0
3203412.0,1611336.0,24280.0
3203412.0,1611336.0,24280.0
3203412.0,1611336.0,24280.0
3203412.0,1611336.0,24280.0
3203337.8667,1611337.6,24311.466667
3202856.0,1611348.0,24516.0
3202856.0,1611348.0,24516.0
3202856.0,1611348.0,24516.0
3202856.0,1611348.0,24516.0
3202856.0,1611348.0,24516.0
3202856.0,1611348.0,24516.0
3202856.0,1611348.0,24516.0
3202856.0,1611348.0,24516.0
3202856.0,1611348.0,24516.0
3202856.0,1611348.0,24516.0
3202856.0,1611348.0,24516.0
3202856.0,1611348.0,24516.0
3201864.0,1611372.0,24704.0
3201864.0,1611372.0,24704.0
3201864.0,1611372.0,24704.0
3201864.0,1611372.0,24704.0
3201864.0,1611372.0,24704.0
3201864.0,1611372.0,24704.0
3201864.0,1611372.0,24704.0
3201864.0,1611372.0,24704.0
3201864.0,1611372.0,24704.0
3201864.0,1611372.0,24704.0
3201864.0,1611372.0,24704.0
3201864.0,1611372.0,24704.0
3201516.8,1611398.1333,24916.8
3201492.0,1611400.0,24932.0
3201492.0,1611400.0,24932.0
3201492.0,1611400.0,24932.0
3201492.0,1611400.0,24932.0
3201492.0,1611400.0,24932.0
3201492.0,1611400.0,24932.0
3201492.0,1611400.0,24932.0
3201492.0,1611400.0,24932.0
3201492.0,1611400.0,24932.0
3201492.0,1611400.0,24932.0
3201492.0,1611400.0,24932.0
3201565.6,1611432.0,25101.6
3201584.0,1611440.0,25144.0
3201584.0,1611440.0,25144.0
3201584.0,1611440.0,25144.0
3201584.0,1611440.0,25144.0
3201584.0,1611440.0,25144.0
3201584.0,1611440.0,25144.0
3201584.0,1611440.0,25144.0
3201584.0,1611440.0,25144.0
3201584.0,1611440.0,25144.0
3201584.0,1611440.0,25144.0
3201584.0,1611440.0,25144.0
3201102.1333,1611464.2667,25338.133333
3201028.0,1611468.0,25368.0
3201028.0,1611468.0,25368.0
3201028.0,1611468.0,25368.0
3201028.0,1611468.0,25368.0
3201028.0,1611468.0,25368.0
3201028.0,1611468.0,25368.0
3201028.0,1611468.0,25368.0
3330951.7333,1611481.8667,25496.266667
3350940.0,1611484.0,25516.0
3350940.0,1611484.0,25516.0
3350940.0,1611484.0,25516.0
3350940.0,1611484.0,25516.0
3350940.0,1611484.0,25516.0
3350940.0,1611484.0,25516.0
3350940.0,1611484.0,25516.0
3350940.0,1611484.0,25516.0
3350940.0,1611484.0,25516.0
3350940.0,1611484.0,25516.0
3350940.0,1611484.0,25516.0
3350394.9333,1611495.2,25695.2
3350356.0,1611496.0,25708.0
3350356.0,1611496.0,25708.0
3350356.0,1611496.0,25708.0
3350356.0,1611496.0,25708.0
3350356.0,1611496.0,25708.0
3350356.0,1611496.0,25708.0
3350356.0,1611496.0,25708.0
3350356.0,1611496.0,25708.0
3347208.0,1611540.0,25876.0
3347208.0,1611540.0,25876.0
3347208.0,1611540.0,25876.0
3348576.0,1611548.0,25920.0
3348576.0,1611548.0,25920.0
3349796.0,1611548.0,25972.0
3349796.0,1611548.0,25972.0
3349796.0,1611548.0,25972.0
3349796.0,1611548.0,25972.0
3349796.0,1611548.0,25972.0
3349796.0,1611548.0,25972.0
3349796.0,1611548.0,25972.0
3349796.0,1611548.0,25972.0
3349796.0,1611548.0,25972.0
3349796.0,1611548.0,25972.0
3349796.0,1611548.0,25972.0
3349796.0,1611548.0,25972.0
3349444.0,1611558.6667,26091.466667
3349444.0,1611558.6667,26091.466667
3349136.0,1611568.0,26196.0
3349136.0,1611568.0,26196.0
3349136.0,1611568.0,26196.0
3349136.0,1611568.0,26196.0
3349136.0,1611568.0,26196.0
3349136.0,1611568.0,26196.0
3349136.0,1611568.0,26196.0
3349136.0,1611568.0,26196.0
3349136.0,1611568.0,26196.0
3349136.0,1611568.0,26196.0
3349483.2,1611590.4,26375.2
3349508.0,1611592.0,26388.0
3349508.0,1611592.0,26388.0
3349508.0,1611592.0,26388.0
3349508.0,1611592.0,26388.0
3349508.0,1611592.0,26388.0
3349508.0,1611592.0,26388.0
3349508.0,1611592.0,26388.0
3349508.0,1611592.0,26388.0
3349508.0,1611592.0,26388.0
3349508.0,1611592.0,26388.0
3349508.0,1611592.0,26388.0
3349508.0,1611592.0,26388.0
3349072.0,1611604.0,26532.0
3349072.0,1611604.0,26532.0
3349072.0,1611604.0,26532.0
3349072.0,1611604.0,26532.0
3349072.0,1611604.0,26532.0
3349072.0,1611604.0,26532.0
3349072.0,1611604.0,26532.0
3349072.0,1611604.0,26532.0
3347578.6667,1611653.6,26552.8
3337872.0,1611976.0,26688.0
3337872.0,1611976.0,26688.0
3339423.2,1612098.4,26698.4
3345628.0,1612588.0,26740.0
3345628.0,1612588.0,26740.0
3345628.0,1612588.0,26740.0
3345628.0,1612588.0,26740.0
3345628.0,1612588.0,26740.0
3345628.0,1612588.0,26740.0
3345628.0,1612588.0,26740.0
3345628.0,1612588.0,26740.0
3345628.0,1612588.0,26740.0
3345628.0,1612588.0,26740.0
3345628.0,1612588.0,26740.0
3345628.0,1612588.0,26740.0
3346248.0,1612600.0,26896.0
3346248.0,1612600.0,26896.0
3346248.0,1612600.0,26896.0
3346248.0,1612600.0,26896.0
3346248.0,1612600.0,26896.0
3346248.0,1612600.0,26896.0
3346248.0,1612600.0,26896.0
3346248.0,1612600.0,26896.0
3346248.0,1612600.0,26896.0
3346248.0,1612600.0,26896.0
3346248.0,1612600.0,26896.0
3346248.0,1612600.0,26896.0
3346408.0,1612640.0,27088.0
3346408.0,1612640.0,27088.0
3346408.0,1612640.0,27088.0
3346408.0,1612640.0,27088.0
3346408.0,1612640.0,27088.0
3346408.0,1612640.0,27088.0
3346408.0,1612640.0,27088.0
3346408.0,1612640.0,27088.0
3346408.0,1612640.0,27088.0
3346408.0,1612640.0,27088.0
3346408.0,1612640.0,27088.0
3346408.0,1612640.0,27088.0
3345384.0,1612664.0,27236.0
3345384.0,1612664.0,27236.0
3345384.0,1612664.0,27236.0
3345384.0,1612664.0,27236.0
3345384.0,1612664.0,27236.0
3345384.0,1612664.0,27236.0
3345384.0,1612664.0,27236.0
3345384.0,1612664.0,27236.0
3345384.0,1612664.0,27236.0
3345384.0,1612664.0,27236.0
3345384.0,1612664.0,27236.0
3345420.8,1612667.2,27279.2
3345568.0,1612680.0,27452.0
3345568.0,1612680.0,27452.0
3345568.0,1612680.0,27452.0
3345568.0,1612680.0,27452.0
3345568.0,1612680.0,27452.0
3345568.0,1612680.0,27452.0
3345568.0,1612680.0,27452.0
3345609.3333,1612684.0,27502.666667
3345692.0,1612692.0,27604.0
3345692.0,1612692.0,27604.0
3376194.6667,1612696.0,27617.333333
3437200.0,1612704.0,27644.0
3437200.0,1612704.0,27644.0
3437200.0,1612704.0,27644.0
3437200.0,1612704.0,27644.0
3437200.0,1612704.0,27644.0
3437200.0,1612704.0,27644.0
3437200.0,1612704.0,27644.0
3437200.0,1612704.0,27644.0
3437200.0,1612704.0,27644.0
3437200.0,1612704.0,27644.0
3437200.0,1612704.0,27644.0
3437134.9333,1612707.2,27682.4
3436956.0,1612716.0,27788.0
3436956.0,1612716.0,27788.0
3436956.0,1612716.0,27788.0
3436956.0,1612716.0,27788.0
3436956.0,1612716.0,27788.0
3436956.0,1612716.0,27788.0
3436956.0,1612716.0,27788.0
3436956.0,1612716.0,27788.0
3436956.0,1612716.0,27788.0
3436956.0,1612716.0,27788.0
3436956.0,1612716.0,27788.0
3436938.9333,1612722.4,27852.0
3436892.0,1612740.0,28028.0
3436892.0,1612740.0,28028.0
3436892.0,1612740.0,28028.0
3436892.0,1612740.0,28028.0
3436892.0,1612740.0,28028.0
3436892.0,1612740.0,28028.0
3436892.0,1612740.0,28028.0
3436892.0,1612740.0,28028.0
3436892.0,1612740.0,28028.0
3436892.0,1612740.0,28028.0
3436892.0,1612740.0,28028.0
3436800.0,1612744.0,28088.0
3436616.0,1612752.0,28208.0
3436616.0,1612752.0,28208.0
3436616.0,1612752.0,28208.0
3436616.0,1612752.0,28208.0
3436616.0,1612752.0,28208.0
3436616.0,1612752.0,28208.0
3436616.0,1612752.0,28208.0
3436616.0,1612752.0,28208.0
3436616.0,1612752.0,28208.0
3436616.0,1612752.0,28208.0
3436616.0,1612752.0,28208.0
3436590.4,1612761.6,28296.0
3436552.0,1612776.0,28428.0
3436552.0,1612776.0,28428.0
3436552.0,1612776.0,28428.0
3436552.0,1612776.0,28428.0
3436552.0,1612776.0,28428.0
3436552.0,1612776.0,28428.0
3436552.0,1612776.0,28428.0
3436552.0,1612776.0,28428.0
3436552.0,1612776.0,28428.0
3436552.0,1612776.0,28428.0
3436552.0,1612776.0,28428.0
3436414.4,1612785.6,28509.6
3436208.0,1612800.0,28632.0
3436208.0,1612800.0,28632.0
3436208.0,1612800.0,28632.0
3436208.0,1612800.0,28632.0
3436208.0,1612800.0,28632.0
3436208.0,1612800.0,28632.0
3436208.0,1612800.0,28632.0
3436208.0,1612800.0,28632.0
3436208.0,1612800.0,28632.0
3436208.0,1612800.0,28632.0
3436208.0,1612800.0,28632.0
3436097.6,1612812.0,28776.0
3436024.0,1612820.0,28872.0
3436024.0,1612820.0,28872.0
3436024.0,1612820.0,28872.0
3436024.0,1612820.0,28872.0
3436024.0,1612820.0,28872.0
3436024.0,1612820.0,28872.0
3436024.0,1612820.0,28872.0
3436024.0,1612820.0,28872.0
3436024.0,1612820.0,28872.0
3436024.0,1612820.0,28872.0
3436024.0,1612820.0,28872.0
3436224.5333,1612834.9333,28957.333333
3436400.0,1612848.0,29032.0
3436400.0,1612848.0,29032.0
3436400.0,1612848.0,29032.0
3436400.0,1612848.0,29032.0
3436400.0,1612848.0,29032.0
3436400.0,1612848.0,29032.0
3436400.0,1612848.0,29032.0
3436400.0,1612848.0,29032.0
3436400.0,1612848.0,29032.0
3436400.0,1612848.0,29032.0
3436400.0,1612848.0,29032.0
3435866.6667,1612860.8,29166.4
3435400.0,1612872.0,29284.0
3435400.0,1612872.0,29284.0
3435400.0,1612872.0,29284.0
3435400.0,1612872.0,29284.0
3435400.0,1612872.0,29284.0
3435400.0,1612872.0,29284.0
3435400.0,1612872.0,29284.0
3435400.0,1612872.0,29284.0
3435400.0,1612872.0,29284.0
3435400.0,1612872.0,29284.0
3435400.0,1612872.0,29284.0
3435504.0,1612890.6667,29364.0
3435556.0,1612900.0,29404.0
3435556.0,1612900.0,29404.0
3435556.0,1612900.0,29404.0
3435556.0,1612900.0,29404.0
3435556.0,1612900.0,29404.0
3435556.0,1612900.0,29404.0
3435556.0,1612900.0,29404.0
3435556.0,1612900.0,29404.0
3435556.0,1612900.0,29404.0
3435556.0,1612900.0,29404.0
3435556.0,1612900.0,29404.0
3435488.5333,1612905.8667,29565.333333
3435464.0,1612908.0,29624.0
3435464.0,1612908.0,29624.0
3435464.0,1612908.0,29624.0
3435464.0,1612908.0,29624.0
3435464.0,1612908.0,29624.0
3435464.0,1612908.0,29624.0
3435464.0,1612908.0,29624.0
3435464.0,1612908.0,29624.0
3435464.0,1612908.0,29624.0
3435464.0,1612908.0,29624.0
3435464.0,1612908.0,29624.0
3434945.6,1612927.2,29761.6
3434816.0,1612932.0,29796.0
3434816.0,1612932.0,29796.0
3434816.0,1612932.0,29796.0
3486375.7333,1612945.8667,29875.733333
3494308.0,1612948.0,29888.0
3494308.0,1612948.0,29888.0
3513274.1333,1612954.9333,29933.066667
3516192.0,1612956.0,29940.0
3516192.0,1612956.0,29940.0
3516192.0,1612956.0,29940.0
3516192.0,1612956.0,29940.0
3516192.0,1612956.0,29940.0
3516192.0,1612956.0,29940.0
3516192.0,1612956.0,29940.0
3516192.0,1612956.0,29940.0
3516192.0,1612956.0,29940.0
3516192.0,1612956.0,29940.0
3516192.0,1612956.0,29940.0
3516244.0,1612966.4,30109.866667
3516252.0,1612968.0,30136.0
3516252.0,1612968.0,30136.0
3516252.0,1612968.0,30136.0
3516252.0,1612968.0,30136.0
3516252.0,1612968.0,30136.0
3516252.0,1612968.0,30136.0
3516252.0,1612968.0,30136.0
3516252.0,1612968.0,30136.0
3516252.0,1612968.0,30136.0
3516252.0,1612968.0,30136.0
3516252.0,1612968.0,30136.0
3514348.8,1615006.4,30340.533333
3514056.0,1615320.0,30372.0
3514056.0,1615320.0,30372.0
3514056.0,1615320.0,30372.0
3514056.0,1615320.0,30372.0
3514056.0,1615320.0,30372.0
3514056.0,1615320.0,30372.0
3514056.0,1615320.0,30372.0
3514056.0,1615320.0,30372.0
3514056.0,1615320.0,30372.0
3514056.0,1615320.0,30372.0
3514056.0,1615320.0,30372.0
3513622.6667,1615330.4,30531.466667
3513556.0,1615332.0,30556.0
3513556.0,1615332.0,30556.0
3513556.0,1615332.0,30556.0
3513556.0,1615332.0,30556.0
3513556.0,1615332.0,30556.0
3513556.0,1615332.0,30556.0
3513556.0,1615332.0,30556.0
3513556.0,1615332.0,30556.0
3513556.0,1615332.0,30556.0
3513556.0,1615332.0,30556.0
3513556.0,1615332.0,30556.0
3513504.0,1615349.3333,30764.0
3513496.0,1615352.0,30796.0
3513496.0,1615352.0,30796.0
3513496.0,1615352.0,30796.0
3513496.0,1615352.0,30796.0
3513496.0,1615352.0,30796.0
3513496.0,1615352.0,30796.0
3513496.0,1615352.0,30796.0
3513496.0,1615352.0,30796.0
3513496.0,1615352.0,30796.0
3513496.0,1615352.0,30796.0
3512272.2667,1615352.0,30958.933333
3512084.0,1615352.0,30984.0
3513467.2,1615355.4667,31029.066667
3513680.0,1615356.0,31036.0
3513680.0,1615356.0,31036.0
3513680.0,1615356.0,31036.0
3513680.0,1615356.0,31036.0
3513680.0,1615356.0,31036.0
3513680.0,1615356.0,31036.0
3513680.0,1615356.0,31036.0
3513680.0,1615356.0,31036.0
3513680.0,1615356.0,31036.0
3513680.0,1615356.0,31036.0
3513680.0,1615356.0,31036.0
3512757.8667,1615512.8,31196.533333
3512692.0,1615524.0,31208.0
3512692.0,1615524.0,31208.0
3512692.0,1615524.0,31208.0
3512692.0,1615524.0,31208.0
3512692.0,1615524.0,31208.0
3512692.0,1615524.0,31208.0
3512692.0,1615524.0,31208.0
3512692.0,1615524.0,31208.0
3512692.0,1615524.0,31208.0
3512692.0,1615524.0,31208.0
3512692.0,1615524.0,31208.0
3512542.6667,1615542.6667,31420.8
3512532.0,1615544.0,31436.0
3512532.0,1615544.0,31436.0
3512532.0,1615544.0,31436.0
3512532.0,1615544.0,31436.0
3512532.0,1615544.0,31436.0
3512532.0,1615544.0,31436.0
3512532.0,1615544.0,31436.0
3511270.1333,1615589.0667,31605.866667
3511076.0,1615596.0,31632.0
3511076.0,1615596.0,31632.0
3511076.0,1615596.0,31632.0
3511076.0,1615596.0,31632.0
3511076.0,1615596.0,31632.0
3511076.0,1615596.0,31632.0
3511076.0,1615596.0,31632.0
3511076.0,1615596.0,31632.0
3511076.0,1615596.0,31632.0
3511076.0,1615596.0,31632.0
3511076.0,1615596.0,31632.0
3511804.0,1615644.5333,31791.466667
3511916.0,1615652.0,31816.0
3511916.0,1615652.0,31816.0
3511916.0,1615652.0,31816.0
3511916.0,1615652.0,31816.0
3511916.0,1615652.0,31816.0
3511916.0,1615652.0,31816.0
3511916.0,1615652.0,31816.0
3511916.0,1615652.0,31816.0
3511916.0,1615652.0,31816.0
3511916.0,1615652.0,31816.0
3511916.0,1615652.0,31816.0
3512047.7333,1615662.4,31985.866667
3512068.0,1615664.0,32012.0
3512068.0,1615664.0,32012.0
3512068.0,1615664.0,32012.0
3512068.0,1615664.0,32012.0
3512068.0,1615664.0,32012.0
3512068.0,1615664.0,32012.0
3512068.0,1615664.0,32012.0
3512068.0,1615664.0,32012.0
3512068.0,1615664.0,32012.0
3512068.0,1615664.0,32012.0
3512068.0,1615664.0,32012.0
3512299.4667,1615678.9333,32165.066667
3512316.0,1615680.0,32176.0
3550649.8667,1615687.4667,32232.0
3553388.0,1615688.0,32236.0
