16227248.0,41428.0,2388.0
16227248.0,41428.0,2388.0
15587690.4,124027.73333,3464.5333333
15355124.0,154064.0,3856.0
15353188.0,154057.6,3900.8
15352704.0,154056.0,3912.0
15352704.0,154056.0,3912.0
15351683.2,154070.66667,3941.3333333
15351312.0,154076.0,3952.0
15351312.0,154076.0,3952.0
15349434.667,154076.0,3998.9333333
15348752.0,154076.0,4016.0
15338277.333,156913.33333,5088.0
15333040.0,158332.0,5624.0
15333040.0,158332.0,5624.0
15336472.0,160292.8,5770.4
15338760.0,161600.0,5868.0
15338760.0,161600.0,5868.0
15338760.0,161600.0,5868.0
15338760.0,161600.0,5868.0
15328018.667,161648.0,5942.6666667
15322648.0,161672.0,5980.0
15322648.0,161672.0,5980.0
15324126.4,161672.0,6013.6
15325112.0,161672.0,6036.0
15325112.0,161672.0,6036.0
15325112.0,161672.0,6036.0
15325112.0,161672.0,6036.0
15325546.667,161672.0,6110.6666667
15325764.0,161672.0,6148.0
15325764.0,161672.0,6148.0
15325764.0,161672.0,6148.0
15325764.0,161672.0,6148.0
15325764.0,161672.0,6148.0
15325764.0,161672.0,6148.0
15325764.0,161672.0,6148.0
15325764.0,161672.0,6148.0
15325764.0,161672.0,6148.0
15325764.0,161672.0,6148.0
15305232.8,162334.4,6365.6
15300100.0,162500.0,6420.0
15300100.0,162500.0,6420.0
15299255.2,162502.93333,6455.2
15298948.0,162504.0,6468.0
15185468.0,162504.0,6510.6666667
15128728.0,162504.0,6532.0
15128728.0,162504.0,6532.0
15128728.0,162504.0,6532.0
15128728.0,162504.0,6532.0
15128728.0,162504.0,6532.0
15128728.0,162504.0,6532.0
15128728.0,162504.0,6532.0
15127612.0,162501.6,6647.2
15126868.0,162500.0,6724.0
15126868.0,162500.0,6724.0
15128134.667,162505.33333,6772.0
15128768.0,162508.0,6796.0
15128768.0,162508.0,6796.0
15128768.0,162508.0,6796.0
15128768.0,162508.0,6796.0
15778850.667,158236.0,6881.3333333
16103892.0,156100.0,6924.0
