vda,8.20,0.05,0.00,0,0
vda,61.20,0.23,0.01,1,0
vda,51.20,0.00,0.21,0,1
vda,70.00,0.80,0.01,4,0
vda,0.80,0.08,0.00,0,0
vda,50.60,0.41,0.05,2,0
vda,270.60,13.15,0.01,65,0
vda,168.80,11.27,1.56,56,7
vda,98.60,12.17,0.00,60,0
vda,70.00,8.47,0.01,42,0
vda,5.00,0.02,0.01,0,0
vda,0.00,0.00,0.00,0,0
vda,1.20,0.00,0.00,0,0
vda,2.40,0.00,0.01,0,0
vda,22.40,0.00,0.09,0,0
vda,3.40,0.00,0.01,0,0
vda,35.40,0.00,0.14,0,0
vda,0.00,0.00,0.00,0,0
vda,1.20,0.00,0.00,0,0
vda,72.20,0.00,0.29,0,1
vda,1.60,0.00,0.01,0,0
vda,1.20,0.00,0.00,0,0
vda,117.80,0.41,0.23,2,1
vda,1.60,0.00,0.01,0,0
vda,2.00,0.00,0.01,0,0
vda,2.80,0.00,0.01,0,0
vda,0.00,0.00,0.00,0,0
vda,1.20,0.00,0.00,0,0
vda,2.40,0.00,0.01,0,0
vda,41.00,0.00,0.18,0,0
vda,3.80,0.01,0.01,0,0
vda,52.60,0.00,0.21,0,1
vda,2.20,0.00,0.01,0,0
vda,1.20,0.00,0.00,0,0
vda,147.60,2.08,0.05,10,0
vda,10.80,0.02,0.04,0,0
vda,19.60,0.01,0.07,0,0
vda,8.00,0.34,0.02,1,0
vda,2.40,0.00,0.01,0,0
vda,54.00,0.00,0.23,0,1
vda,3.20,0.00,0.01,0,0
vda,1.20,0.00,0.00,0,0
vda,47.00,0.00,0.19,0,0
vda,7.00,0.00,0.03,0,0
vda,2.80,0.00,0.01,0,0
vda,86.40,0.00,0.37,0,1
vda,2.80,0.00,0.01,0,0
vda,1.20,0.00,0.00,0,0
vda,46.80,0.00,0.19,0,0
vda,2.20,0.00,0.01,0,0
vda,1.20,0.00,0.00,0,0
vda,30.80,0.00,0.13,0,0
vda,2.40,0.00,0.01,0,0
vda,2.60,0.00,0.01,0,0
vda,2.60,0.00,0.01,0,0
vda,0.00,0.00,0.00,0,0
vda,1.20,0.00,0.00,0,0
vda,0.60,0.00,0.00,0,0
vda,55.20,0.00,0.22,0,1
vda,25.80,0.00,0.10,0,0
vda,1.40,0.00,0.01,0,0
vda,2.20,0.00,0.01,0,0
vda,2.00,0.00,0.01,0,0
vda,56.40,0.00,0.22,0,1
vda,2.00,0.00,0.01,0,0
vda,1.20,0.00,0.00,0,0
vda,0.00,0.00,0.00,0,0
vda,2.20,0.00,0.01,0,0
vda,1.20,0.00,0.00,0,0
vda,0.60,0.00,0.00,0,0
vda,55.20,0.00,0.22,0,1
vda,19.20,0.00,0.07,0,0
vda,1.60,0.00,0.01,0,0
vda,2.20,0.00,0.01,0,0
vda,54.20,0.00,0.22,0,1
vda,3.80,0.00,0.01,0,0
vda,2.20,0.00,0.01,0,0
vda,47.20,0.00,0.19,0,0
vda,1.60,0.00,0.01,0,0
vda,60.60,0.00,0.24,0,1
vda,0.00,0.00,0.00,0,0
vda,3.40,0.00,0.01,0,0
vda,2.60,0.00,0.01,0,0
vda,0.00,0.00,0.00,0,0
vda,61.20,0.00,0.25,0,1
vda,2.40,0.00,0.01,0,0
vda,1.20,0.00,0.00,0,0
vda,1.20,0.00,0.00,0,0
vda,48.40,0.00,0.19,0,0
vda,1.80,0.00,0.01,0,0
vda,2.60,0.00,0.01,0,0
vda,17.40,0.09,0.01,0,0
vda,0.00,0.00,0.00,0,0
vda,91.00,0.07,0.30,0,1
vda,3.40,0.00,0.01,0,0
vda,0.00,0.00,0.00,0,0
vda,83.60,0.00,0.33,0,1
vda,2.40,0.00,0.01,0,0
vda,0.00,0.00,0.00,0,0
vda,2.60,0.00,0.01,0,0
vda,2.40,0.00,0.01,0,0
vda,1.20,0.00,0.00,0,0
vda,3.00,0.00,0.01,0,0
vda,83.00,0.23,0.28,1,1
vda,1.80,0.00,0.01,0,0
vda,33.80,0.00,0.18,0,0
vda,2.40,0.00,0.01,0,0
vda,0.00,0.00,0.00,0,0
vda,4.60,0.00,0.02,0,0
vda,54.60,0.00,0.22,0,1
vda,2.00,0.00,0.01,0,0
vda,1.60,0.00,0.00,0,0
vda,0.00,0.00,0.00,0,0
vda,2.20,0.00,0.01,0,0
vda,48.70,0.00,0.19,0,0
vda,2.60,0.00,0.01,0,0
vda,1.20,0.00,0.00,0,0
vda,79.80,0.00,0.32,0,1
vda,2.60,0.00,0.01,0,0
vda,0.00,0.00,0.00,0,0
vda,54.80,0.00,0.22,0,1
vda,2.20,0.00,0.01,0,0
vda,1.20,0.00,0.00,0,0
vda,47.80,0.00,0.19,0,0
vda,2.20,0.00,0.01,0,0
vda,1.20,0.00,0.00,0,0
vda,51.00,0.00,0.21,0,1
vda,0.20,0.00,0.00,0,0
vda,1.60,0.00,0.01,0,0
vda,79.20,0.00,0.31,0,1
vda,0.20,0.00,0.00,0,0
vda,2.20,0.00,0.01,0,0
vda,47.80,0.00,0.19,0,0
vda,1.00,0.00,0.00,0,0
vda,2.20,0.00,0.01,0,0
vda,48.00,0.00,0.19,0,0
vda,2.20,0.00,0.01,0,0
vda,2.40,0.00,0.01,0,0
vda,55.60,0.00,0.23,0,1
vda,2.60,0.00,0.01,0,0
vda,0.00,0.00,0.00,0,0
vda,71.40,0.00,0.28,0,1
vda,0.00,0.00,0.00,0,0
vda,0.00,0.00,0.00,0,0
vda,46.40,0.00,0.18,0,0
vda,0.40,0.00,0.00,0,0
vda,3.40,0.00,0.01,0,0
vda,46.20,0.00,0.18,0,0
vda,0.00,0.00,0.00,0,0
vda,0.00,0.00,0.00,0,0
vda,2.60,0.00,0.01,0,0
vda,2.40,0.00,0.01,0,0
vda,0.20,0.00,0.00,0,0
vda,1.80,0.00,0.01,0,0
vda,71.40,0.00,0.28,0,1
vda,0.00,0.00,0.00,0,0
vda,9.40,0.00,0.04,0,0
vda,2.40,0.00,0.01,0,0
vda,0.00,0.00,0.00,0,0
vda,3.00,0.00,0.01,0,0
vda,2.80,0.00,0.01,0,0
vda,0.20,0.00,0.00,0,0
vda,12.60,0.00,0.05,0,0
vda,55.00,0.00,0.22,0,1
vda,1.20,0.00,0.00,0,0
vda,8.80,0.00,0.04,0,0
vda,0.80,0.00,0.00,0,0
vda,2.20,0.00,0.01,0,0
vda,1.60,0.00,0.01,0,0
vda,17.20,0.00,0.07,0,0
vda,4.20,0.00,0.02,0,0
vda,2.00,0.00,0.01,0,0
vda,36.60,0.00,0.14,0,0
vda,0.60,0.00,0.00,0,0
vda,0.00,0.00,0.00,0,0
vda,1.80,0.00,0.01,0,0
vda,9.80,0.00,0.04,0,0
vda,20.20,0.00,0.09,0,0
vda,2.20,0.00,0.01,0,0
vda,1.20,0.00,0.00,0,0
vda,2.00,0.00,0.01,0,0
vda,54.00,0.00,0.21,0,1
vda,0.40,0.00,0.00,0,0
vda,1.60,0.00,0.01,0,0
vda,14.40,0.00,0.06,0,0
vda,0.00,0.00,0.00,0,0
vda,8.20,0.00,0.03,0,0
vda,2.40,0.00,0.01,0,0
vda,0.00,0.00,0.00,0,0
vda,1.80,0.00,0.01,0,0
vda,54.00,0.00,0.21,0,1
vda,2.60,0.00,0.02,0,0
vda,18.80,0.00,0.07,0,0
vda,0.20,0.00,0.00,0,0
vda,2.20,0.00,0.01,0,0
vda,54.40,0.00,0.22,0,1
vda,2.40,0.00,0.01,0,0
vda,1.20,0.00,0.00,0,0
vda,46.80,0.00,0.19,0,0
vda,2.40,0.00,0.01,0,0
vda,2.60,0.00,0.01,0,0
vda,79.20,0.00,0.31,0,1
vda,3.40,0.00,0.01,0,0
vda,0.00,0.00,0.00,0,0
vda,49.20,0.00,0.20,0,0
vda,2.00,0.00,0.01,0,0
vda,0.00,0.00,0.00,0,0
vda,48.60,0.00,0.20,0,0
vda,2.20,0.00,0.01,0,0
vda,0.20,0.00,0.00,0,0
vda,47.60,0.00,0.19,0,0
vda,0.40,0.00,0.00,0,0
vda,4.80,0.00,0.02,0,0
vda,94.40,0.00,0.37,0,1
vda,3.20,0.00,0.01,0,0
vda,1.60,0.00,0.01,0,0
vda,60.40,0.00,0.24,0,1
vda,15.80,0.00,0.09,0,0
vda,0.20,0.00,0.00,0,0
vda,53.20,0.00,0.23,0,1
vda,0.00,0.00,0.00,0,0
vda,3.20,0.00,0.01,0,0
vda,50.20,0.00,0.21,0,1
vda,9.60,0.00,0.05,0,0
vda,1.80,0.00,0.01,0,0
vda,79.20,0.00,0.32,0,1
vda,5.60,0.00,0.02,0,0
vda,2.60,0.00,0.01,0,0
vda,26.00,0.00,0.11,0,0
vda,3.20,0.00,0.01,0,0
vda,1.20,0.00,0.00,0,0
vda,55.20,0.00,0.22,0,1
vda,3.80,0.00,0.01,0,0
vda,1.60,0.00,0.01,0,0
vda,0.00,0.00,0.00,0,0
vda,2.40,0.00,0.01,0,0
vda,1.20,0.00,0.00,0,0
vda,1.60,0.00,0.01,0,0
vda,78.60,0.00,0.31,0,1
vda,1.20,0.00,0.00,0,0
vda,4.00,0.00,0.02,0,0
vda,0.20,0.00,0.00,0,0
vda,39.00,0.00,0.16,0,0
vda,2.60,0.00,0.01,0,0
vda,0.00,0.00,0.00,0,0
vda,48.00,0.00,0.19,0,0
vda,1.40,0.00,0.01,0,0
vda,2.00,0.00,0.01,0,0
vda,53.60,0.00,0.21,0,1
vda,1.40,0.00,0.01,0,0
vda,2.80,0.00,0.01,0,0
vda,73.80,0.00,0.29,0,1
vda,2.40,0.00,0.01,0,0
vda,0.00,0.00,0.00,0,0
vda,1.20,0.00,0.00,0,0
vda,1.20,0.00,0.00,0,0
vda,4.80,0.00,0.02,0,0
vda,1.20,0.00,0.00,0,0
vda,35.80,0.00,0.14,0,0
vda,25.40,0.00,0.10,0,0
vda,1.00,0.00,0.00,0,0
vda,0.60,0.00,0.00,0,0
vda,2.60,0.00,0.01,0,0
vda,1.20,0.00,0.00,0,0
