7984648.0,46696.0,3144.0
7984648.0,46696.0,3144.0
7095064.8,183210.4,3622.1333333
6771580.0,232852.0,3796.0
6771580.0,232852.0,3796.0
6768245.6,233482.4,3952.8
6767412.0,233640.0,3992.0
6767412.0,233640.0,3992.0
6767412.0,233640.0,3992.0
6767412.0,233640.0,3992.0
6767412.0,233640.0,3992.0
6767412.0,233640.0,3992.0
6767412.0,233640.0,3992.0
6719625.0667,233654.66667,4124.0
6702248.0,233660.0,4172.0
6702248.0,233660.0,4172.0
6702248.0,233660.0,4172.0
6702248.0,233660.0,4172.0
6702248.0,233660.0,4172.0
6702248.0,233660.0,4172.0
6702248.0,233660.0,4172.0
6691664.5333,233671.73333,4295.2
6687816.0,233676.0,4340.0
6663098.6667,233676.0,4382.6666667
6650740.0,233676.0,4404.0
6650740.0,233676.0,4404.0
6650740.0,233676.0,4404.0
6650740.0,233676.0,4404.0
6650740.0,233676.0,4404.0
6650740.0,233676.0,4404.0
6650740.0,233676.0,4404.0
6627068.0,233718.66667,4526.6666667
6615232.0,233740.0,4588.0
6615232.0,233740.0,4588.0
7328471.2,229806.4,4626.4
7803964.0,227184.0,4652.0
