vda,69.60,0.18,0.10,0,0
vda,27.20,0.07,0.04,0,0
vda,20.60,0.00,0.09,0,0
vda,84.60,0.57,0.01,2,0
vda,33.80,0.00,0.14,0,0
vda,16.00,0.00,0.07,0,0
vda,99.80,3.25,0.00,16,0
vda,117.20,2.89,0.12,14,0
vda,108.40,12.10,0.05,60,0
vda,105.40,12.13,0.84,60,4
vda,70.60,4.20,0.60,21,3
vda,111.00,13.68,0.01,68,0
vda,114.00,13.85,0.01,69,0
vda,81.40,5.12,0.17,25,0
vda,112.60,13.35,0.02,66,0
vda,120.00,10.62,0.14,53,0
vda,74.00,6.78,0.08,33,0
vda,117.60,14.62,0.00,73,0
vda,108.80,9.75,0.12,48,0
vda,125.80,13.88,0.06,69,0
vda,117.40,11.97,0.09,59,0
vda,57.00,3.47,0.12,17,0
vda,5.60,0.00,0.02,0,0
vda,14.80,0.00,0.06,0,0
vda,31.00,0.00,0.12,0,0
vda,0.80,0.00,0.00,0,0
vda,18.20,0.00,0.08,0,0
vda,40.40,0.00,0.16,0,0
vda,5.20,0.00,0.02,0,0
vda,20.60,0.00,0.08,0,0
vda,15.60,0.00,0.06,0,0
vda,25.60,0.00,0.10,0,0
vda,0.00,0.00,0.00,0,0
vda,27.00,0.00,0.11,0,0
vda,11.60,0.00,0.05,0,0
vda,13.80,0.00,0.06,0,0
vda,30.20,0.00,0.12,0,0
vda,1.80,0.00,0.01,0,0
vda,28.00,0.00,0.11,0,0
vda,21.20,0.00,0.08,0,0
vda,26.40,0.00,0.11,0,0
vda,4.60,0.00,0.02,0,0
vda,27.40,0.00,0.11,0,0
vda,1.20,0.00,0.00,0,0
vda,12.80,0.00,0.05,0,0
vda,25.20,0.00,0.10,0,0
vda,1.20,0.00,0.00,0,0
vda,13.80,0.00,0.06,0,0
vda,25.60,0.00,0.10,0,0
vda,17.00,0.00,0.07,0,0
vda,26.40,0.00,0.10,0,0
vda,0.00,0.00,0.00,0,0
vda,33.40,0.00,0.14,0,0
vda,17.00,0.00,0.07,0,0
vda,24.00,0.00,0.10,0,0
vda,9.40,0.00,0.04,0,0
vda,14.00,0.00,0.06,0,0
vda,1.20,0.00,0.00,0,0
vda,31.80,0.00,0.13,0,0
vda,30.60,0.00,0.12,0,0
vda,0.00,0.00,0.00,0,0
vda,32.40,0.00,0.13,0,0
vda,19.20,0.00,0.07,0,0
vda,1.20,0.00,0.00,0,0
vda,41.00,0.00,0.16,0,0
vda,15.80,0.00,0.06,0,0
vda,0.00,0.00,0.00,0,0
vda,31.54,0.00,0.13,0,0
vda,16.20,0.00,0.06,0,0
vda,33.40,0.00,0.13,0,0
vda,0.00,0.00,0.00,0,0
vda,14.20,0.00,0.06,0,0
vda,29.80,0.00,0.12,0,0
vda,2.20,0.00,0.01,0,0
vda,19.60,0.00,0.08,0,0
vda,7.40,0.00,0.03,0,0
vda,34.60,0.00,0.14,0,0
vda,15.80,0.00,0.07,0,0
vda,29.60,0.00,0.12,0,0
vda,12.60,0.00,0.05,0,0
vda,15.20,0.00,0.06,0,0
vda,30.80,0.00,0.12,0,0
vda,0.80,0.00,0.00,0,0
vda,12.80,0.00,0.05,0,0
vda,30.40,0.00,0.12,0,0
vda,2.20,0.00,0.01,0,0
vda,20.00,0.00,0.08,0,0
vda,41.60,0.00,0.16,0,0
vda,13.40,0.00,0.06,0,0
vda,19.40,0.00,0.08,0,0
vda,27.40,0.00,0.11,0,0
vda,5.40,0.00,0.02,0,0
vda,14.00,0.00,0.06,0,0
vda,21.60,0.00,0.09,0,0
vda,10.20,0.00,0.04,0,0
vda,13.60,0.00,0.06,0,0
vda,29.20,0.00,0.12,0,0
vda,2.20,0.00,0.01,0,0
vda,27.40,0.00,0.11,0,0
vda,1.00,0.00,0.00,0,0
vda,35.40,0.00,0.14,0,0
vda,15.80,0.00,0.06,0,0
vda,13.80,0.00,0.05,0,0
vda,23.60,0.00,0.09,0,0
vda,1.20,0.00,0.00,0,0
vda,15.00,0.00,0.06,0,0
vda,29.00,0.00,0.12,0,0
vda,2.60,0.00,0.01,0,0
vda,20.00,0.00,0.08,0,0
vda,41.20,0.06,0.13,0,0
vda,9.60,0.07,0.01,0,0
vda,13.00,0.05,0.01,0,0
vda,48.20,0.00,0.20,0,0
vda,31.60,0.00,0.12,0,0
vda,1.00,0.00,0.00,0,0
vda,38.00,0.00,0.15,0,0
vda,1.60,0.00,0.01,0,0
vda,0.60,0.00,0.00,0,0
vda,35.00,0.00,0.14,0,0
vda,13.00,0.00,0.05,0,0
vda,0.00,0.00,0.00,0,0
vda,37.80,0.00,0.15,0,0
vda,1.20,0.00,0.00,0,0
vda,0.60,0.00,0.00,0,0
vda,40.80,0.00,0.16,0,0
vda,14.80,0.00,0.06,0,0
vda,0.60,0.00,0.00,0,0
vda,37.20,0.00,0.15,0,0
vda,3.20,0.00,0.01,0,0
vda,1.60,0.00,0.01,0,0
vda,2.40,0.00,0.01,0,0
vda,0.00,0.00,0.00,0,0
vda,1.00,0.00,0.00,0,0
vda,2.40,0.00,0.01,0,0
vda,20.20,0.00,0.08,0,0
vda,7.80,0.00,0.03,0,0
vda,36.00,0.00,0.14,0,0
vda,2.40,0.00,0.01,0,0
vda,0.00,0.00,0.00,0,0
vda,36.60,0.00,0.15,0,0
vda,9.40,0.00,0.04,0,0
vda,1.00,0.00,0.00,0,0
vda,2.00,0.00,0.01,0,0
vda,0.60,0.00,0.00,0,0
vda,35.20,0.00,0.14,0,0
vda,3.40,0.00,0.01,0,0
vda,0.60,0.00,0.00,0,0
vda,40.00,0.00,0.16,0,0
vda,17.20,0.00,0.07,0,0
vda,1.40,0.00,0.01,0,0
vda,0.00,0.00,0.00,0,0
vda,2.00,0.00,0.01,0,0
vda,0.60,0.00,0.00,0,0
vda,1.00,0.00,0.00,0,0
vda,22.60,0.00,0.09,0,0
vda,0.80,0.00,0.00,0,0
vda,23.20,0.00,0.09,0,0
vda,2.00,0.00,0.01,0,0
vda,2.40,0.00,0.01,0,0
vda,2.60,0.00,0.01,0,0
vda,1.00,0.00,0.00,0,0
vda,19.20,0.00,0.08,0,0
vda,1.20,0.00,0.00,0,0
vda,40.60,0.00,0.16,0,0
vda,16.20,0.00,0.07,0,0
vda,1.20,0.00,0.00,0,0
vda,27.80,0.00,0.11,0,0
vda,7.60,0.00,0.03,0,0
vda,7.60,0.00,0.03,0,0
vda,32.00,0.00,0.13,0,0
vda,1.00,0.00,0.00,0,0
vda,2.00,0.00,0.01,0,0
vda,0.00,0.00,0.00,0,0
vda,1.20,0.00,0.00,0,0
vda,1.00,0.00,0.00,0,0
vda,20.20,0.00,0.08,0,0
vda,9.80,0.00,0.04,0,0
vda,4.20,0.00,0.02,0,0
vda,35.20,0.00,0.14,0,0
vda,0.00,0.00,0.00,0,0
vda,2.00,0.00,0.01,0,0
vda,1.40,0.00,0.01,0,0
vda,1.00,0.00,0.00,0,0
vda,28.20,0.00,0.12,0,0
vda,1.00,0.00,0.00,0,0
vda,0.60,0.00,0.00,0,0
vda,35.80,0.00,0.14,0,0
vda,3.00,0.00,0.01,0,0
vda,9.60,0.00,0.04,0,0
vda,1.40,0.00,0.01,0,0
vda,13.60,0.00,0.05,0,0
vda,1.20,0.00,0.00,0,0
vda,0.00,0.00,0.00,0,0
vda,2.40,0.00,0.01,0,0
vda,1.00,0.00,0.00,0,0
vda,36.00,0.00,0.14,0,0
vda,4.19,0.00,0.02,0,0
vda,19.00,0.00,0.07,0,0
vda,2.00,0.00,0.01,0,0
vda,0.40,0.00,0.00,0,0
vda,0.80,0.00,0.00,0,0
vda,2.00,0.00,0.01,0,0
vda,8.40,0.00,0.03,0,0
vda,2.00,0.00,0.01,0,0
vda,29.20,0.00,0.12,0,0
vda,8.60,0.00,0.03,0,0
vda,3.60,0.00,0.01,0,0
vda,1.00,0.00,0.00,0,0
vda,0.00,0.00,0.00,0,0
vda,1.00,0.00,0.00,0,0
vda,3.80,0.00,0.02,0,0
vda,7.60,0.00,0.03,0,0
vda,12.00,0.00,0.05,0,0
vda,43.00,0.00,0.17,0,0
vda,0.80,0.00,0.00,0,0
vda,1.20,0.00,0.00,0,0
vda,2.80,0.00,0.01,0,0
vda,2.00,0.00,0.01,0,0
vda,2.80,0.00,0.01,0,0
vda,19.40,0.00,0.08,0,0
vda,0.00,0.00,0.00,0,0
vda,1.00,0.00,0.00,0,0
vda,43.20,0.00,0.17,0,0
vda,1.60,0.00,0.01,0,0
vda,1.00,0.00,0.00,0,0
vda,3.00,0.00,0.01,0,0
vda,12.80,0.00,0.05,0,0
vda,1.40,0.00,0.01,0,0
vda,2.00,0.00,0.01,0,0
vda,0.40,0.00,0.00,0,0
vda,2.80,0.00,0.01,0,0
vda,59.00,0.00,0.24,0,1
vda,2.00,0.00,0.01,0,0
vda,24.80,0.00,0.10,0,0
vda,2.00,0.00,0.01,0,0
vda,0.40,0.00,0.00,0,0
vda,4.60,0.00,0.02,0,0
vda,2.20,0.00,0.01,0,0
vda,0.40,0.00,0.00,0,0
vda,6.20,0.00,0.03,0,0
vda,21.00,0.00,0.09,0,0
vda,18.40,0.00,0.07,0,0
vda,8.40,0.00,0.03,0,0
vda,2.00,0.00,0.01,0,0
vda,0.60,0.00,0.00,0,0
vda,1.40,0.00,0.00,0,0
vda,3.40,0.00,0.01,0,0
vda,1.80,0.00,0.01,0,0
vda,36.80,0.00,0.15,0,0
vda,11.60,0.00,0.05,0,0
vda,1.00,0.00,0.00,0,0
vda,1.00,0.00,0.00,0,0
vda,9.20,0.00,0.04,0,0
vda,1.60,0.00,0.01,0,0
vda,2.20,0.00,0.01,0,0
vda,3.20,0.00,0.02,0,0
vda,26.60,0.00,0.11,0,0
vda,35.60,0.00,0.14,0,0
vda,1.20,0.00,0.00,0,0
vda,0.80,0.00,0.00,0,0
vda,2.80,0.00,0.01,0,0
vda,0.00,0.00,0.00,0,0
vda,2.40,0.00,0.01,0,0
vda,2.00,0.00,0.01,0,0
vda,14.20,0.00,0.06,0,0
vda,26.00,0.00,0.10,0,0
vda,11.80,0.00,0.05,0,0
vda,0.00,0.00,0.00,0,0
vda,1.00,0.00,0.00,0,0
vda,2.00,0.00,0.01,0,0
vda,8.40,0.00,0.04,0,0
vda,18.80,0.00,0.07,0,0
vda,2.20,0.00,0.01,0,0
vda,0.20,0.00,0.00,0,0
vda,23.20,0.00,0.09,0,0
vda,2.80,0.00,0.01,0,0
vda,1.40,0.00,0.01,0,0
vda,13.20,0.00,0.05,0,0
vda,2.20,0.00,0.01,0,0
vda,0.00,0.00,0.00,0,0
vda,1.20,0.00,0.00,0,0
vda,9.40,0.00,0.04,0,0
vda,0.00,0.00,0.00,0,0
vda,27.80,0.00,0.11,0,0
vda,27.60,0.00,0.11,0,0
vda,1.40,0.00,0.01,0,0
vda,1.40,0.00,0.01,0,0
vda,3.00,0.00,0.01,0,0
vda,0.00,0.00,0.00,0,0
vda,1.40,0.00,0.00,0,0
vda,2.60,0.00,0.01,0,0
vda,8.80,0.00,0.04,0,0
vda,18.60,0.00,0.07,0,0
vda,37.60,0.00,0.15,0,0
vda,1.60,0.00,0.01,0,0
vda,0.20,0.00,0.00,0,0
vda,2.40,0.00,0.01,0,0
vda,0.80,0.00,0.00,0,0
vda,2.60,0.00,0.01,0,0
vda,13.60,0.00,0.05,0,0
vda,7.20,0.00,0.03,0,0
vda,1.40,0.00,0.01,0,0
vda,38.20,0.00,0.15,0,0
vda,1.60,0.00,0.01,0,0
vda,0.20,0.00,0.00,0,0
vda,3.60,0.00,0.02,0,0
vda,0.60,0.00,0.00,0,0
vda,18.40,0.00,0.07,0,0
vda,9.80,0.00,0.04,0,0
vda,0.80,0.00,0.00,0,0
vda,1.20,0.00,0.00,0,0
vda,25.80,0.00,0.10,0,0
vda,1.40,0.00,0.01,0,0
vda,1.40,0.00,0.01,0,0
vda,19.80,0.00,0.08,0,0
vda,1.20,0.00,0.00,0,0
vda,1.60,0.00,0.01,0,0
vda,2.00,0.00,0.01,0,0
vda,7.80,0.00,0.03,0,0
vda,1.20,0.00,0.00,0,0
vda,39.60,0.00,0.16,0,0
vda,12.80,0.00,0.05,0,0
vda,1.20,0.00,0.00,0,0
vda,2.00,0.00,0.01,0,0
vda,9.20,0.00,0.04,0,0
vda,36.20,0.00,0.14,0,0
vda,2.40,0.00,0.01,0,0
vda,42.40,0.00,0.17,0,0
vda,12.20,0.00,0.05,0,0
vda,2.00,0.00,0.01,0,0
vda,3.20,0.00,0.01,0,0
vda,0.00,0.00,0.00,0,0
vda,2.40,0.00,0.01,0,0
vda,1.00,0.00,0.00,0,0
vda,1.20,0.00,0.00,0,0
vda,37.80,0.00,0.15,0,0
vda,7.80,0.00,0.03,0,0
vda,1.40,0.00,0.00,0,0
vda,2.00,0.00,0.01,0,0
vda,3.00,0.00,0.01,0,0
vda,0.00,0.00,0.00,0,0
vda,2.40,0.00,0.01,0,0
vda,18.20,0.00,0.07,0,0
vda,36.60,0.00,0.14,0,0
vda,2.00,0.00,0.01,0,0
vda,8.20,0.00,0.03,0,0
vda,1.20,0.00,0.00,0,0
vda,2.00,0.00,0.01,0,0
vda,0.60,0.00,0.00,0,0
vda,5.40,0.00,0.02,0,0
vda,26.40,0.00,0.11,0,0
vda,0.40,0.00,0.00,0,0
vda,1.20,0.00,0.00,0,0
vda,48.00,0.00,0.19,0,0
vda,0.60,0.00,0.00,0,0
vda,12.60,0.00,0.06,0,0
vda,3.80,0.00,0.01,0,0
vda,15.00,0.00,0.06,0,0
vda,4.20,0.00,0.02,0,0
vda,0.00,0.00,0.00,0,0
vda,1.00,0.00,0.00,0,0
vda,35.40,0.00,0.14,0,0
vda,2.00,0.00,0.01,0,0
vda,0.60,0.00,0.00,0,0
vda,26.60,0.00,0.11,0,0
vda,2.00,0.00,0.01,0,0
vda,0.60,0.00,0.00,0,0
vda,2.40,0.00,0.01,0,0
vda,2.40,0.00,0.01,0,0
vda,0.40,0.00,0.00,0,0
vda,23.80,0.00,0.09,0,0
vda,3.40,0.00,0.02,0,0
vda,12.20,0.00,0.05,0,0
vda,8.60,0.00,0.04,0,0
vda,2.20,0.00,0.01,0,0
vda,0.40,0.00,0.00,0,0
vda,1.20,0.00,0.00,0,0
vda,4.20,0.00,0.02,0,0
vda,2.00,0.00,0.01,0,0
vda,53.00,0.00,0.21,0,1
vda,2.00,0.00,0.01,0,0
vda,1.00,0.00,0.01,0,0
vda,1.40,0.00,0.00,0,0
vda,9.20,0.00,0.04,0,0
vda,0.80,0.00,0.00,0,0
vda,1.00,0.00,0.00,0,0
vda,21.60,0.00,0.09,0,0
vda,0.60,0.00,0.00,0,0
vda,35.60,0.00,0.14,0,0
vda,2.00,0.00,0.01,0,0
vda,8.80,0.00,0.04,0,0
vda,0.20,0.00,0.00,0,0
vda,2.00,0.00,0.01,0,0
vda,14.00,0.00,0.06,0,0
vda,1.40,0.00,0.00,0,0
vda,2.00,0.00,0.01,0,0
vda,3.20,0.00,0.01,0,0
vda,36.60,0.00,0.14,0,0
vda,0.80,0.00,0.00,0,0
vda,1.40,0.00,0.01,0,0
vda,18.20,0.00,0.07,0,0
vda,2.20,0.00,0.01,0,0
vda,8.00,0.00,0.03,0,0
vda,1.20,0.00,0.00,0,0
vda,2.00,0.00,0.01,0,0
vda,3.20,0.00,0.01,0,0
vda,25.40,0.00,0.10,0,0
vda,3.00,0.00,0.02,0,0
vda,11.60,0.00,0.05,0,0
vda,1.00,0.00,0.00,0,0
vda,2.00,0.00,0.01,0,0
vda,8.20,0.00,0.03,0,0
vda,1.60,0.00,0.01,0,0
vda,2.00,0.00,0.01,0,0
vda,2.40,0.00,0.01,0,0
vda,40.80,0.00,0.16,0,0
vda,14.20,0.00,0.06,0,0
vda,1.40,0.00,0.01,0,0
vda,1.20,0.00,0.00,0,0
vda,2.20,0.00,0.01,0,0
vda,8.20,0.00,0.03,0,0
vda,0.20,0.00,0.00,0,0
vda,2.00,0.00,0.01,0,0
vda,19.40,0.00,0.08,0,0
vda,36.00,0.00,0.14,0,0
vda,3.40,0.00,0.01,0,0
vda,0.20,0.00,0.00,0,0
vda,1.00,0.00,0.00,0,0
vda,2.00,0.00,0.01,0,0
vda,8.20,0.00,0.03,0,0
vda,1.40,0.00,0.01,0,0
vda,14.60,0.00,0.06,0,0
vda,2.40,0.00,0.01,0,0
vda,25.15,0.00,0.10,0,0
vda,1.60,0.00,0.01,0,0
vda,0.40,0.00,0.00,0,0
vda,1.20,0.00,0.00,0,0
vda,3.80,0.00,0.02,0,0
vda,7.00,0.00,0.03,0,0
vda,19.20,0.00,0.07,0,0
vda,2.20,0.00,0.01,0,0
vda,1.00,0.00,0.00,0,0
vda,4.60,0.00,0.02,0,0
vda,34.00,0.00,0.13,0,0
vda,1.00,0.00,0.00,0,0
vda,1.00,0.00,0.00,0,0
vda,20.40,0.00,0.08,0,0
vda,0.20,0.00,0.00,0,0
vda,1.40,0.00,0.01,0,0
vda,9.40,0.00,0.04,0,0
vda,0.80,0.00,0.00,0,0
vda,1.20,0.00,0.00,0,0
vda,37.60,0.00,0.15,0,0
vda,2.40,0.00,0.01,0,0
vda,12.20,0.00,0.05,0,0
vda,2.20,0.00,0.01,0,0
vda,2.80,0.00,0.01,0,0
vda,7.40,0.00,0.03,0,0
vda,2.00,0.00,0.01,0,0
vda,0.00,0.00,0.00,0,0
vda,2.40,0.00,0.01,0,0
vda,8.40,0.00,0.03,0,0
vda,22.44,0.00,0.09,0,0
vda,1.40,0.00,0.01,0,0
vda,0.00,0.00,0.00,0,0
vda,1.00,0.00,0.00,0,0
vda,9.80,0.00,0.04,0,0
vda,2.20,0.00,0.01,0,0
vda,0.00,0.00,0.00,0,0
vda,8.80,0.00,0.03,0,0
vda,0.00,0.00,0.00,0,0
vda,7.40,0.00,0.03,0,0
vda,0.00,0.00,0.00,0,0
vda,13.20,0.00,0.05,0,0
vda,15.40,0.00,0.06,0,0
vda,0.00,0.00,0.00,0,0
vda,3.84,0.00,0.02,0,0
vda,0.00,0.00,0.00,0,0
vda,5.00,0.00,0.02,0,0
vda,16.15,0.00,0.06,0,1
vda,122.60,1.31,0.01,6,0
vda,5.60,0.02,0.03,0,0
vda,36.20,0.30,0.13,1,0
vda,4.40,0.09,0.01,0,0
vda,20.60,0.00,0.08,0,0
vda,0.20,0.00,0.00,0,0
vda,2.00,0.00,0.01,0,0
vda,55.00,0.00,0.22,0,1
vda,2.80,0.00,0.01,0,0
vda,1.40,0.00,0.01,0,0
vda,0.00,0.00,0.00,0,0
vda,1.00,0.00,0.00,0,0
vda,9.80,0.00,0.04,0,0
vda,36.80,0.00,0.15,0,0
vda,0.00,0.00,0.00,0,0
vda,10.60,0.00,0.04,0,0
vda,27.20,0.00,0.11,0,0
vda,1.80,0.00,0.01,0,0
vda,3.40,0.00,0.01,0,0
vda,1.40,0.00,0.01,0,0
vda,35.60,0.00,0.14,0,0
vda,27.40,0.00,0.11,0,0
vda,1.20,0.00,0.00,0,0
vda,0.60,0.00,0.00,0,0
vda,34.20,0.00,0.14,0,0
vda,4.40,0.00,0.02,0,0
vda,0.60,0.00,0.00,0,0
vda,39.60,0.00,0.16,0,0
vda,1.40,0.00,0.01,0,0
vda,0.00,0.00,0.00,0,0
vda,2.00,0.00,0.01,0,0
vda,1.00,0.00,0.00,0,0
vda,0.00,0.00,0.00,0,0
vda,10.80,0.00,0.04,0,0
vda,0.00,0.00,0.00,0,0
vda,23.18,0.00,0.09,0,1
vda,1.60,0.00,0.01,0,0
vda,1.60,0.00,0.01,0,0
vda,2.40,0.00,0.01,0,0
vda,0.20,0.00,0.00,0,0
vda,2.00,0.00,0.01,0,0
vda,0.60,0.00,0.00,0,0
vda,27.10,0.00,0.11,0,1
vda,10.40,0.00,0.04,0,0
vda,1.20,0.00,0.00,0,0
vda,1.80,0.00,0.01,0,0
vda,2.00,0.00,0.01,0,0
vda,0.00,0.00,0.00,0,0
vda,12.80,0.00,0.05,0,0
vda,21.00,0.00,0.09,0,0
vda,1.20,0.00,0.00,0,0
vda,10.40,0.00,0.04,0,0
vda,1.00,0.00,0.00,0,0
vda,8.40,0.00,0.03,0,0
vda,0.80,0.00,0.00,0,0
vda,19.80,0.00,0.08,0,0
vda,1.40,0.00,0.00,0,0
vda,28.40,0.00,0.11,0,0
vda,1.60,0.00,0.01,0,0
vda,1.40,0.00,0.01,0,0
vda,6.20,0.00,0.02,0,0
vda,2.60,0.00,0.01,0,0
vda,12.80,0.00,0.05,0,0
vda,1.80,0.00,0.01,0,0
vda,9.20,0.00,0.04,0,0
vda,1.20,0.00,0.00,0,0
vda,37.40,0.00,0.15,0,0
vda,2.00,0.00,0.01,0,0
vda,0.40,0.00,0.00,0,0
vda,1.60,0.00,0.01,0,0
vda,20.80,0.00,0.08,0,0
vda,1.00,0.00,0.00,0,0
vda,8.00,0.00,0.03,0,0
vda,25.20,0.00,0.10,0,0
vda,1.80,0.00,0.01,0,0
vda,3.00,0.00,0.01,0,0
vda,1.20,0.00,0.01,0,0
vda,18.40,0.00,0.07,0,0
vda,0.60,0.00,0.00,0,0
vda,2.40,0.00,0.01,0,0
vda,1.20,0.00,0.00,0,0
vda,7.80,0.00,0.03,0,0
vda,36.20,0.00,0.14,0,0
vda,1.60,0.00,0.01,0,0
vda,0.00,0.00,0.00,0,0
vda,28.80,0.00,0.11,0,0
vda,18.20,0.00,0.07,0,0
vda,0.20,0.00,0.00,0,0
vda,2.00,0.00,0.01,0,0
vda,1.00,0.00,0.00,0,0
vda,0.60,0.00,0.00,0,0
vda,3.80,0.00,0.02,0,0
vda,19.00,0.00,0.07,0,0
vda,35.20,0.00,0.14,0,0
vda,2.00,0.00,0.01,0,0
vda,2.40,0.00,0.01,0,0
vda,1.40,0.00,0.01,0,0
vda,2.80,0.00,0.01,0,0
vda,2.60,0.00,0.01,0,0
vda,23.60,0.00,0.09,0,0
vda,2.80,0.00,0.01,0,0
vda,1.00,0.00,0.00,0,0
vda,56.40,0.00,0.23,0,1
vda,2.60,0.00,0.01,0,0
vda,3.00,0.00,0.01,0,0
vda,1.20,0.00,0.00,0,0
vda,3.00,0.00,0.01,0,0
vda,14.60,0.00,0.06,0,0
vda,1.20,0.00,0.00,0,0
vda,24.80,0.00,0.10,0,0
vda,21.40,0.30,0.00,1,0
vda,2.60,0.00,0.01,0,0
vda,23.00,0.00,0.12,0,0
vda,1.00,0.00,0.00,0,0
vda,18.40,0.00,0.07,0,0
vda,2.40,0.00,0.01,0,0
vda,1.20,0.00,0.00,0,0
vda,2.80,0.00,0.01,0,0
vda,36.20,0.00,0.14,0,0
vda,1.60,0.00,0.01,0,0
vda,1.40,0.00,0.01,0,0
vda,3.00,0.00,0.01,0,0
vda,12.80,0.00,0.05,0,0
vda,7.20,0.00,0.03,0,0
vda,2.00,0.00,0.01,0,0
vda,1.00,0.00,0.00,0,0
vda,2.00,0.00,0.01,0,0
vda,37.80,0.00,0.15,0,0
vda,1.60,0.00,0.01,0,0
vda,17.80,0.00,0.07,0,0
vda,2.00,0.00,0.01,0,0
vda,0.00,0.00,0.00,0,0
vda,1.00,0.00,0.00,0,0
vda,11.00,0.00,0.05,0,0
vda,1.60,0.00,0.01,0,0
vda,37.40,0.00,0.15,0,0
vda,1.00,0.00,0.00,0,0
vda,17.40,0.00,0.07,0,0
vda,1.00,0.00,0.00,0,0
vda,2.40,0.00,0.01,0,0
vda,1.20,0.00,0.00,0,0
vda,8.40,0.00,0.03,0,0
vda,2.00,0.00,0.01,0,0
vda,0.00,0.00,0.00,0,0
vda,13.00,0.00,0.05,0,0
vda,24.80,0.00,0.10,0,0
vda,1.60,0.00,0.01,0,0
vda,1.40,0.00,0.01,0,0
vda,3.60,0.00,0.02,0,0
vda,1.00,0.00,0.00,0,0
vda,0.00,0.00,0.00,0,0
vda,9.60,0.00,0.04,0,0
vda,18.60,0.00,0.07,0,0
vda,34.00,0.00,0.13,0,0
vda,2.00,0.00,0.01,0,0
vda,4.20,0.00,0.02,0,0
vda,1.60,0.00,0.01,0,0
vda,2.80,0.00,0.01,0,0
vda,0.00,0.00,0.00,0,0
vda,18.80,0.00,0.07,0,0
vda,2.00,0.00,0.01,0,0
vda,0.00,0.00,0.00,0,0
vda,8.80,0.00,0.04,0,0
vda,11.33,0.00,0.04,0,0
vda,1.20,0.00,0.00,0,0
vda,6.60,0.00,0.03,0,0
vda,7.20,0.00,0.03,0,0
vda,1.20,0.00,0.00,0,0
vda,8.80,0.00,0.04,0,0
vda,0.80,0.00,0.00,0,0
vda,36.80,0.00,0.14,0,0
vda,1.00,0.00,0.00,0,0
vda,0.00,0.00,0.00,0,0
vda,7.43,0.00,0.03,0,0
vda,1.00,0.00,0.00,0,0
vda,2.60,0.00,0.01,0,0
vda,6.40,0.00,0.03,0,0
vda,37.00,0.00,0.15,0,0
vda,1.20,0.00,0.00,0,0
vda,2.80,0.00,0.01,0,0
vda,1.40,0.00,0.01,0,0
vda,1.00,0.00,0.00,0,0
vda,5.00,0.00,0.02,0,0
vda,1.20,0.00,0.00,0,0
vda,0.20,0.00,0.00,0,0
vda,4.80,0.00,0.02,0,0
vda,0.80,0.00,0.00,0,0
vda,6.40,0.00,0.03,0,0
vda,18.40,0.00,0.07,0,0
vda,10.26,0.00,0.04,0,0
vda,2.80,0.00,0.01,0,0
vda,5.00,0.00,0.02,0,0
vda,9.04,0.00,0.04,0,0
vda,2.80,0.00,0.01,0,0
vda,0.00,0.00,0.00,0,0
vda,1.20,0.00,0.00,0,0
vda,0.00,0.00,0.00,0,0
vda,23.96,0.00,0.10,0,1
vda,2.20,0.00,0.01,0,0
vda,1.80,0.00,0.01,0,0
vda,2.40,0.00,0.01,0,0
vda,0.00,0.00,0.00,0,0
vda,1.40,0.00,0.01,0,0
vda,0.80,0.00,0.00,0,0
vda,43.20,0.00,0.17,0,0
vda,1.00,0.00,0.00,0,0
vda,10.80,0.00,0.04,0,0
vda,7.40,0.00,0.03,0,0
vda,1.00,0.00,0.00,0,0
vda,5.20,0.00,0.02,0,0
vda,1.00,0.00,0.00,0,0
vda,0.00,0.00,0.00,0,0
vda,11.37,0.00,0.05,0,0
vda,11.20,0.00,0.04,0,0
vda,23.40,0.00,0.10,0,0
vda,1.80,0.00,0.01,0,0
vda,1.80,0.00,0.01,0,0
vda,23.60,0.00,0.09,0,0
vda,2.60,0.00,0.01,0,0
vda,0.00,0.00,0.00,0,0
vda,1.86,0.00,0.01,0,0
vda,0.20,0.00,0.00,0,0
vda,0.00,0.00,0.00,0,0
vda,0.00,0.00,0.00,0,0
vda,6.40,0.00,0.03,0,0
vda,6.40,0.00,0.03,0,0
vda,2.20,0.00,0.01,0,0
vda,0.00,0.00,0.00,0,0
vda,4.20,0.00,0.02,0,0
vda,0.00,0.00,0.00,0,0
vda,0.00,0.00,0.00,0,0
vda,5.60,0.00,0.02,0,0
vda,0.00,0.00,0.00,0,0
vda,0.80,0.00,0.00,0,0
vda,4.28,0.00,0.02,0,0
vda,0.00,0.00,0.00,0,0
