3510758.4,185279.2,5250.4
3207684.0,184780.0,4108.0
3185606.6667,186857.33333,4134.6666667
3141452.0,191012.0,4188.0
3141452.0,191012.0,4188.0
3141452.0,191012.0,4188.0
3141452.0,191012.0,4188.0
3141452.0,191012.0,4188.0
3102300.0,191016.0,4228.0
3023996.0,191024.0,4308.0
3022838.6667,191045.33333,4325.0666667
3019656.0,191104.0,4372.0
3019656.0,191104.0,4372.0
3019656.0,191104.0,4372.0
3019656.0,191104.0,4372.0
3019656.0,191104.0,4372.0
3019656.0,191104.0,4372.0
3019656.0,191104.0,4372.0
3019656.0,191104.0,4372.0
3019656.0,191104.0,4372.0
3019656.0,191104.0,4372.0
3019656.0,191104.0,4372.0
3019542.9333,191152.0,4455.7333333
3018027.2,191769.06667,5034.1333333
3018027.2,191769.06667,5034.1333333
3017344.0,192036.0,5064.0
3017344.0,192036.0,5064.0
3017344.0,192036.0,5064.0
3017344.0,192036.0,5064.0
3017344.0,192036.0,5064.0
3017344.0,192036.0,5064.0
3017240.8,192041.6,5075.2
3015796.0,192120.0,5232.0
3015796.0,192120.0,5232.0
3015886.9333,192120.26667,5235.7333333
3017160.0,192124.0,5288.0
3017160.0,192124.0,5288.0
3017160.0,192124.0,5288.0
3017160.0,192124.0,5288.0
3017160.0,192124.0,5288.0
3017160.0,192124.0,5288.0
3017160.0,192124.0,5288.0
3017160.0,192124.0,5288.0
3017160.0,192124.0,5288.0
3017160.0,192124.0,5288.0
3017160.0,192124.0,5288.0
3017160.0,192124.0,5288.0
3017204.8,192213.6,5512.0
3001740.8,192227.46667,5580.2666667
3000636.0,192228.0,5584.0
3000636.0,192228.0,5584.0
3002048.0,192228.0,5648.0
3002048.0,192228.0,5648.0
3002048.0,192228.0,5648.0
3002048.0,192228.0,5648.0
3002048.0,192228.0,5648.0
3002048.0,192228.0,5648.0
3002048.0,192228.0,5648.0
3002048.0,192228.0,5648.0
3002048.0,192228.0,5648.0
3002048.0,192228.0,5648.0
3002048.0,192228.0,5648.0
3002048.0,192228.0,5648.0
3001514.1333,192239.2,5860.8
2995801.3333,192236.26667,5935.7333333
2995396.0,192236.0,5940.0
2995396.0,192236.0,5940.0
2991871.7333,194573.06667,6216.2666667
2991620.0,194740.0,6236.0
2991620.0,194740.0,6236.0
2993206.6667,194754.93333,6295.7333333
2993320.0,194756.0,6300.0
2993320.0,194756.0,6300.0
2993320.0,194756.0,6300.0
2993320.0,194756.0,6300.0
2993320.0,194756.0,6300.0
2993320.0,194756.0,6300.0
2993320.0,194756.0,6300.0
2977681.8667,194773.33333,6466.4
2975276.0,194776.0,6492.0
