vda,62.60,0.22,0.03,1,0
vda,5.60,0.02,0.00,0,0
vda,36.60,0.00,0.15,0,0
vda,1.00,0.00,0.00,0,0
vda,2.20,0.00,0.01,0,0
vda,35.20,0.00,0.14,0,0
vda,218.40,9.74,0.00,48,0
vda,196.80,11.11,1.45,55,7
vda,75.20,9.40,0.00,47,0
vda,126.00,14.22,0.00,71,0
vda,96.80,11.82,0.01,59,0
vda,173.40,14.32,0.24,71,1
vda,69.60,8.48,0.01,42,0
vda,120.40,14.77,0.01,73,0
vda,79.20,5.47,0.15,27,0
vda,132.80,16.60,0.00,83,0
vda,124.60,15.30,0.01,76,0
vda,150.50,14.37,0.15,72,0
vda,71.40,8.45,0.01,42,0
vda,52.60,6.45,0.00,32,0
vda,271.80,12.79,0.20,63,0
vda,130.80,14.98,0.07,74,0
vda,128.40,15.97,0.00,79,0
vda,167.20,14.63,0.21,73,1
vda,124.80,15.40,0.01,77,0
vda,105.40,12.90,0.01,64,0
vda,36.00,0.00,0.15,0,0
vda,105.20,12.80,0.01,64,0
vda,136.60,16.83,0.01,84,0
vda,169.20,15.68,0.18,78,0
vda,57.80,7.21,0.00,36,0
vda,2.20,0.00,0.01,0,0
vda,41.60,0.00,0.17,0,0
vda,2.60,0.00,0.01,0,0
vda,1.60,0.00,0.01,0,0
vda,47.80,0.00,0.20,0,0
vda,0.00,0.00,0.00,0,0
vda,4.80,0.00,0.02,0,0
vda,42.80,0.00,0.18,0,0
vda,0.00,0.00,0.00,0,0
vda,2.20,0.00,0.01,0,0
vda,35.60,0.00,0.15,0,0
vda,1.60,0.00,0.01,0,0
vda,1.60,0.00,0.01,0,0
vda,53.00,0.00,0.21,0,1
vda,1.40,0.00,0.01,0,0
vda,3.40,0.00,0.01,0,0
vda,0.00,0.00,0.00,0,0
vda,1.00,0.00,0.00,0,0
vda,2.20,0.00,0.01,0,0
vda,1.80,0.00,0.01,0,0
vda,12.20,0.00,0.05,0,0
vda,24.00,0.00,0.10,0,0
vda,7.80,0.00,0.03,0,0
vda,2.40,0.00,0.01,0,0
vda,0.00,0.00,0.00,0,0
vda,1.60,0.00,0.01,0,0
vda,3.80,0.00,0.01,0,0
vda,3.20,0.00,0.02,0,0
vda,17.20,0.00,0.07,0,0
vda,35.00,0.00,0.14,0,0
vda,1.20,0.00,0.00,0,0
vda,1.80,0.00,0.01,0,0
vda,0.20,0.00,0.00,0,0
vda,9.40,0.00,0.04,0,0
vda,2.80,0.00,0.02,0,0
vda,13.00,0.00,0.05,0,0
vda,11.80,0.00,0.05,0,0
vda,1.40,0.00,0.01,0,0
vda,33.60,0.00,0.13,0,0
vda,2.20,0.00,0.01,0,0
vda,1.20,0.00,0.00,0,0
vda,2.60,0.00,0.01,0,0
vda,1.20,0.00,0.00,0,0
vda,18.80,0.00,0.08,0,0
vda,1.60,0.00,0.01,0,0
vda,4.00,0.00,0.02,0,0
vda,2.20,0.00,0.01,0,0
vda,22.20,0.00,0.09,0,0
vda,2.60,0.00,0.01,0,0
vda,3.60,0.00,0.03,0,0
vda,25.00,0.00,0.11,0,0
vda,0.60,0.00,0.00,0,0
vda,54.40,0.00,0.22,0,1
vda,3.20,0.00,0.01,0,0
vda,2.60,0.00,0.01,0,0
vda,44.60,0.00,0.18,0,0
vda,2.20,0.00,0.01,0,0
vda,0.00,0.00,0.00,0,0
vda,1.20,0.00,0.00,0,0
vda,0.00,0.00,0.00,0,0
vda,8.00,0.02,0.01,0,0
vda,5.20,0.01,0.01,0,0
vda,77.20,0.03,0.27,0,1
vda,2.20,0.00,0.01,0,0
vda,1.60,0.00,0.01,0,0
vda,2.60,0.00,0.01,0,0
vda,1.60,0.00,0.01,0,0
vda,1.80,0.00,0.01,0,0
vda,0.00,0.00,0.00,0,0
vda,3.80,0.00,0.02,0,0
vda,20.40,0.02,0.10,0,0
vda,32.00,0.00,0.13,0,0
vda,2.20,0.00,0.01,0,0
vda,44.00,0.39,0.02,1,0
vda,26.00,0.14,0.02,0,0
vda,2.40,0.00,0.01,0,0
vda,5.80,0.00,0.03,0,0
vda,30.60,0.05,0.07,0,0
vda,4.00,0.00,0.02,0,0
vda,3.20,0.00,0.01,0,0
vda,57.80,0.01,0.24,0,1
vda,0.00,0.00,0.00,0,0
vda,2.60,0.00,0.01,0,0
vda,3.40,0.00,0.01,0,0
vda,2.80,0.00,0.01,0,0
vda,19.00,0.00,0.07,0,0
vda,49.80,0.00,0.20,0,1
vda,2.00,0.00,0.01,0,0
vda,1.20,0.00,0.00,0,0
vda,34.40,0.00,0.14,0,0
vda,2.20,0.00,0.01,0,0
vda,1.20,0.00,0.00,0,0
vda,34.60,0.00,0.14,0,0
vda,2.20,0.00,0.01,0,0
vda,1.20,0.00,0.00,0,0
vda,3.40,0.00,0.01,0,0
vda,1.00,0.00,0.00,0,0
vda,1.40,0.00,0.00,0,0
vda,0.40,0.00,0.00,0,0
vda,3.40,0.00,0.02,0,0
vda,18.40,0.00,0.07,0,0
vda,42.40,0.00,0.17,0,0
vda,1.20,0.00,0.00,0,0
vda,1.40,0.00,0.00,0,0
vda,45.40,0.00,0.19,0,0
vda,3.00,0.00,0.01,0,0
vda,0.20,0.00,0.00,0,0
vda,37.80,0.00,0.15,0,0
vda,1.40,0.00,0.01,0,0
vda,0.00,0.00,0.00,0,0
vda,53.00,0.00,0.21,0,1
vda,2.00,0.00,0.01,0,0
vda,1.20,0.00,0.00,0,0
vda,35.80,0.00,0.14,0,0
vda,4.80,0.00,0.02,0,0
vda,1.40,0.00,0.00,0,0
vda,0.00,0.00,0.00,0,0
vda,44.80,0.00,0.18,0,0
vda,1.40,0.00,0.01,0,0
vda,28.80,0.00,0.11,0,0
vda,2.40,0.00,0.01,0,0
vda,19.40,0.00,0.08,0,0
vda,0.80,0.00,0.00,0,0
vda,56.80,0.00,0.23,0,1
vda,1.00,0.00,0.00,0,0
vda,35.40,0.00,0.14,0,0
vda,2.20,0.00,0.01,0,0
vda,1.20,0.00,0.00,0,0
vda,34.40,0.00,0.14,0,0
vda,2.20,0.00,0.01,0,0
vda,1.40,0.00,0.01,0,0
vda,2.20,0.00,0.01,0,0
vda,44.60,0.00,0.18,0,0
vda,0.00,0.00,0.00,0,0
vda,56.00,0.00,0.22,0,1
vda,5.80,0.00,0.02,0,0
vda,1.40,0.00,0.01,0,0
vda,34.20,0.00,0.14,0,0
vda,2.20,0.00,0.01,0,0
vda,1.20,0.00,0.00,0,0
vda,36.40,0.00,0.15,0,0
vda,4.40,0.00,0.02,0,0
vda,1.00,0.00,0.00,0,0
vda,42.20,0.00,0.17,0,0
vda,2.20,0.00,0.01,0,0
vda,1.20,0.00,0.00,0,0
vda,52.60,0.00,0.21,0,1
vda,2.20,0.00,0.01,0,0
vda,1.20,0.00,0.00,0,0
vda,34.40,0.00,0.14,0,0
vda,3.60,0.00,0.01,0,0
vda,1.60,0.00,0.01,0,0
vda,0.00,0.00,0.00,0,0
vda,44.40,0.00,0.18,0,0
vda,1.60,0.00,0.01,0,0
vda,0.00,0.00,0.00,0,0
vda,43.00,0.00,0.17,0,0
vda,1.40,0.00,0.01,0,0
vda,0.00,0.00,0.00,0,0
vda,56.60,0.00,0.23,0,1
vda,0.00,0.00,0.00,0,0
vda,1.00,0.00,0.00,0,0
vda,43.20,0.00,0.18,0,0
vda,1.40,0.00,0.01,0,0
vda,0.00,0.00,0.00,0,0
vda,36.60,0.00,0.15,0,0
vda,1.40,0.00,0.01,0,0
vda,0.00,0.00,0.00,0,0
vda,4.20,0.00,0.02,0,0
vda,47.80,0.00,0.20,0,0
vda,2.60,0.00,0.01,0,0
vda,1.40,0.00,0.00,0,0
vda,1.20,0.00,0.00,0,0
vda,1.60,0.00,0.01,0,0
vda,2.40,0.00,0.01,0,0
vda,2.00,0.00,0.01,0,0
vda,48.60,0.00,0.19,0,0
vda,1.20,0.00,0.00,0,0
vda,1.00,0.00,0.00,0,0
vda,44.40,0.00,0.18,0,0
vda,2.00,0.00,0.01,0,0
vda,26.00,0.00,0.10,0,0
vda,0.00,0.00,0.00,0,0
vda,55.80,0.00,0.22,0,1
vda,5.60,0.00,0.02,0,0
vda,2.20,0.00,0.01,0,0
vda,34.40,0.00,0.14,0,0
vda,1.40,0.00,0.01,0,0
vda,0.00,0.00,0.00,0,0
vda,46.20,0.00,0.19,0,0
vda,1.20,0.00,0.00,0,0
vda,13.80,0.27,0.00,1,0
vda,44.20,0.00,0.18,0,0
vda,30.80,0.00,0.17,0,0
vda,0.20,0.00,0.00,0,0
vda,2.20,0.00,0.01,0,0
vda,1.20,0.00,0.00,0,0
vda,1.60,0.00,0.01,0,0
vda,1.20,0.00,0.00,0,0
vda,4.20,0.00,0.02,0,0
vda,38.00,0.00,0.15,0,0
vda,12.80,0.00,0.05,0,0
vda,0.00,0.00,0.00,0,0
vda,1.20,0.00,0.00,0,0
vda,44.20,0.00,0.18,0,0
vda,1.40,0.00,0.01,0,0
vda,0.60,0.00,0.00,0,0
vda,54.40,0.00,0.22,0,1
vda,1.40,0.00,0.01,0,0
vda,4.20,0.00,0.02,0,0
vda,1.00,0.00,0.00,0,0
vda,0.20,0.00,0.00,0,0
vda,2.20,0.00,0.01,0,0
vda,1.60,0.00,0.01,0,0
vda,13.40,0.00,0.06,0,0
vda,23.80,0.00,0.09,0,0
vda,9.40,0.00,0.04,0,0
vda,1.00,0.00,0.00,0,0
vda,1.20,0.00,0.00,0,0
vda,4.80,0.00,0.02,0,0
vda,1.80,0.00,0.01,0,0
vda,1.40,0.00,0.01,0,0
vda,19.60,0.00,0.08,0,0
vda,1.20,0.00,0.00,0,0
vda,35.00,0.00,0.14,0,0
vda,2.60,0.00,0.01,0,0
vda,8.00,0.00,0.03,0,0
vda,0.80,0.00,0.00,0,0
vda,3.40,0.00,0.02,0,0
vda,20.60,0.00,0.08,0,0
vda,2.00,0.00,0.01,0,0
vda,2.00,0.00,0.01,0,0
vda,0.00,0.00,0.00,0,0
vda,35.80,0.00,0.14,0,0
vda,2.40,0.00,0.01,0,0
vda,9.20,0.00,0.04,0,0
vda,0.00,0.00,0.00,0,0
vda,14.20,0.00,0.06,0,0
vda,2.40,0.00,0.01,0,0
vda,2.60,0.00,0.01,0,0
vda,1.40,0.00,0.01,0,0
vda,1.60,0.00,0.01,0,0
vda,23.60,0.00,0.10,0,0
vda,2.60,0.00,0.01,0,0
vda,18.80,0.00,0.07,0,0
vda,7.00,0.00,0.03,0,0
vda,2.40,0.00,0.01,0,0
vda,1.20,0.00,0.00,0,0
vda,0.00,0.00,0.00,0,0
vda,37.80,0.00,0.15,0,0
vda,2.60,0.00,0.01,0,0
vda,0.00,0.00,0.00,0,0
vda,14.40,0.00,0.06,0,0
vda,1.20,0.00,0.00,0,0
vda,0.00,0.00,0.00,0,0
vda,2.20,0.00,0.01,0,0
vda,2.80,0.00,0.01,0,0
vda,8.60,0.00,0.04,0,0
vda,36.20,0.00,0.14,0,0
vda,18.80,0.00,0.07,0,0
vda,3.00,0.00,0.01,0,0
vda,0.00,0.00,0.00,0,0
vda,1.80,0.00,0.01,0,0
vda,1.00,0.00,0.00,0,0
vda,2.80,0.00,0.01,0,0
vda,0.00,0.00,0.00,0,0
vda,1.20,0.00,0.00,0,0
vda,60.80,0.00,0.24,0,1
vda,1.60,0.00,0.01,0,0
vda,3.40,0.00,0.01,0,0
vda,1.60,0.00,0.01,0,0
vda,1.00,0.00,0.01,0,0
vda,1.00,0.00,0.00,0,0
vda,2.20,0.00,0.01,0,0
vda,12.00,0.00,0.05,0,0
vda,23.80,0.00,0.09,0,0
vda,9.40,0.00,0.04,0,0
vda,1.60,0.00,0.01,0,0
vda,3.40,0.00,0.01,0,0
vda,1.60,0.00,0.01,0,0
vda,0.40,0.00,0.00,0,0
vda,1.40,0.00,0.01,0,0
vda,19.60,0.00,0.08,0,0
vda,1.20,0.00,0.00,0,0
vda,41.80,0.00,0.16,0,0
vda,4.20,0.00,0.02,0,0
vda,1.00,0.00,0.00,0,0
vda,1.40,0.00,0.01,0,0
vda,3.00,0.00,0.01,0,0
vda,19.00,0.00,0.07,0,0
vda,0.40,0.00,0.00,0,0
vda,2.40,0.00,0.01,0,0
vda,1.00,0.00,0.01,0,0
vda,37.20,0.00,0.15,0,0
vda,8.80,0.00,0.04,0,0
vda,1.40,0.00,0.01,0,0
vda,0.00,0.00,0.00,0,0
vda,15.00,0.00,0.06,0,0
vda,2.20,0.00,0.01,0,0
vda,1.80,0.00,0.01,0,0
vda,10.00,0.00,0.04,0,0
vda,46.40,0.00,0.18,0,0
vda,2.20,0.00,0.01,0,0
vda,1.20,0.00,0.00,0,0
vda,58.80,0.00,0.23,0,1
vda,3.80,0.00,0.01,0,0
vda,1.40,0.00,0.01,0,0
vda,44.60,0.00,0.18,0,0
vda,1.60,0.00,0.01,0,0
vda,1.20,0.00,0.00,0,0
vda,35.20,0.00,0.14,0,0
vda,2.20,0.00,0.01,0,0
vda,1.20,0.00,0.00,0,0
vda,41.60,0.00,0.17,0,0
vda,2.80,0.00,0.01,0,0
vda,42.80,0.00,0.17,0,0
vda,2.80,0.00,0.01,0,0
vda,2.60,0.00,0.01,0,0
vda,43.60,0.00,0.18,0,0
vda,0.20,0.00,0.00,0,0
vda,2.20,0.00,0.01,0,0
vda,1.20,0.00,0.00,0,0
vda,1.40,0.00,0.01,0,0
vda,1.60,0.00,0.01,0,0
vda,1.60,0.00,0.01,0,0
vda,19.00,0.00,0.08,0,0
vda,36.40,0.00,0.14,0,0
vda,2.40,0.00,0.01,0,0
vda,3.80,0.00,0.01,0,0
vda,2.20,0.00,0.01,0,0
vda,44.20,0.00,0.18,0,0
vda,1.40,0.00,0.01,0,0
vda,1.60,0.00,0.01,0,0
vda,1.20,0.00,0.00,0,0
vda,0.00,0.00,0.00,0,0
vda,4.20,0.00,0.02,0,0
vda,18.80,0.00,0.07,0,0
