7955220.0,63556.0,1704.0
7724220.8,108057.6,2084.8
6800224.0,286064.0,3608.0
6390422.4,388524.8,3617.6
4751216.0,798368.0,3656.0
4751216.0,798368.0,3656.0
4504962.6667,869599.46667,3867.2
2904316.0,1332604.0,5240.0
2904316.0,1332604.0,5240.0
2762680.8,1368471.2,5247.4666667
1842052.0,1601608.0,5296.0
1767850.4,1601605.8667,5325.8666667
1767850.4,1601605.8667,5325.8666667
1702924.0,1601604.0,5352.0
1702924.0,1601604.0,5352.0
1702924.0,1601604.0,5352.0
1702924.0,1601604.0,5352.0
1702924.0,1601604.0,5352.0
1702924.0,1601604.0,5352.0
1702924.0,1601604.0,5352.0
1702924.0,1601604.0,5352.0
1702924.0,1601604.0,5352.0
1702924.0,1601604.0,5352.0
1702924.0,1601604.0,5352.0
1702873.3333,1601609.3333,5434.6666667
1701485.3333,1601629.3333,5625.3333333
1698912.0,1601648.0,5676.0
1698912.0,1601648.0,5676.0
1699420.8,1601649.0667,5690.9333333
1700820.0,1601652.0,5732.0
1700820.0,1601652.0,5732.0
1700820.0,1601652.0,5732.0
1700820.0,1601652.0,5732.0
1698784.0,1602161.6,5899.2
1690640.0,1604200.0,6568.0
1690640.0,1604200.0,6568.0
1690640.0,1604200.0,6568.0
1690640.0,1604200.0,6568.0
1690640.0,1604200.0,6568.0
1690640.0,1604200.0,6568.0
1690640.0,1604200.0,6568.0
1690640.0,1604200.0,6568.0
1690640.0,1604200.0,6568.0
1690640.0,1604200.0,6568.0
1690640.0,1604200.0,6568.0
1690363.7333,1604221.3333,6704.5333333
1689299.2,1604281.6,7092.8
1688080.0,1604288.0,7144.0
1688080.0,1604288.0,7144.0
1688397.6,1604290.4,7155.2
1689668.0,1604300.0,7200.0
1689668.0,1604300.0,7200.0
1689668.0,1604300.0,7200.0
1689668.0,1604300.0,7200.0
1727480.8,1604300.8,7220.8
1878732.0,1604304.0,7304.0
1878732.0,1604304.0,7304.0
1878732.0,1604304.0,7304.0
1878732.0,1604304.0,7304.0
1878732.0,1604304.0,7304.0
1878732.0,1604304.0,7304.0
1878732.0,1604304.0,7304.0
1878732.0,1604304.0,7304.0
1878732.0,1604304.0,7304.0
1878732.0,1604304.0,7304.0
1967491.4667,1604368.0,7363.7333333
2211580.0,1604544.0,7528.0
2211580.0,1604544.0,7528.0
2211273.8667,1604544.0,7547.2
2210432.0,1604544.0,7600.0
2210722.1333,1604546.1333,7612.8
2211520.0,1604552.0,7648.0
2211520.0,1604552.0,7648.0
2211221.6,1604814.4,7678.4
2210028.0,1605864.0,7800.0
2251140.0,1605864.8,7812.8
2415588.0,1605868.0,7864.0
2415588.0,1605868.0,7864.0
2415353.6,1605894.4,7876.8
2414416.0,1606000.0,7928.0
2414416.0,1606000.0,7928.0
2414416.0,1606000.0,7928.0
2414416.0,1606000.0,7928.0
2414416.0,1606000.0,7928.0
2426833.6,1606001.6,7953.6
2476504.0,1606008.0,8056.0
2508341.6,1606012.0,8067.2
2635692.0,1606028.0,8112.0
2635692.0,1606028.0,8112.0
2635692.0,1606028.0,8112.0
2635692.0,1606028.0,8112.0
2635692.0,1606028.0,8112.0
2635692.0,1606028.0,8112.0
2635692.0,1606028.0,8112.0
2641910.6667,1606029.6,8132.2666667
2682332.0,1606040.0,8264.0
2682332.0,1606040.0,8264.0
2698332.0,1606038.9333,8271.4666667
2802332.0,1606032.0,8320.0
2802332.0,1606032.0,8320.0
2802332.0,1606032.0,8320.0
2802332.0,1606032.0,8320.0
2802332.0,1606032.0,8320.0
2802332.0,1606032.0,8320.0
2802332.0,1606032.0,8320.0
2806963.4667,1606035.7333,8341.3333333
2837068.0,1606060.0,8480.0
2837068.0,1606060.0,8480.0
2849223.2,1606061.6,8491.2
2897844.0,1606068.0,8536.0
2897844.0,1606068.0,8536.0
2897844.0,1606068.0,8536.0
2897844.0,1606068.0,8536.0
2897844.0,1606068.0,8536.0
2897844.0,1606068.0,8536.0
2897844.0,1606068.0,8536.0
2905094.1333,1606070.1333,8587.2
2925032.0,1606076.0,8728.0
4084754.6667,1603906.6667,8749.3333333
6404200.0,1599568.0,8792.0
