16218836.0,43764.0,3144.0
16131131.2,56787.466667,3186.6666667
14903264.0,239116.0,3784.0
14405625.6,353422.13333,3822.4
14405625.6,353422.13333,3822.4
13970192.0,453440.0,3856.0
13970192.0,453440.0,3856.0
13968672.0,453520.0,3920.0
13968672.0,453520.0,3920.0
13968453.333,453521.06667,3928.5333333
13967032.0,453528.0,3984.0
13967032.0,453528.0,3984.0
13967032.0,453528.0,3984.0
13967032.0,453528.0,3984.0
13967032.0,453528.0,3984.0
13967032.0,453528.0,3984.0
13967032.0,453528.0,3984.0
13967032.0,453528.0,3984.0
13967032.0,453528.0,3984.0
13967032.0,453528.0,3984.0
13967032.0,453528.0,3984.0
13966936.0,453559.2,4036.8
13966552.0,453684.0,4248.0
13966552.0,453684.0,4248.0
13966552.0,453684.0,4248.0
13832961.6,453685.06667,4282.1333333
13465588.0,453688.0,4376.0
13465588.0,453688.0,4376.0
13465192.0,453689.6,4388.8
13463608.0,453696.0,4440.0
13463608.0,453696.0,4440.0
13463608.0,453696.0,4440.0
13463608.0,453696.0,4440.0
13463608.0,453696.0,4440.0
13463608.0,453696.0,4440.0
13463608.0,453696.0,4440.0
13463608.0,453696.0,4440.0
13463608.0,453696.0,4440.0
13463487.733,453750.13333,4465.0666667
13461804.0,454508.0,4816.0
13461804.0,454508.0,4816.0
13461804.0,454508.0,4816.0
13461804.0,454508.0,4816.0
13461804.0,454508.0,4816.0
13461608.8,454509.06667,4832.0
13460340.0,454516.0,4936.0
13460657.6,454515.2,4947.2
13461928.0,454512.0,4992.0
13461928.0,454512.0,4992.0
13461928.0,454512.0,4992.0
13461928.0,454512.0,4992.0
13461928.0,454512.0,4992.0
13461928.0,454512.0,4992.0
13461928.0,454512.0,4992.0
13461928.0,454512.0,4992.0
13461928.0,454512.0,4992.0
13461928.0,454512.0,4992.0
13461717.867,454533.33333,5056.0
13461140.0,454592.0,5232.0
13461140.0,454592.0,5232.0
13461140.0,454592.0,5232.0
13461140.0,454592.0,5232.0
13461140.0,454592.0,5232.0
13461140.0,454592.0,5232.0
13461140.0,454592.0,5232.0
13461140.0,454592.0,5232.0
13461140.0,454592.0,5232.0
13461140.0,454592.0,5232.0
13461140.0,454592.0,5232.0
13461089.867,454595.2,5300.2666667
13460952.0,454604.0,5488.0
13460952.0,454604.0,5488.0
13460952.0,454604.0,5488.0
13460952.0,454604.0,5488.0
13460952.0,454604.0,5488.0
13460952.0,454604.0,5488.0
13460952.0,454604.0,5488.0
13460952.0,454604.0,5488.0
13460952.0,454604.0,5488.0
13460952.0,454604.0,5488.0
13460952.0,454604.0,5488.0
13460952.0,454604.0,5488.0
13461280.0,454756.0,5792.0
13461280.0,454756.0,5792.0
13461280.0,454756.0,5792.0
13461280.0,454756.0,5792.0
13461280.0,454756.0,5792.0
13461280.0,454756.0,5792.0
13461280.0,454756.0,5792.0
13461280.0,454756.0,5792.0
13461280.0,454756.0,5792.0
13461280.0,454756.0,5792.0
13461280.0,454756.0,5792.0
13461280.0,454756.0,5792.0
13460816.0,454784.0,6036.0
13460816.0,454784.0,6036.0
13460816.0,454784.0,6036.0
13460816.0,454784.0,6036.0
13460816.0,454784.0,6036.0
13460816.0,454784.0,6036.0
13460816.0,454784.0,6036.0
13460816.0,454784.0,6036.0
13460816.0,454784.0,6036.0
13460816.0,454784.0,6036.0
13460816.0,454784.0,6036.0
13460714.667,454786.93333,6057.3333333
13459296.0,454828.0,6356.0
13459296.0,454828.0,6356.0
13459296.0,454828.0,6356.0
13459296.0,454828.0,6356.0
13459296.0,454828.0,6356.0
13459296.0,454828.0,6356.0
13459296.0,454828.0,6356.0
13459296.0,454828.0,6356.0
13459296.0,454828.0,6356.0
13459296.0,454828.0,6356.0
13459296.0,454828.0,6356.0
13459238.4,454830.13333,6492.5333333
13459238.4,454830.13333,6492.5333333
13459188.0,454832.0,6612.0
13459188.0,454832.0,6612.0
13459188.0,454832.0,6612.0
13459188.0,454832.0,6612.0
13459188.0,454832.0,6612.0
13459188.0,454832.0,6612.0
13459188.0,454832.0,6612.0
13459188.0,454832.0,6612.0
13459188.0,454832.0,6612.0
13459188.0,454832.0,6612.0
13459188.0,454832.0,6612.0
13458244.0,455656.0,6932.0
13458244.0,455656.0,6932.0
13458244.0,455656.0,6932.0
13458244.0,455656.0,6932.0
13458113.6,455657.06667,6939.7333333
13456288.0,455672.0,7048.0
13456288.0,455672.0,7048.0
13456288.0,455672.0,7048.0
13456288.0,455672.0,7048.0
13456288.0,455672.0,7048.0
13456288.0,455672.0,7048.0
13456288.0,455672.0,7048.0
13456288.0,455672.0,7048.0
13456288.0,455672.0,7048.0
13456288.0,455672.0,7048.0
13456288.0,455672.0,7048.0
13456236.267,455692.26667,7076.8
13455900.0,455824.0,7264.0
13455900.0,455824.0,7264.0
13455900.0,455824.0,7264.0
13455900.0,455824.0,7264.0
13455900.0,455824.0,7264.0
13455900.0,455824.0,7264.0
13455900.0,455824.0,7264.0
13455900.0,455824.0,7264.0
13455900.0,455824.0,7264.0
13455900.0,455824.0,7264.0
13455900.0,455824.0,7264.0
13455897.867,455827.2,7301.3333333
13455884.0,455848.0,7544.0
13455884.0,455848.0,7544.0
13455721.6,455992.26667,7570.9333333
13453448.0,458012.0,7948.0
13453448.0,458012.0,7948.0
13453448.0,458012.0,7948.0
13453448.0,458012.0,7948.0
13453448.0,458012.0,7948.0
13453448.0,458012.0,7948.0
13453448.0,458012.0,7948.0
13453331.467,458013.06667,7962.4
13451700.0,458028.0,8164.0
13451700.0,458028.0,8164.0
13451966.667,458034.4,8172.5333333
13453700.0,458076.0,8228.0
13453700.0,458076.0,8228.0
13453700.0,458076.0,8228.0
13453700.0,458076.0,8228.0
13453700.0,458076.0,8228.0
13453700.0,458076.0,8228.0
13453700.0,458076.0,8228.0
13453700.0,458076.0,8228.0
13453700.0,458076.0,8228.0
13453700.0,458076.0,8228.0
13453700.0,458076.0,8228.0
13453712.267,458076.8,8244.5333333
13453884.0,458088.0,8476.0
13453884.0,458088.0,8476.0
13453884.0,458088.0,8476.0
13453884.0,458088.0,8476.0
13453884.0,458088.0,8476.0
13453884.0,458088.0,8476.0
13453776.533,458108.8,8628.5333333
13453760.0,458112.0,8652.0
13453760.0,458112.0,8652.0
13453760.0,458112.0,8652.0
13453760.0,458112.0,8652.0
13453760.0,458112.0,8652.0
13453760.0,458112.0,8652.0
13453760.0,458112.0,8652.0
13453760.0,458112.0,8652.0
13453760.0,458112.0,8652.0
13453760.0,458112.0,8652.0
13453760.0,458112.0,8652.0
13453248.0,458134.4,8824.8
13453120.0,458140.0,8868.0
13453120.0,458140.0,8868.0
13453120.0,458140.0,8868.0
13453120.0,458140.0,8868.0
13453120.0,458140.0,8868.0
13453120.0,458140.0,8868.0
13453120.0,458140.0,8868.0
13453120.0,458140.0,8868.0
13453120.0,458140.0,8868.0
13453120.0,458140.0,8868.0
13453120.0,458140.0,8868.0
15648219.2,452211.46667,9185.3333333
15805012.0,451788.0,9208.0
