7985424.0,46492.0,3180.0
7985424.0,46492.0,3180.0
7722657.0667,92493.066667,3542.6666667
7492736.0,132744.0,3860.0
7492736.0,132744.0,3860.0
7483626.6667,132744.0,3886.1333333
7473216.0,132744.0,3916.0
7473216.0,132744.0,3916.0
7473216.0,132744.0,3916.0
7473216.0,132744.0,3916.0
7347645.3333,132747.73333,3968.2666667
7204136.0,132752.0,4028.0
7204136.0,132752.0,4028.0
7203242.1333,132754.13333,4049.3333333
7202460.0,132756.0,4068.0
7201967.2,132759.73333,4094.1333333
7201404.0,132764.0,4124.0
7201404.0,132764.0,4124.0
7201404.0,132764.0,4124.0
7201404.0,132764.0,4124.0
7201404.0,132764.0,4124.0
7197404.0,132772.53333,4188.0
7193904.0,132780.0,4244.0
7193904.0,132780.0,4244.0
7193904.0,132780.0,4244.0
7193904.0,132780.0,4244.0
7192613.3333,132976.26667,4378.4
7191484.0,133148.0,4496.0
7191484.0,133148.0,4496.0
7191484.0,133148.0,4496.0
7191484.0,133148.0,4496.0
7191484.0,133148.0,4496.0
7160833.6,133467.2,4558.4
7140400.0,133680.0,4600.0
7599395.2,129756.0,4633.6
