data_points,dimensions,k,diskio_in
10000,10,10,37
10000,10,100,36
10000,10,200,48
10000,100,10,53
10000,100,100,53
10000,100,200,65
10000,1000,10,227
10000,1000,100,229
10000,1000,200,243
10000,10000,10,1839
10000,10000,100,1830
10000,10000,200,1874
10000,50,10,43
10000,50,100,43
10000,50,200,59
10000,500,10,129
10000,500,100,131
10000,500,200,147
10000,5000,10,996
10000,5000,100,1007
10000,5000,200,1005
100000,10,10,70
100000,10,100,53
100000,10,200,66
100000,100,10,239
100000,100,100,240
100000,100,200,248
100000,1000,10,2041
100000,1000,100,1977
100000,1000,200,1993
100000,50,10,131
100000,50,100,130
100000,50,200,146
100000,500,10,1000
100000,500,100,1002
100000,500,200,1022
1000000,10,10,237
1000000,10,100,239
1000000,10,200,248
1000000,100,10,1903
1000000,100,100,1903
1000000,100,200,1916
1000000,50,10,1002
1000000,50,100,1015
1000000,50,200,1016
