data_points,dimensions,k,time
10000,10,10,4
10000,10,100,5
10000,10,200,8
10000,100,10,11
10000,100,100,26
10000,100,200,45
10000,1000,10,97
10000,1000,100,242
10000,1000,200,426
10000,10000,10,600000
10000,10000,100,600000
10000,10000,200,600000
10000,50,10,6
10000,50,100,15
10000,50,200,25
10000,500,10,46
10000,500,100,120
10000,500,200,220
10000,5000,10,726
10000,5000,100,696
10000,5000,200,1173
100000,10,10,13
100000,10,100,33
100000,10,200,54
100000,100,10,106
100000,100,100,272
100000,100,200,455
100000,1000,10,600000
100000,1000,100,600000
100000,1000,200,600000
100000,50,10,53
100000,50,100,137
100000,50,200,234
100000,500,10,580
100000,500,100,1355
100000,500,200,2291
1000000,10,10,171
1000000,10,100,331
1000000,10,200,569
1000000,100,10,600000
1000000,100,100,600000
1000000,100,200,600000
1000000,50,10,770
1000000,50,100,1456
1000000,50,200,2515
