data_points,dimensions,k,diskio_out
10000,10,10,2
10000,10,100,14
10000,10,200,3
10000,100,10,1
10000,100,100,10
10000,100,200,10
10000,1000,10,8
10000,1000,100,13
10000,1000,200,22
10000,10000,10,18
10000,10000,100,25
10000,10000,200,19
10000,50,10,1
10000,50,100,3
10000,50,200,8
10000,500,10,9
10000,500,100,12
10000,500,200,14
10000,5000,10,25
10000,5000,100,37
10000,5000,200,56
100000,10,10,2
100000,10,100,9
100000,10,200,10
100000,100,10,8
100000,100,100,15
100000,100,200,23
100000,1000,10,17
100000,1000,100,17
100000,1000,200,12
100000,50,10,8
100000,50,100,8
100000,50,200,14
100000,500,10,19
100000,500,100,34
100000,500,200,87
1000000,10,10,14
1000000,10,100,19
1000000,10,200,26
1000000,100,10,31
1000000,100,100,30
1000000,100,200,32
1000000,50,10,32
1000000,50,100,49
1000000,50,200,94
