data_points,dimensions,k,mem_used_kb
10000,10,10,315762.666667
10000,10,100,334144.0
10000,10,200,318721.777789
10000,100,10,277240.0
10000,100,100,470785.333322
10000,100,200,441531.41332
10000,1000,10,1010566.16668
10000,1000,100,1222316.17777
10000,1000,200,1294125.88445
10000,10000,10,3061888.41481
10000,10000,100,2900972.49067
10000,10000,200,3202943.456
10000,50,10,286356.0
10000,50,100,394330.400011
10000,50,200,402436.8
10000,500,10,678377.173327
10000,500,100,841411.546673
10000,500,200,984391.858825
10000,5000,10,2268953.42222
10000,5000,100,2546132.52222
10000,5000,200,2324616.93
100000,10,10,511216.0
100000,10,100,296057.0
100000,10,200,416500.159993
100000,100,10,806900.933333
100000,100,100,1179845.46667
100000,100,200,1251465.1798
100000,1000,10,2839431.43188
100000,1000,100,2712368.50794
100000,1000,200,2682868.33939
100000,50,10,613176.32
100000,50,100,804143.490912
100000,50,200,875955.88148
100000,500,10,2387096.66342
100000,500,100,2109559.26308
100000,500,200,2382755.24817
1000000,10,10,1256251.98095
1000000,10,100,1481247.88889
1000000,10,200,1557121.7
1000000,100,10,3575050.83478
1000000,100,100,3510850.93333
1000000,100,200,3566289.62051
1000000,50,10,2217770.32453
1000000,50,100,2502149.74007
1000000,50,200,2424542.47732
