vda,23.00,0.08,0.40,0,2
vda,1.20,0.00,0.39,0,1
vda,134.80,0.55,0.54,2,2
vda,17.20,0.10,0.43,0,2
vda,25.60,0.00,0.11,0,0
vda,14.60,0.05,0.40,0,1
vda,101.40,3.27,0.39,16,1
vda,98.20,2.15,0.53,10,2
vda,62.60,3.40,0.08,17,0
vda,4.60,0.00,0.41,0,2
vda,0.80,0.00,0.39,0,1
vda,5.00,0.00,0.41,0,2
vda,1.80,0.00,0.39,0,1
vda,44.60,0.00,0.19,0,0
vda,0.80,0.00,0.39,0,1
vda,3.20,0.00,0.40,0,2
vda,32.20,0.00,0.52,0,2
vda,1.20,0.00,0.00,0,0
vda,42.60,0.00,0.56,0,2
vda,12.60,0.00,0.44,0,2
vda,41.40,0.18,0.40,0,1
