16163688.8,98610.933333,3632.0
16216008.0,46696.0,3304.0
14759511.467,303788.26667,3905.0666667
14655476.0,322152.0,3948.0
14655476.0,322152.0,3948.0
12847519.733,754598.93333,4011.4666667
12718380.0,785488.0,4016.0
12718380.0,785488.0,4016.0
12238109.067,826170.13333,4090.6666667
12203804.0,829076.0,4096.0
12202032.533,829082.93333,4151.4666667
12201760.0,829084.0,4160.0
12201760.0,829084.0,4160.0
12201760.0,829084.0,4160.0
12201760.0,829084.0,4160.0
12201760.0,829084.0,4160.0
12201760.0,829084.0,4160.0
12201760.0,829084.0,4160.0
12201760.0,829084.0,4160.0
12201760.0,829084.0,4160.0
12201760.0,829084.0,4160.0
12201760.0,829084.0,4160.0
12201132.533,829104.8,4388.8
12201036.0,829108.0,4424.0
12199785.333,829100.53333,4483.7333333
12199696.0,829100.0,4488.0
11827210.133,829114.93333,4540.2666667
11800604.0,829116.0,4544.0
11800604.0,829116.0,4544.0
11796930.4,829119.73333,4603.7333333
11796668.0,829120.0,4608.0
11796668.0,829120.0,4608.0
11796668.0,829120.0,4608.0
11796668.0,829120.0,4608.0
11794670.667,829123.73333,4727.4666667
11794528.0,829124.0,4736.0
11794528.0,829124.0,4736.0
11794528.0,829124.0,4736.0
11794528.0,829124.0,4736.0
11794528.0,829124.0,4736.0
11794528.0,829124.0,4736.0
11794528.0,829124.0,4736.0
11794528.0,829124.0,4736.0
11794528.0,829124.0,4736.0
11794528.0,829124.0,4736.0
11790274.4,829179.46667,4944.0
11789620.0,829188.0,4976.0
11789620.0,829188.0,4976.0
11789620.0,829188.0,4976.0
11789620.0,829188.0,4976.0
11787572.533,829190.93333,5075.7333333
11786828.0,829192.0,5112.0
11786828.0,829192.0,5112.0
11786828.0,829192.0,5112.0
11786828.0,829192.0,5112.0
11786212.0,829203.73333,5205.8666667
11785988.0,829208.0,5240.0
11785988.0,829208.0,5240.0
11785988.0,829208.0,5240.0
11785988.0,829208.0,5240.0
11785988.0,829208.0,5240.0
11785988.0,829208.0,5240.0
11785988.0,829208.0,5240.0
11785988.0,829208.0,5240.0
11785988.0,829208.0,5240.0
11785988.0,829208.0,5240.0
11785988.0,829208.0,5240.0
11785998.667,829336.0,5400.0
11786004.0,829400.0,5480.0
11786004.0,829400.0,5480.0
11786004.0,829400.0,5480.0
11785093.067,829406.4,5552.5333333
11784296.0,829412.0,5616.0
11784296.0,829412.0,5616.0
11784296.0,829412.0,5616.0
11784296.0,829412.0,5616.0
11784296.0,829412.0,5616.0
11784296.0,829412.0,5616.0
11784296.0,829412.0,5616.0
11784296.0,829412.0,5616.0
11784296.0,829412.0,5616.0
11784296.0,829412.0,5616.0
11784296.0,829412.0,5616.0
11784839.2,829421.33333,5735.4666667
11781930.133,829437.6,5901.8666667
11777896.0,829444.0,5936.0
11777896.0,829444.0,5936.0
11777896.0,829444.0,5936.0
11777896.0,829444.0,5936.0
11777896.0,829444.0,5936.0
11777896.0,829444.0,5936.0
11777896.0,829444.0,5936.0
11777896.0,829444.0,5936.0
11777896.0,829444.0,5936.0
11777896.0,829444.0,5936.0
11777896.0,829444.0,5936.0
11777516.267,829452.53333,6068.2666667
11777184.0,829460.0,6184.0
11777184.0,829460.0,6184.0
11777184.0,829460.0,6184.0
11777184.0,829460.0,6184.0
11777184.0,829460.0,6184.0
11777184.0,829460.0,6184.0
11777184.0,829460.0,6184.0
11777184.0,829460.0,6184.0
11777184.0,829460.0,6184.0
11777184.0,829460.0,6184.0
11777184.0,829460.0,6184.0
11777184.0,829460.0,6184.0
11772352.0,833474.93333,7261.3333333
11768124.0,836988.0,8204.0
11768124.0,836988.0,8204.0
11768124.0,836988.0,8204.0
11768124.0,836988.0,8204.0
11768124.0,836988.0,8204.0
11768124.0,836988.0,8204.0
11768124.0,836988.0,8204.0
11768124.0,836988.0,8204.0
11768124.0,836988.0,8204.0
11768124.0,836988.0,8204.0
11768124.0,836988.0,8204.0
11768073.6,837014.4,8343.2
11768040.0,837032.0,8436.0
11768040.0,837032.0,8436.0
11768040.0,837032.0,8436.0
11768040.0,837032.0,8436.0
11768040.0,837032.0,8436.0
11768040.0,837032.0,8436.0
11768040.0,837032.0,8436.0
11768040.0,837032.0,8436.0
11768040.0,837032.0,8436.0
11768040.0,837032.0,8436.0
11768040.0,837032.0,8436.0
11768048.533,837113.06667,8600.2666667
11768056.0,837184.0,8744.0
11768056.0,837184.0,8744.0
11768056.0,837184.0,8744.0
11768056.0,837184.0,8744.0
11768056.0,837184.0,8744.0
11768056.0,837184.0,8744.0
11768056.0,837184.0,8744.0
11766421.333,837200.0,8877.3333333
11765604.0,837208.0,8944.0
11765604.0,837208.0,8944.0
11765604.0,837208.0,8944.0
11765604.0,837208.0,8944.0
11765604.0,837208.0,8944.0
11765604.0,837208.0,8944.0
11765604.0,837208.0,8944.0
11765604.0,837208.0,8944.0
11765604.0,837208.0,8944.0
11765604.0,837208.0,8944.0
11765604.0,837208.0,8944.0
11764663.2,837222.4,9088.0
11764036.0,837232.0,9184.0
11764036.0,837232.0,9184.0
11764036.0,837232.0,9184.0
11764036.0,837232.0,9184.0
11764036.0,837232.0,9184.0
11764036.0,837232.0,9184.0
11764036.0,837232.0,9184.0
11764036.0,837232.0,9184.0
11764036.0,837232.0,9184.0
11764036.0,837232.0,9184.0
11764036.0,837232.0,9184.0
11762322.4,838319.2,9512.8
11761180.0,839044.0,9732.0
11761180.0,839044.0,9732.0
11761180.0,839044.0,9732.0
11761180.0,839044.0,9732.0
11761180.0,839044.0,9732.0
11761180.0,839044.0,9732.0
11761180.0,839044.0,9732.0
11761180.0,839044.0,9732.0
11761180.0,839044.0,9732.0
11761180.0,839044.0,9732.0
11761064.267,839075.73333,9844.0
11760932.0,839112.0,9972.0
11760932.0,839112.0,9972.0
11760932.0,839112.0,9972.0
11758191.2,839121.6,10020.0
11754080.0,839136.0,10092.0
11754080.0,839136.0,10092.0
11754080.0,839136.0,10092.0
11754080.0,839136.0,10092.0
11754080.0,839136.0,10092.0
11754080.0,839136.0,10092.0
11754080.0,839136.0,10092.0
11754080.0,839136.0,10092.0
11754080.0,839136.0,10092.0
11754080.0,839136.0,10092.0
11754080.0,839136.0,10092.0
11754080.0,839136.0,10092.0
11754139.733,839139.73333,10207.733333
11754208.0,839144.0,10340.0
11754208.0,839144.0,10340.0
11754208.0,839144.0,10340.0
11753293.333,839160.8,10399.733333
11752248.0,839180.0,10468.0
13464543.2,836118.66667,10494.133333
15421452.0,832620.0,10524.0
