vda,65.60,0.17,0.48,0,2
vda,13.00,0.00,0.44,0,2
vda,83.20,0.48,0.39,2,1
vda,36.80,0.12,0.10,0,0
vda,30.00,0.00,0.51,0,2
vda,6.80,0.00,0.41,0,2
vda,113.40,3.29,0.45,16,2
vda,89.40,1.94,0.54,9,2
vda,35.60,0.58,1.28,2,6
vda,43.60,3.07,0.40,15,2
vda,4.00,0.00,0.40,0,2
vda,38.60,0.00,0.56,0,2
vda,20.00,0.00,0.08,0,0
vda,32.40,0.00,0.53,0,2
vda,2.20,0.00,0.40,0,1
vda,38.40,0.00,0.54,0,2
vda,7.20,0.00,0.03,0,0
vda,2.00,0.00,0.40,0,1
vda,35.93,0.00,0.53,0,2
vda,10.20,0.00,0.43,0,2
vda,2.20,0.00,0.40,0,1
vda,53.00,0.00,0.21,0,1
vda,9.80,0.00,0.43,0,2
vda,10.40,0.00,0.44,0,2
vda,43.60,0.00,0.57,0,2
vda,3.60,0.00,0.02,0,0
vda,12.00,0.00,0.43,0,2
vda,36.00,0.00,0.53,0,2
vda,3.20,0.00,0.40,0,2
vda,14.80,0.00,0.45,0,2
vda,27.80,0.00,0.11,0,0
vda,3.00,0.00,0.40,0,1
vda,20.00,0.00,0.47,0,2
vda,14.80,0.00,0.45,0,2
vda,35.00,0.00,0.14,0,0
vda,8.40,0.00,0.42,0,2
