vda,26.40,0.11,0.00,0,0
vda,2.60,0.00,0.01,0,0
vda,101.80,0.28,0.16,1,0
vda,55.20,0.41,0.02,2,0
vda,1.00,0.00,0.00,0,0
vda,36.60,0.00,0.15,0,0
vda,205.40,8.31,0.03,41,0
vda,101.80,12.17,0.02,60,0
vda,98.80,10.95,0.00,54,0
vda,82.40,10.03,0.01,50,0
vda,154.20,9.49,0.00,47,0
vda,71.00,4.90,0.05,24,0
vda,47.20,0.37,1.00,1,4
vda,28.40,0.00,0.57,0,2
vda,2.20,0.00,0.01,0,0
vda,2.20,0.00,0.01,0,0
vda,0.00,0.00,0.00,0,0
vda,44.20,0.00,0.19,0,0
vda,2.60,0.00,0.01,0,0
vda,41.80,0.00,0.17,0,0
vda,1.00,0.00,0.00,0,0
vda,2.20,0.00,0.01,0,0
vda,47.50,0.00,0.19,0,0
vda,2.80,0.00,0.01,0,0
vda,2.00,0.00,0.01,0,0
vda,44.00,0.00,0.18,0,0
vda,0.00,0.00,0.00,0,0
vda,2.20,0.00,0.01,0,0
vda,36.60,0.00,0.15,0,0
vda,1.20,0.00,0.00,0,0
vda,12.80,0.11,0.01,0,0
vda,57.00,0.00,0.24,0,1
vda,17.40,0.05,0.02,0,0
vda,2.20,0.00,0.01,0,0
vda,52.40,0.00,0.21,0,1
vda,14.60,0.00,0.06,0,0
vda,2.40,0.00,0.01,0,0
vda,36.00,0.00,0.15,0,0
vda,0.00,0.00,0.00,0,0
vda,2.20,0.00,0.01,0,0
vda,35.80,0.00,0.15,0,0
vda,0.80,0.00,0.00,0,0
vda,2.20,0.00,0.01,0,0
vda,49.60,0.00,0.20,0,1
vda,1.60,0.00,0.01,0,0
vda,2.20,0.00,0.01,0,0
vda,47.20,0.00,0.19,0,0
vda,7.00,0.00,0.03,0,0
vda,2.40,0.00,0.01,0,0
vda,35.80,0.00,0.15,0,0
vda,0.80,0.00,0.00,0,0
vda,2.20,0.00,0.01,0,0
vda,35.80,0.00,0.15,0,0
vda,2.60,0.00,0.01,0,0
vda,2.00,0.00,0.01,0,0
vda,49.20,0.00,0.20,0,1
vda,0.00,0.00,0.00,0,0
vda,2.20,0.00,0.01,0,0
vda,47.80,0.00,0.19,0,0
vda,1.20,0.00,0.00,0,0
vda,31.60,0.00,0.13,0,0
vda,1.40,0.00,0.01,0,0
vda,2.60,0.00,0.01,0,0
vda,2.00,0.00,0.01,0,0
vda,43.80,0.00,0.18,0,0
vda,0.00,0.00,0.00,0,0
vda,31.00,0.00,0.13,0,0
vda,1.40,0.00,0.01,0,0
vda,0.60,0.00,0.00,0,0
vda,2.40,0.00,0.01,0,0
vda,1.20,0.00,0.00,0,0
vda,16.60,0.04,0.05,0,0
vda,59.20,0.00,0.24,0,1
vda,10.00,0.00,0.04,0,0
vda,0.00,0.00,0.00,0,0
vda,11.20,0.02,0.06,0,0
vda,4.20,0.00,0.02,0,0
vda,0.20,0.00,0.00,0,0
vda,2.60,0.00,0.01,0,0
vda,19.40,0.00,0.08,0,0
vda,4.20,0.00,0.02,0,0
vda,35.20,0.00,0.14,0,0
vda,1.80,0.00,0.01,0,0
vda,1.60,0.00,0.01,0,0
vda,3.20,0.00,0.01,0,0
vda,1.40,0.00,0.01,0,0
vda,43.00,0.00,0.18,0,0
vda,3.00,0.00,0.01,0,0
vda,1.20,0.00,0.00,0,0
vda,35.40,0.00,0.14,0,0
vda,2.40,0.00,0.01,0,0
vda,1.20,0.00,0.00,0,0
vda,3.20,0.00,0.01,0,0
vda,3.20,0.00,0.01,0,0
vda,1.60,0.00,0.01,0,0
vda,0.40,0.00,0.00,0,0
vda,37.80,0.00,0.16,0,0
vda,18.60,0.00,0.07,0,0
vda,8.00,0.00,0.03,0,0
vda,2.20,0.00,0.01,0,0
vda,0.60,0.00,0.00,0,0
vda,1.60,0.00,0.01,0,0
vda,2.40,0.00,0.01,0,0
vda,2.00,0.00,0.01,0,0
vda,2.00,0.00,0.01,0,0
vda,53.09,0.00,0.21,0,1
vda,1.20,0.00,0.00,0,0
vda,0.40,0.00,0.00,0,0
vda,2.40,0.00,0.01,0,0
vda,1.20,0.00,0.00,0,0
vda,9.20,0.00,0.04,0,0
vda,2.40,0.00,0.01,0,0
vda,12.80,0.00,0.05,0,0
vda,3.00,0.00,0.01,0,0
vda,23.80,0.00,0.10,0,0
vda,1.20,0.00,0.00,0,0
vda,0.00,0.00,0.00,0,0
vda,4.00,0.00,0.02,0,0
vda,2.00,0.00,0.01,0,0
vda,25.80,0.00,0.10,0,0
vda,2.40,0.00,0.01,0,0
vda,2.60,0.00,0.01,0,0
vda,1.60,0.00,0.01,0,0
vda,33.20,0.00,0.13,0,0
vda,4.40,0.00,0.02,0,0
vda,1.60,0.00,0.01,0,0
vda,1.80,0.00,0.01,0,0
vda,26.00,0.00,0.10,0,0
vda,0.00,0.00,0.00,0,0
vda,2.20,0.00,0.01,0,0
vda,1.20,0.00,0.00,0,0
vda,4.60,0.00,0.02,0,0
vda,34.40,0.00,0.14,0,0
vda,1.60,0.00,0.01,0,0
vda,11.60,0.00,0.05,0,0
vda,2.20,0.00,0.01,0,0
vda,1.20,0.00,0.00,0,0
vda,7.60,0.00,0.03,0,0
vda,2.60,0.00,0.01,0,0
vda,2.00,0.00,0.01,0,0
vda,3.20,0.00,0.01,0,0
vda,33.20,0.00,0.13,0,0
vda,19.00,0.00,0.07,0,0
vda,2.60,0.00,0.01,0,0
vda,1.60,0.00,0.01,0,0
vda,0.40,0.00,0.00,0,0
vda,10.40,0.00,0.05,0,0
vda,1.80,0.00,0.01,0,0
vda,1.20,0.00,0.00,0,0
vda,33.60,0.00,0.13,0,0
vda,4.60,0.00,0.02,0,0
vda,2.00,0.00,0.01,0,0
vda,15.20,0.00,0.06,0,0
vda,1.80,0.00,0.01,0,0
vda,1.20,0.00,0.00,0,0
vda,55.40,0.00,0.22,0,1
vda,19.00,0.00,0.08,0,0
vda,1.20,0.00,0.00,0,0
vda,34.60,0.00,0.14,0,0
vda,5.00,0.00,0.02,0,0
vda,1.00,0.00,0.00,0,0
vda,0.00,0.00,0.00,0,0
vda,50.20,0.00,0.20,0,1
vda,1.40,0.00,0.01,0,0
vda,40.20,0.00,0.16,0,0
vda,2.40,0.00,0.01,0,0
vda,1.20,0.00,0.00,0,0
vda,12.60,0.00,0.05,0,0
vda,3.60,0.00,0.01,0,0
vda,43.80,0.00,0.18,0,0
vda,1.80,0.00,0.01,0,0
vda,2.20,0.00,0.01,0,0
vda,34.80,0.00,0.14,0,0
vda,1.40,0.00,0.01,0,0
vda,2.20,0.00,0.01,0,0
vda,42.40,0.00,0.17,0,0
vda,2.40,0.00,0.01,0,0
vda,1.40,0.00,0.01,0,0
vda,55.80,0.00,0.23,0,1
vda,2.40,0.00,0.01,0,0
vda,0.00,0.00,0.00,0,0
vda,36.00,0.00,0.15,0,0
vda,2.40,0.00,0.01,0,0
vda,0.00,0.00,0.00,0,0
vda,36.00,0.00,0.15,0,0
vda,2.40,0.00,0.01,0,0
vda,0.00,0.00,0.00,0,0
vda,49.60,0.00,0.20,0,1
vda,0.00,0.00,0.00,0,0
vda,2.60,0.00,0.01,0,0
vda,4.00,0.00,0.02,0,0
vda,0.00,0.00,0.00,0,0
vda,2.40,0.00,0.01,0,0
vda,1.20,0.00,0.00,0,0
vda,55.20,0.00,0.22,0,1
vda,2.20,0.00,0.01,0,0
vda,1.60,0.00,0.01,0,0
vda,2.60,0.00,0.01,0,0
