7830899.4667,124444.0,4132.2666667
7841648.0,108692.0,3892.0
6413097.0667,317891.46667,3954.4
6193320.0,350076.0,3964.0
6193320.0,350076.0,3964.0
6191218.1333,350090.93333,4016.2666667
6191068.0,350092.0,4020.0
6191068.0,350092.0,4020.0
6191068.0,350092.0,4020.0
6191068.0,350092.0,4020.0
6191068.0,350092.0,4020.0
6191068.0,350092.0,4020.0
6191068.0,350092.0,4020.0
6191068.0,350092.0,4020.0
6191068.0,350092.0,4020.0
6191068.0,350092.0,4020.0
6191068.0,350092.0,4020.0
6190636.0,350124.0,4244.0
6190636.0,350124.0,4244.0
6190636.0,350124.0,4244.0
6190636.0,350124.0,4244.0
6190636.0,350124.0,4244.0
6190636.0,350124.0,4244.0
6190636.0,350124.0,4244.0
6188705.8667,350848.26667,4568.8
6188568.0,350900.0,4592.0
6188568.0,350900.0,4592.0
6188568.0,350900.0,4592.0
6188568.0,350900.0,4592.0
6186701.3333,352878.66667,5051.2
6186568.0,353020.0,5084.0
6186568.0,353020.0,5084.0
6186568.0,353020.0,5084.0
6186568.0,353020.0,5084.0
6186493.3333,353020.8,5092.2666667
6185448.0,353032.0,5208.0
6185090.9333,353032.53333,5212.2666667
6180092.0,353040.0,5272.0
6180092.0,353040.0,5272.0
6180092.0,353040.0,5272.0
6180092.0,353040.0,5272.0
6180092.0,353040.0,5272.0
6180092.0,353040.0,5272.0
6180092.0,353040.0,5272.0
6180092.0,353040.0,5272.0
6180092.0,353040.0,5272.0
6180092.0,353040.0,5272.0
6180092.0,353040.0,5272.0
6179996.5333,353042.66667,5289.0666667
6178660.0,353080.0,5528.0
6178660.0,353080.0,5528.0
6178660.0,353080.0,5528.0
6178517.3333,353079.73333,5535.4666667
6176520.0,353076.0,5640.0
6176520.0,353076.0,5640.0
6176520.0,353076.0,5640.0
6176520.0,353076.0,5640.0
6176520.0,353076.0,5640.0
6176520.0,353076.0,5640.0
6176520.0,353076.0,5640.0
6176520.0,353076.0,5640.0
6176520.0,353076.0,5640.0
6176520.0,353076.0,5640.0
6176520.0,353076.0,5640.0
6176502.6667,353078.66667,5656.5333333
6176260.0,353116.0,5888.0
6176260.0,353116.0,5888.0
6176260.0,353116.0,5888.0
6176260.0,353116.0,5888.0
6176260.0,353116.0,5888.0
6176260.0,353116.0,5888.0
6176260.0,353116.0,5888.0
6176260.0,353116.0,5888.0
6176260.0,353116.0,5888.0
6176260.0,353116.0,5888.0
6176260.0,353116.0,5888.0
6176141.8667,353117.06667,5908.0
6174488.0,353132.0,6188.0
6174488.0,353132.0,6188.0
6174488.0,353132.0,6188.0
6175668.0,353136.0,6252.0
6175668.0,353136.0,6252.0
6175668.0,353136.0,6252.0
6175668.0,353136.0,6252.0
6175668.0,353136.0,6252.0
6175668.0,353136.0,6252.0
6175668.0,353136.0,6252.0
6175668.0,353136.0,6252.0
6169484.0,353288.0,6444.0
6169484.0,353288.0,6444.0
6169484.0,353288.0,6444.0
6168380.0,353284.0,6508.0
6168380.0,353284.0,6508.0
6168380.0,353284.0,6508.0
6168380.0,353284.0,6508.0
6168380.0,353284.0,6508.0
6168380.0,353284.0,6508.0
6168380.0,353284.0,6508.0
6168380.0,353284.0,6508.0
6168380.0,353284.0,6508.0
6168380.0,353284.0,6508.0
6168025.3333,353306.4,6694.6666667
6168000.0,353308.0,6708.0
6168000.0,353308.0,6708.0
6166909.8667,353326.66667,6775.2
6166832.0,353328.0,6780.0
6166832.0,353328.0,6780.0
6167980.0,353340.0,6840.0
6167980.0,353340.0,6840.0
6167980.0,353340.0,6840.0
6167980.0,353340.0,6840.0
6167980.0,353340.0,6840.0
6167980.0,353340.0,6840.0
6167980.0,353340.0,6840.0
6167980.0,353340.0,6840.0
6167980.0,353340.0,6840.0
6167980.0,353340.0,6840.0
6166604.0,353364.0,7056.0
6166604.0,353364.0,7056.0
6166604.0,353364.0,7056.0
6167918.1333,353345.33333,7115.7333333
6168012.0,353344.0,7120.0
6168012.0,353344.0,7120.0
6124294.6667,353474.66667,7179.7333333
6121172.0,353484.0,7184.0
6120025.8667,353484.0,7251.2
6119944.0,353484.0,7256.0
6119944.0,353484.0,7256.0
6119944.0,353484.0,7256.0
6119944.0,353484.0,7256.0
6119944.0,353484.0,7256.0
6119944.0,353484.0,7256.0
6119944.0,353484.0,7256.0
6119944.0,353484.0,7256.0
6119944.0,353484.0,7256.0
6119944.0,353484.0,7256.0
6119944.0,353484.0,7256.0
6119541.8667,353504.8,7484.8
6115313.6,353517.6,7558.4
6114272.0,353520.0,7568.0
6114272.0,353520.0,7568.0
6112958.1333,353526.93333,7623.4666667
6112756.0,353528.0,7632.0
6112756.0,353528.0,7632.0
6112756.0,353528.0,7632.0
6112756.0,353528.0,7632.0
6112756.0,353528.0,7632.0
6112756.0,353528.0,7632.0
6112756.0,353528.0,7632.0
6111306.9333,353680.53333,7819.2
6111084.0,353704.0,7848.0
6111084.0,353704.0,7848.0
6111084.0,353704.0,7848.0
6111084.0,353704.0,7848.0
6111084.0,353704.0,7848.0
6111084.0,353704.0,7848.0
6111084.0,353704.0,7848.0
6111084.0,353704.0,7848.0
6111084.0,353704.0,7848.0
6111084.0,353704.0,7848.0
6111084.0,353704.0,7848.0
6112357.0667,353726.4,8049.6
6112448.0,353728.0,8064.0
6112448.0,353728.0,8064.0
6112448.0,353728.0,8064.0
6112448.0,353728.0,8064.0
6112448.0,353728.0,8064.0
6112448.0,353728.0,8064.0
6112448.0,353728.0,8064.0
6112448.0,353728.0,8064.0
6112448.0,353728.0,8064.0
6112448.0,353728.0,8064.0
6112448.0,353728.0,8064.0
7574234.6667,347650.13333,8325.3333333
7678648.0,347216.0,8344.0
