vda,9.40,0.04,0.00,0,0
vda,18.80,0.00,0.08,0,0
vda,37.40,0.14,0.01,0,0
vda,24.60,0.00,0.10,0,0
vda,0.00,0.00,0.00,0,0
vda,14.00,0.00,0.06,0,0
vda,300.80,6.81,0.19,34,0
vda,2.60,0.00,0.01,0,0
vda,11.60,0.05,0.00,0,0
vda,1.60,0.00,0.01,0,0
vda,1.20,0.00,0.00,0,0
vda,1.20,0.00,0.00,0,0
vda,1.80,0.00,0.01,0,0
vda,13.20,0.00,1.33,0,6
vda,14.00,0.00,0.05,0,0
vda,38.40,0.00,0.15,0,0
vda,3.80,0.00,0.01,0,0
vda,2.00,0.00,0.01,0,0
vda,0.00,0.00,0.00,0,0
vda,50.00,0.00,0.21,0,1
vda,14.40,0.00,0.06,0,0
vda,2.20,0.00,0.01,0,0
vda,0.00,0.00,0.00,0,0
