vda,20.80,0.09,0.00,0,0
vda,23.60,0.02,0.07,0,0
vda,36.20,0.14,0.01,0,0
vda,24.20,0.00,0.10,0,0
vda,70.80,0.45,0.00,2,0
vda,29.00,0.10,0.09,0,0
vda,230.40,9.06,0.14,45,0
vda,99.80,12.07,0.01,60,0
vda,120.00,12.28,0.90,61,4
vda,92.81,11.45,0.46,57,2
vda,84.20,9.59,0.01,47,0
vda,14.00,0.05,0.01,0,0
vda,3.00,0.00,0.01,0,0
vda,1.60,0.00,0.01,0,0
vda,60.40,0.00,0.25,0,1
vda,3.20,0.00,0.01,0,0
vda,1.20,0.00,0.00,0,0
vda,36.00,0.00,0.15,0,0
vda,1.80,0.00,0.01,0,0
vda,30.20,0.00,0.12,0,0
vda,2.40,0.00,0.01,0,0
vda,0.00,0.00,0.00,0,0
vda,35.60,0.00,0.15,0,0
vda,1.60,0.00,0.01,0,0
vda,3.40,0.00,0.01,0,0
vda,61.60,0.00,0.25,0,1
vda,2.40,0.00,0.01,0,0
vda,0.00,0.00,0.00,0,0
vda,35.80,0.00,0.15,0,0
vda,1.80,0.00,0.01,0,0
vda,1.60,0.00,0.01,0,0
vda,36.00,0.00,0.15,0,0
vda,1.60,0.00,0.01,0,0
vda,1.60,0.00,0.01,0,0
vda,44.80,0.00,0.18,0,0
vda,2.20,0.00,0.01,0,0
vda,0.00,0.00,0.00,0,0
vda,59.40,0.00,0.24,0,1
vda,2.60,0.00,0.01,0,0
vda,2.20,0.00,0.01,0,0
vda,35.00,0.00,0.14,0,0
vda,1.40,0.00,0.01,0,0
vda,1.60,0.00,0.01,0,0
vda,36.00,0.00,0.15,0,0
vda,2.60,0.00,0.01,0,0
vda,45.00,0.00,0.19,0,0
vda,0.80,0.00,0.00,0,0
vda,2.20,0.00,0.01,0,0
vda,0.00,0.00,0.00,0,0
vda,1.20,0.00,0.00,0,0
vda,1.20,0.00,0.00,0,0
vda,2.00,0.00,0.01,0,0
vda,1.60,0.00,0.01,0,0
vda,52.20,0.00,0.21,0,1
vda,3.60,0.00,0.01,0,0
vda,1.20,0.00,0.00,0,0
vda,44.60,0.00,0.18,0,0
vda,10.80,0.11,0.00,0,0
vda,7.80,0.02,0.01,0,0
vda,59.80,0.05,0.20,0,0
vda,32.40,0.00,0.13,0,0
vda,1.20,0.00,0.00,0,0
vda,1.20,0.00,0.00,0,0
vda,1.60,0.00,0.01,0,0
vda,1.20,0.00,0.00,0,0
vda,2.40,0.00,0.01,0,0
vda,15.20,0.00,0.06,0,0
vda,31.80,0.00,0.13,0,0
vda,2.40,0.00,0.01,0,0
vda,34.00,0.00,0.14,0,0
vda,1.40,0.00,0.01,0,0
vda,52.80,0.00,0.21,0,1
vda,1.80,0.00,0.01,0,0
vda,1.80,0.00,0.01,0,0
vda,37.60,0.00,0.15,0,0
vda,2.00,0.00,0.01,0,0
vda,21.00,0.00,0.09,0,0
vda,25.20,0.00,0.10,0,0
vda,1.40,0.00,0.01,0,0
vda,11.60,0.00,0.05,0,0
vda,1.40,0.00,0.01,0,0
vda,30.60,0.00,0.12,0,0
vda,1.40,0.00,0.01,0,0
vda,52.80,0.00,0.21,0,1
vda,3.80,0.00,0.01,0,0
vda,0.00,0.00,0.00,0,0
vda,43.40,0.00,0.18,0,0
vda,2.40,0.00,0.01,0,0
vda,1.20,0.00,0.00,0,0
vda,36.00,0.00,0.14,0,0
vda,1.80,0.00,0.01,0,0
vda,1.20,0.00,0.00,0,0
vda,1.20,0.00,0.00,0,0
vda,43.40,0.00,0.18,0,0
vda,2.20,0.00,0.01,0,0
vda,1.60,0.00,0.01,0,0
vda,54.60,0.00,0.22,0,1
vda,8.00,0.00,0.03,0,0
vda,0.00,0.00,0.00,0,0
vda,36.80,0.00,0.15,0,0
vda,1.40,0.00,0.01,0,0
vda,0.00,0.00,0.00,0,0
vda,4.00,0.00,0.02,0,0
vda,1.00,0.00,0.00,0,0
vda,1.20,0.00,0.00,0,0
vda,2.60,0.00,0.01,0,0
vda,18.40,0.00,0.07,0,0
vda,42.20,0.00,0.17,0,0
vda,2.20,0.00,0.01,0,0
vda,0.00,0.00,0.00,0,0
vda,46.20,0.00,0.19,0,0
vda,0.00,0.00,0.00,0,0
vda,1.00,0.00,0.00,0,0
vda,44.40,0.00,0.18,0,0
vda,0.00,0.00,0.00,0,0
vda,1.40,0.00,0.01,0,0
vda,36.60,0.00,0.15,0,0
vda,0.00,0.00,0.00,0,0
vda,1.80,0.00,0.01,0,0
vda,53.80,0.00,0.22,0,1
vda,9.80,0.00,0.04,0,0
vda,1.60,0.00,0.01,0,0
vda,34.60,0.00,0.14,0,0
vda,2.40,0.00,0.01,0,0
vda,0.00,0.00,0.00,0,0
vda,35.60,0.00,0.14,0,0
vda,2.40,0.00,0.01,0,0
vda,0.40,0.00,0.00,0,0
vda,35.40,0.00,0.14,0,0
vda,3.60,0.00,0.01,0,0
vda,1.60,0.00,0.01,0,0
vda,0.40,0.00,0.00,0,0
vda,22.00,0.00,0.09,0,0
vda,26.00,0.00,0.10,0,0
vda,18.40,0.00,0.07,0,0
vda,0.00,0.00,0.00,0,0
vda,35.80,0.00,0.15,0,0
vda,1.40,0.00,0.01,0,0
vda,3.00,0.00,0.01,0,0
vda,42.60,0.00,0.17,0,0
vda,1.60,0.00,0.01,0,0
vda,2.20,0.00,0.01,0,0
vda,41.60,0.00,0.17,0,0
vda,1.80,0.00,0.01,0,0
vda,2.20,0.00,0.01,0,0
vda,44.60,0.00,0.18,0,0
vda,8.98,0.00,0.04,0,0
vda,2.40,0.00,0.01,0,0
vda,1.40,0.00,0.01,0,0
vda,1.60,0.00,0.01,0,0
vda,2.20,0.00,0.01,0,0
vda,0.40,0.00,0.00,0,0
vda,14.00,0.00,0.06,0,0
vda,24.40,0.00,0.10,0,0
vda,8.00,0.00,0.03,0,0
vda,1.40,0.00,0.01,0,0
vda,53.60,0.00,0.21,0,1
vda,0.00,0.00,0.00,0,0
vda,4.20,0.00,0.02,0,0
vda,1.00,0.00,0.00,0,0
vda,0.00,0.00,0.00,0,0
vda,1.20,0.00,0.00,0,0
vda,2.60,0.00,0.01,0,0
vda,2.20,0.00,0.01,0,0
vda,12.20,0.00,0.05,0,0
vda,31.60,0.00,0.13,0,0
vda,0.80,0.00,0.00,0,0
vda,1.20,0.00,0.00,0,0
vda,2.60,0.00,0.01,0,0
vda,3.20,0.00,0.01,0,0
vda,2.60,0.00,0.01,0,0
vda,19.00,0.00,0.07,0,0
vda,0.00,0.00,0.00,0,0
vda,1.20,0.00,0.00,0,0
vda,36.40,0.00,0.14,0,0
vda,8.00,0.00,0.03,0,0
vda,1.20,0.00,0.00,0,0
vda,3.80,0.00,0.02,0,0
vda,2.00,0.00,0.01,0,0
vda,25.20,0.00,0.10,0,0
vda,3.00,0.00,0.01,0,0
vda,0.80,0.00,0.00,0,0
vda,1.60,0.00,0.01,0,0
vda,47.80,0.00,0.19,0,0
vda,14.00,0.00,0.06,0,0
vda,2.20,0.00,0.01,0,0
vda,13.60,0.00,0.05,0,0
vda,0.80,0.00,0.00,0,0
vda,1.20,0.00,0.00,0,0
vda,2.20,0.00,0.01,0,0
vda,1.40,0.00,0.01,0,0
vda,3.20,0.00,0.02,0,0
vda,36.60,0.00,0.15,0,0
vda,0.00,0.00,0.00,0,0
vda,18.00,0.00,0.07,0,0
vda,2.20,0.00,0.01,0,0
vda,7.00,0.00,0.03,0,0
vda,1.60,0.00,0.00,0,0
vda,5.00,0.00,0.02,0,0
vda,1.60,0.00,0.01,0,0
vda,1.40,0.00,0.01,0,0
vda,36.00,0.00,0.14,0,0
vda,0.80,0.00,0.00,0,0
vda,1.40,0.00,0.00,0,0
vda,2.80,0.00,0.01,0,0
vda,8.80,0.00,0.04,0,0
vda,2.00,0.00,0.01,0,0
vda,1.60,0.00,0.01,0,0
vda,2.60,0.00,0.01,0,0
vda,18.40,0.00,0.07,0,0
vda,36.60,0.00,0.15,0,0
vda,0.00,0.00,0.00,0,0
vda,3.60,0.00,0.02,0,0
vda,1.60,0.00,0.01,0,0
vda,8.20,0.00,0.04,0,0
vda,1.40,0.00,0.01,0,0
vda,18.80,0.00,0.07,0,0
vda,1.40,0.00,0.01,0,0
vda,3.60,0.00,0.01,0,0
vda,36.40,0.00,0.15,0,0
vda,0.00,0.00,0.00,0,0
vda,1.20,0.00,0.00,0,0
vda,13.80,0.00,0.05,0,0
vda,0.00,0.00,0.00,0,0
vda,1.20,0.00,0.00,0,0
vda,9.00,0.00,0.04,0,0
vda,2.60,0.00,0.01,0,0
vda,2.60,0.00,0.01,0,0
vda,50.80,0.00,0.20,0,1
vda,2.79,0.00,0.01,0,0
vda,1.20,0.00,0.00,0,0
vda,1.60,0.00,0.01,0,0
vda,1.20,0.00,0.00,0,0
vda,2.80,0.00,0.02,0,0
vda,9.80,0.00,0.04,0,0
vda,1.60,0.00,0.01,0,0
vda,12.20,0.00,0.05,0,0
vda,25.60,0.00,0.10,0,0
vda,1.60,0.00,0.01,0,0
vda,0.20,0.00,0.00,0,0
vda,3.60,0.00,0.02,0,0
vda,1.60,0.00,0.01,0,0
vda,1.40,0.00,0.01,0,0
vda,23.80,0.00,0.10,0,0
vda,2.40,0.00,0.01,0,0
vda,1.20,0.00,0.00,0,0
vda,34.80,0.00,0.14,0,0
vda,4.80,0.00,0.02,0,0
vda,1.80,0.00,0.01,0,0
vda,0.00,0.00,0.00,0,0
vda,2.80,0.00,0.01,0,0
vda,18.00,0.00,0.07,0,0
vda,2.20,0.00,0.01,0,0
vda,7.40,0.00,0.03,0,0
vda,2.60,0.00,0.01,0,0
vda,35.40,0.00,0.14,0,0
vda,1.20,0.00,0.00,0,0
vda,2.20,0.00,0.01,0,0
vda,13.60,0.00,0.05,0,0
vda,9.80,0.00,0.04,0,0
vda,0.00,0.00,0.00,0,0
vda,3.20,0.00,0.02,0,0
vda,1.80,0.00,0.01,0,0
vda,41.80,0.00,0.17,0,0
vda,1.80,0.00,0.01,0,0
vda,2.80,0.00,0.01,0,0
vda,1.40,0.00,0.01,0,0
vda,2.00,0.00,0.01,0,0
vda,1.20,0.00,0.00,0,0
vda,1.80,0.00,0.01,0,0
vda,46.20,0.00,0.18,0,0
vda,2.20,0.00,0.01,0,0
vda,8.20,0.00,0.03,0,0
vda,0.80,0.00,0.00,0,0
vda,2.20,0.00,0.01,0,0
vda,2.80,0.00,0.01,0,0
vda,3.00,0.00,0.01,0,0
vda,1.40,0.00,0.01,0,0
vda,18.00,0.00,0.07,0,0
vda,34.40,0.00,0.14,0,0
vda,2.20,0.00,0.01,0,0
vda,8.80,0.00,0.04,0,0
vda,1.60,0.00,0.01,0,0
vda,1.80,0.00,0.01,0,0
vda,3.40,0.00,0.02,0,0
vda,13.60,0.00,0.05,0,0
vda,0.00,0.00,0.00,0,0
vda,1.60,0.00,0.01,0,0
vda,36.60,0.00,0.14,0,0
vda,1.20,0.00,0.00,0,0
vda,7.00,0.00,0.03,0,0
vda,3.20,0.00,0.01,0,0
vda,19.00,0.00,0.07,0,0
vda,1.60,0.00,0.01,0,0
vda,3.80,0.00,0.01,0,0
vda,1.60,0.00,0.01,0,0
vda,0.00,0.00,0.00,0,0
vda,23.60,0.00,0.09,0,0
vda,2.80,0.00,0.01,0,0
vda,2.40,0.00,0.01,0,0
vda,36.60,0.00,0.15,0,0
vda,2.00,0.00,0.01,0,0
vda,1.20,0.00,0.00,0,0
vda,1.20,0.00,0.00,0,0
vda,3.20,0.00,0.01,0,0
vda,3.80,0.00,0.02,0,0
vda,47.00,0.00,0.18,0,0
vda,13.60,0.00,0.05,0,0
vda,0.00,0.00,0.00,0,0
vda,43.60,0.45,0.04,2,0
vda,32.60,0.00,0.17,0,0
vda,9.20,0.00,0.05,0,0
vda,4.79,0.00,0.02,0,0
vda,52.80,0.00,0.21,0,1
vda,0.00,0.00,0.00,0,0
vda,0.60,0.00,0.00,0,0
vda,2.40,0.00,0.01,0,0
vda,1.80,0.00,0.01,0,0
vda,9.20,0.00,0.04,0,0
vda,2.60,0.00,0.01,0,0
vda,13.00,0.00,0.05,0,0
vda,4.20,0.00,0.02,0,0
vda,35.60,0.00,0.14,0,0
vda,0.40,0.00,0.00,0,0
vda,0.80,0.00,0.00,0,0
vda,12.80,0.00,0.06,0,0
vda,1.40,0.00,0.01,0,0
vda,40.40,0.00,0.16,0,0
vda,2.40,0.00,0.01,0,0
vda,1.20,0.00,0.00,0,0
vda,3.40,0.00,0.01,0,0
vda,2.00,0.00,0.01,0,0
vda,43.60,0.00,0.18,0,0
vda,0.00,0.00,0.00,0,0
vda,2.20,0.00,0.01,0,0
vda,1.20,0.00,0.00,0,0
vda,52.00,0.00,0.21,0,1
vda,2.60,0.00,0.01,0,0
vda,1.20,0.00,0.00,0,0
vda,0.00,0.00,0.00,0,0
vda,4.20,0.00,0.02,0,0
vda,1.00,0.00,0.00,0,0
vda,0.40,0.00,0.00,0,0
vda,26.40,0.00,0.11,0,0
vda,13.00,0.00,0.05,0,0
vda,0.60,0.00,0.00,0,0
vda,9.40,0.00,0.04,0,0
vda,1.20,0.00,0.00,0,0
vda,1.00,0.00,0.00,0,0
vda,2.40,0.00,0.01,0,0
vda,2.60,0.00,0.01,0,0
vda,22.00,0.00,0.09,0,0
vda,36.00,0.00,0.14,0,0
vda,1.20,0.00,0.00,0,0
vda,0.00,0.00,0.00,0,0
vda,2.20,0.00,0.01,0,0
vda,1.20,0.00,0.00,0,0
vda,44.60,0.00,0.18,0,0
vda,2.80,0.00,0.01,0,0
