7956988.0,76028.0,1768.0
7638885.6,139237.6,2620.8
7161732.0,234052.0,3900.0
6843467.2,294485.33333,3929.8666667
6479736.0,363552.0,3964.0
6479736.0,363552.0,3964.0
6479736.0,363552.0,3964.0
6479736.0,363552.0,3964.0
6479736.0,363552.0,3964.0
6479736.0,363552.0,3964.0
6479736.0,363552.0,3964.0
6479736.0,363552.0,3964.0
6479736.0,363552.0,3964.0
6479736.0,363552.0,3964.0
6333528.0,363564.8,4060.0
6114216.0,363584.0,4204.0
6114216.0,363584.0,4204.0
6113389.0667,363585.86667,4233.8666667
6112444.0,363588.0,4268.0
6112444.0,363588.0,4268.0
6112444.0,363588.0,4268.0
6112444.0,363588.0,4268.0
6112444.0,363588.0,4268.0
6112444.0,363588.0,4268.0
6112444.0,363588.0,4268.0
6107646.6667,363959.46667,4419.2
6102164.0,364384.0,4592.0
6101109.3333,364385.86667,4621.8666667
6099904.0,364388.0,4656.0
6099904.0,364388.0,4656.0
6099064.0,364384.26667,4689.6
6098104.0,364380.0,4728.0
6098104.0,364380.0,4728.0
6098104.0,364380.0,4728.0
6098104.0,364380.0,4728.0
6098104.0,364380.0,4728.0
6098104.0,364380.0,4728.0
6098104.0,364380.0,4728.0
6098104.0,364380.0,4728.0
6098104.0,364380.0,4728.0
6098104.0,364380.0,4728.0
6098104.0,364380.0,4728.0
6097969.6,364396.0,4804.8
6097768.0,364420.0,4920.0
6097768.0,364420.0,4920.0
6097768.0,364420.0,4920.0
6097768.0,364420.0,4920.0
6097768.0,364420.0,4920.0
6097768.0,364420.0,4920.0
6097768.0,364420.0,4920.0
6097768.0,364420.0,4920.0
6097768.0,364420.0,4920.0
6097768.0,364420.0,4920.0
6097768.0,364420.0,4920.0
6097593.6,364455.2,5035.2
6097332.0,364508.0,5208.0
6097332.0,364508.0,5208.0
6097332.0,364508.0,5208.0
6097332.0,364508.0,5208.0
6094064.8,364519.2,5256.0
6089164.0,364536.0,5328.0
6089164.0,364536.0,5328.0
6088730.4,364532.8,5353.6
6088080.0,364528.0,5392.0
6088080.0,364528.0,5392.0
6088080.0,364528.0,5392.0
6088080.0,364528.0,5392.0
6088080.0,364528.0,5392.0
6088080.0,364528.0,5392.0
6088080.0,364528.0,5392.0
6087998.6667,364605.33333,5452.0
6087836.0,364760.0,5572.0
6087836.0,364760.0,5572.0
6087836.0,364760.0,5572.0
6087836.0,364760.0,5572.0
6087836.0,364760.0,5572.0
6087836.0,364760.0,5572.0
6087836.0,364760.0,5572.0
6087836.0,364760.0,5572.0
6087836.0,364760.0,5572.0
6087836.0,364760.0,5572.0
6087836.0,364760.0,5572.0
6087774.1333,364765.33333,5633.8666667
6069623.2,364782.13333,5816.8
6020176.0,364788.0,5852.0
6020176.0,364788.0,5852.0
6019563.7333,364790.13333,5869.0666667
6017880.0,364796.0,5916.0
6017880.0,364796.0,5916.0
6017880.0,364796.0,5916.0
6017880.0,364796.0,5916.0
6017880.0,364796.0,5916.0
6017880.0,364796.0,5916.0
6017880.0,364796.0,5916.0
6017880.0,364796.0,5916.0
6017880.0,364796.0,5916.0
6017880.0,364796.0,5916.0
6017880.0,364796.0,5916.0
6017855.4667,364799.73333,5949.0666667
6017696.0,364824.0,6164.0
6017696.0,364824.0,6164.0
6017696.0,364824.0,6164.0
6017696.0,364824.0,6164.0
6014380.0,366880.0,6660.0
6014380.0,366880.0,6660.0
6005272.0,366888.0,6724.0
6005272.0,366888.0,6724.0
6005176.5333,366887.2,6728.8
6003840.0,366876.0,6796.0
6003840.0,366876.0,6796.0
6003840.0,366876.0,6796.0
6003840.0,366876.0,6796.0
6003840.0,366876.0,6796.0
6003840.0,366876.0,6796.0
6003840.0,366876.0,6796.0
6114717.3333,366438.4,6808.8
7667000.0,360312.0,6988.0
