7987384.0,46512.0,2016.0
7987384.0,46512.0,2016.0
7795496.0,78084.266667,2251.7333333
6548224.0,283304.0,3784.0
6548224.0,283304.0,3784.0
6547740.0,283304.0,3795.2
6545804.0,283304.0,3840.0
6545804.0,283304.0,3840.0
6545804.0,283304.0,3840.0
6545804.0,283304.0,3840.0
6545804.0,283304.0,3840.0
6545804.0,283304.0,3840.0
6545804.0,283304.0,3840.0
6545804.0,283304.0,3840.0
6545804.0,283304.0,3840.0
6545804.0,283304.0,3840.0
6545804.0,283304.0,3840.0
6545893.6,283320.0,3889.6
6545984.8,283386.4,4102.4
6544916.0,283396.0,4160.0
6544916.0,283396.0,4160.0
6544916.0,283396.0,4160.0
6544916.0,283396.0,4160.0
6544916.0,283396.0,4160.0
6544916.0,283396.0,4160.0
6544916.0,283396.0,4160.0
6544916.0,283396.0,4160.0
6544916.0,283396.0,4160.0
6544916.0,283396.0,4160.0
6544916.0,283396.0,4160.0
6544676.0,283402.4,4219.7333333
6538443.7333,283420.0,4401.0666667
6523120.0,283420.0,4448.0
6523120.0,283420.0,4448.0
6523120.0,283420.0,4448.0
6523120.0,283420.0,4448.0
6523120.0,283420.0,4448.0
6523120.0,283420.0,4448.0
6523120.0,283420.0,4448.0
6523120.0,283420.0,4448.0
6523120.0,283420.0,4448.0
6523120.0,283420.0,4448.0
6523120.0,283420.0,4448.0
6522739.2,283637.6,4551.4666667
6521692.0,284236.0,4836.0
