vda,28.80,0.11,0.01,0,0
vda,34.80,0.14,0.00,0,0
vda,39.00,0.00,0.16,0,0
vda,1.60,0.00,0.01,0,0
vda,2.40,0.00,0.01,0,0
vda,0.00,0.00,0.00,0,0
vda,281.60,6.77,0.17,33,0
vda,101.60,12.68,0.00,63,0
vda,87.20,10.65,0.01,53,0
vda,100.20,12.38,0.00,61,0
vda,81.20,8.02,0.00,40,0
vda,127.00,15.60,0.01,78,0
vda,74.20,9.10,0.01,45,0
vda,133.80,12.80,1.40,64,7
vda,140.40,12.95,0.15,64,0
vda,111.00,13.55,0.01,67,0
vda,24.60,2.75,0.01,13,0
vda,96.40,12.05,0.00,60,0
vda,113.40,14.03,0.00,70,0
vda,76.20,8.90,0.02,44,0
vda,22.80,0.00,0.10,0,0
vda,0.00,0.00,0.00,0,0
vda,31.40,0.18,0.01,0,0
vda,46.80,0.00,0.19,0,0
vda,0.00,0.00,0.00,0,0
vda,0.80,0.00,0.01,0,0
vda,59.60,0.00,0.25,0,1
vda,4.00,0.00,0.02,0,0
vda,0.00,0.00,0.00,0,0
vda,43.40,0.00,0.18,0,0
vda,1.80,0.00,0.01,0,0
vda,0.40,0.00,0.00,0,0
vda,36.60,0.00,0.15,0,0
vda,1.40,0.00,0.01,0,0
vda,3.00,0.00,0.01,0,0
vda,53.60,0.00,0.22,0,1
vda,6.80,0.00,0.03,0,0
vda,0.80,0.00,0.00,0,0
vda,34.20,0.00,0.14,0,0
vda,3.00,0.00,0.01,0,0
vda,1.60,0.00,0.00,0,0
vda,35.80,0.00,0.15,0,0
vda,0.00,0.00,0.00,0,0
vda,0.60,0.00,0.00,0,0
vda,44.00,0.00,0.18,0,0
vda,1.60,0.00,0.01,0,0
vda,0.20,0.00,0.00,0,0
vda,60.20,0.00,0.25,0,1
vda,1.40,0.00,0.01,0,0
vda,0.60,0.00,0.00,0,0
vda,36.00,0.00,0.15,0,0
vda,1.40,0.00,0.01,0,0
vda,11.80,0.00,0.05,0,0
vda,1.40,0.00,0.01,0,0
vda,30.80,0.00,0.13,0,0
vda,2.20,0.00,0.01,0,0
vda,2.00,0.00,0.01,0,0
vda,43.40,0.00,0.18,0,0
vda,0.00,0.00,0.00,0,0
vda,2.20,0.00,0.01,0,0
vda,53.00,0.00,0.21,0,1
vda,0.00,0.00,0.00,0,0
vda,1.20,0.00,0.00,0,0
vda,36.40,0.00,0.15,0,0
vda,2.20,0.00,0.01,0,0
vda,2.00,0.00,0.01,0,0
vda,1.20,0.00,0.00,0,0
vda,43.40,0.00,0.18,0,0
vda,0.00,0.00,0.00,0,0
vda,2.40,0.00,0.01,0,0
vda,39.40,0.00,0.16,0,0
vda,2.40,0.00,0.01,0,0
vda,1.20,0.00,0.00,0,0
vda,47.00,0.00,0.19,0,0
vda,2.40,0.00,0.01,0,0
vda,1.60,0.00,0.01,0,0
vda,0.00,0.00,0.00,0,0
vda,2.20,0.00,0.01,0,0
vda,1.20,0.00,0.00,0,0
vda,1.00,0.00,0.00,0,0
vda,31.40,0.00,0.13,0,0
vda,13.60,0.00,0.05,0,0
vda,2.40,0.00,0.01,0,0
vda,0.00,0.00,0.00,0,0
vda,3.80,0.00,0.01,0,0
vda,2.20,0.00,0.01,0,0
vda,0.00,0.00,0.00,0,0
vda,4.00,0.00,0.02,0,0
vda,18.60,0.00,0.07,0,0
vda,41.80,0.00,0.17,0,0
vda,1.20,0.00,0.00,0,0
vda,0.40,0.00,0.00,0,0
vda,2.40,0.00,0.01,0,0
vda,2.00,0.00,0.01,0,0
vda,2.00,0.00,0.01,0,0
vda,1.60,0.00,0.01,0,0
vda,19.20,0.00,0.08,0,0
vda,1.00,0.00,0.00,0,0
vda,35.40,0.00,0.14,0,0
vda,8.40,0.00,0.03,0,0
vda,1.40,0.00,0.00,0,0
vda,0.20,0.00,0.00,0,0
vda,4.80,0.00,0.02,0,0
vda,13.20,0.00,0.05,0,0
vda,1.80,0.00,0.01,0,0
vda,1.20,0.00,0.00,0,0
vda,0.00,0.00,0.00,0,0
vda,34.00,0.00,0.14,0,0
vda,11.00,0.00,0.05,0,0
vda,1.40,0.00,0.00,0,0
vda,1.40,0.00,0.01,0,0
vda,21.00,0.00,0.08,0,0
vda,1.60,0.00,0.01,0,0
vda,0.00,0.00,0.00,0,0
vda,2.20,0.00,0.01,0,0
vda,2.20,0.00,0.01,0,0
vda,23.00,0.00,0.09,0,0
vda,9.20,0.00,0.04,0,0
vda,17.60,0.00,0.07,0,0
vda,1.20,0.00,0.00,0,0
vda,2.20,0.00,0.01,0,0
vda,2.60,0.00,0.01,0,0
vda,3.80,0.00,0.02,0,0
vda,0.00,0.00,0.00,0,0
vda,1.20,0.00,0.00,0,0
vda,33.60,0.00,0.14,0,0
vda,13.60,0.00,0.05,0,0
vda,8.80,0.00,0.04,0,0
vda,1.00,0.00,0.00,0,0
vda,3.60,0.00,0.02,0,0
vda,1.40,0.00,0.01,0,0
vda,1.80,0.00,0.01,0,0
vda,2.60,0.00,0.01,0,0
vda,18.80,0.00,0.07,0,0
vda,32.60,0.00,0.13,0,0
vda,2.20,0.00,0.01,0,0
vda,21.40,0.00,0.09,0,0
vda,0.00,0.00,0.00,0,0
vda,2.20,0.00,0.01,0,0
vda,1.20,0.00,0.00,0,0
vda,0.00,0.00,0.00,0,0
vda,4.40,0.00,0.02,0,0
vda,2.00,0.00,0.01,0,0
vda,71.40,0.00,0.28,0,1
vda,13.00,0.00,0.06,0,0
vda,1.20,0.00,0.00,0,0
vda,0.00,0.00,0.00,0,0
vda,2.60,0.00,0.01,0,0
vda,1.60,0.00,0.01,0,0
vda,5.20,0.00,0.03,0,0
vda,1.60,0.00,0.01,0,0
vda,12.80,0.00,0.05,0,0
vda,37.20,0.00,0.15,0,0
vda,1.20,0.00,0.00,0,0
vda,1.20,0.00,0.00,0,0
vda,49.00,0.00,0.20,0,0
vda,3.80,0.00,0.02,0,0
vda,1.20,0.00,0.00,0,0
vda,33.00,0.00,0.13,0,0
vda,3.60,0.00,0.01,0,0
vda,1.60,0.00,0.01,0,0
vda,0.20,0.00,0.00,0,0
vda,43.40,0.00,0.18,0,0
vda,1.40,0.00,0.01,0,0
vda,0.60,0.00,0.00,0,0
vda,2.20,0.00,0.01,0,0
vda,1.20,0.00,0.00,0,0
vda,0.80,0.00,0.00,0,0
vda,2.60,0.00,0.01,0,0
vda,19.40,0.00,0.08,0,0
vda,36.20,0.00,0.15,0,0
vda,2.00,0.00,0.01,0,0
vda,1.20,0.00,0.00,0,0
vda,0.00,0.00,0.00,0,0
vda,43.80,0.00,0.18,0,0
vda,2.20,0.00,0.01,0,0
vda,0.60,0.00,0.00,0,0
vda,2.20,0.00,0.01,0,0
vda,1.20,0.00,0.00,0,0
vda,0.60,0.00,0.00,0,0
vda,4.80,0.00,0.02,0,0
vda,2.80,0.00,0.02,0,0
vda,49.80,0.00,0.20,0,0
vda,2.40,0.00,0.01,0,0
vda,1.20,0.00,0.00,0,0
vda,0.60,0.00,0.00,0,0
vda,9.80,0.00,0.04,0,0
vda,1.40,0.00,0.01,0,0
vda,1.40,0.00,0.01,0,0
vda,19.20,0.00,0.07,0,0
vda,2.60,0.00,0.01,0,0
vda,34.80,0.00,0.14,0,0
vda,2.60,0.00,0.01,0,0
vda,1.00,0.00,0.00,0,0
vda,2.20,0.00,0.01,0,0
vda,41.20,0.00,0.17,0,0
vda,1.60,0.00,0.01,0,0
vda,0.60,0.00,0.00,0,0
vda,2.20,0.00,0.01,0,0
vda,2.40,0.00,0.01,0,0
vda,2.60,0.00,0.01,0,0
vda,0.80,0.00,0.00,0,0
vda,3.40,0.00,0.02,0,0
vda,51.60,0.00,0.21,0,1
vda,1.60,0.00,0.01,0,0
vda,8.60,0.00,0.04,0,0
vda,1.40,0.00,0.01,0,0
vda,2.00,0.00,0.01,0,0
vda,2.60,0.00,0.01,0,0
vda,13.20,0.00,0.06,0,0
vda,12.40,0.00,0.05,0,0
vda,0.00,0.00,0.00,0,0
vda,22.40,0.00,0.09,0,0
vda,1.60,0.00,0.01,0,0
vda,1.60,0.00,0.01,0,0
vda,1.40,0.00,0.01,0,0
vda,1.80,0.00,0.01,0,0
vda,21.60,0.00,0.09,0,0
vda,0.20,0.00,0.00,0,0
vda,2.00,0.00,0.01,0,0
vda,1.60,0.00,0.01,0,0
vda,34.60,0.00,0.14,0,0
vda,2.20,0.00,0.01,0,0
vda,7.40,0.00,0.03,0,0
vda,2.40,0.00,0.01,0,0
vda,18.60,0.00,0.07,0,0
vda,1.60,0.00,0.01,0,0
vda,1.40,0.00,0.01,0,0
vda,3.60,0.00,0.01,0,0
vda,1.00,0.00,0.00,0,0
vda,35.40,0.00,0.14,0,0
vda,3.60,0.00,0.01,0,0
vda,11.60,0.00,0.05,0,0
vda,1.40,0.00,0.01,0,0
vda,9.20,0.00,0.04,0,0
vda,1.40,0.00,0.01,0,0
vda,1.20,0.00,0.00,0,0
vda,4.40,0.00,0.02,0,0
vda,1.60,0.00,0.01,0,0
vda,35.00,0.00,0.14,0,0
vda,18.60,0.00,0.07,0,0
vda,1.20,0.00,0.00,0,0
vda,1.40,0.00,0.00,0,0
vda,8.80,0.00,0.04,0,0
vda,1.80,0.00,0.01,0,0
vda,2.00,0.00,0.01,0,0
vda,3.40,0.00,0.01,0,0
vda,12.20,0.00,0.05,0,0
vda,24.20,0.00,0.10,0,0
vda,0.00,0.00,0.00,0,0
vda,1.40,0.00,0.01,0,0
vda,8.80,0.00,0.04,0,0
vda,3.20,0.00,0.02,0,0
vda,1.20,0.00,0.00,0,0
vda,2.40,0.00,0.01,0,0
vda,19.00,0.00,0.07,0,0
vda,1.40,0.00,0.01,0,0
vda,36.00,0.00,0.14,0,0
vda,2.20,0.00,0.01,0,0
vda,1.40,0.00,0.01,0,0
vda,8.20,0.00,0.03,0,0
vda,2.60,0.00,0.01,0,0
vda,24.40,0.00,0.10,0,0
vda,2.20,0.00,0.01,0,0
vda,2.40,0.00,0.01,0,0
vda,28.20,0.00,0.12,0,0
vda,33.20,0.00,0.14,0,0
vda,12.00,0.00,0.05,0,0
vda,3.00,0.00,0.01,0,0
vda,1.20,0.00,0.00,0,0
vda,0.80,0.00,0.00,0,0
vda,2.20,0.00,0.01,0,0
vda,1.40,0.00,0.01,0,0
vda,24.00,0.00,0.10,0,0
vda,20.80,0.00,0.08,0,0
vda,1.60,0.00,0.01,0,0
vda,0.00,0.00,0.00,0,0
vda,55.40,0.00,0.22,0,1
vda,3.20,0.00,0.01,0,0
vda,0.00,0.00,0.00,0,0
vda,2.20,0.00,0.01,0,0
vda,1.20,0.00,0.00,0,0
vda,0.20,0.00,0.00,0,0
vda,4.20,0.00,0.02,0,0
vda,17.80,0.00,0.08,0,0
vda,2.80,0.00,0.01,0,0
vda,36.60,0.00,0.15,0,0
vda,1.20,0.00,0.00,0,0
vda,0.60,0.00,0.00,0,0
vda,2.60,0.00,0.01,0,0
vda,47.60,0.00,0.19,0,0
vda,1.80,0.00,0.01,0,0
vda,2.20,0.00,0.01,0,0
vda,1.60,0.00,0.01,0,0
vda,1.00,0.00,0.00,0,0
vda,2.60,0.00,0.01,0,0
vda,1.80,0.00,0.01,0,0
vda,2.00,0.00,0.01,0,0
vda,52.40,0.00,0.21,0,1
vda,1.20,0.00,0.00,0,0
vda,7.00,0.00,0.03,0,0
vda,2.40,0.00,0.01,0,0
vda,3.20,0.00,0.01,0,0
vda,2.60,0.00,0.01,0,0
vda,0.20,0.00,0.00,0,0
vda,14.00,0.00,0.06,0,0
vda,0.80,0.00,0.00,0,0
vda,23.80,0.00,0.10,0,0
vda,1.60,0.00,0.01,0,0
vda,8.20,0.00,0.03,0,0
vda,2.40,0.00,0.01,0,0
vda,1.40,0.00,0.01,0,0
vda,0.60,0.00,0.00,0,0
vda,22.40,0.00,0.09,0,0
vda,2.20,0.00,0.01,0,0
vda,0.20,0.00,0.00,0,0
vda,35.40,0.00,0.14,0,0
vda,1.20,0.00,0.00,0,0
vda,1.20,0.00,0.00,0,0
vda,9.80,0.00,0.04,0,0
vda,14.60,0.00,0.06,0,0
vda,0.80,0.00,0.00,0,0
vda,2.20,0.00,0.01,0,0
vda,3.40,0.00,0.01,0,0
vda,1.00,0.00,0.00,0,0
vda,35.60,0.00,0.14,0,0
vda,1.80,0.00,0.01,0,0
vda,1.80,0.00,0.01,0,0
vda,19.20,0.00,0.07,0,0
vda,8.20,0.00,0.03,0,0
vda,0.80,0.00,0.00,0,0
vda,4.20,0.00,0.02,0,0
vda,1.80,0.00,0.01,0,0
vda,0.40,0.00,0.00,0,0
vda,36.80,0.00,0.15,0,0
vda,18.20,0.00,0.07,0,0
vda,0.80,0.00,0.00,0,0
vda,2.20,0.00,0.01,0,0
vda,8.80,0.00,0.04,0,0
vda,1.40,0.00,0.00,0,0
vda,2.40,0.00,0.01,0,0
vda,37.20,0.00,0.15,0,0
vda,0.00,0.00,0.00,0,0
vda,11.20,0.00,0.04,0,0
vda,0.20,0.00,0.00,0,0
vda,0.80,0.00,0.00,0,0
vda,2.20,0.00,0.01,0,0
vda,1.80,0.00,0.01,0,0
vda,1.60,0.00,0.01,0,0
vda,54.80,0.00,0.22,0,1
vda,1.40,0.00,0.01,0,0
vda,1.60,0.00,0.01,0,0
vda,2.20,0.00,0.01,0,0
vda,0.40,0.00,0.00,0,0
vda,0.80,0.00,0.00,0,0
vda,3.80,0.00,0.01,0,0
vda,19.80,0.00,0.08,0,0
vda,0.00,0.00,0.00,0,0
vda,34.60,0.00,0.14,0,0
vda,2.60,0.00,0.01,0,0
vda,2.80,0.00,0.01,0,0
vda,1.00,0.00,0.00,0,0
vda,2.80,0.00,0.01,0,0
vda,18.40,0.00,0.07,0,0
vda,2.20,0.00,0.01,0,0
vda,0.40,0.00,0.00,0,0
vda,0.80,0.00,0.00,0,0
vda,31.20,0.00,0.13,0,0
vda,2.20,0.00,0.01,0,0
vda,2.80,0.00,0.01,0,0
vda,2.60,0.00,0.01,0,0
vda,17.40,0.00,0.07,0,0
vda,0.80,0.00,0.00,0,0
vda,2.20,0.00,0.01,0,0
vda,1.20,0.00,0.00,0,0
vda,0.60,0.00,0.00,0,0
vda,44.20,0.00,0.18,0,0
vda,2.40,0.00,0.01,0,0
vda,14.60,0.00,0.06,0,0
vda,2.00,0.00,0.01,0,0
vda,1.20,0.00,0.00,0,0
vda,0.00,0.00,0.00,0,0
vda,3.00,0.00,0.01,0,0
vda,3.40,0.00,0.02,0,0
vda,1.00,0.00,0.00,0,0
vda,59.00,0.00,0.24,0,1
vda,24.20,0.00,0.09,0,0
vda,1.20,0.00,0.00,0,0
vda,4.40,0.00,0.02,0,0
vda,1.60,0.00,0.01,0,0
vda,0.60,0.00,0.00,0,0
vda,4.40,0.00,0.02,0,0
vda,1.20,0.00,0.00,0,0
vda,51.00,0.45,0.07,2,0
vda,68.40,0.00,0.31,0,1
vda,1.40,0.00,0.01,0,0
vda,0.60,0.00,0.00,0,0
vda,2.60,0.00,0.01,0,0
vda,4.00,0.00,0.02,0,0
vda,1.60,0.00,0.01,0,0
vda,3.00,0.00,0.01,0,0
vda,12.40,0.00,0.05,0,0
vda,0.40,0.00,0.00,0,0
vda,23.20,0.00,0.09,0,0
vda,9.60,0.00,0.04,0,0
vda,3.20,0.00,0.02,0,0
vda,1.60,0.00,0.01,0,0
vda,2.20,0.00,0.01,0,0
vda,19.60,0.00,0.08,0,0
vda,10.80,0.00,0.04,0,0
vda,0.20,0.00,0.00,0,0
vda,0.80,0.00,0.00,0,0
vda,36.60,0.00,0.15,0,0
vda,1.20,0.00,0.00,0,0
vda,0.40,0.00,0.00,0,0
vda,1.40,0.00,0.01,0,0
vda,13.40,0.00,0.05,0,0
vda,1.20,0.00,0.00,0,0
vda,3.40,0.00,0.01,0,0
vda,2.20,0.00,0.01,0,0
vda,0.40,0.00,0.00,0,0
vda,34.80,0.00,0.14,0,0
vda,2.20,0.00,0.01,0,0
vda,17.00,0.00,0.07,0,0
vda,8.60,0.00,0.04,0,0
vda,2.60,0.00,0.01,0,0
vda,2.60,0.00,0.01,0,0
vda,1.80,0.00,0.01,0,0
vda,1.20,0.00,0.00,0,0
vda,2.20,0.00,0.01,0,0
vda,33.40,0.00,0.13,0,0
vda,19.80,0.00,0.08,0,0
vda,2.60,0.00,0.01,0,0
vda,3.20,0.00,0.01,0,0
vda,0.00,0.00,0.00,0,0
vda,1.20,0.00,0.00,0,0
vda,9.40,0.00,0.04,0,0
vda,0.00,0.00,0.00,0,0
vda,14.80,0.00,0.06,0,0
vda,22.20,0.00,0.09,0,0
vda,3.20,0.00,0.02,0,0
vda,1.20,0.00,0.00,0,0
vda,2.20,0.00,0.01,0,0
vda,0.00,0.00,0.00,0,0
vda,1.60,0.00,0.01,0,0
vda,26.60,0.00,0.11,0,0
vda,1.40,0.00,0.01,0,0
vda,0.60,0.00,0.01,0,0
vda,37.80,0.00,0.15,0,0
vda,1.60,0.00,0.01,0,0
vda,0.80,0.00,0.00,0,0
vda,1.40,0.00,0.01,0,0
vda,13.00,0.00,0.05,0,0
vda,1.40,0.00,0.01,0,0
vda,10.00,0.00,0.04,0,0
vda,2.60,0.00,0.01,0,0
vda,2.20,0.00,0.01,0,0
vda,36.00,0.00,0.14,0,0
vda,0.00,0.00,0.00,0,0
vda,1.20,0.00,0.00,0,0
vda,18.80,0.00,0.07,0,0
vda,3.80,0.00,0.02,0,0
vda,8.40,0.00,0.04,0,0
vda,2.40,0.00,0.01,0,0
vda,2.00,0.00,0.01,0,0
vda,1.20,0.00,0.00,0,0
vda,35.60,0.00,0.14,0,0
vda,17.40,0.00,0.07,0,0
vda,2.80,0.00,0.02,0,0
vda,1.40,0.00,0.01,0,0
vda,8.60,0.00,0.04,0,0
vda,1.40,0.00,0.01,0,0
vda,1.20,0.00,0.00,0,0
vda,1.60,0.00,0.01,0,0
vda,1.40,0.00,0.01,0,0
vda,38.20,0.00,0.16,0,0
vda,1.80,0.00,0.01,0,0
vda,0.00,0.00,0.00,0,0
vda,10.60,0.00,0.04,0,0
vda,1.20,0.00,0.00,0,0
vda,0.00,0.00,0.00,0,0
vda,1.80,0.00,0.01,0,0
vda,20.80,0.00,0.09,0,0
vda,0.60,0.00,0.00,0,0
vda,37.60,0.00,0.15,0,0
vda,1.60,0.00,0.01,0,0
vda,0.00,0.00,0.00,0,0
vda,1.60,0.00,0.01,0,0
vda,2.80,0.00,0.01,0,0
vda,18.40,0.00,0.07,0,0
vda,9.80,0.00,0.04,0,0
vda,2.20,0.00,0.01,0,0
vda,0.60,0.00,0.00,0,0
vda,37.00,0.00,0.15,0,0
vda,1.80,0.00,0.01,0,0
vda,0.20,0.00,0.00,0,0
vda,1.20,0.00,0.00,0,0
vda,15.20,0.00,0.06,0,0
vda,1.20,0.00,0.00,0,0
vda,7.40,0.00,0.03,0,0
vda,2.60,0.00,0.01,0,0
vda,0.20,0.00,0.00,0,0
vda,47.40,0.00,0.19,0,0
vda,3.00,0.00,0.01,0,0
vda,23.80,0.00,0.09,0,0
vda,4.40,0.00,0.02,0,0
vda,1.40,0.00,0.01,0,0
vda,11.80,0.00,0.05,0,0
vda,2.00,0.00,0.01,0,0
vda,2.40,0.00,0.01,0,0
vda,1.40,0.00,0.00,0,0
vda,22.00,0.00,0.09,0,0
vda,15.00,0.00,0.06,0,0
vda,2.60,0.00,0.01,0,0
vda,2.20,0.00,0.01,0,0
vda,1.20,0.00,0.00,0,0
vda,0.40,0.00,0.00,0,0
vda,2.20,0.00,0.01,0,0
vda,9.20,0.00,0.04,0,0
vda,18.00,0.00,0.07,0,0
vda,36.40,0.00,0.14,0,0
vda,4.20,0.00,0.02,0,0
vda,1.60,0.00,0.01,0,0
vda,0.60,0.00,0.00,0,0
vda,1.80,0.00,0.01,0,0
vda,1.20,0.00,0.00,0,0
vda,1.20,0.00,0.00,0,0
vda,27.20,0.00,0.11,0,0
vda,1.20,0.00,0.00,0,0
vda,35.00,0.00,0.14,0,0
vda,2.00,0.00,0.01,0,0
vda,3.20,0.00,0.01,0,0
vda,2.60,0.00,0.01,0,0
vda,0.00,0.00,0.00,0,0
vda,14.00,0.00,0.06,0,0
vda,1.80,0.00,0.01,0,0
vda,8.80,0.00,0.04,0,0
vda,1.40,0.00,0.01,0,0
vda,34.80,0.00,0.14,0,0
vda,2.20,0.00,0.01,0,0
vda,0.60,0.00,0.00,0,0
vda,3.60,0.00,0.02,0,0
vda,20.00,0.00,0.08,0,0
vda,1.20,0.00,0.00,0,0
vda,9.00,0.00,0.04,0,0
vda,2.80,0.00,0.01,0,0
vda,0.00,0.00,0.00,0,0
vda,23.40,0.00,0.09,0,0
vda,4.00,0.00,0.02,0,0
vda,28.20,0.00,0.11,0,0
vda,2.00,0.00,0.01,0,0
vda,0.00,0.00,0.00,0,0
vda,1.20,0.00,0.00,0,0
vda,1.40,0.00,0.01,0,0
vda,1.60,0.00,0.01,0,0
vda,1.60,0.00,0.01,0,0
vda,42.20,0.00,0.17,0,0
vda,13.00,0.00,0.05,0,0
vda,1.40,0.00,0.00,0,0
vda,2.20,0.00,0.01,0,0
vda,2.00,0.00,0.01,0,0
vda,2.00,0.00,0.01,0,0
vda,2.00,0.00,0.01,0,0
vda,1.20,0.00,0.01,0,0
vda,18.40,0.00,0.07,0,0
vda,34.80,0.00,0.14,0,0
vda,9.20,0.00,0.04,0,0
vda,1.60,0.00,0.01,0,0
vda,2.20,0.00,0.01,0,0
vda,1.20,0.00,0.00,0,0
vda,2.60,0.00,0.01,0,0
vda,2.60,0.00,0.01,0,0
vda,11.40,0.00,0.04,0,0
vda,1.20,0.00,0.00,0,0
vda,36.00,0.00,0.14,0,0
vda,1.20,0.00,0.00,0,0
vda,7.00,0.00,0.03,0,0
vda,3.00,0.00,0.01,0,0
vda,2.80,0.00,0.01,0,0
vda,17.60,0.00,0.07,0,0
vda,3.80,0.00,0.01,0,0
vda,1.60,0.00,0.01,0,0
vda,0.00,0.00,0.00,0,0
vda,24.00,0.00,0.10,0,0
vda,3.00,0.00,0.02,0,0
vda,1.00,0.00,0.00,0,0
vda,26.80,0.00,0.11,0,0
vda,1.20,0.00,0.00,0,0
vda,0.00,0.00,0.00,0,0
vda,3.00,0.00,0.01,0,0
vda,2.60,0.00,0.01,0,0
vda,2.00,0.00,0.01,0,0
vda,35.20,0.00,0.14,0,0
vda,2.20,0.00,0.01,0,0
vda,18.60,0.00,0.07,0,0
vda,1.60,0.00,0.01,0,0
vda,2.20,0.00,0.01,0,0
vda,0.40,0.00,0.00,0,0
vda,2.20,0.00,0.01,0,0
vda,61.60,0.00,0.24,0,1
vda,2.40,0.00,0.01,0,0
vda,0.00,0.00,0.00,0,0
vda,37.20,0.00,0.15,0,0
vda,2.00,0.00,0.01,0,0
vda,0.40,0.00,0.00,0,0
vda,37.60,0.00,0.15,0,0
vda,1.40,0.00,0.01,0,0
vda,34.20,0.00,0.14,0,0
vda,3.60,0.00,0.01,0,0
vda,9.60,0.00,0.04,0,0
vda,0.20,0.00,0.00,0,0
vda,54.80,0.00,0.22,0,1
vda,0.80,0.00,0.00,0,0
vda,1.20,0.00,0.00,0,0
vda,37.00,0.00,0.15,0,0
vda,0.00,0.00,0.00,0,0
vda,1.40,0.00,0.01,0,0
vda,4.40,0.00,0.02,0,0
vda,28.80,0.00,0.12,0,0
vda,15.40,0.00,0.06,0,0
vda,19.40,0.00,0.08,0,0
vda,13.20,0.00,0.06,0,0
vda,2.00,0.00,0.01,0,0
vda,2.20,0.00,0.01,0,0
vda,54.80,0.00,0.22,0,1
vda,24.40,0.00,0.10,0,0
vda,2.20,0.00,0.01,0,0
vda,2.00,0.00,0.01,0,0
vda,43.60,0.00,0.18,0,0
vda,2.20,0.00,0.01,0,0
vda,0.20,0.00,0.00,0,0
vda,36.60,0.00,0.15,0,0
vda,3.00,0.00,0.01,0,0
vda,30.20,0.00,0.12,0,0
vda,1.60,0.00,0.01,0,0
vda,2.20,0.00,0.01,0,0
vda,50.40,0.00,0.20,0,1
vda,5.80,0.00,0.02,0,0
vda,1.60,0.00,0.01,0,0
vda,42.20,0.00,0.17,0,0
vda,1.60,0.00,0.01,0,0
vda,37.00,0.00,0.15,0,0
vda,0.80,0.00,0.00,0,0
vda,1.20,0.00,0.00,0,0
vda,36.60,0.00,0.14,0,0
vda,0.00,0.00,0.00,0,0
vda,1.20,0.00,0.00,0,0
vda,3.60,0.00,0.01,0,0
vda,49.80,0.00,0.20,0,1
vda,11.40,0.00,0.05,0,0
vda,2.20,0.00,0.01,0,0
vda,0.60,0.00,0.00,0,0
vda,1.20,0.00,0.00,0,0
vda,37.20,0.00,0.15,0,0
vda,0.80,0.00,0.00,0,0
vda,1.20,0.00,0.00,0,0
vda,2.20,0.00,0.01,0,0
vda,35.80,0.00,0.15,0,0
vda,4.40,0.00,0.02,0,0
vda,1.60,0.00,0.01,0,0
vda,49.60,0.00,0.20,0,1
vda,12.80,0.00,0.05,0,0
vda,2.20,0.00,0.01,0,0
vda,0.60,0.00,0.00,0,0
vda,1.20,0.00,0.00,0,0
vda,37.40,0.00,0.15,0,0
vda,0.80,0.00,0.00,0,0
vda,2.60,0.00,0.01,0,0
vda,2.60,0.00,0.01,0,0
vda,42.20,0.00,0.17,0,0
vda,1.60,0.00,0.01,0,0
vda,2.20,0.00,0.01,0,0
vda,0.60,0.00,0.00,0,0
vda,1.20,0.00,0.00,0,0
vda,2.20,0.00,0.01,0,0
vda,1.00,0.00,0.00,0,0
vda,19.80,0.00,0.08,0,0
vda,45.80,0.00,0.18,0,0
vda,1.60,0.00,0.01,0,0
vda,0.20,0.00,0.00,0,0
vda,43.60,0.00,0.18,0,0
vda,0.80,0.00,0.00,0,0
vda,1.60,0.00,0.00,0,0
vda,44.80,0.00,0.18,0,0
vda,10.40,0.00,0.04,0,0
vda,3.60,0.00,0.01,0,0
vda,0.00,0.00,0.00,0,0
vda,1.60,0.00,0.01,0,0
vda,2.20,0.00,0.01,0,0
vda,0.40,0.00,0.00,0,0
vda,3.00,0.00,0.02,0,0
vda,13.20,0.00,0.05,0,0
vda,31.20,0.00,0.12,0,0
vda,0.60,0.00,0.00,0,0
vda,1.20,0.00,0.00,0,0
vda,3.20,0.00,0.01,0,0
vda,1.40,0.00,0.01,0,0
vda,3.60,0.00,0.02,0,0
vda,19.40,0.00,0.08,0,0
vda,0.00,0.00,0.00,0,0
vda,1.20,0.00,0.00,0,0
vda,35.60,0.00,0.14,0,0
vda,8.60,0.00,0.04,0,0
vda,1.40,0.00,0.01,0,0
vda,2.20,0.00,0.01,0,0
vda,4.00,0.00,0.02,0,0
vda,18.40,0.00,0.07,0,0
vda,2.80,0.00,0.01,0,0
vda,0.20,0.00,0.00,0,0
vda,1.20,0.00,0.00,0,0
vda,35.80,0.00,0.14,0,0
vda,0.80,0.00,0.00,0,0
vda,9.40,0.00,0.04,0,0
vda,14.00,0.00,0.05,0,0
vda,0.80,0.00,0.00,0,0
vda,44.40,0.00,0.18,0,0
vda,3.40,0.00,0.01,0,0
vda,0.20,0.00,0.00,0,0
vda,42.40,0.00,0.17,0,0
vda,0.80,0.00,0.00,0,0
vda,2.20,0.00,0.01,0,0
vda,47.40,0.00,0.19,0,0
vda,1.60,0.00,0.01,0,0
vda,1.80,0.00,0.01,0,0
vda,35.80,0.00,0.15,0,0
vda,2.20,0.00,0.01,0,0
vda,2.60,0.00,0.01,0,0
vda,1.20,0.00,0.00,0,0
vda,44.60,0.00,0.18,0,0
vda,0.00,0.00,0.00,0,0
vda,1.20,0.00,0.00,0,0
vda,50.80,0.00,0.20,0,1
vda,4.20,0.00,0.02,0,0
vda,1.20,0.00,0.00,0,0
vda,1.20,0.00,0.00,0,0
vda,1.60,0.00,0.01,0,0
vda,2.80,0.00,0.01,0,0
vda,11.20,0.00,0.04,0,0
vda,35.40,0.00,0.14,0,0
vda,1.40,0.00,0.01,0,0
vda,30.40,0.00,0.12,0,0
vda,3.20,0.00,0.01,0,0
vda,34.00,0.00,0.14,0,0
vda,2.20,0.00,0.01,0,0
vda,56.40,0.00,0.23,0,1
vda,5.40,0.00,0.02,0,0
vda,3.20,0.00,0.01,0,0
vda,44.00,0.00,0.18,0,0
vda,1.60,0.00,0.01,0,0
vda,31.60,0.00,0.13,0,0
vda,0.80,0.00,0.00,0,0
vda,13.60,0.00,0.05,0,0
vda,31.60,0.00,0.13,0,0
vda,0.80,0.00,0.00,0,0
vda,19.40,0.00,0.08,0,0
vda,51.60,0.00,0.21,0,1
vda,1.20,0.00,0.00,0,0
vda,1.20,0.00,0.00,0,0
vda,37.20,0.00,0.15,0,0
vda,0.00,0.00,0.00,0,0
vda,14.00,0.00,0.06,0,0
vda,32.00,0.00,0.13,0,0
vda,1.40,0.00,0.01,0,0
vda,12.40,0.00,0.05,0,0
vda,30.40,0.00,0.12,0,0
vda,3.20,0.00,0.01,0,0
vda,27.80,0.00,0.12,0,0
vda,2.60,0.00,0.01,0,0
vda,46.20,0.00,0.18,0,0
vda,1.40,0.00,0.01,0,0
vda,1.20,0.00,0.00,0,0
vda,36.20,0.00,0.15,0,0
vda,1.40,0.00,0.01,0,0
vda,30.60,0.00,0.12,0,0
vda,2.40,0.00,0.01,0,0
vda,2.40,0.00,0.01,0,0
vda,45.60,0.00,0.19,0,0
vda,1.40,0.00,0.01,0,0
vda,0.20,0.00,0.00,0,0
vda,53.20,0.00,0.21,0,1
vda,2.20,0.00,0.01,0,0
vda,1.20,0.00,0.00,0,0
vda,36.00,0.00,0.14,0,0
vda,1.80,0.00,0.01,0,0
vda,3.20,0.00,0.01,0,0
vda,2.00,0.00,0.01,0,0
vda,0.00,0.00,0.00,0,0
vda,1.20,0.00,0.00,0,0
vda,2.80,0.00,0.01,0,0
vda,19.60,0.00,0.08,0,0
vda,7.20,0.00,0.03,0,0
vda,35.00,0.00,0.14,0,0
vda,2.20,0.00,0.01,0,0
vda,1.80,0.00,0.01,0,0
vda,3.00,0.00,0.01,0,0
vda,1.40,0.00,0.01,0,0
vda,12.60,0.00,0.05,0,0
vda,2.20,0.00,0.01,0,0
vda,8.40,0.00,0.04,0,0
vda,1.00,0.00,0.00,0,0
vda,24.15,0.00,0.09,0,0
vda,3.40,0.00,0.01,0,0
vda,18.80,0.00,0.08,0,0
vda,4.00,0.00,0.01,0,0
vda,2.60,0.00,0.01,0,0
vda,1.00,0.00,0.00,0,0
vda,2.20,0.00,0.01,0,0
vda,0.00,0.00,0.00,0,0
vda,1.80,0.00,0.01,0,0
vda,45.20,0.00,0.19,0,0
vda,12.60,0.00,0.05,0,0
vda,0.60,0.00,0.00,0,0
vda,2.20,0.00,0.01,0,0
vda,2.60,0.00,0.01,0,0
vda,2.00,0.00,0.01,0,0
vda,1.80,0.00,0.01,0,0
vda,1.20,0.00,0.01,0,0
vda,18.20,0.00,0.07,0,0
vda,36.00,0.00,0.14,0,0
vda,8.20,0.00,0.03,0,0
vda,1.20,0.00,0.00,0,0
vda,2.40,0.00,0.01,0,0
vda,0.60,0.00,0.00,0,0
vda,3.40,0.00,0.01,0,0
vda,2.60,0.00,0.01,0,0
vda,17.00,0.00,0.07,0,0
vda,35.40,0.00,0.14,0,0
vda,2.40,0.00,0.01,0,0
vda,1.20,0.00,0.00,0,0
vda,7.20,0.00,0.03,0,0
vda,4.20,0.00,0.02,0,0
vda,1.80,0.00,0.01,0,0
vda,12.20,0.00,0.05,0,0
vda,3.60,0.00,0.01,0,0
vda,1.60,0.00,0.01,0,0
vda,22.20,0.00,0.09,0,0
vda,2.20,0.00,0.01,0,0
vda,3.00,0.00,0.01,0,0
vda,7.40,0.00,0.03,0,0
vda,2.40,0.00,0.01,0,0
vda,51.60,0.00,0.20,0,1
vda,1.60,0.00,0.01,0,0
vda,2.40,0.00,0.01,0,0
vda,2.60,0.00,0.01,0,0
vda,1.00,0.00,0.00,0,0
vda,2.20,0.00,0.01,0,0
vda,0.00,0.00,0.00,0,0
vda,36.00,0.00,0.14,0,0
vda,9.40,0.00,0.04,0,0
vda,1.20,0.00,0.00,0,0
vda,0.20,0.00,0.00,0,0
vda,2.20,0.00,0.01,0,0
vda,2.00,0.00,0.01,0,0
vda,1.40,0.00,0.01,0,0
vda,4.00,0.00,0.02,0,0
vda,18.20,0.00,0.07,0,0
vda,33.80,0.00,0.13,0,0
vda,2.20,0.00,0.01,0,0
vda,7.40,0.00,0.03,0,0
vda,1.80,0.00,0.01,0,0
vda,2.40,0.00,0.01,0,0
vda,2.20,0.00,0.01,0,0
vda,26.60,0.00,0.11,0,0
vda,16.00,0.00,0.07,0,0
vda,0.00,0.00,0.00,0,0
vda,47.00,0.00,0.19,0,0
vda,2.40,0.00,0.01,0,0
vda,0.40,0.00,0.00,0,0
vda,8.60,0.00,0.03,0,0
vda,8.20,0.00,0.04,0,0
vda,1.20,0.00,0.00,0,0
vda,3.40,0.00,0.01,0,0
vda,2.80,0.00,0.01,0,0
vda,1.00,0.00,0.00,0,0
vda,36.00,0.00,0.14,0,0
vda,18.20,0.00,0.07,0,0
vda,1.60,0.00,0.01,0,0
vda,8.60,0.00,0.04,0,0
vda,2.00,0.00,0.01,0,0
vda,1.20,0.00,0.00,0,0
vda,1.20,0.00,0.00,0,0
vda,3.60,0.00,0.01,0,0
vda,12.40,0.00,0.05,0,0
vda,26.40,0.00,0.11,0,0
vda,0.00,0.00,0.00,0,0
vda,1.40,0.00,0.01,0,0
vda,1.20,0.00,0.00,0,0
vda,9.00,0.00,0.04,0,0
vda,1.20,0.00,0.00,0,0
vda,1.20,0.00,0.00,0,0
vda,5.00,0.00,0.02,0,0
vda,50.20,0.00,0.20,0,1
vda,11.20,0.00,0.05,0,0
vda,2.00,0.00,0.01,0,0
vda,1.20,0.00,0.00,0,0
vda,1.20,0.00,0.00,0,0
vda,0.00,0.00,0.00,0,0
vda,2.20,0.00,0.01,0,0
vda,19.80,0.00,0.08,0,0
vda,37.80,0.00,0.15,0,0
vda,1.00,0.00,0.00,0,0
vda,21.20,0.00,0.09,0,0
vda,0.00,0.00,0.00,0,0
vda,31.40,0.00,0.13,0,0
vda,1.40,0.00,0.01,0,0
vda,0.60,0.00,0.00,0,0
vda,36.60,0.00,0.15,0,0
vda,1.40,0.00,0.01,0,0
vda,0.60,0.00,0.00,0,0
vda,45.40,0.00,0.18,0,0
vda,1.60,0.00,0.01,0,0
vda,0.00,0.00,0.00,0,0
vda,55.20,0.00,0.22,0,1
vda,6.80,0.00,0.03,0,0
vda,1.20,0.00,0.00,0,0
vda,36.40,0.00,0.14,0,0
vda,0.00,0.00,0.00,0,0
vda,4.20,0.00,0.02,0,0
vda,1.00,0.00,0.00,0,0
vda,0.00,0.00,0.00,0,0
vda,1.20,0.00,0.00,0,0
vda,2.80,0.00,0.01,0,0
vda,18.20,0.00,0.07,0,0
vda,1.80,0.00,0.01,0,0
vda,43.00,0.00,0.17,0,0
vda,0.80,0.00,0.00,0,0
vda,1.20,0.00,0.00,0,0
vda,2.60,0.00,0.01,0,0
vda,2.60,0.00,0.01,0,0
vda,3.80,0.00,0.02,0,0
vda,12.20,0.00,0.05,0,0
vda,8.80,0.00,0.04,0,0
vda,0.00,0.00,0.00,0,0
vda,24.80,0.00,0.10,0,0
vda,1.60,0.00,0.01,0,0
vda,0.00,0.00,0.00,0,0
vda,3.60,0.00,0.02,0,0
vda,20.20,0.00,0.08,0,0
vda,2.80,0.00,0.01,0,0
vda,48.20,0.00,0.20,0,0
vda,0.80,0.00,0.00,0,0
vda,1.20,0.00,0.00,0,0
vda,2.20,0.00,0.01,0,0
vda,0.00,0.00,0.00,0,0
vda,1.20,0.00,0.00,0,0
vda,4.60,0.00,0.02,0,0
vda,20.20,0.00,0.08,0,0
vda,0.00,0.00,0.00,0,0
vda,36.00,0.00,0.14,0,0
vda,0.60,0.00,0.00,0,0
vda,1.20,0.00,0.00,0,0
vda,2.80,0.00,0.01,0,0
vda,8.40,0.00,0.04,0,0
vda,2.40,0.00,0.01,0,0
vda,15.20,0.00,0.06,0,0
vda,1.60,0.00,0.01,0,0
vda,22.00,0.00,0.09,0,0
vda,2.60,0.00,0.01,0,0
vda,1.40,0.00,0.01,0,0
vda,58.40,0.00,0.23,0,1
vda,3.60,0.00,0.01,0,0
vda,1.20,0.00,0.00,0,0
vda,0.80,0.00,0.00,0,0
vda,3.80,0.00,0.01,0,0
vda,1.60,0.00,0.01,0,0
vda,0.60,0.00,0.00,0,0
vda,14.80,0.00,0.06,0,0
vda,1.20,0.00,0.00,0,0
vda,22.80,0.00,0.09,0,0
vda,9.60,0.00,0.04,0,0
vda,1.20,0.00,0.00,0,0
vda,4.40,0.00,0.02,0,0
vda,0.00,0.00,0.00,0,0
vda,20.00,0.00,0.08,0,0
vda,2.20,0.00,0.01,0,0
vda,1.20,0.00,0.00,0,0
vda,1.20,0.00,0.00,0,0
vda,34.20,0.00,0.13,0,0
vda,9.60,0.00,0.04,0,0
vda,1.40,0.00,0.01,0,0
vda,3.80,0.00,0.01,0,0
vda,13.60,0.00,0.06,0,0
vda,2.00,0.00,0.01,0,0
vda,0.40,0.00,0.00,0,0
vda,2.40,0.00,0.01,0,0
vda,1.20,0.00,0.00,0,0
vda,45.40,0.00,0.18,0,0
vda,14.00,0.00,0.06,0,0
vda,25.20,0.00,0.10,0,0
vda,1.20,0.00,0.00,0,0
vda,2.60,0.00,0.01,0,0
vda,2.40,0.00,0.01,0,0
vda,1.40,0.00,0.01,0,0
vda,2.20,0.00,0.01,0,0
vda,0.20,0.00,0.00,0,0
vda,35.60,0.00,0.14,0,0
vda,20.40,0.00,0.08,0,0
vda,10.00,0.00,0.04,0,0
vda,0.00,0.00,0.00,0,0
vda,3.20,0.00,0.01,0,0
vda,2.20,0.00,0.01,0,0
vda,1.80,0.00,0.01,0,0
vda,3.00,0.00,0.01,0,0
vda,14.00,0.00,0.06,0,0
vda,22.20,0.00,0.09,0,0
vda,2.20,0.00,0.01,0,0
vda,7.20,0.00,0.03,0,0
vda,1.60,0.00,0.01,0,0
vda,2.60,0.00,0.01,0,0
vda,1.20,0.00,0.00,0,0
vda,4.60,0.00,0.02,0,0
vda,18.40,0.00,0.07,0,0
vda,1.20,0.00,0.00,0,0
vda,34.20,0.00,0.14,0,0
vda,2.40,0.00,0.01,0,0
vda,0.80,0.00,0.00,0,0
vda,9.40,0.00,0.04,0,0
vda,2.20,0.00,0.01,0,0
vda,17.20,0.00,0.07,0,0
vda,2.60,0.00,0.01,0,0
vda,2.20,0.00,0.01,0,0
vda,1.60,0.00,0.01,0,0
vda,36.20,0.00,0.14,0,0
vda,0.00,0.00,0.00,0,0
vda,2.00,0.00,0.01,0,0
vda,2.60,0.00,0.01,0,0
vda,19.40,0.00,0.08,0,0
vda,1.20,0.00,0.00,0,0
vda,2.20,0.00,0.01,0,0
vda,0.20,0.00,0.00,0,0
vda,3.40,0.00,0.01,0,0
vda,37.80,0.00,0.15,0,0
vda,0.00,0.00,0.00,0,0
vda,17.60,0.00,0.07,0,0
vda,2.20,0.00,0.01,0,0
vda,1.20,0.00,0.00,0,0
vda,8.00,0.00,0.03,0,0
vda,3.20,0.00,0.01,0,0
vda,3.00,0.00,0.02,0,0
vda,0.20,0.00,0.00,0,0
vda,26.40,0.00,0.10,0,0
vda,12.00,0.00,0.05,0,0
vda,0.00,0.00,0.00,0,0
vda,2.80,0.00,0.01,0,0
vda,1.40,0.00,0.01,0,0
vda,0.60,0.00,0.00,0,0
vda,3.40,0.00,0.02,0,0
vda,8.20,0.00,0.03,0,0
vda,17.60,0.00,0.07,0,0
vda,38.00,0.00,0.15,0,0
vda,1.80,0.00,0.01,0,0
vda,0.00,0.00,0.00,0,0
vda,2.20,0.00,0.01,0,0
vda,2.40,0.00,0.01,0,0
vda,0.00,0.00,0.00,0,0
vda,9.60,0.00,0.04,0,0
vda,18.20,0.00,0.07,0,0
vda,1.40,0.00,0.01,0,0
vda,35.60,0.00,0.14,0,0
vda,10.80,0.00,0.04,0,0
vda,1.20,0.00,0.01,0,0
vda,3.00,0.00,0.01,0,0
vda,43.00,0.00,0.17,0,0
vda,1.40,0.00,0.01,0,0
vda,1.60,0.00,0.01,0,0
vda,40.60,0.00,0.16,0,0
vda,1.60,0.00,0.01,0,0
vda,4.80,0.00,0.02,0,0
vda,58.00,0.00,0.24,0,1
vda,2.60,0.00,0.01,0,0
vda,0.00,0.00,0.00,0,0
vda,1.20,0.00,0.00,0,0
vda,40.60,0.00,0.16,0,0
vda,2.20,0.00,0.01,0,0
vda,0.20,0.00,0.00,0,0
