7213008.0,204326.4,3112.0
6714488.0,294928.0,3776.0
6714488.0,294928.0,3776.0
5759842.6667,535013.33333,3810.1333333
4924528.0,745088.0,3840.0
4924528.0,745088.0,3840.0
4497398.4,802954.66667,3955.2
4123660.0,853588.0,4056.0
4124182.6667,853604.8,4078.4
4124780.0,853624.0,4104.0
4124780.0,853624.0,4104.0
4124780.0,853624.0,4104.0
4124780.0,853624.0,4104.0
4124780.0,853624.0,4104.0
4124780.0,853624.0,4104.0
4124780.0,853624.0,4104.0
4124780.0,853624.0,4104.0
4124780.0,853624.0,4104.0
4124780.0,853624.0,4104.0
4124780.0,853624.0,4104.0
4124393.3333,853630.66667,4177.3333333
4123620.0,853644.0,4324.0
4123144.0,853645.33333,4340.0
4122192.0,853648.0,4372.0
4122547.2,853645.86667,4389.0666667
4123524.0,853640.0,4436.0
4123524.0,853640.0,4436.0
4123524.0,853640.0,4436.0
4123524.0,853640.0,4436.0
4123524.0,853640.0,4436.0
4123524.0,853640.0,4436.0
4123524.0,853640.0,4436.0
4123524.0,853640.0,4436.0
4123524.0,853640.0,4436.0
4123524.0,853640.0,4436.0
4123524.0,853640.0,4436.0
4123574.4,853644.0,4482.4
4123776.0,853660.0,4668.0
4123776.0,853660.0,4668.0
4123776.0,853660.0,4668.0
4119838.4,853663.2,4690.4
4104088.0,853676.0,4780.0
4104088.0,853676.0,4780.0
4103716.0,853674.4,4791.2
4102228.0,853668.0,4836.0
4102228.0,853668.0,4836.0
4102228.0,853668.0,4836.0
4102228.0,853668.0,4836.0
4102228.0,853668.0,4836.0
4102228.0,853668.0,4836.0
4102228.0,853668.0,4836.0
4102228.0,853668.0,4836.0
4102228.0,853668.0,4836.0
4101977.8667,853672.8,4869.6
4100352.0,853704.0,5088.0
4100352.0,853704.0,5088.0
4100352.0,853704.0,5088.0
4100352.0,853704.0,5088.0
4100352.0,853704.0,5088.0
4100352.0,853704.0,5088.0
4100352.0,853704.0,5088.0
4100352.0,853704.0,5088.0
4100352.0,853704.0,5088.0
4100352.0,853704.0,5088.0
4100352.0,853704.0,5088.0
4100410.9333,853713.6,5105.0666667
4101236.0,853848.0,5344.0
4101236.0,853848.0,5344.0
4101236.0,853848.0,5344.0
4101236.0,853848.0,5344.0
4101236.0,853848.0,5344.0
4101236.0,853848.0,5344.0
4101236.0,853848.0,5344.0
4101236.0,853848.0,5344.0
4101236.0,853848.0,5344.0
4101236.0,853848.0,5344.0
4101236.0,853848.0,5344.0
4101196.8,853857.86667,5365.8666667
4100648.0,853996.0,5672.0
4100648.0,853996.0,5672.0
4100300.8,853997.06667,5680.5333333
4098044.0,854004.0,5736.0
4098044.0,854004.0,5736.0
4098044.0,854004.0,5736.0
4098044.0,854004.0,5736.0
4098044.0,854004.0,5736.0
4098044.0,854004.0,5736.0
4098044.0,854004.0,5736.0
4098044.0,854004.0,5736.0
4096565.6,854045.06667,5892.8
4096460.0,854048.0,5904.0
4096460.0,854048.0,5904.0
4097531.4667,854055.46667,5956.2666667
4097608.0,854056.0,5960.0
4097608.0,854056.0,5960.0
4097608.0,854056.0,5960.0
4097608.0,854056.0,5960.0
4097608.0,854056.0,5960.0
4097608.0,854056.0,5960.0
4097608.0,854056.0,5960.0
4097608.0,854056.0,5960.0
4097608.0,854056.0,5960.0
4097608.0,854056.0,5960.0
4097663.4667,854090.66667,6168.0
4097672.0,854096.0,6200.0
4097672.0,854096.0,6200.0
4097672.0,854096.0,6200.0
4097672.0,854096.0,6200.0
4097672.0,854096.0,6200.0
4097672.0,854096.0,6200.0
4097672.0,854096.0,6200.0
4097672.0,854096.0,6200.0
4097672.0,854096.0,6200.0
4090696.0,854109.33333,6370.6666667
4087208.0,854116.0,6456.0
4087208.0,854116.0,6456.0
4087208.0,854116.0,6456.0
4087208.0,854116.0,6456.0
4087208.0,854116.0,6456.0
4087208.0,854116.0,6456.0
4087208.0,854116.0,6456.0
4087208.0,854116.0,6456.0
4087208.0,854116.0,6456.0
4085943.7333,854130.66667,6626.1333333
4085484.0,854136.0,6688.0
4085484.0,854136.0,6688.0
4085484.0,854136.0,6688.0
4085484.0,854136.0,6688.0
4085484.0,854136.0,6688.0
4083884.0,855584.0,7013.3333333
4083084.0,856308.0,7176.0
4083084.0,856308.0,7176.0
4083084.0,856308.0,7176.0
4083084.0,856308.0,7176.0
4083084.0,856308.0,7176.0
4083084.0,856308.0,7176.0
4083084.0,856308.0,7176.0
4083084.0,856308.0,7176.0
4083084.0,856308.0,7176.0
4083084.0,856308.0,7176.0
4083118.1333,856314.4,7301.8666667
4083148.0,856320.0,7412.0
4083148.0,856320.0,7412.0
4083148.0,856320.0,7412.0
4083148.0,856320.0,7412.0
4083148.0,856320.0,7412.0
4083148.0,856320.0,7412.0
4083148.0,856320.0,7412.0
4083148.0,856320.0,7412.0
4083148.0,856320.0,7412.0
4083148.0,856320.0,7412.0
4083148.0,856320.0,7412.0
4083148.0,856320.0,7412.0
4083335.2,856382.4,7575.2
4083460.0,856424.0,7684.0
4083460.0,856424.0,7684.0
4083460.0,856424.0,7684.0
4083460.0,856424.0,7684.0
4083460.0,856424.0,7684.0
4083460.0,856424.0,7684.0
4083460.0,856424.0,7684.0
4083460.0,856424.0,7684.0
4083460.0,856424.0,7684.0
4083460.0,856424.0,7684.0
4083460.0,856424.0,7684.0
4083052.5333,856426.13333,7820.5333333
4082696.0,856428.0,7940.0
4082696.0,856428.0,7940.0
4082696.0,856428.0,7940.0
4082696.0,856428.0,7940.0
4082696.0,856428.0,7940.0
4082696.0,856428.0,7940.0
4082696.0,856428.0,7940.0
4082696.0,856428.0,7940.0
4082696.0,856428.0,7940.0
4082696.0,856428.0,7940.0
4082696.0,856428.0,7940.0
4082405.8667,856440.8,8097.8666667
4082152.0,856452.0,8236.0
4082152.0,856452.0,8236.0
4082152.0,856452.0,8236.0
4082152.0,856452.0,8236.0
4082152.0,856452.0,8236.0
4082152.0,856452.0,8236.0
4082152.0,856452.0,8236.0
4082152.0,856452.0,8236.0
4082152.0,856452.0,8236.0
4081324.2667,856460.53333,8372.5333333
4080600.0,856468.0,8492.0
4080600.0,856468.0,8492.0
4081381.3333,856476.0,8529.3333333
4081772.0,856480.0,8548.0
4081772.0,856480.0,8548.0
4081772.0,856480.0,8548.0
4081772.0,856480.0,8548.0
4081772.0,856480.0,8548.0
4081772.0,856480.0,8548.0
4081772.0,856480.0,8548.0
4081772.0,856480.0,8548.0
4081772.0,856480.0,8548.0
4081772.0,856480.0,8548.0
4081772.0,856480.0,8548.0
4081915.7333,856494.93333,8648.8
4082080.0,856512.0,8764.0
4082080.0,856512.0,8764.0
4082080.0,856512.0,8764.0
4082080.0,856512.0,8764.0
4082080.0,856512.0,8764.0
4082080.0,856512.0,8764.0
4082080.0,856512.0,8764.0
4082080.0,856512.0,8764.0
4082080.0,856512.0,8764.0
4082080.0,856512.0,8764.0
4082080.0,856512.0,8764.0
4081774.9333,856590.93333,8921.8666667
4081508.0,856660.0,9060.0
4081508.0,856660.0,9060.0
4077851.4667,856662.13333,9094.1333333
4074652.0,856664.0,9124.0
4075481.8667,856668.26667,9158.1333333
4076208.0,856672.0,9188.0
4076208.0,856672.0,9188.0
4076208.0,856672.0,9188.0
4076208.0,856672.0,9188.0
4076208.0,856672.0,9188.0
4076208.0,856672.0,9188.0
4076208.0,856672.0,9188.0
4076208.0,856672.0,9188.0
4076208.0,856672.0,9188.0
4076208.0,856672.0,9188.0
4076208.0,856672.0,9188.0
4075880.0,856678.4,9296.8
4075388.0,856688.0,9460.0
4075388.0,856688.0,9460.0
4075388.0,856688.0,9460.0
4075388.0,856688.0,9460.0
4075388.0,856688.0,9460.0
4075388.0,856688.0,9460.0
4075388.0,856688.0,9460.0
4075388.0,856688.0,9460.0
4075388.0,856688.0,9460.0
4075388.0,856688.0,9460.0
4075388.0,856688.0,9460.0
4075230.1333,856695.46667,9545.3333333
4074796.0,856716.0,9780.0
4074796.0,856716.0,9780.0
4074796.0,856716.0,9780.0
4074796.0,856716.0,9780.0
4074796.0,856716.0,9780.0
4074796.0,856716.0,9780.0
4074796.0,856716.0,9780.0
4072413.3333,856737.33333,9838.6666667
4067648.0,856780.0,9956.0
4067648.0,856780.0,9956.0
4067648.0,856780.0,9956.0
4067648.0,856780.0,9956.0
4067648.0,856780.0,9956.0
4067648.0,856780.0,9956.0
4067648.0,856780.0,9956.0
4067648.0,856780.0,9956.0
4067648.0,856780.0,9956.0
4067648.0,856780.0,9956.0
4067648.0,856780.0,9956.0
4067214.6667,856785.33333,10041.333333
4066348.0,856796.0,10212.0
4066348.0,856796.0,10212.0
4066348.0,856796.0,10212.0
4066348.0,856796.0,10212.0
4066348.0,856796.0,10212.0
4066348.0,856796.0,10212.0
4066348.0,856796.0,10212.0
4066348.0,856796.0,10212.0
4066348.0,856796.0,10212.0
4066348.0,856796.0,10212.0
4066348.0,856796.0,10212.0
4066322.4,856837.6,10336.8
4066284.0,856900.0,10524.0
4066284.0,856900.0,10524.0
4066284.0,856900.0,10524.0
4066284.0,856900.0,10524.0
4066284.0,856900.0,10524.0
4066284.0,856900.0,10524.0
4066284.0,856900.0,10524.0
4066284.0,856900.0,10524.0
4066284.0,856900.0,10524.0
4066284.0,856900.0,10524.0
4066284.0,856900.0,10524.0
4066066.4,856904.8,10610.4
4065740.0,856912.0,10740.0
4065740.0,856912.0,10740.0
4065740.0,856912.0,10740.0
4065740.0,856912.0,10740.0
4065740.0,856912.0,10740.0
4065740.0,856912.0,10740.0
4065071.2,856921.6,10813.6
4064068.0,856936.0,10924.0
4064564.0,856937.33333,10942.666667
4065556.0,856940.0,10980.0
4065556.0,856940.0,10980.0
4065556.0,856940.0,10980.0
4065556.0,856940.0,10980.0
4065556.0,856940.0,10980.0
4065556.0,856940.0,10980.0
4065556.0,856940.0,10980.0
4065556.0,856940.0,10980.0
4065556.0,856940.0,10980.0
4065556.0,856940.0,10980.0
4065556.0,856940.0,10980.0
4065485.6,856938.93333,11046.133333
4065292.0,856936.0,11228.0
4065292.0,856936.0,11228.0
4065292.0,856936.0,11228.0
4065292.0,856936.0,11228.0
4065292.0,856936.0,11228.0
4065292.0,856936.0,11228.0
4065292.0,856936.0,11228.0
4065292.0,856936.0,11228.0
4065292.0,856936.0,11228.0
4064972.0,856941.33333,11289.866667
4064092.0,856956.0,11460.0
4064092.0,856956.0,11460.0
4064092.0,856956.0,11460.0
4064092.0,856956.0,11460.0
4064092.0,856956.0,11460.0
4064092.0,856956.0,11460.0
4064092.0,856956.0,11460.0
4064092.0,856956.0,11460.0
4064092.0,856956.0,11460.0
4064092.0,856956.0,11460.0
4064092.0,856956.0,11460.0
4064337.3333,856962.4,11524.0
4065012.0,856980.0,11700.0
4065012.0,856980.0,11700.0
4065012.0,856980.0,11700.0
4065012.0,856980.0,11700.0
4065012.0,856980.0,11700.0
4065012.0,856980.0,11700.0
4065012.0,856980.0,11700.0
4065012.0,856980.0,11700.0
4065012.0,856980.0,11700.0
4065012.0,856980.0,11700.0
4065012.0,856980.0,11700.0
4064757.6,857000.8,11815.2
4064376.0,857032.0,11988.0
4064376.0,857032.0,11988.0
4064376.0,857032.0,11988.0
4064376.0,857032.0,11988.0
4064376.0,857032.0,11988.0
4064376.0,857032.0,11988.0
4064376.0,857032.0,11988.0
4064376.0,857032.0,11988.0
4064376.0,857032.0,11988.0
4064376.0,857032.0,11988.0
5305224.0,854500.8,12087.2
7166496.0,850704.0,12236.0
