vda,20.80,0.09,0.00,0,0
vda,21.80,0.04,0.05,0,0
vda,49.30,0.19,0.00,0,0
vda,8.60,0.00,0.04,0,0
vda,106.40,0.53,0.14,2,0
vda,12.20,0.00,0.05,0,0
vda,218.60,11.23,0.01,56,0
vda,75.00,4.35,1.42,21,7
vda,3.00,0.00,0.03,0,0
vda,2.80,0.00,0.01,0,0
vda,1.20,0.00,0.00,0,0
vda,0.00,0.00,0.00,0,0
vda,2.20,0.00,0.01,0,0
vda,5.40,0.00,0.03,0,0
vda,54.00,0.00,0.22,0,1
vda,0.00,0.00,0.00,0,0
vda,1.60,0.00,0.01,0,0
vda,0.00,0.00,0.00,0,0
vda,2.20,0.00,0.01,0,0
vda,1.60,0.00,0.01,0,0
vda,1.80,0.00,0.01,0,0
vda,20.80,0.00,0.08,0,0
vda,1.20,0.00,0.00,0,0
vda,0.00,0.00,0.00,0,0
vda,23.60,0.00,0.10,0,0
vda,3.00,0.00,0.01,0,0
vda,2.60,0.00,0.01,0,0
vda,50.20,0.00,0.21,0,1
vda,10.20,0.00,0.04,0,0
vda,2.00,0.00,0.01,0,0
vda,1.00,0.00,0.00,0,0
vda,1.20,0.00,0.00,0,0
vda,0.00,0.00,0.00,0,0
vda,2.60,0.00,0.01,0,0
vda,14.00,0.00,0.06,0,0
vda,21.40,0.00,0.09,0,0
vda,3.60,0.00,0.01,0,0
vda,1.80,0.00,0.01,0,0
vda,0.00,0.00,0.00,0,0
vda,2.60,0.00,0.01,0,0
vda,1.40,0.00,0.01,0,0
vda,18.40,0.00,0.07,0,0
vda,9.20,0.00,0.04,0,0
vda,1.20,0.00,0.00,0,0
vda,33.40,0.00,0.13,0,0
vda,2.80,0.00,0.01,0,0
vda,4.20,0.00,0.02,0,0
vda,2.60,0.00,0.01,0,0
vda,2.40,0.00,0.02,0,0
vda,18.20,0.00,0.07,0,0
vda,2.20,0.00,0.01,0,0
vda,0.60,0.00,0.00,0,0
vda,8.40,0.00,0.03,0,0
vda,35.00,0.00,0.14,0,0
vda,0.60,0.00,0.00,0,0
vda,1.60,0.00,0.01,0,0
vda,11.20,0.00,0.04,0,0
vda,11.60,0.00,0.05,0,0
vda,1.80,0.00,0.01,0,0
vda,10.20,0.00,0.04,0,0
vda,0.00,0.00,0.00,0,0
vda,1.20,0.00,0.00,0,0
vda,38.80,0.00,0.16,0,0
vda,3.00,0.00,0.01,0,0
vda,18.40,0.00,0.07,0,0
vda,3.80,0.00,0.01,0,0
vda,1.60,0.00,0.01,0,0
vda,0.00,0.00,0.00,0,0
vda,1.40,0.00,0.00,0,0
vda,3.60,0.00,0.02,0,0
vda,1.40,0.00,0.01,0,0
vda,39.40,0.00,0.16,0,0
vda,2.20,0.00,0.01,0,0
vda,1.40,0.00,0.01,0,0
vda,3.00,0.00,0.01,0,0
vda,2.20,0.00,0.01,0,0
vda,0.20,0.00,0.00,0,0
vda,3.40,0.00,0.02,0,0
vda,17.00,0.00,0.07,0,0
vda,1.20,0.00,0.00,0,0
vda,41.80,0.00,0.17,0,0
vda,0.20,0.00,0.00,0,0
vda,1.40,0.00,0.01,0,0
vda,3.80,0.00,0.01,0,0
vda,12.00,0.11,0.01,0,0
vda,10.40,0.02,0.02,0,0
vda,34.60,0.05,0.09,0,0
vda,2.00,0.00,0.01,0,0
vda,1.40,0.00,0.01,0,0
vda,57.40,0.00,0.24,0,1
vda,0.40,0.00,0.00,0,0
vda,2.20,0.00,0.01,0,0
vda,5.60,0.00,0.02,0,0
vda,13.80,0.00,0.05,0,0
vda,1.00,0.00,0.00,0,0
vda,2.20,0.00,0.01,0,0
vda,0.00,0.00,0.00,0,0
vda,1.40,0.00,0.01,0,0
vda,35.00,0.00,0.14,0,0
vda,10.40,0.00,0.05,0,0
vda,0.80,0.00,0.00,0,0
vda,19.20,0.00,0.07,0,0
vda,0.00,0.00,0.00,0,0
vda,2.80,0.00,0.01,0,0
vda,2.80,0.00,0.01,0,0
vda,3.80,0.00,0.01,0,0
vda,3.40,0.00,0.02,0,0
vda,23.40,0.00,0.10,0,0
vda,11.80,0.00,0.05,0,0
vda,8.60,0.00,0.04,0,0
vda,2.40,0.00,0.01,0,0
vda,1.40,0.00,0.01,0,0
vda,1.80,0.00,0.01,0,0
