7960420.0,68584.0,3388.0
7960420.0,68584.0,3388.0
6839033.3333,318184.0,3693.0666667
5857820.0,536584.0,3960.0
4875622.4,725346.4,3993.6
4220824.0,851188.0,4016.0
4220824.0,851188.0,4016.0
4219616.5333,851192.26667,4056.5333333
4218560.0,851196.0,4092.0
4218560.0,851196.0,4092.0
4217994.6667,851620.53333,4207.2
4217500.0,851992.0,4308.0
4217500.0,851992.0,4308.0
4217500.0,851992.0,4308.0
4217500.0,851992.0,4308.0
4217500.0,851992.0,4308.0
4217500.0,851992.0,4308.0
4217500.0,851992.0,4308.0
4217500.0,851992.0,4308.0
4217500.0,851992.0,4308.0
4216271.7333,852001.33333,4416.2666667
4214868.0,852012.0,4540.0
4214868.0,852012.0,4540.0
4214868.0,852012.0,4540.0
4214868.0,852012.0,4540.0
4214868.0,852012.0,4540.0
4214868.0,852012.0,4540.0
4214868.0,852012.0,4540.0
4214868.0,852012.0,4540.0
4214868.0,852012.0,4540.0
4214868.0,852012.0,4540.0
4214868.0,852012.0,4540.0
4215142.4,852025.06667,4666.9333333
4215456.0,852040.0,4812.0
4215046.4,852046.4,4834.4
4214432.0,852056.0,4868.0
4213440.8,852063.46667,4894.1333333
4212308.0,852072.0,4924.0
4212308.0,852072.0,4924.0
4212308.0,852072.0,4924.0
4212308.0,852072.0,4924.0
4212308.0,852072.0,4924.0
4212308.0,852072.0,4924.0
4212308.0,852072.0,4924.0
4212308.0,852072.0,4924.0
4212308.0,852072.0,4924.0
4212308.0,852072.0,4924.0
4212308.0,852072.0,4924.0
4212346.4,852073.6,5026.4
4212404.0,852076.0,5180.0
4212404.0,852076.0,5180.0
4212404.0,852076.0,5180.0
4211927.2,852080.8,5234.4
4211212.0,852088.0,5316.0
4211212.0,852088.0,5316.0
4211686.6667,852088.0,5337.3333333
4212636.0,852088.0,5380.0
4212636.0,852088.0,5380.0
4212636.0,852088.0,5380.0
4212636.0,852088.0,5380.0
4212636.0,852088.0,5380.0
4212636.0,852088.0,5380.0
4212636.0,852088.0,5380.0
4212356.0,852114.66667,5437.3333333
4211796.0,852168.0,5552.0
4211796.0,852168.0,5552.0
4211796.0,852168.0,5552.0
4211796.0,852168.0,5552.0
4211796.0,852168.0,5552.0
4211796.0,852168.0,5552.0
4211796.0,852168.0,5552.0
4211796.0,852168.0,5552.0
4211796.0,852168.0,5552.0
4211796.0,852168.0,5552.0
4211796.0,852168.0,5552.0
4211774.6667,852222.66667,5634.6666667
4211732.0,852332.0,5800.0
4211732.0,852332.0,5800.0
4211732.0,852332.0,5800.0
4211732.0,852332.0,5800.0
4211732.0,852332.0,5800.0
4211732.0,852332.0,5800.0
4211423.2,852340.0,5870.4
4210960.0,852352.0,5976.0
4210960.0,852352.0,5976.0
4210960.0,852352.0,5976.0
4210960.0,852352.0,5976.0
4210960.0,852352.0,5976.0
4210960.0,852352.0,5976.0
4210960.0,852352.0,5976.0
4210960.0,852352.0,5976.0
4210960.0,852352.0,5976.0
4210960.0,852352.0,5976.0
4210960.0,852352.0,5976.0
4211139.2,852359.46667,6091.7333333
4211344.0,852368.0,6224.0
4211344.0,852368.0,6224.0
4211344.0,852368.0,6224.0
4211344.0,852368.0,6224.0
4211344.0,852368.0,6224.0
4211344.0,852368.0,6224.0
4211344.0,852368.0,6224.0
4211344.0,852368.0,6224.0
4211344.0,852368.0,6224.0
4211344.0,852368.0,6224.0
4211344.0,852368.0,6224.0
4211196.8,852374.4,6348.8
4210976.0,852384.0,6536.0
4210976.0,852384.0,6536.0
4210976.0,852384.0,6536.0
4210976.0,852384.0,6536.0
4210976.0,852384.0,6536.0
4210976.0,852384.0,6536.0
4210976.0,852384.0,6536.0
4210976.0,852384.0,6536.0
4210976.0,852384.0,6536.0
4210976.0,852384.0,6536.0
4210976.0,852384.0,6536.0
4210960.8,852390.4,6579.2
4210900.0,852416.0,6752.0
4210900.0,852416.0,6752.0
4210900.0,852416.0,6752.0
4210900.0,852416.0,6752.0
4210900.0,852416.0,6752.0
4210900.0,852416.0,6752.0
4210900.0,852416.0,6752.0
4210900.0,852416.0,6752.0
4210900.0,852416.0,6752.0
4210900.0,852416.0,6752.0
4210900.0,852416.0,6752.0
4210866.4,852428.8,6880.0
4210816.0,852448.0,7072.0
4210816.0,852448.0,7072.0
4210816.0,852448.0,7072.0
4210816.0,852448.0,7072.0
4210145.3333,853213.33333,7230.6666667
4208804.0,854744.0,7548.0
4208804.0,854744.0,7548.0
4208804.0,854744.0,7548.0
4208804.0,854744.0,7548.0
4208804.0,854744.0,7548.0
4208804.0,854744.0,7548.0
4208804.0,854744.0,7548.0
4210514.4,854748.8,7628.0
4213080.0,854756.0,7748.0
4213080.0,854756.0,7748.0
4213080.0,854756.0,7748.0
4213080.0,854756.0,7748.0
4213080.0,854756.0,7748.0
4213080.0,854756.0,7748.0
4213080.0,854756.0,7748.0
4212412.8,854767.2,7824.8
4211412.0,854784.0,7940.0
4211412.0,854784.0,7940.0
4212026.1333,854787.73333,7969.8666667
4212728.0,854792.0,8004.0
4212728.0,854792.0,8004.0
5594761.3333,851820.26667,8030.1333333
7174228.0,848424.0,8060.0
