7952592.0,79228.0,2144.0
7952592.0,79228.0,2144.0
6666410.4,322487.2,3207.2
5808956.0,484660.0,3916.0
5513806.4,562648.0,3961.6
5317040.0,614640.0,3992.0
5317040.0,614640.0,3992.0
5023008.5333,614695.73333,4038.9333333
4916088.0,614716.0,4056.0
4916088.0,614716.0,4056.0
4910456.0,615340.0,4238.4
4909048.0,615496.0,4284.0
4908276.5333,615542.93333,4330.9333333
4907996.0,615560.0,4348.0
4907996.0,615560.0,4348.0
4907996.0,615560.0,4348.0
4907996.0,615560.0,4348.0
4907996.0,615560.0,4348.0
4905602.4,615566.4,4444.0
4905004.0,615568.0,4468.0
4905004.0,615568.0,4468.0
4905004.0,615568.0,4468.0
4905004.0,615568.0,4468.0
4905004.0,615568.0,4468.0
4905004.0,615568.0,4468.0
4905004.0,615568.0,4468.0
4902890.9333,615642.66667,4639.7333333
4902740.0,615648.0,4652.0
4902740.0,615648.0,4652.0
4899176.0,615660.0,4700.0
4899176.0,615660.0,4700.0
4900788.0,615660.0,4748.0
4900788.0,615660.0,4748.0
4900788.0,615660.0,4748.0
4900788.0,615660.0,4748.0
4900788.0,615660.0,4748.0
4900788.0,615660.0,4748.0
7418256.0,609096.0,4900.0
