7961780.0,63488.0,2148.0
7961780.0,63488.0,2148.0
7467728.0,151128.0,4032.0
7467728.0,151128.0,4032.0
7467728.0,151128.0,4032.0
7465148.2667,151142.93333,4095.4666667
7464964.0,151144.0,4100.0
7464964.0,151144.0,4100.0
7399216.0,152048.0,4320.0
7384075.2,152047.46667,4324.2666667
7172104.0,152040.0,4384.0
7172104.0,152040.0,4384.0
7172104.0,152040.0,4384.0
7170120.0,152052.0,4448.0
7170120.0,152052.0,4448.0
7170120.0,152052.0,4448.0
7175916.2667,152877.06667,4572.8
7176808.0,153004.0,4592.0
7176808.0,153004.0,4592.0
7176808.0,153004.0,4592.0
7176808.0,153004.0,4592.0
7176592.0,153020.0,4712.0
7176592.0,153020.0,4712.0
7176592.0,153020.0,4712.0
7174856.0,153028.0,4768.0
7552547.7333,149531.46667,4802.1333333
