7961576.0,70344.0,1780.0
6740293.6,299632.8,3638.1333333
6552404.0,334908.0,3924.0
6552404.0,334908.0,3924.0
5060995.4667,775881.86667,3979.4666667
4831548.0,843724.0,3988.0
4831548.0,843724.0,3988.0
3445463.7333,1069300.0,4029.6
3232220.0,1104004.0,4036.0
3233388.0,1104020.0,4080.8
3233680.0,1104024.0,4092.0
3233680.0,1104024.0,4092.0
3233680.0,1104024.0,4092.0
3233680.0,1104024.0,4092.0
3233680.0,1104024.0,4092.0
3233680.0,1104024.0,4092.0
3233680.0,1104024.0,4092.0
3233680.0,1104024.0,4092.0
3233680.0,1104024.0,4092.0
3233680.0,1104024.0,4092.0
3229161.6,1106334.4,4684.0
3228032.0,1106912.0,4832.0
3228032.0,1106912.0,4832.0
3228032.0,1106912.0,4832.0
3228032.0,1106912.0,4832.0
3228032.0,1106912.0,4832.0
3228032.0,1106912.0,4832.0
3228032.0,1106912.0,4832.0
3228032.0,1106912.0,4832.0
3228032.0,1106912.0,4832.0
3226385.6,1107000.8,4956.8
3225288.0,1107060.0,5040.0
3225288.0,1107060.0,5040.0
3225288.0,1107060.0,5040.0
3225288.0,1107060.0,5040.0
3225288.0,1107060.0,5040.0
3225288.0,1107060.0,5040.0
3225288.0,1107060.0,5040.0
3225288.0,1107060.0,5040.0
3225288.0,1107060.0,5040.0
3225288.0,1107060.0,5040.0
3225288.0,1107060.0,5040.0
3225629.3333,1107113.3333,5210.6666667
3225800.0,1107140.0,5296.0
3225800.0,1107140.0,5296.0
3225800.0,1107140.0,5296.0
3225800.0,1107140.0,5296.0
3225800.0,1107140.0,5296.0
3225800.0,1107140.0,5296.0
3225800.0,1107140.0,5296.0
3225800.0,1107140.0,5296.0
3225800.0,1107140.0,5296.0
3225800.0,1107140.0,5296.0
3225800.0,1107140.0,5296.0
3225404.8,1107152.8,5419.2
3224812.0,1107172.0,5604.0
3224812.0,1107172.0,5604.0
3224812.0,1107172.0,5604.0
3224812.0,1107172.0,5604.0
3224812.0,1107172.0,5604.0
3224812.0,1107172.0,5604.0
3224812.0,1107172.0,5604.0
3224812.0,1107172.0,5604.0
3224812.0,1107172.0,5604.0
3224812.0,1107172.0,5604.0
3224812.0,1107172.0,5604.0
3224012.0,1107246.6667,5769.3333333
3223612.0,1107284.0,5852.0
3223612.0,1107284.0,5852.0
3223612.0,1107284.0,5852.0
3223612.0,1107284.0,5852.0
3223612.0,1107284.0,5852.0
3223612.0,1107284.0,5852.0
3223612.0,1107284.0,5852.0
3223612.0,1107284.0,5852.0
3223612.0,1107284.0,5852.0
3223612.0,1107284.0,5852.0
3223612.0,1107284.0,5852.0
3223612.0,1107284.0,5852.0
3223490.4,1107344.8,6056.8
3223460.0,1107360.0,6108.0
3223460.0,1107360.0,6108.0
3223460.0,1107360.0,6108.0
3223460.0,1107360.0,6108.0
3223922.9333,1107374.9333,6212.5333333
3223956.0,1107376.0,6220.0
3223956.0,1107376.0,6220.0
3223956.0,1107376.0,6220.0
3223956.0,1107376.0,6220.0
3223956.0,1107376.0,6220.0
3223956.0,1107376.0,6220.0
3223956.0,1107376.0,6220.0
3223956.0,1107376.0,6220.0
3223956.0,1107376.0,6220.0
3223956.0,1107376.0,6220.0
3223956.0,1107376.0,6220.0
3224049.6,1107577.0667,6396.8
3224064.0,1107608.0,6424.0
3224064.0,1107608.0,6424.0
3224064.0,1107608.0,6424.0
3224064.0,1107608.0,6424.0
3224064.0,1107608.0,6424.0
3224064.0,1107608.0,6424.0
3224064.0,1107608.0,6424.0
3224064.0,1107608.0,6424.0
3224064.0,1107608.0,6424.0
3224064.0,1107608.0,6424.0
3224064.0,1107608.0,6424.0
3223440.5333,1107622.9333,6685.3333333
3223396.0,1107624.0,6704.0
3223396.0,1107624.0,6704.0
3223396.0,1107624.0,6704.0
3223396.0,1107624.0,6704.0
3223396.0,1107624.0,6704.0
3223396.0,1107624.0,6704.0
3223396.0,1107624.0,6704.0
3223396.0,1107624.0,6704.0
3223396.0,1107624.0,6704.0
3223396.0,1107624.0,6704.0
3223396.0,1107624.0,6704.0
3222928.0,1107637.8667,6925.8666667
3221940.8,1107643.4667,7015.4666667
3221800.0,1107644.0,7024.0
3221800.0,1107644.0,7024.0
3274449.6,1107656.8,7081.6
3287612.0,1107660.0,7096.0
3287612.0,1107660.0,7096.0
3281191.7333,1113771.7333,8087.4666667
3280204.0,1114712.0,8240.0
3280204.0,1114712.0,8240.0
3280204.0,1114712.0,8240.0
3280204.0,1114712.0,8240.0
3280204.0,1114712.0,8240.0
3280204.0,1114712.0,8240.0
3280204.0,1114712.0,8240.0
3280204.0,1114712.0,8240.0
3280204.0,1114712.0,8240.0
3280204.0,1114712.0,8240.0
3280204.0,1114712.0,8240.0
3280724.0,1114743.2,8434.1333333
3280804.0,1114748.0,8464.0
3280804.0,1114748.0,8464.0
3280804.0,1114748.0,8464.0
3280804.0,1114748.0,8464.0
3280804.0,1114748.0,8464.0
3280804.0,1114748.0,8464.0
3280804.0,1114748.0,8464.0
3280804.0,1114748.0,8464.0
3357575.2,1114777.3333,8789.6
3385492.0,1114788.0,8908.0
3385492.0,1114788.0,8908.0
3385492.0,1114788.0,8908.0
3385492.0,1114788.0,8908.0
3385492.0,1114788.0,8908.0
3385492.0,1114788.0,8908.0
3385492.0,1114788.0,8908.0
3385321.6,1114790.4,9008.8
3385208.0,1114792.0,9076.0
3385208.0,1114792.0,9076.0
3385208.0,1114792.0,9076.0
3385208.0,1114792.0,9076.0
3385208.0,1114792.0,9076.0
3385208.0,1114792.0,9076.0
3385208.0,1114792.0,9076.0
3385208.0,1114792.0,9076.0
3385208.0,1114792.0,9076.0
3385208.0,1114792.0,9076.0
3385208.0,1114792.0,9076.0
3384867.7333,1114803.7333,9263.7333333
3422232.0,1114816.0,9374.6666667
3440976.0,1114820.0,9396.0
3440976.0,1114820.0,9396.0
3511516.8,1114831.7333,9431.2
3537168.0,1114836.0,9444.0
3536480.0,1114836.0,9486.6666667
3536136.0,1114836.0,9508.0
3536136.0,1114836.0,9508.0
3537153.8667,1114838.9333,9549.0666667
3537524.0,1114840.0,9564.0
3537524.0,1114840.0,9564.0
3537524.0,1114840.0,9564.0
3537524.0,1114840.0,9564.0
3537524.0,1114840.0,9564.0
3537524.0,1114840.0,9564.0
3537524.0,1114840.0,9564.0
3537524.0,1114840.0,9564.0
3537524.0,1114840.0,9564.0
3537524.0,1114840.0,9564.0
3537524.0,1114840.0,9564.0
3537368.5333,1114860.5333,9751.7333333
3537312.0,1114868.0,9820.0
3537312.0,1114868.0,9820.0
3537312.0,1114868.0,9820.0
3620928.0,1114873.3333,9900.0
3662736.0,1114876.0,9940.0
3662736.0,1114876.0,9940.0
3662736.0,1114876.0,9940.0
3662736.0,1114876.0,9940.0
3662736.0,1114876.0,9940.0
3662736.0,1114876.0,9940.0
3662736.0,1114876.0,9940.0
3662736.0,1114876.0,9940.0
3662736.0,1114876.0,9940.0
3662736.0,1114876.0,9940.0
3662736.0,1114876.0,9940.0
3662768.2667,1114887.7333,10127.733333
3662780.0,1114892.0,10196.0
3662780.0,1114892.0,10196.0
3662780.0,1114892.0,10196.0
3662780.0,1114892.0,10196.0
3662780.0,1114892.0,10196.0
3662780.0,1114892.0,10196.0
3662780.0,1114892.0,10196.0
3662780.0,1114892.0,10196.0
3662780.0,1114892.0,10196.0
3662780.0,1114892.0,10196.0
3662780.0,1114892.0,10196.0
3757241.6,1114904.0,10392.8
3820216.0,1114912.0,10524.0
3820216.0,1114912.0,10524.0
3820216.0,1114912.0,10524.0
3820216.0,1114912.0,10524.0
3820216.0,1114912.0,10524.0
3820216.0,1114912.0,10524.0
3820216.0,1114912.0,10524.0
3820216.0,1114912.0,10524.0
3820216.0,1114912.0,10524.0
3820216.0,1114912.0,10524.0
3820216.0,1114912.0,10524.0
3820309.6,1114921.6,10677.6
3820372.0,1114928.0,10780.0
3820372.0,1114928.0,10780.0
3820372.0,1114928.0,10780.0
3820372.0,1114928.0,10780.0
3820372.0,1114928.0,10780.0
3820372.0,1114928.0,10780.0
3820372.0,1114928.0,10780.0
3820372.0,1114928.0,10780.0
5881409.3333,1110570.6667,10945.333333
6911928.0,1108392.0,11028.0
