16143722.667,112151.73333,4451.7333333
16195832.0,59900.0,3720.0
16195832.0,59900.0,3720.0
14202405.067,401397.86667,3910.6666667
13895724.0,453936.0,3940.0
13895724.0,453936.0,3940.0
13891879.467,453942.93333,3988.5333333
13891288.0,453944.0,3996.0
13891288.0,453944.0,3996.0
13891288.0,453944.0,3996.0
13891288.0,453944.0,3996.0
13891288.0,453944.0,3996.0
13891288.0,453944.0,3996.0
13891288.0,453944.0,3996.0
13889355.2,453947.2,4117.6
13888872.0,453948.0,4148.0
13890345.333,453951.46667,4203.4666667
13890572.0,453952.0,4212.0
13890572.0,453952.0,4212.0
13889429.6,454691.2,4402.4
13889348.0,454744.0,4416.0
13889348.0,454744.0,4416.0
13889348.0,454744.0,4416.0
13889348.0,454744.0,4416.0
13889348.0,454744.0,4416.0
13889348.0,454744.0,4416.0
13889348.0,454744.0,4416.0
13889348.0,454744.0,4416.0
13889348.0,454744.0,4416.0
13889348.0,454744.0,4416.0
13430435.467,454773.86667,4654.9333333
13397656.0,454776.0,4672.0
13396713.067,454776.0,4734.4
13396568.0,454776.0,4744.0
13396568.0,454776.0,4744.0
13396568.0,454776.0,4744.0
13396568.0,454776.0,4744.0
13396568.0,454776.0,4744.0
13396568.0,454776.0,4744.0
13396568.0,454776.0,4744.0
13396568.0,454776.0,4744.0
13396568.0,454776.0,4744.0
13396568.0,454776.0,4744.0
13396568.0,454776.0,4744.0
13395912.8,454796.8,4952.0
13395812.0,454800.0,4984.0
13395812.0,454800.0,4984.0
13395812.0,454800.0,4984.0
13395812.0,454800.0,4984.0
13395812.0,454800.0,4984.0
13395812.0,454800.0,4984.0
13395812.0,454800.0,4984.0
13395812.0,454800.0,4984.0
13395812.0,454800.0,4984.0
13395812.0,454800.0,4984.0
13395812.0,454800.0,4984.0
13395674.4,454828.8,5240.0
13395640.0,454836.0,5304.0
13395640.0,454836.0,5304.0
13395640.0,454836.0,5304.0
13395640.0,454836.0,5304.0
13395640.0,454836.0,5304.0
13395640.0,454836.0,5304.0
13395640.0,454836.0,5304.0
13395640.0,454836.0,5304.0
13395640.0,454836.0,5304.0
13395640.0,454836.0,5304.0
13395640.0,454836.0,5304.0
13395461.067,455003.2,5480.0
13395396.0,455064.0,5544.0
13395396.0,455064.0,5544.0
13395396.0,455064.0,5544.0
13395396.0,455064.0,5544.0
13395396.0,455064.0,5544.0
13395396.0,455064.0,5544.0
13395396.0,455064.0,5544.0
13395396.0,455064.0,5544.0
13395396.0,455064.0,5544.0
13393684.0,455086.4,5729.6
13393256.0,455092.0,5776.0
13393256.0,455092.0,5776.0
13393256.0,455092.0,5776.0
13393256.0,455092.0,5776.0
13393256.0,455092.0,5776.0
13393256.0,455092.0,5776.0
13393256.0,455092.0,5776.0
13393256.0,455092.0,5776.0
13393256.0,455092.0,5776.0
13393256.0,455092.0,5776.0
13393256.0,455092.0,5776.0
13393760.0,455118.13333,6014.9333333
13393796.0,455120.0,6032.0
13393796.0,455120.0,6032.0
13393796.0,455120.0,6032.0
13393796.0,455120.0,6032.0
13393796.0,455120.0,6032.0
13393796.0,455120.0,6032.0
13393796.0,455120.0,6032.0
13393796.0,455120.0,6032.0
13393796.0,455120.0,6032.0
13393796.0,455120.0,6032.0
13393796.0,455120.0,6032.0
13392467.2,455181.6,6254.9333333
13391984.0,455204.0,6336.0
13391984.0,455204.0,6336.0
13391984.0,455204.0,6336.0
13391984.0,455204.0,6336.0
13391984.0,455204.0,6336.0
13391984.0,455204.0,6336.0
13391984.0,455204.0,6336.0
13391984.0,455204.0,6336.0
13391984.0,455204.0,6336.0
13391984.0,455204.0,6336.0
13391984.0,455204.0,6336.0
13392546.667,455217.33333,6480.0
13392828.0,455224.0,6552.0
13392828.0,455224.0,6552.0
13392828.0,455224.0,6552.0
13392828.0,455224.0,6552.0
13392828.0,455224.0,6552.0
13392828.0,455224.0,6552.0
13392828.0,455224.0,6552.0
13392828.0,455224.0,6552.0
13392828.0,455224.0,6552.0
13392828.0,455224.0,6552.0
13392973.6,455236.8,6676.8
13393192.0,455256.0,6864.0
13393192.0,455256.0,6864.0
13393192.0,455256.0,6864.0
13393192.0,455256.0,6864.0
13393192.0,455256.0,6864.0
13393192.0,455256.0,6864.0
13393192.0,455256.0,6864.0
13393192.0,455256.0,6864.0
13393192.0,455256.0,6864.0
13393192.0,455256.0,6864.0
13393192.0,455256.0,6864.0
13393192.0,455256.0,6864.0
13392596.8,455349.6,7008.0
13392200.0,455412.0,7104.0
13392200.0,455412.0,7104.0
13392200.0,455412.0,7104.0
13392200.0,455412.0,7104.0
13392200.0,455412.0,7104.0
13392200.0,455412.0,7104.0
13392200.0,455412.0,7104.0
13392200.0,455412.0,7104.0
13392200.0,455412.0,7104.0
13392200.0,455412.0,7104.0
13392200.0,455412.0,7104.0
13391808.0,455438.66667,7333.3333333
13391612.0,455452.0,7448.0
13391612.0,455452.0,7448.0
13391612.0,455452.0,7448.0
13391612.0,455452.0,7448.0
13391612.0,455452.0,7448.0
13391612.0,455452.0,7448.0
13391612.0,455452.0,7448.0
13391612.0,455452.0,7448.0
13391612.0,455452.0,7448.0
13391612.0,455452.0,7448.0
13391612.0,455452.0,7448.0
13391472.8,455459.2,7604.0
13391380.0,455464.0,7708.0
13391380.0,455464.0,7708.0
13391380.0,455464.0,7708.0
13391380.0,455464.0,7708.0
13391380.0,455464.0,7708.0
13391380.0,455464.0,7708.0
13391380.0,455464.0,7708.0
13391380.0,455464.0,7708.0
13391380.0,455464.0,7708.0
13391380.0,455464.0,7708.0
13391380.0,455464.0,7708.0
13391324.8,455476.0,7871.2
13391288.0,455484.0,7980.0
13391288.0,455484.0,7980.0
13391288.0,455484.0,7980.0
13391288.0,455484.0,7980.0
13389992.0,455486.66667,8054.6666667
13389344.0,455488.0,8092.0
13389344.0,455488.0,8092.0
13388675.2,457154.13333,8402.9333333
13388432.0,457760.0,8516.0
13389270.933,457757.06667,8562.9333333
13389576.0,457756.0,8580.0
13389576.0,457756.0,8580.0
13389576.0,457756.0,8580.0
13389576.0,457756.0,8580.0
13389576.0,457756.0,8580.0
13389576.0,457756.0,8580.0
13389576.0,457756.0,8580.0
13389576.0,457756.0,8580.0
13389576.0,457756.0,8580.0
13389576.0,457756.0,8580.0
13389576.0,457756.0,8580.0
13388913.067,457770.66667,8761.8666667
13388672.0,457776.0,8828.0
13388672.0,457776.0,8828.0
13388672.0,457776.0,8828.0
13388672.0,457776.0,8828.0
13388672.0,457776.0,8828.0
13388672.0,457776.0,8828.0
13388287.2,457782.93333,8994.4
13388228.0,457784.0,9020.0
13388228.0,457784.0,9020.0
13388228.0,457784.0,9020.0
13388228.0,457784.0,9020.0
13388228.0,457784.0,9020.0
13388228.0,457784.0,9020.0
13388228.0,457784.0,9020.0
13388228.0,457784.0,9020.0
13388228.0,457784.0,9020.0
13388228.0,457784.0,9020.0
13388228.0,457784.0,9020.0
13388298.4,457869.06667,9178.4
13386206.133,457911.73333,9282.9333333
13385436.0,457916.0,9300.0
13385436.0,457916.0,9300.0
13385436.0,457916.0,9300.0
13385436.0,457916.0,9300.0
13385436.0,457916.0,9300.0
13385436.0,457916.0,9300.0
13385436.0,457916.0,9300.0
13385436.0,457916.0,9300.0
13385436.0,457916.0,9300.0
13385436.0,457916.0,9300.0
13385436.0,457916.0,9300.0
13384165.6,457928.8,9498.4
13383848.0,457932.0,9548.0
13384622.4,457940.8,9589.0666667
13384904.0,457944.0,9604.0
13384084.8,457944.0,9661.6
13383880.0,457944.0,9676.0
13383880.0,457944.0,9676.0
13383880.0,457944.0,9676.0
13383880.0,457944.0,9676.0
13383880.0,457944.0,9676.0
13383880.0,457944.0,9676.0
13383880.0,457944.0,9676.0
14836309.6,454012.8,9776.8
