3851304.0,52112.0,1728.0
3765409.3333,71800.0,2580.0
3593620.0,111176.0,4284.0
3593620.0,111176.0,4284.0
3577873.3333,111177.33333,4302.6666667
3546380.0,111180.0,4340.0
3544937.3333,111485.33333,4490.6666667
3542052.0,112096.0,4792.0
3542052.0,112096.0,4792.0
3535008.8,112097.6,4811.2
3524444.0,112100.0,4840.0
3524444.0,112100.0,4840.0
3515557.3333,112100.0,4856.0
3497784.0,112100.0,4888.0
3497784.0,112100.0,4888.0
3497784.0,112100.0,4888.0
3497784.0,112100.0,4888.0
3497298.6667,112106.66667,4920.0
3496328.0,112120.0,4984.0
3496328.0,112120.0,4984.0
3494030.4,112123.2,5006.4
3490584.0,112128.0,5040.0
3611886.4,109507.2,5062.4
3793840.0,105576.0,5096.0
