16205032.0,57956.0,2628.0
16205032.0,57956.0,2628.0
16091935.467,70773.066667,2780.5333333
15356808.0,154084.0,3772.0
15356808.0,154084.0,3772.0
15356543.2,154089.06667,3776.2666667
15352836.0,154160.0,3836.0
15352836.0,154160.0,3836.0
15350144.0,154180.0,3892.0
15350144.0,154180.0,3892.0
15350144.0,154180.0,3892.0
15341132.0,162460.0,5612.0
15341132.0,162460.0,5612.0
15341132.0,162460.0,5612.0
15336040.0,162528.0,5684.0
15336040.0,162528.0,5684.0
15332904.0,168318.4,5926.6666667
15332680.0,168732.0,5944.0
15332680.0,168732.0,5944.0
15322088.533,168750.66667,6003.7333333
15321332.0,168752.0,6008.0
15321332.0,168752.0,6008.0
15321332.0,168752.0,6008.0
15321332.0,168752.0,6008.0
15321332.0,168752.0,6008.0
15321332.0,168752.0,6008.0
15321332.0,168752.0,6008.0
15321332.0,168752.0,6008.0
15321332.0,168752.0,6008.0
15319399.2,168771.2,6219.2
15318916.0,168776.0,6272.0
15318916.0,168776.0,6272.0
15317527.2,168785.6,6316.8
15317180.0,168788.0,6328.0
15317180.0,168788.0,6328.0
15317180.0,168788.0,6328.0
15317180.0,168788.0,6328.0
15205289.333,168790.66667,6408.0
15149344.0,168792.0,6448.0
15149344.0,168792.0,6448.0
15149344.0,168792.0,6448.0
15149344.0,168792.0,6448.0
15149344.0,168792.0,6448.0
15131958.133,168794.93333,6536.0
15125636.0,168796.0,6568.0
15125636.0,168796.0,6568.0
15125636.0,168796.0,6568.0
15125636.0,168796.0,6568.0
15125636.0,168796.0,6568.0
15125636.0,168796.0,6568.0
15125636.0,168796.0,6568.0
15125636.0,168796.0,6568.0
15125636.0,168796.0,6568.0
