7488732.0,160784.8,2678.4
6789144.0,285520.0,3888.0
6789144.0,285520.0,3888.0
6340939.2,366964.8,3913.6
5668632.0,489132.0,3952.0
5668632.0,489132.0,3952.0
5668632.0,489132.0,3952.0
5668632.0,489132.0,3952.0
5668632.0,489132.0,3952.0
5668632.0,489132.0,3952.0
5668632.0,489132.0,3952.0
5668632.0,489132.0,3952.0
5668632.0,489132.0,3952.0
5668632.0,489132.0,3952.0
5668632.0,489132.0,3952.0
5668477.3333,489161.33333,4026.6666667
5667826.6667,489224.0,4194.6666667
5667144.0,489232.0,4232.0
5667144.0,489232.0,4232.0
5667144.0,489232.0,4232.0
5667144.0,489232.0,4232.0
5666916.8,489383.46667,4301.3333333
5666292.0,489800.0,4492.0
5666292.0,489800.0,4492.0
5666292.0,489800.0,4492.0
5666292.0,489800.0,4492.0
5666292.0,489800.0,4492.0
5666292.0,489800.0,4492.0
5666292.0,489800.0,4492.0
5666292.0,489800.0,4492.0
5666292.0,489800.0,4492.0
5666292.0,489800.0,4492.0
5666292.0,489800.0,4492.0
5665848.0,489905.33333,4572.0
5664960.0,490116.0,4732.0
5664960.0,490116.0,4732.0
5664960.0,490116.0,4732.0
5664065.6,490120.8,4783.2
5662724.0,490128.0,4860.0
5662724.0,490128.0,4860.0
5662724.0,490128.0,4860.0
5662724.0,490128.0,4860.0
5662724.0,490128.0,4860.0
5662724.0,490128.0,4860.0
5662724.0,490128.0,4860.0
5662724.0,490128.0,4860.0
5662724.0,490128.0,4860.0
5662724.0,490128.0,4860.0
5662724.0,490128.0,4860.0
5662576.0,490133.33333,4932.0
5662280.0,490144.0,5076.0
5662280.0,490144.0,5076.0
5662280.0,490144.0,5076.0
5662280.0,490144.0,5076.0
5661422.4,490147.2,5127.2
5660136.0,490152.0,5204.0
5660612.0,490153.33333,5225.3333333
5661564.0,490156.0,5268.0
5661564.0,490156.0,5268.0
5661564.0,490156.0,5268.0
5661564.0,490156.0,5268.0
5661564.0,490156.0,5268.0
5661564.0,490156.0,5268.0
5661564.0,490156.0,5268.0
5658189.3333,490169.33333,5318.6666667
5651440.0,490196.0,5420.0
5651440.0,490196.0,5420.0
5651440.0,490196.0,5420.0
5651440.0,490196.0,5420.0
5651440.0,490196.0,5420.0
5651440.0,490196.0,5420.0
5651440.0,490196.0,5420.0
5651440.0,490196.0,5420.0
5651440.0,490196.0,5420.0
5651440.0,490196.0,5420.0
5651440.0,490196.0,5420.0
5651328.8,490225.6,5464.8
5645527.2,490344.0,5661.0666667
5630796.0,490344.0,5708.0
5630796.0,490344.0,5708.0
5630796.0,490344.0,5708.0
5630796.0,490344.0,5708.0
5630796.0,490344.0,5708.0
5630796.0,490344.0,5708.0
5630796.0,490344.0,5708.0
5630796.0,490344.0,5708.0
5630796.0,490344.0,5708.0
5630796.0,490344.0,5708.0
5630796.0,490344.0,5708.0
5630750.1333,490348.26667,5767.7333333
5630624.0,490360.0,5932.0
5630624.0,490360.0,5932.0
5630624.0,490360.0,5932.0
5630624.0,490360.0,5932.0
5630624.0,490360.0,5932.0
5630624.0,490360.0,5932.0
5630228.2667,490366.4,5974.6666667
5629140.0,490384.0,6092.0
5629140.0,490384.0,6092.0
5629140.0,490384.0,6092.0
5629140.0,490384.0,6092.0
5629140.0,490384.0,6092.0
5629140.0,490384.0,6092.0
5629140.0,490384.0,6092.0
5629140.0,490384.0,6092.0
5629140.0,490384.0,6092.0
5629140.0,490384.0,6092.0
5629140.0,490384.0,6092.0
5629026.9333,490443.73333,6145.3333333
5625045.6,490608.0,6303.2
5610364.0,490608.0,6348.0
5610364.0,490608.0,6348.0
5610364.0,490608.0,6348.0
5610364.0,490608.0,6348.0
5610364.0,490608.0,6348.0
5610364.0,490608.0,6348.0
5610364.0,490608.0,6348.0
5610364.0,490608.0,6348.0
5610364.0,490608.0,6348.0
5610364.0,490608.0,6348.0
5610364.0,490608.0,6348.0
5610530.6667,490614.66667,6420.0
5610864.0,490628.0,6564.0
5610864.0,490628.0,6564.0
5610864.0,490628.0,6564.0
5610864.0,490628.0,6564.0
5610864.0,490628.0,6564.0
5610864.0,490628.0,6564.0
5610864.0,490628.0,6564.0
5610864.0,490628.0,6564.0
5610864.0,490628.0,6564.0
5610864.0,490628.0,6564.0
5610864.0,490628.0,6564.0
5610864.0,490628.0,6564.0
5610572.8,490634.4,6669.6
5610136.0,490644.0,6828.0
5610136.0,490644.0,6828.0
5610136.0,490644.0,6828.0
5610136.0,490644.0,6828.0
5610136.0,490644.0,6828.0
5610136.0,490644.0,6828.0
5610136.0,490644.0,6828.0
5610136.0,490644.0,6828.0
5610136.0,490644.0,6828.0
5610136.0,490644.0,6828.0
5610136.0,490644.0,6828.0
5609731.2,490645.6,6922.4
5609124.0,490648.0,7064.0
5609124.0,490648.0,7064.0
5609124.0,490648.0,7064.0
5609124.0,490648.0,7064.0
5609124.0,490648.0,7064.0
6382168.8,488030.4,7131.2
7541736.0,484104.0,7232.0
7541736.0,484104.0,7232.0
