7991988.0,44876.0,1796.0
7814314.6667,74122.666667,2437.3333333
7458968.0,132616.0,3720.0
7458968.0,132616.0,3720.0
7448955.2,132635.2,3739.2
7421420.0,132688.0,3792.0
7421420.0,132688.0,3792.0
7401333.3333,132689.33333,3816.0
7361160.0,132692.0,3864.0
7361160.0,132692.0,3864.0
7358905.0667,132695.73333,3886.4
7356328.0,132700.0,3912.0
7355180.8,132701.6,3937.6
7353460.0,132704.0,3976.0
7353460.0,132704.0,3976.0
7333954.4,132704.0,4001.6
7304696.0,132704.0,4040.0
7304696.0,132704.0,4040.0
7257036.8,132734.4,4062.4
7185548.0,132780.0,4096.0
