vda,29.00,0.11,0.40,0,2
vda,16.97,0.00,0.46,0,2
vda,24.00,0.09,0.00,0,0
vda,86.80,0.35,0.50,1,2
vda,48.20,0.21,0.49,1,2
vda,33.60,0.00,0.53,0,2
vda,61.00,2.01,0.41,10,2
vda,71.00,1.20,0.10,6,0
vda,74.00,0.66,0.50,3,2
vda,65.40,1.63,1.31,8,6
vda,50.40,3.41,0.86,17,4
vda,3.80,0.00,0.01,0,0
vda,2.80,0.00,0.40,0,1
vda,45.20,0.00,0.60,0,2
vda,30.80,0.00,0.51,0,2
vda,5.00,0.00,0.41,0,2
vda,14.00,0.00,0.06,0,0
vda,27.00,0.00,0.50,0,2
vda,6.00,0.00,0.41,0,2
vda,20.60,0.00,0.47,0,2
vda,10.60,0.00,0.04,0,0
vda,32.20,0.00,0.51,0,2
vda,15.40,0.00,0.45,0,2
vda,5.20,0.00,0.41,0,2
vda,36.40,0.00,0.15,0,0
vda,13.80,0.00,0.44,0,2
vda,2.20,0.00,0.40,0,1
vda,29.00,0.00,0.50,0,2
vda,14.60,0.00,0.06,0,0
vda,25.60,0.00,0.49,0,2
vda,2.20,0.00,0.40,0,1
vda,22.00,0.00,0.47,0,2
vda,0.00,0.00,0.00,0,0
vda,46.00,0.00,0.58,0,2
vda,2.00,0.00,0.40,0,1
vda,29.00,0.00,0.50,0,2
vda,11.20,0.00,0.05,0,0
vda,0.80,0.00,0.39,0,1
vda,35.80,0.00,0.53,0,2
vda,4.20,0.00,0.40,0,2
