7812735.2,91075.2,3458.4
7193036.0,200080.0,3884.0
7193036.0,200080.0,3884.0
7193278.4,200084.0,3895.2
7194248.0,200100.0,3940.0
7194248.0,200100.0,3940.0
7194248.0,200100.0,3940.0
7194248.0,200100.0,3940.0
7194248.0,200100.0,3940.0
7194248.0,200100.0,3940.0
7194248.0,200100.0,3940.0
7157212.0,200264.8,4008.0
7009068.0,200924.0,4280.0
7009068.0,200924.0,4280.0
7009068.0,200924.0,4280.0
7009068.0,200924.0,4280.0
7009068.0,200924.0,4280.0
7009068.0,200924.0,4280.0
7009068.0,200924.0,4280.0
7009068.0,200924.0,4280.0
7009068.0,200924.0,4280.0
7009068.0,200924.0,4280.0
7009068.0,200924.0,4280.0
7008826.4,200928.0,4321.6
7007860.0,200944.0,4488.0
7007860.0,200944.0,4488.0
7007860.0,200944.0,4488.0
7007860.0,200944.0,4488.0
7007860.0,200944.0,4488.0
7007860.0,200944.0,4488.0
7001232.0,200952.0,4537.3333333
6987976.0,200968.0,4636.0
6987976.0,200968.0,4636.0
6987976.0,200968.0,4636.0
6987976.0,200968.0,4636.0
6987976.0,200968.0,4636.0
6987976.0,200968.0,4636.0
6987976.0,200968.0,4636.0
6949659.2,200969.6,4703.2
6892184.0,200972.0,4804.0
6892184.0,200972.0,4804.0
6892184.0,200972.0,4804.0
6892184.0,200972.0,4804.0
6892184.0,200972.0,4804.0
6892184.0,200972.0,4804.0
6892184.0,200972.0,4804.0
6892184.0,200972.0,4804.0
6892184.0,200972.0,4804.0
6892184.0,200972.0,4804.0
6892184.0,200972.0,4804.0
6891856.0,200980.0,4896.8
6890500.0,200995.2,5061.6
6889204.0,201000.0,5100.0
6889204.0,201000.0,5100.0
6889665.3333,201005.33333,5121.3333333
6890588.0,201016.0,5164.0
6890588.0,201016.0,5164.0
6890588.0,201016.0,5164.0
6890588.0,201016.0,5164.0
6890588.0,201016.0,5164.0
6890588.0,201016.0,5164.0
6890588.0,201016.0,5164.0
6890588.0,201016.0,5164.0
6890588.0,201016.0,5164.0
6890588.0,201016.0,5164.0
6890588.0,201016.0,5164.0
6890773.6,201028.8,5264.8
6891052.0,201048.0,5416.0
6891052.0,201048.0,5416.0
6891052.0,201048.0,5416.0
6891052.0,201048.0,5416.0
6891052.0,201048.0,5416.0
6891052.0,201048.0,5416.0
6891052.0,201048.0,5416.0
6891052.0,201048.0,5416.0
6891052.0,201048.0,5416.0
6891052.0,201048.0,5416.0
6891052.0,201048.0,5416.0
6890477.3333,201108.0,5512.0
6889328.0,201228.0,5704.0
6889328.0,201228.0,5704.0
6889328.0,201228.0,5704.0
6889328.0,201228.0,5704.0
6888285.3333,201236.0,5744.0
6886200.0,201252.0,5824.0
6886200.0,201252.0,5824.0
6885740.8,201253.6,5849.6
6885052.0,201256.0,5888.0
6885052.0,201256.0,5888.0
6885052.0,201256.0,5888.0
6885052.0,201256.0,5888.0
7074888.0,199948.8,5910.4
