7632945.0667,108949.6,2482.6666667
7225536.0,181820.0,3048.0
7225536.0,181820.0,3048.0
7224348.8,182296.0,3412.0
7222992.0,182840.0,3828.0
7222252.8,182914.66667,3857.8666667
7221408.0,183000.0,3892.0
7221408.0,183000.0,3892.0
7127970.1333,183005.6,3921.8666667
7021184.0,183012.0,3956.0
7021184.0,183012.0,3956.0
7019772.8,183012.0,3982.1333333
7018160.0,183012.0,4012.0
7018160.0,183012.0,4012.0
7018160.0,183012.0,4012.0
7018160.0,183012.0,4012.0
7018160.0,183012.0,4012.0
7018160.0,183012.0,4012.0
7018160.0,183012.0,4012.0
6969390.4,183020.0,4076.0
6896236.0,183032.0,4172.0
6895822.6667,183032.0,4188.0
6894996.0,183032.0,4220.0
6894996.0,183032.0,4220.0
6894996.0,183032.0,4220.0
6894996.0,183032.0,4220.0
6894996.0,183032.0,4220.0
6894394.6667,183042.66667,4257.3333333
6893192.0,183064.0,4332.0
6893192.0,183064.0,4332.0
6893192.0,183064.0,4332.0
6893192.0,183064.0,4332.0
6893192.0,183064.0,4332.0
6893192.0,183064.0,4332.0
6893192.0,183064.0,4332.0
