vda,45.40,0.17,0.01,0,0
vda,108.80,0.50,0.11,2,0
vda,26.00,0.10,0.07,0,0
vda,1.60,0.00,0.01,0,0
vda,2.20,0.00,0.01,0,0
vda,40.40,0.00,0.17,0,0
vda,212.40,10.71,0.00,53,0
vda,43.40,4.87,0.02,24,0
vda,28.80,0.00,1.39,0,6
vda,32.80,0.07,0.06,0,0
vda,2.20,0.00,0.01,0,0
vda,2.80,0.00,0.01,0,0
vda,1.60,0.00,0.01,0,0
vda,51.60,0.00,0.21,0,1
vda,10.80,0.00,0.04,0,0
vda,1.40,0.00,0.00,0,0
vda,2.40,0.00,0.01,0,0
vda,33.60,0.00,0.15,0,0
vda,0.80,0.00,0.00,0,0
vda,2.20,0.00,0.01,0,0
vda,45.60,0.11,0.15,0,0
vda,16.60,0.06,0.01,0,0
vda,6.20,0.02,0.00,0,0
vda,60.60,0.00,0.26,0,1
vda,24.40,0.00,0.10,0,0
vda,1.40,0.00,0.00,0,0
vda,2.20,0.00,0.01,0,0
vda,35.40,0.00,0.15,0,0
vda,2.40,0.00,0.01,0,0
vda,1.20,0.00,0.00,0,0
vda,34.80,0.00,0.15,0,0
vda,5.00,0.00,0.02,0,0
vda,0.00,0.00,0.00,0,0
vda,1.60,0.00,0.00,0,0
vda,55.40,0.00,0.22,0,1
vda,10.40,0.00,0.05,0,0
vda,1.80,0.00,0.01,0,0
vda,2.20,0.00,0.01,0,0
vda,35.00,0.00,0.15,0,0
vda,0.60,0.00,0.00,0,0
vda,3.40,0.00,0.01,0,0
vda,35.20,0.00,0.15,0,0
