vda,116.20,0.63,0.01,3,0
vda,52.89,0.10,0.19,0,0
vda,7.80,0.02,0.01,0,0
vda,14.00,0.05,0.01,0,0
vda,0.00,0.00,0.00,0,0
vda,34.40,0.00,0.14,0,0
vda,228.00,9.54,0.08,47,0
vda,90.80,10.78,0.02,53,0
vda,130.20,11.08,0.99,55,4
vda,108.00,13.35,0.46,66,2
vda,81.00,9.60,0.02,48,0
vda,100.80,12.40,0.01,62,0
vda,90.80,11.33,0.00,56,0
vda,50.40,0.71,0.19,3,0
vda,2.80,0.00,0.01,0,0
vda,9.00,0.00,0.04,0,0
vda,54.20,0.00,0.22,0,1
vda,1.40,0.00,0.01,0,0
vda,0.60,0.00,0.00,0,0
vda,52.80,0.00,0.21,0,1
vda,1.20,0.00,0.00,0,0
vda,0.00,0.00,0.00,0,0
vda,14.40,0.00,0.06,0,0
vda,2.40,0.00,0.01,0,0
vda,29.60,0.00,0.12,0,0
vda,1.40,0.00,0.01,0,0
vda,37.00,0.00,0.15,0,0
vda,1.00,0.00,0.00,0,0
vda,21.20,0.00,0.08,0,0
vda,3.20,0.00,0.01,0,0
vda,49.60,0.00,0.21,0,1
vda,0.00,0.00,0.00,0,0
vda,2.20,0.00,0.01,0,0
vda,35.60,0.00,0.15,0,0
vda,1.60,0.00,0.01,0,0
vda,2.20,0.00,0.01,0,0
vda,35.40,0.00,0.14,0,0
vda,2.40,0.00,0.01,0,0
vda,1.20,0.00,0.00,0,0
vda,49.60,0.00,0.20,0,1
vda,3.00,0.00,0.01,0,0
vda,1.20,0.00,0.00,0,0
vda,46.40,0.00,0.19,0,0
vda,2.40,0.00,0.01,0,0
vda,1.20,0.00,0.00,0,0
vda,35.40,0.00,0.15,0,0
vda,2.40,0.00,0.01,0,0
vda,2.60,0.00,0.01,0,0
vda,1.60,0.00,0.01,0,0
vda,2.40,0.00,0.01,0,0
vda,0.00,0.00,0.00,0,0
vda,1.40,0.00,0.00,0,0
vda,37.80,0.00,0.15,0,0
vda,25.60,0.00,0.10,0,0
vda,0.80,0.00,0.00,0,0
vda,2.20,0.00,0.01,0,0
vda,36.20,0.00,0.15,0,0
vda,3.00,0.00,0.01,0,0
vda,45.80,0.00,0.19,0,0
vda,1.40,0.00,0.01,0,0
vda,12.20,0.00,0.05,0,0
vda,25.60,0.00,0.11,0,0
vda,1.40,0.00,0.01,0,0
vda,18.60,0.00,0.07,0,0
vda,2.40,0.00,0.01,0,0
vda,50.00,0.00,0.21,0,1
vda,1.80,0.00,0.01,0,0
vda,2.20,0.00,0.01,0,0
vda,41.60,0.00,0.17,0,0
vda,1.00,0.00,0.00,0,0
vda,37.20,0.00,0.15,0,0
vda,1.40,0.00,0.01,0,0
vda,12.20,0.00,0.05,0,0
vda,25.60,0.00,0.11,0,0
vda,2.80,0.00,0.01,0,0
vda,27.20,0.00,0.11,0,0
vda,2.20,0.00,0.01,0,0
vda,41.00,0.00,0.17,0,0
vda,1.00,0.00,0.00,0,0
vda,36.80,0.00,0.15,0,0
vda,1.40,0.00,0.01,0,0
vda,12.80,0.00,0.05,0,0
vda,25.60,0.00,0.11,0,0
vda,2.60,0.00,0.01,0,0
vda,21.20,0.00,0.08,0,0
vda,2.40,0.00,0.01,0,0
vda,30.80,0.00,0.13,0,0
vda,0.00,0.00,0.00,0,0
vda,2.20,0.00,0.01,0,0
vda,2.60,0.00,0.01,0,0
vda,1.00,0.00,0.00,0,0
vda,2.20,0.00,0.01,0,0
vda,2.20,0.00,0.01,0,0
vda,20.20,0.00,0.08,0,0
vda,36.20,0.00,0.14,0,0
vda,8.60,0.00,0.04,0,0
vda,0.00,0.00,0.00,0,0
vda,37.20,0.00,0.15,0,0
vda,1.40,0.00,0.01,0,0
vda,0.60,0.00,0.00,0,0
vda,51.60,0.00,0.21,0,1
vda,4.40,0.00,0.02,0,0
vda,1.60,0.00,0.01,0,0
vda,44.00,0.00,0.18,0,0
vda,1.40,0.00,0.01,0,0
vda,2.40,0.00,0.01,0,0
vda,35.00,0.00,0.15,0,0
vda,1.40,0.00,0.01,0,0
vda,0.60,0.00,0.00,0,0
vda,36.80,0.00,0.15,0,0
vda,1.40,0.00,0.01,0,0
vda,15.80,0.05,0.01,0,0
vda,72.60,0.12,0.24,0,1
vda,28.00,0.00,0.11,0,0
vda,1.80,0.00,0.01,0,0
vda,0.00,0.00,0.00,0,0
vda,37.20,0.00,0.15,0,0
vda,1.80,0.00,0.01,0,0
vda,2.40,0.00,0.01,0,0
vda,35.00,0.00,0.15,0,0
vda,4.60,0.00,0.02,0,0
vda,1.40,0.00,0.01,0,0
vda,43.60,0.00,0.18,0,0
vda,0.20,0.00,0.00,0,0
vda,2.20,0.00,0.01,0,0
vda,47.20,0.00,0.19,0,0
vda,6.80,0.00,0.03,0,0
vda,2.20,0.00,0.01,0,0
vda,35.80,0.00,0.15,0,0
vda,2.80,0.00,0.01,0,0
vda,2.00,0.00,0.01,0,0
vda,43.60,0.00,0.18,0,0
vda,0.00,0.00,0.00,0,0
vda,2.20,0.00,0.01,0,0
vda,36.00,0.00,0.15,0,0
vda,0.20,0.00,0.00,0,0
vda,2.20,0.00,0.01,0,0
vda,53.00,0.00,0.21,0,1
vda,0.00,0.00,0.00,0,0
vda,2.20,0.00,0.01,0,0
vda,44.40,0.00,0.18,0,0
vda,1.80,0.00,0.01,0,0
vda,2.20,0.00,0.01,0,0
vda,35.00,0.00,0.14,0,0
vda,1.60,0.00,0.01,0,0
vda,2.20,0.00,0.01,0,0
vda,36.20,0.00,0.15,0,0
vda,2.40,0.00,0.01,0,0
vda,0.00,0.00,0.00,0,0
vda,2.40,0.00,0.01,0,0
vda,1.80,0.00,0.01,0,0
vda,1.80,0.00,0.01,0,0
vda,9.80,0.00,0.04,0,0
vda,51.80,0.00,0.21,0,1
vda,2.20,0.00,0.01,0,0
vda,25.40,0.00,0.11,0,0
vda,2.40,0.00,0.01,0,0
vda,35.80,0.00,0.15,0,0
vda,1.40,0.00,0.01,0,0
vda,27.80,0.00,0.11,0,0
vda,3.80,0.00,0.01,0,0
vda,2.40,0.00,0.01,0,0
vda,48.40,0.00,0.19,0,0
vda,2.60,0.00,0.01,0,0
vda,1.20,0.00,0.00,0,0
vda,0.80,0.00,0.00,0,0
vda,36.00,0.00,0.14,0,0
vda,2.00,0.00,0.01,0,0
vda,21.20,0.00,0.09,0,0
