7610074.6667,303522.4,4204.8
7666224.0,146896.0,3880.0
6694279.4667,329253.33333,3914.1333333
5843828.0,488816.0,3944.0
5843828.0,488816.0,3944.0
5843828.0,488816.0,3944.0
5843828.0,488816.0,3944.0
5843828.0,488816.0,3944.0
5744470.9333,488825.33333,4013.0666667
5630920.0,488836.0,4092.0
5630294.6667,488832.26667,4125.6
5629580.0,488828.0,4164.0
5629580.0,488828.0,4164.0
5626399.2,488838.66667,4193.8666667
5623616.0,488848.0,4220.0
5623616.0,488848.0,4220.0
5622956.8,488886.4,4254.1333333
5622380.0,488920.0,4284.0
5622380.0,488920.0,4284.0
5622380.0,488920.0,4284.0
5622380.0,488920.0,4284.0
5622380.0,488920.0,4284.0
5622380.0,488920.0,4284.0
5622380.0,488920.0,4284.0
5622380.0,488920.0,4284.0
5622380.0,488920.0,4284.0
5622380.0,488920.0,4284.0
5622380.0,488920.0,4284.0
5621844.2667,488959.2,4399.7333333
5619264.5333,489007.73333,4561.8666667
5617016.0,489012.0,4596.0
5617016.0,489012.0,4596.0
5617016.0,489012.0,4596.0
5617016.0,489012.0,4596.0
5617016.0,489012.0,4596.0
5617016.0,489012.0,4596.0
5617016.0,489012.0,4596.0
5615242.6667,489372.26667,4741.6
5613216.0,489784.0,4908.0
5613216.0,489784.0,4908.0
5612556.8,489792.53333,4942.1333333
5611980.0,489800.0,4972.0
5611980.0,489800.0,4972.0
5611980.0,489800.0,4972.0
5611980.0,489800.0,4972.0
5611980.0,489800.0,4972.0
5611980.0,489800.0,4972.0
5611980.0,489800.0,4972.0
5611980.0,489800.0,4972.0
5611980.0,489800.0,4972.0
5611980.0,489800.0,4972.0
5611980.0,489800.0,4972.0
5611497.8667,489814.93333,5097.8666667
