vda,86.60,0.58,0.01,2,0
vda,21.40,0.08,0.01,0,0
vda,34.80,0.14,0.00,0,0
vda,2.20,0.00,0.01,0,0
vda,0.00,0.00,0.00,0,0
vda,3.00,0.00,0.01,0,0
vda,205.00,6.88,0.06,34,0
vda,41.80,0.00,0.99,0,4
vda,22.20,0.07,0.47,0,2
vda,0.00,0.00,0.00,0,0
vda,1.20,0.00,0.00,0,0
vda,3.40,0.00,0.01,0,0
vda,2.80,0.00,0.01,0,0
vda,9.00,0.00,0.04,0,0
vda,22.20,0.00,0.09,0,0
vda,32.20,0.00,0.13,0,0
vda,3.40,0.00,0.01,0,0
vda,1.20,0.00,0.00,0,0
vda,2.20,0.00,0.01,0,0
vda,0.60,0.00,0.00,0,0
vda,1.20,0.00,0.00,0,0
vda,2.40,0.00,0.01,0,0
vda,7.00,0.00,0.04,0,0
vda,18.00,0.00,0.07,0,0
