vda,21.00,0.09,0.00,0,0
vda,13.80,0.04,0.01,0,0
vda,123.80,0.20,0.29,1,1
vda,202.20,2.37,0.06,11,0
vda,50.20,0.41,0.02,2,0
vda,8.00,0.52,0.01,2,0
vda,243.20,13.07,0.00,65,0
vda,119.00,14.27,0.02,71,0
vda,79.80,9.83,0.00,49,0
vda,131.00,16.10,0.01,80,0
vda,105.20,9.65,0.12,48,0
vda,137.80,16.08,0.04,80,0
vda,142.00,14.45,0.11,72,0
vda,65.00,7.65,1.29,38,6
vda,20.60,2.13,0.01,10,0
vda,3.40,0.00,0.01,0,0
vda,1.40,0.00,0.01,0,0
vda,21.20,0.00,0.09,0,0
vda,17.60,0.00,0.07,0,0
vda,8.80,0.00,0.04,0,0
vda,1.60,0.00,0.01,0,0
vda,36.40,0.00,0.15,0,0
vda,3.20,0.00,0.01,0,0
vda,10.80,0.00,0.04,0,0
vda,0.00,0.00,0.00,0,0
vda,65.00,0.14,0.20,0,0
vda,19.40,0.07,0.01,0,0
vda,0.00,0.00,0.00,0,0
vda,101.80,0.00,0.41,0,2
vda,1.80,0.00,0.01,0,0
vda,0.80,0.00,0.00,0,0
vda,2.20,0.00,0.01,0,0
vda,1.20,0.00,0.00,0,0
vda,4.00,0.00,0.01,0,0
vda,2.20,0.00,0.01,0,0
vda,10.80,0.00,0.04,0,0
vda,1.80,0.00,0.01,0,0
vda,35.40,0.00,0.14,0,0
vda,1.20,0.00,0.00,0,0
vda,0.60,0.00,0.00,0,0
vda,10.00,0.00,0.04,0,0
vda,1.60,0.00,0.01,0,0
vda,0.80,0.00,0.00,0,0
vda,69.80,0.00,0.29,0,1
vda,2.80,0.00,0.01,0,0
vda,2.60,0.00,0.01,0,0
vda,0.00,0.00,0.00,0,0
vda,1.20,0.00,0.00,0,0
vda,0.60,0.00,0.00,0,0
vda,2.60,0.00,0.01,0,0
vda,25.00,0.00,0.10,0,0
vda,51.60,0.00,0.21,0,1
vda,2.20,0.00,0.01,0,0
vda,2.80,0.00,0.01,0,0
vda,54.00,0.00,0.22,0,1
vda,1.40,0.00,0.01,0,0
vda,1.20,0.00,0.00,0,0
vda,44.20,0.00,0.18,0,0
vda,2.80,0.00,0.01,0,0
vda,1.20,0.00,0.00,0,0
vda,45.00,0.00,0.18,0,0
vda,5.00,0.00,0.02,0,0
vda,1.00,0.00,0.00,0,0
vda,6.20,0.00,0.05,0,0
vda,81.40,0.00,0.34,0,1
vda,3.00,0.00,0.01,0,0
vda,0.80,0.00,0.00,0,0
vda,2.20,0.00,0.01,0,0
vda,47.40,0.00,0.19,0,0
vda,0.00,0.00,0.00,0,0
vda,4.00,0.00,0.02,0,0
vda,51.80,0.00,0.22,0,1
vda,1.20,0.00,0.00,0,0
vda,2.20,0.00,0.01,0,0
vda,1.20,0.00,0.00,0,0
vda,0.00,0.00,0.00,0,0
vda,70.00,0.00,0.29,0,1
vda,1.40,0.00,0.01,0,0
vda,0.20,0.00,0.00,0,0
vda,2.40,0.00,0.01,0,0
vda,45.60,0.00,0.19,0,0
vda,2.40,0.00,0.01,0,0
vda,2.60,0.00,0.01,0,0
vda,53.20,0.00,0.22,0,1
vda,0.40,0.00,0.00,0,0
vda,3.40,0.00,0.01,0,0
vda,1.40,0.00,0.01,0,0
vda,0.20,0.00,0.00,0,0
vda,70.60,0.00,0.29,0,1
vda,1.80,0.00,0.01,0,0
vda,4.20,0.00,0.02,0,0
vda,1.60,0.00,0.01,0,0
vda,0.00,0.00,0.00,0,0
vda,1.40,0.00,0.00,0,0
vda,2.80,0.00,0.01,0,0
vda,11.00,0.00,0.04,0,0
vda,9.40,0.00,0.05,0,0
vda,34.60,0.00,0.14,0,0
vda,1.20,0.00,0.00,0,0
vda,1.20,0.00,0.00,0,0
vda,3.80,0.00,0.01,0,0
vda,1.60,0.00,0.01,0,0
vda,78.00,0.00,0.31,0,1
vda,0.20,0.00,0.00,0,0
vda,1.40,0.00,0.00,0,0
vda,46.00,0.00,0.19,0,0
vda,2.20,0.00,0.01,0,0
vda,1.20,0.00,0.00,0,0
vda,4.00,0.00,0.02,0,0
vda,1.80,0.00,0.01,0,0
vda,0.00,0.00,0.00,0,0
vda,1.60,0.00,0.01,0,0
vda,53.20,0.00,0.21,0,1
vda,17.80,0.00,0.07,0,0
vda,2.20,0.00,0.01,0,0
vda,7.00,0.00,0.03,0,0
vda,1.40,0.00,0.01,0,0
vda,3.20,0.00,0.01,0,0
vda,1.00,0.00,0.00,0,0
vda,3.60,0.00,0.02,0,0
vda,52.60,0.00,0.21,0,1
vda,2.20,0.00,0.01,0,0
vda,69.60,0.00,0.28,0,1
vda,2.40,0.00,0.01,0,0
vda,0.00,0.00,0.00,0,0
vda,46.40,0.00,0.19,0,0
vda,1.80,0.00,0.01,0,0
vda,2.20,0.00,0.01,0,0
vda,52.60,0.00,0.22,0,1
vda,1.60,0.00,0.01,0,0
vda,2.20,0.00,0.01,0,0
vda,51.40,0.00,0.21,0,1
vda,1.40,0.00,0.01,0,0
vda,2.40,0.00,0.01,0,0
vda,35.20,0.00,0.14,0,0
vda,1.40,0.00,0.01,0,0
vda,65.00,0.00,0.26,0,1
vda,0.00,0.00,0.00,0,0
vda,4.80,0.00,0.02,0,0
vda,0.00,0.00,0.00,0,0
vda,55.00,0.00,0.22,0,1
vda,1.80,0.00,0.01,0,0
vda,2.20,0.00,0.01,0,0
vda,45.80,0.00,0.19,0,0
vda,2.20,0.00,0.01,0,0
vda,2.20,0.00,0.01,0,0
vda,2.00,0.00,0.01,0,0
vda,1.40,0.00,0.00,0,0
vda,2.00,0.00,0.01,0,0
vda,3.80,0.00,0.02,0,0
vda,39.40,0.00,0.17,0,0
vda,71.40,0.00,0.28,0,1
vda,1.40,0.00,0.01,0,0
vda,2.40,0.00,0.01,0,0
vda,0.00,0.00,0.00,0,0
vda,1.60,0.00,0.01,0,0
vda,3.40,0.00,0.01,0,0
vda,18.80,0.00,0.07,0,0
vda,2.40,0.00,0.01,0,0
vda,36.00,0.00,0.14,0,0
vda,0.00,0.00,0.00,0,0
vda,1.60,0.00,0.01,0,0
vda,1.60,0.00,0.01,0,0
vda,9.40,0.00,0.04,0,0
vda,0.20,0.00,0.00,0,0
vda,73.60,0.00,0.29,0,1
vda,1.60,0.00,0.01,0,0
vda,0.00,0.00,0.00,0,0
vda,53.60,0.00,0.21,0,1
vda,14.60,0.04,0.03,0,0
vda,7.60,0.00,0.04,0,0
vda,70.60,0.00,0.28,0,1
vda,3.80,0.00,0.01,0,0
vda,1.00,0.00,0.00,0,0
vda,48.60,0.00,0.19,0,0
vda,3.20,0.00,0.01,0,0
vda,1.60,0.00,0.01,0,0
vda,53.40,0.00,0.21,0,1
vda,2.40,0.00,0.01,0,0
vda,0.00,0.00,0.00,0,0
vda,46.60,0.00,0.18,0,0
vda,2.20,0.00,0.01,0,0
vda,1.20,0.00,0.00,0,0
vda,71.00,0.00,0.28,0,1
vda,2.00,0.00,0.01,0,0
vda,1.60,0.00,0.01,0,0
vda,53.00,0.00,0.21,0,1
vda,2.60,0.00,0.01,0,0
vda,1.20,0.00,0.00,0,0
vda,47.60,0.00,0.19,0,0
vda,1.40,0.00,0.01,0,0
vda,0.00,0.00,0.00,0,0
vda,46.80,0.00,0.18,0,0
vda,3.40,0.00,0.01,0,0
vda,1.00,0.00,0.00,0,0
vda,2.20,0.00,0.01,0,0
vda,0.20,0.00,0.00,0,0
vda,1.20,0.00,0.00,0,0
vda,1.60,0.00,0.01,0,0
vda,27.80,0.00,0.11,0,0
vda,0.00,0.00,0.00,0,0
vda,1.20,0.00,0.00,0,0
vda,53.00,0.00,0.21,0,1
vda,3.20,0.00,0.01,0,0
vda,2.00,0.00,0.01,0,0
vda,2.60,0.00,0.01,0,0
vda,1.60,0.00,0.01,0,0
vda,17.80,0.00,0.07,0,0
vda,2.40,0.00,0.01,0,0
vda,7.00,0.00,0.03,0,0
vda,52.60,0.00,0.21,0,1
vda,2.40,0.00,0.01,0,0
vda,1.40,0.00,0.01,0,0
vda,4.20,0.00,0.02,0,0
vda,12.00,0.00,0.05,0,0
vda,0.80,0.00,0.00,0,0
vda,22.60,0.00,0.09,0,0
vda,22.20,0.00,0.09,0,0
vda,1.20,0.00,0.00,0,0
vda,2.20,0.00,0.01,0,0
vda,1.20,0.00,0.01,0,0
vda,17.80,0.00,0.07,0,0
vda,4.80,0.00,0.02,0,0
vda,1.80,0.00,0.01,0,0
vda,0.00,0.00,0.00,0,0
vda,52.20,0.00,0.20,0,1
vda,2.00,0.00,0.01,0,0
vda,2.60,0.00,0.02,0,0
vda,55.20,0.00,0.22,0,1
vda,1.40,0.00,0.01,0,0
vda,0.00,0.00,0.00,0,0
vda,71.60,0.00,0.28,0,1
vda,3.00,0.00,0.01,0,0
vda,1.60,0.00,0.01,0,0
vda,55.40,0.00,0.22,0,1
vda,1.40,0.00,0.01,0,0
vda,0.00,0.00,0.00,0,0
vda,47.00,0.00,0.19,0,0
vda,2.80,0.00,0.01,0,0
vda,0.00,0.00,0.00,0,0
vda,47.00,0.00,0.18,0,0
vda,3.20,0.00,0.01,0,0
vda,1.00,0.00,0.00,0,0
vda,79.00,0.00,0.31,0,1
vda,1.40,0.00,0.01,0,0
vda,0.00,0.00,0.00,0,0
vda,47.40,0.00,0.19,0,0
vda,2.40,0.00,0.01,0,0
vda,0.00,0.00,0.00,0,0
vda,47.20,0.00,0.19,0,0
vda,2.40,0.00,0.01,0,0
vda,1.40,0.00,0.01,0,0
vda,56.40,0.00,0.23,0,1
vda,1.60,0.00,0.01,0,0
vda,5.60,0.00,0.05,0,0
vda,75.00,0.00,0.30,0,1
vda,3.40,0.00,0.01,0,0
vda,0.00,0.00,0.00,0,0
vda,48.40,0.00,0.19,0,0
vda,2.80,0.00,0.01,0,0
vda,1.20,0.00,0.00,0,0
vda,56.80,0.00,0.23,0,1
vda,2.00,0.00,0.01,0,0
vda,0.00,0.00,0.00,0,0
vda,48.00,0.00,0.19,0,0
vda,3.20,0.00,0.01,0,0
vda,1.20,0.00,0.00,0,0
vda,104.00,0.00,0.41,0,2
vda,0.20,0.00,0.00,0,0
vda,1.20,0.00,0.00,0,0
vda,46.20,0.00,0.18,0,0
vda,2.60,0.00,0.01,0,0
vda,3.20,0.00,0.01,0,0
vda,56.60,0.00,0.23,0,1
vda,1.40,0.00,0.01,0,0
vda,0.20,0.00,0.00,0,0
vda,47.80,0.00,0.19,0,0
vda,2.20,0.00,0.01,0,0
vda,1.20,0.00,0.00,0,0
vda,69.00,0.00,0.27,0,1
vda,2.40,0.00,0.01,0,0
vda,1.20,0.00,0.00,0,0
vda,59.00,0.00,0.24,0,1
vda,2.00,0.00,0.01,0,0
vda,0.00,0.00,0.00,0,0
vda,48.00,0.00,0.19,0,0
vda,3.00,0.00,0.01,0,0
vda,0.00,0.00,0.00,0,0
vda,48.20,0.00,0.19,0,0
vda,2.40,0.00,0.01,0,0
vda,18.20,0.00,0.08,0,0
vda,4.40,0.00,0.02,0,0
vda,73.20,0.00,0.29,0,1
vda,1.40,0.00,0.01,0,0
vda,0.20,0.00,0.00,0,0
vda,48.60,0.00,0.19,0,0
vda,1.40,0.00,0.01,0,0
vda,2.20,0.00,0.01,0,0
vda,46.20,0.00,0.18,0,0
vda,1.40,0.00,0.01,0,0
vda,2.60,0.00,0.01,0,0
vda,60.20,0.00,0.24,0,1
vda,2.00,0.00,0.01,0,0
vda,2.20,0.00,0.01,0,0
vda,64.20,0.00,0.25,0,1
vda,1.40,0.00,0.01,0,0
vda,2.20,0.00,0.01,0,0
vda,46.20,0.00,0.18,0,0
vda,1.40,0.00,0.01,0,0
vda,2.60,0.00,0.01,0,0
vda,55.00,0.00,0.22,0,1
vda,2.00,0.00,0.01,0,0
vda,1.40,0.00,0.01,0,0
vda,71.80,0.00,0.28,0,1
vda,1.00,0.00,0.00,0,0
vda,0.00,0.00,0.00,0,0
vda,49.20,0.00,0.20,0,0
vda,2.00,0.00,0.01,0,0
vda,0.00,0.00,0.00,0,0
vda,3.40,0.00,0.01,0,0
vda,1.60,0.00,0.01,0,0
vda,2.20,0.00,0.01,0,0
vda,0.40,0.00,0.00,0,0
vda,3.20,0.00,0.02,0,0
vda,63.60,0.00,0.25,0,1
vda,9.20,0.00,0.04,0,0
vda,1.20,0.00,0.00,0,0
vda,1.20,0.00,0.00,0,0
vda,2.40,0.00,0.01,0,0
vda,2.80,0.00,0.01,0,0
vda,3.20,0.00,0.01,0,0
vda,19.20,0.00,0.08,0,0
vda,0.80,0.00,0.00,0,0
vda,33.80,0.00,0.13,0,0
vda,2.80,0.00,0.01,0,0
vda,8.60,0.00,0.04,0,0
vda,1.20,0.00,0.00,0,0
vda,3.00,0.00,0.01,0,0
vda,1.20,0.00,0.00,0,0
vda,20.80,0.00,0.08,0,0
vda,2.00,0.00,0.01,0,0
vda,1.00,0.00,0.00,0,0
vda,60.60,0.00,0.24,0,1
vda,2.00,0.00,0.01,0,0
vda,3.20,0.00,0.01,0,0
vda,0.00,0.00,0.00,0,0
vda,14.20,0.00,0.06,0,0
vda,1.40,0.00,0.01,0,0
vda,1.20,0.00,0.00,0,0
vda,3.60,0.00,0.01,0,0
vda,2.00,0.00,0.01,0,0
vda,52.80,0.00,0.21,0,1
vda,4.60,0.00,0.02,0,0
vda,18.40,0.00,0.07,0,0
vda,0.20,0.00,0.00,0,0
vda,9.00,0.00,0.04,0,0
vda,1.40,0.00,0.01,0,0
vda,1.40,0.00,0.00,0,0
vda,2.60,0.00,0.01,0,0
vda,1.40,0.00,0.01,0,0
vda,55.60,0.00,0.22,0,1
vda,19.20,0.00,0.08,0,0
vda,1.20,0.00,0.00,0,0
vda,2.20,0.00,0.01,0,0
vda,0.40,0.00,0.00,0,0
vda,8.60,0.00,0.04,0,0
vda,0.80,0.00,0.00,0,0
vda,3.40,0.00,0.02,0,0
vda,12.20,0.00,0.05,0,0
vda,37.20,0.00,0.15,0,0
vda,1.60,0.00,0.01,0,0
vda,0.40,0.00,0.00,0,0
vda,1.40,0.00,0.00,0,0
vda,2.80,0.00,0.01,0,0
vda,1.20,0.00,0.00,0,0
vda,1.60,0.00,0.01,0,0
vda,26.40,0.00,0.11,0,0
vda,1.60,0.00,0.01,0,0
vda,11.00,0.00,0.07,0,0
vda,52.60,0.00,0.21,0,1
vda,1.20,0.00,0.00,0,0
vda,21.60,0.00,0.09,0,0
vda,3.40,0.00,0.01,0,0
vda,47.80,0.00,0.19,0,0
vda,0.20,0.00,0.00,0,0
vda,3.00,0.00,0.01,0,0
vda,68.40,0.00,0.27,0,1
vda,0.00,0.00,0.00,0,0
vda,3.60,0.00,0.01,0,0
vda,1.60,0.00,0.01,0,0
vda,89.00,0.00,0.35,0,1
vda,2.40,0.00,0.01,0,0
vda,1.20,0.00,0.00,0,0
vda,0.00,0.00,0.00,0,0
vda,2.20,0.00,0.01,0,0
vda,1.20,0.00,0.00,0,0
vda,2.60,0.00,0.01,0,0
vda,36.80,0.00,0.14,0,0
vda,18.00,0.00,0.07,0,0
vda,0.40,0.00,0.00,0,0
vda,2.20,0.00,0.01,0,0
vda,1.20,0.00,0.00,0,0
vda,7.40,0.00,0.03,0,0
vda,2.40,0.00,0.01,0,0
vda,2.60,0.00,0.01,0,0
vda,14.20,0.00,0.06,0,0
vda,53.40,0.00,0.21,0,1
vda,1.20,0.00,0.00,0,0
vda,0.80,0.00,0.00,0,0
vda,11.80,0.00,0.05,0,0
vda,0.00,0.00,0.00,0,0
vda,2.60,0.00,0.01,0,0
vda,2.20,0.00,0.01,0,0
vda,18.00,0.00,0.07,0,0
vda,2.80,0.00,0.01,0,0
vda,54.60,0.00,0.21,0,1
vda,1.60,0.00,0.01,0,0
vda,0.00,0.00,0.00,0,0
vda,3.80,0.00,0.02,0,0
vda,1.20,0.00,0.00,0,0
vda,12.00,0.00,0.05,0,0
vda,9.00,0.00,0.04,0,0
vda,2.20,0.00,0.01,0,0
vda,0.60,0.00,0.00,0,0
vda,55.40,0.00,0.22,0,1
vda,2.20,0.00,0.01,0,0
vda,0.40,0.00,0.00,0,0
vda,2.40,0.00,0.01,0,0
vda,18.00,0.00,0.07,0,0
vda,0.20,0.00,0.00,0,0
vda,2.20,0.00,0.01,0,0
vda,8.40,0.00,0.03,0,0
vda,2.40,0.00,0.01,0,0
vda,55.40,0.00,0.22,0,1
vda,1.60,0.00,0.01,0,0
vda,0.00,0.00,0.00,0,0
vda,19.00,0.00,0.07,0,0
vda,1.20,0.00,0.00,0,0
vda,6.00,0.00,0.05,0,0
vda,14.00,0.00,0.06,0,0
vda,47.40,0.00,0.19,0,0
vda,2.20,0.00,0.01,0,0
vda,2.60,0.00,0.01,0,0
vda,55.40,0.00,0.22,0,1
vda,2.00,0.00,0.01,0,0
vda,0.00,0.00,0.00,0,0
vda,71.60,0.00,0.29,0,1
vda,1.40,0.00,0.01,0,0
vda,2.20,0.00,0.01,0,0
vda,45.60,0.00,0.18,0,0
vda,0.80,0.00,0.00,0,0
vda,2.20,0.00,0.01,0,0
vda,54.40,0.00,0.22,0,1
vda,1.80,0.00,0.01,0,0
vda,2.20,0.00,0.01,0,0
vda,52.60,0.00,0.21,0,1
vda,0.80,0.00,0.00,0,0
vda,2.40,0.00,0.01,0,0
vda,71.40,0.00,0.28,0,1
vda,0.20,0.00,0.00,0,0
vda,2.40,0.00,0.01,0,0
vda,48.00,0.00,0.19,0,0
vda,3.00,0.00,0.01,0,0
vda,0.20,0.00,0.00,0,0
vda,39.00,0.00,0.16,0,0
vda,1.00,0.00,0.00,0,0
vda,2.20,0.00,0.01,0,0
vda,47.40,0.00,0.19,0,0
vda,0.20,0.00,0.00,0,0
vda,2.40,0.00,0.01,0,0
vda,70.80,0.00,0.28,0,1
vda,1.00,0.00,0.00,0,0
vda,3.20,0.00,0.01,0,0
vda,1.60,0.00,0.01,0,0
vda,56.80,0.00,0.23,0,1
vda,0.00,0.00,0.00,0,0
vda,1.20,0.00,0.00,0,0
vda,45.80,0.00,0.19,0,0
vda,2.40,0.00,0.01,0,0
vda,1.20,0.00,0.00,0,0
vda,34.60,0.00,0.14,0,0
vda,1.20,0.00,0.00,0,0
vda,78.20,0.00,0.31,0,1
vda,0.20,0.00,0.00,0,0
vda,2.20,0.00,0.01,0,0
vda,29.80,0.00,0.12,0,0
vda,1.60,0.00,0.01,0,0
vda,42.91,0.00,0.17,0,0
vda,2.00,0.00,0.01,0,0
vda,0.00,0.00,0.00,0,0
vda,34.80,0.00,0.14,0,0
vda,1.60,0.00,0.01,0,0
vda,20.20,0.00,0.08,0,0
vda,43.20,0.00,0.17,0,0
vda,0.80,0.00,0.00,0,0
vda,1.20,0.00,0.00,0,0
vda,71.80,0.00,0.29,0,1
vda,1.40,0.00,0.01,0,0
vda,5.60,0.00,0.05,0,0
vda,6.20,0.00,0.02,0,0
vda,54.40,0.00,0.22,0,1
vda,0.00,0.00,0.00,0,0
vda,2.60,0.00,0.01,0,0
vda,0.00,0.00,0.00,0,0
vda,57.00,0.00,0.23,0,1
vda,2.60,0.00,0.01,0,0
vda,2.20,0.00,0.01,0,0
vda,2.40,0.00,0.01,0,0
vda,0.00,0.00,0.00,0,0
vda,0.60,0.00,0.00,0,0
vda,1.60,0.00,0.01,0,0
vda,101.40,0.00,0.40,0,2
vda,0.20,0.00,0.00,0,0
vda,13.80,0.00,0.06,0,0
vda,2.40,0.00,0.01,0,0
vda,0.00,0.00,0.00,0,0
vda,31.80,0.38,0.01,1,0
vda,7.40,0.00,0.03,0,0
vda,24.40,0.00,0.11,0,0
vda,1.80,0.00,0.01,0,0
vda,53.40,0.00,0.21,0,1
vda,2.20,0.00,0.01,0,0
vda,3.20,0.00,0.01,0,0
vda,34.40,0.00,0.18,0,0
vda,5.20,0.01,0.02,0,0
vda,2.80,0.00,0.02,0,0
vda,14.20,0.00,0.06,0,0
vda,0.60,0.00,0.00,0,0
vda,1.60,0.00,0.01,0,0
vda,53.60,0.00,0.21,0,1
vda,2.40,0.00,0.01,0,0
vda,21.60,0.00,0.10,0,0
vda,3.60,0.00,0.02,0,0
vda,17.00,0.00,0.07,0,0
vda,1.80,0.00,0.01,0,0
vda,2.40,0.00,0.01,0,0
vda,0.00,0.00,0.00,0,0
vda,1.20,0.00,0.00,0,0
vda,36.20,0.00,0.14,0,0
vda,0.80,0.00,0.01,0,0
vda,12.80,0.00,0.05,0,0
vda,19.60,0.00,0.08,0,0
vda,0.00,0.00,0.00,0,0
vda,1.20,0.00,0.00,0,0
vda,2.20,0.00,0.01,0,0
vda,0.60,0.00,0.00,0,0
vda,9.80,0.00,0.04,0,0
vda,54.40,0.00,0.21,0,1
vda,11.80,0.00,0.05,0,0
vda,1.20,0.00,0.00,0,0
vda,4.00,0.00,0.02,0,0
vda,0.00,0.00,0.00,0,0
vda,2.00,0.00,0.01,0,0
vda,3.60,0.00,0.01,0,0
vda,0.00,0.00,0.00,0,0
vda,18.20,0.00,0.07,0,0
vda,53.60,0.00,0.21,0,1
vda,8.00,0.00,0.03,0,0
vda,1.80,0.00,0.01,0,0
vda,2.40,0.00,0.01,0,0
vda,4.20,0.00,0.02,0,0
vda,0.00,0.00,0.00,0,0
vda,13.60,0.00,0.05,0,0
vda,1.20,0.00,0.00,0,0
vda,1.60,0.00,0.01,0,0
vda,53.80,0.00,0.21,0,1
vda,1.20,0.00,0.00,0,0
vda,8.20,0.00,0.04,0,0
vda,2.20,0.00,0.01,0,0
vda,20.00,0.00,0.08,0,0
vda,0.60,0.00,0.00,0,0
vda,1.80,0.00,0.01,0,0
vda,2.00,0.00,0.01,0,0
vda,1.20,0.00,0.00,0,0
vda,38.20,0.00,0.15,0,0
vda,7.00,0.00,0.03,0,0
vda,2.00,0.00,0.01,0,0
vda,18.60,0.00,0.07,0,0
vda,3.20,0.00,0.01,0,0
vda,1.60,0.00,0.01,0,0
vda,2.40,0.00,0.01,0,0
vda,2.00,0.00,0.01,0,0
vda,1.60,0.00,0.01,0,0
vda,53.80,0.00,0.21,0,1
vda,19.80,0.00,0.08,0,0
vda,1.40,0.00,0.00,0,0
vda,2.80,0.00,0.01,0,0
vda,1.60,0.00,0.01,0,0
vda,2.00,0.00,0.01,0,0
vda,2.40,0.00,0.01,0,0
vda,0.60,0.00,0.00,0,0
vda,1.20,0.00,0.00,0,0
vda,77.60,0.00,0.31,0,1
vda,1.20,0.00,0.00,0,0
vda,1.20,0.00,0.00,0,0
vda,4.60,0.00,0.02,0,0
vda,1.60,0.00,0.01,0,0
vda,0.00,0.00,0.00,0,0
vda,2.20,0.00,0.01,0,0
vda,12.40,0.00,0.05,0,0
vda,11.60,0.00,0.05,0,0
vda,35.40,0.00,0.14,0,0
vda,1.60,0.00,0.01,0,0
vda,1.20,0.00,0.00,0,0
vda,3.20,0.00,0.01,0,0
vda,2.00,0.00,0.01,0,0
vda,18.40,0.00,0.07,0,0
vda,2.40,0.00,0.01,0,0
vda,1.80,0.00,0.01,0,0
vda,1.40,0.00,0.01,0,0
vda,53.60,0.00,0.21,0,1
vda,8.00,0.00,0.03,0,0
vda,2.00,0.00,0.01,0,0
vda,2.40,0.00,0.01,0,0
vda,19.40,0.00,0.08,0,0
vda,2.40,0.00,0.01,0,0
vda,2.40,0.00,0.01,0,0
vda,0.00,0.00,0.00,0,0
vda,1.80,0.00,0.01,0,0
vda,53.80,0.00,0.21,0,1
vda,8.40,0.00,0.04,0,0
vda,0.00,0.00,0.00,0,0
vda,13.40,0.00,0.05,0,0
vda,1.60,0.00,0.01,0,0
vda,3.60,0.00,0.01,0,0
vda,3.00,0.00,0.01,0,0
vda,0.00,0.00,0.00,0,0
vda,1.20,0.00,0.00,0,0
vda,71.00,0.00,0.28,0,1
vda,22.80,0.00,0.09,0,0
vda,15.60,0.00,0.07,0,0
vda,3.60,0.00,0.01,0,0
vda,2.00,0.00,0.01,0,0
vda,0.00,0.00,0.00,0,0
vda,3.40,0.00,0.01,0,0
vda,1.60,0.00,0.01,0,0
vda,0.40,0.00,0.00,0,0
vda,73.20,0.00,0.29,0,1
vda,1.20,0.00,0.00,0,0
vda,0.00,0.00,0.00,0,0
vda,9.00,0.00,0.04,0,0
vda,0.80,0.00,0.00,0,0
vda,1.60,0.00,0.01,0,0
vda,3.80,0.00,0.01,0,0
vda,13.20,0.00,0.05,0,0
vda,34.60,0.00,0.14,0,0
vda,5.00,0.00,0.02,0,0
vda,0.60,0.00,0.00,0,0
vda,1.20,0.00,0.00,0,0
vda,57.80,0.00,0.23,0,1
vda,1.40,0.00,0.00,0,0
vda,1.40,0.00,0.00,0,0
vda,2.20,0.00,0.01,0,0
vda,2.40,0.00,0.01,0,0
