7947412.0,81068.0,3400.0
7692109.6,137287.73333,3508.2666667
6032644.0,502716.0,4212.0
6032644.0,502716.0,4212.0
5919028.5333,517810.4,4220.5333333
5180528.0,615924.0,4276.0
5180528.0,615924.0,4276.0
5180528.0,615924.0,4276.0
5180528.0,615924.0,4276.0
5180528.0,615924.0,4276.0
5180528.0,615924.0,4276.0
5180528.0,615924.0,4276.0
5180528.0,615924.0,4276.0
5180528.0,615924.0,4276.0
5180528.0,615924.0,4276.0
5180528.0,615924.0,4276.0
5180483.4667,615930.66667,4289.3333333
5179860.0,616024.0,4476.0
5179860.0,616024.0,4476.0
5179860.0,616024.0,4476.0
5179860.0,616024.0,4476.0
5179860.0,616024.0,4476.0
5179860.0,616024.0,4476.0
5179860.0,616024.0,4476.0
5168564.0,616096.0,4636.0
5168564.0,616096.0,4636.0
5168564.0,616096.0,4636.0
5168564.0,616096.0,4636.0
5168564.0,616096.0,4636.0
5168564.0,616096.0,4636.0
5168564.0,616096.0,4636.0
5168444.2667,616096.8,4646.1333333
5166768.0,616108.0,4788.0
5166768.0,616108.0,4788.0
5166768.0,616108.0,4788.0
5166768.0,616108.0,4788.0
5166768.0,616108.0,4788.0
5166768.0,616108.0,4788.0
5166768.0,616108.0,4788.0
5166768.0,616108.0,4788.0
5166768.0,616108.0,4788.0
5166768.0,616108.0,4788.0
5166768.0,616108.0,4788.0
5166749.3333,616119.73333,4817.8666667
5166454.6667,616196.53333,5020.5333333
5165328.0,616200.0,5076.0
5165328.0,616200.0,5076.0
5165328.0,616200.0,5076.0
5165328.0,616200.0,5076.0
5165328.0,616200.0,5076.0
5165328.0,616200.0,5076.0
5165328.0,616200.0,5076.0
5165328.0,616200.0,5076.0
5165328.0,616200.0,5076.0
5165328.0,616200.0,5076.0
5165328.0,616200.0,5076.0
5165328.0,616200.0,5076.0
5163900.0,616300.0,5328.0
5163900.0,616300.0,5328.0
5163900.0,616300.0,5328.0
5156501.6,616310.66667,5387.7333333
5156501.6,616310.66667,5387.7333333
5150028.0,616320.0,5440.0
5150028.0,616320.0,5440.0
5150028.0,616320.0,5440.0
5150028.0,616320.0,5440.0
5150028.0,616320.0,5440.0
5150028.0,616320.0,5440.0
5150028.0,616320.0,5440.0
5150028.0,616320.0,5440.0
5150028.0,616320.0,5440.0
5150028.0,616320.0,5440.0
5150028.0,616320.0,5440.0
5149240.2667,616510.4,5678.9333333
5149184.0,616524.0,5696.0
5149184.0,616524.0,5696.0
5149184.0,616524.0,5696.0
5149184.0,616524.0,5696.0
5149184.0,616524.0,5696.0
5149184.0,616524.0,5696.0
5149184.0,616524.0,5696.0
5149184.0,616524.0,5696.0
5149184.0,616524.0,5696.0
5149184.0,616524.0,5696.0
5149184.0,616524.0,5696.0
5150132.2667,616565.06667,5961.0666667
5150200.0,616568.0,5980.0
5150200.0,616568.0,5980.0
5150200.0,616568.0,5980.0
5150200.0,616568.0,5980.0
5150200.0,616568.0,5980.0
5150200.0,616568.0,5980.0
5150200.0,616568.0,5980.0
5150200.0,616568.0,5980.0
5150200.0,616568.0,5980.0
5138708.8,616638.93333,6189.0666667
5137888.0,616644.0,6204.0
5137888.0,616644.0,6204.0
5136267.7333,616647.73333,6263.7333333
5136152.0,616648.0,6268.0
5136152.0,616648.0,6268.0
5136152.0,616648.0,6268.0
5136152.0,616648.0,6268.0
5136152.0,616648.0,6268.0
5136152.0,616648.0,6268.0
5136152.0,616648.0,6268.0
5136152.0,616648.0,6268.0
5136152.0,616648.0,6268.0
5136152.0,616648.0,6268.0
5136152.0,616648.0,6268.0
5136110.4,616672.26667,6441.3333333
5136104.0,616676.0,6468.0
5136104.0,616676.0,6468.0
5136104.0,616676.0,6468.0
5136104.0,616676.0,6468.0
5136104.0,616676.0,6468.0
5136104.0,616676.0,6468.0
5136104.0,616676.0,6468.0
5136104.0,616676.0,6468.0
5136104.0,616676.0,6468.0
5136104.0,616676.0,6468.0
5136104.0,616676.0,6468.0
5136223.4667,616705.86667,6721.8666667
5136232.0,616708.0,6740.0
5136232.0,616708.0,6740.0
5136232.0,616708.0,6740.0
5136232.0,616708.0,6740.0
5136232.0,616708.0,6740.0
5136232.0,616708.0,6740.0
5136232.0,616708.0,6740.0
5136232.0,616708.0,6740.0
5136232.0,616708.0,6740.0
5136232.0,616708.0,6740.0
5136232.0,616708.0,6740.0
5135624.8,616789.6,6884.0
5135220.0,616844.0,6980.0
5135220.0,616844.0,6980.0
5135220.0,616844.0,6980.0
5135220.0,616844.0,6980.0
5135220.0,616844.0,6980.0
5135220.0,616844.0,6980.0
5135220.0,616844.0,6980.0
5135220.0,616844.0,6980.0
5135220.0,616844.0,6980.0
5135220.0,616844.0,6980.0
5135220.0,616844.0,6980.0
5135213.6,616856.8,7120.8
5135208.0,616868.0,7244.0
5132850.4,616869.86667,7270.1333333
5130156.0,616872.0,7300.0
5130156.0,616872.0,7300.0
5129412.0,616874.4,7338.4
5128916.0,616876.0,7364.0
5128916.0,616876.0,7364.0
5128916.0,616876.0,7364.0
5128916.0,616876.0,7364.0
5128916.0,616876.0,7364.0
5128916.0,616876.0,7364.0
5128916.0,616876.0,7364.0
5127840.8,616884.53333,7462.1333333
5126900.0,616892.0,7548.0
5126900.0,616892.0,7548.0
5127558.9333,616899.46667,7574.1333333
5128312.0,616908.0,7604.0
5128312.0,616908.0,7604.0
5128312.0,616908.0,7604.0
5128312.0,616908.0,7604.0
5124804.8,616944.26667,7659.4666667
5121736.0,616976.0,7708.0
5121736.0,616976.0,7708.0
5121736.0,616976.0,7708.0
5121736.0,616976.0,7708.0
5121736.0,616976.0,7708.0
5121736.0,616976.0,7708.0
5121736.0,616976.0,7708.0
5121736.0,616976.0,7708.0
5121736.0,616976.0,7708.0
5121736.0,616976.0,7708.0
5121736.0,616976.0,7708.0
5121209.0667,616990.93333,7814.6666667
5120748.0,617004.0,7908.0
5120748.0,617004.0,7908.0
5120748.0,617004.0,7908.0
5120748.0,617004.0,7908.0
5120748.0,617004.0,7908.0
5120748.0,617004.0,7908.0
6495655.2,613070.4,8008.8
