vda,34.60,0.13,0.01,0,0
vda,12.40,0.05,0.00,0,0
vda,18.80,0.07,0.00,0,0
vda,31.20,0.15,0.01,0,0
vda,46.20,0.39,0.01,1,0
vda,4.00,0.00,0.02,0,0
vda,155.80,3.99,0.10,19,0
vda,73.40,4.72,0.01,23,0
vda,64.60,4.92,0.10,24,0
vda,16.80,1.97,0.00,9,0
vda,3.60,0.00,0.01,0,0
vda,10.40,0.04,0.00,0,0
vda,6.20,0.00,0.03,0,0
vda,8.00,0.00,1.30,0,6
vda,17.20,0.00,0.07,0,0
vda,2.60,0.00,0.01,0,0
vda,1.20,0.00,0.00,0,0
vda,33.80,0.00,0.14,0,0
vda,2.60,0.00,0.01,0,0
vda,10.60,0.00,0.05,0,0
vda,0.80,0.00,0.00,0,0
vda,13.80,0.00,0.05,0,0
vda,2.40,0.00,0.01,0,0
vda,2.60,0.00,0.01,0,0
vda,0.20,0.00,0.00,0,0
vda,1.40,0.00,0.01,0,0
vda,34.20,0.00,0.14,0,0
vda,3.40,0.00,0.02,0,0
vda,8.20,0.00,0.03,0,0
vda,20.60,0.00,0.08,0,0
vda,1.60,0.00,0.01,0,0
vda,1.20,0.00,0.00,0,0
vda,1.40,0.00,0.01,0,0
vda,2.60,0.00,0.01,0,0
vda,2.80,0.00,0.02,0,0
vda,42.80,0.00,0.17,0,0
vda,19.00,0.00,0.07,0,0
vda,0.80,0.00,0.00,0,0
vda,0.00,0.00,0.00,0,0
vda,2.20,0.00,0.01,0,0
vda,36.20,0.00,0.15,0,0
vda,0.80,0.00,0.00,0,0
vda,3.60,0.00,0.01,0,0
vda,1.60,0.00,0.01,0,0
vda,41.80,0.00,0.17,0,0
vda,2.40,0.00,0.01,0,0
vda,1.20,0.00,0.00,0,0
vda,51.20,0.00,0.21,0,1
vda,2.40,0.00,0.01,0,0
vda,1.20,0.00,0.00,0,0
vda,0.60,0.00,0.00,0,0
vda,2.20,0.00,0.01,0,0
vda,2.60,0.00,0.01,0,0
vda,2.00,0.00,0.01,0,0
vda,14.80,0.00,0.06,0,0
vda,30.80,0.00,0.13,0,0
vda,2.59,0.00,0.01,0,0
vda,34.20,0.00,0.14,0,0
vda,1.80,0.00,0.01,0,0
vda,9.80,0.00,0.04,0,0
vda,46.80,0.00,0.19,0,0
vda,1.00,0.00,0.00,0,0
vda,0.20,0.00,0.00,0,0
vda,43.80,0.00,0.18,0,0
vda,1.40,0.00,0.01,0,0
vda,0.00,0.00,0.00,0,0
vda,36.60,0.00,0.15,0,0
vda,1.40,0.00,0.01,0,0
vda,0.00,0.00,0.00,0,0
vda,36.60,0.00,0.15,0,0
vda,1.40,0.00,0.01,0,0
vda,3.80,0.00,0.01,0,0
vda,50.40,0.00,0.21,0,1
vda,11.40,0.00,0.05,0,0
vda,0.00,0.00,0.00,0,0
vda,37.00,0.00,0.15,0,0
vda,1.40,0.00,0.01,0,0
vda,0.20,0.00,0.00,0,0
vda,36.40,0.00,0.15,0,0
vda,1.40,0.00,0.01,0,0
vda,0.40,0.00,0.00,0,0
vda,38.20,0.00,0.16,0,0
vda,1.60,0.00,0.01,0,0
vda,28.00,0.18,0.00,0,0
vda,3.00,0.00,0.01,0,0
vda,52.00,0.00,0.21,0,1
vda,33.00,0.00,0.13,0,0
vda,3.00,0.00,0.01,0,0
vda,1.20,0.00,0.00,0,0
vda,0.00,0.00,0.00,0,0
vda,2.20,0.00,0.01,0,0
vda,13.60,0.00,0.06,0,0
vda,0.20,0.00,0.00,0,0
vda,35.20,0.00,0.14,0,0
vda,1.20,0.00,0.00,0,0
vda,0.80,0.00,0.00,0,0
vda,54.40,0.00,0.22,0,1
vda,1.40,0.00,0.01,0,0
vda,0.60,0.00,0.00,0,0
vda,36.40,0.00,0.15,0,0
vda,1.40,0.00,0.01,0,0
vda,3.20,0.00,0.01,0,0
vda,1.40,0.00,0.01,0,0
vda,1.60,0.00,0.01,0,0
vda,0.00,0.00,0.00,0,0
vda,2.60,0.00,0.01,0,0
vda,16.20,0.00,0.07,0,0
vda,0.00,0.00,0.00,0,0
vda,42.40,0.00,0.17,0,0
vda,1.40,0.00,0.01,0,0
vda,0.60,0.00,0.00,0,0
vda,2.20,0.00,0.01,0,0
vda,2.60,0.00,0.01,0,0
vda,4.60,0.00,0.02,0,0
vda,20.00,0.00,0.08,0,0
