7961760.0,70392.0,1644.0
7594997.3333,142635.73333,2724.8
7175840.0,225200.0,3960.0
6201357.8667,444300.0,3986.1333333
5087664.0,694700.0,4016.0
5087664.0,694700.0,4016.0
4356497.6,858460.0,4044.8
3259748.0,1104100.0,4088.0
3259232.0,1104101.3333,4109.3333333
3258200.0,1104104.0,4152.0
3258200.0,1104104.0,4152.0
3258200.0,1104104.0,4152.0
3258200.0,1104104.0,4152.0
3258200.0,1104104.0,4152.0
3257793.6,1104314.1333,4224.5333333
3256676.0,1104892.0,4424.0
3255951.7333,1105438.1333,4539.2
3253960.0,1106940.0,4856.0
3253960.0,1106940.0,4856.0
3253960.0,1106940.0,4856.0
3253960.0,1106940.0,4856.0
3253960.0,1106940.0,4856.0
3253960.0,1106940.0,4856.0
3253960.0,1106940.0,4856.0
3253960.0,1106940.0,4856.0
3253960.0,1106940.0,4856.0
3253960.0,1106940.0,4856.0
3253960.0,1106940.0,4856.0
3254109.3333,1106980.5333,4922.1333333
3254520.0,1107092.0,5104.0
3254520.0,1107092.0,5104.0
3254520.0,1107092.0,5104.0
3254520.0,1107092.0,5104.0
3254520.0,1107092.0,5104.0
3254520.0,1107092.0,5104.0
3254520.0,1107092.0,5104.0
3254520.0,1107092.0,5104.0
3254520.0,1107092.0,5104.0
3254409.6,1107093.3333,5121.0666667
3252864.0,1107112.0,5360.0
3252864.0,1107112.0,5360.0
3251776.0,1107116.0,5424.0
3251776.0,1107116.0,5424.0
3251776.0,1107116.0,5424.0
3251776.0,1107116.0,5424.0
3251776.0,1107116.0,5424.0
3251776.0,1107116.0,5424.0
3251776.0,1107116.0,5424.0
3251776.0,1107116.0,5424.0
3251776.0,1107116.0,5424.0
3251776.0,1107116.0,5424.0
3251776.0,1107116.0,5424.0
3251776.0,1107116.0,5424.0
3252153.0667,1107142.1333,5670.4
3252180.0,1107144.0,5688.0
3252180.0,1107144.0,5688.0
3252180.0,1107144.0,5688.0
3252180.0,1107144.0,5688.0
3252180.0,1107144.0,5688.0
3252180.0,1107144.0,5688.0
3252180.0,1107144.0,5688.0
3252180.0,1107144.0,5688.0
3252180.0,1107144.0,5688.0
3252180.0,1107144.0,5688.0
3252180.0,1107144.0,5688.0
3251364.0,1107172.8,5924.8
3251160.0,1107180.0,5984.0
3251160.0,1107180.0,5984.0
3251160.0,1107180.0,5984.0
3251160.0,1107180.0,5984.0
3250482.4,1107188.8,6077.8666667
3250236.0,1107192.0,6112.0
3250236.0,1107192.0,6112.0
3250236.0,1107192.0,6112.0
3250236.0,1107192.0,6112.0
3250236.0,1107192.0,6112.0
3250236.0,1107192.0,6112.0
3250236.0,1107192.0,6112.0
3250236.0,1107192.0,6112.0
3250236.0,1107192.0,6112.0
3250236.0,1107192.0,6112.0
3250236.0,1107192.0,6112.0
3250236.0,1107192.0,6112.0
3249903.7333,1107218.1333,6328.5333333
3249880.0,1107220.0,6344.0
3249880.0,1107220.0,6344.0
3249002.6667,1107294.6667,6456.0
3248940.0,1107300.0,6464.0
3248940.0,1107300.0,6464.0
3248940.0,1107300.0,6464.0
3248940.0,1107300.0,6464.0
3248940.0,1107300.0,6464.0
3248940.0,1107300.0,6464.0
3248940.0,1107300.0,6464.0
3255051.7333,1107410.9333,6626.9333333
3255992.0,1107428.0,6652.0
3255992.0,1107428.0,6652.0
3281621.0667,1107434.9333,6700.5333333
3285564.0,1107436.0,6708.0
3285564.0,1107436.0,6708.0
3285564.0,1107436.0,6708.0
3285564.0,1107436.0,6708.0
3285564.0,1107436.0,6708.0
3285564.0,1107436.0,6708.0
3285564.0,1107436.0,6708.0
3285564.0,1107436.0,6708.0
3285564.0,1107436.0,6708.0
3285564.0,1107436.0,6708.0
3285564.0,1107436.0,6708.0
3285836.0,1107456.0,6924.0
3285836.0,1107456.0,6924.0
3285836.0,1107456.0,6924.0
3285836.0,1107456.0,6924.0
3285836.0,1107456.0,6924.0
3285836.0,1107456.0,6924.0
3285836.0,1107456.0,6924.0
3285836.0,1107456.0,6924.0
3285836.0,1107456.0,6924.0
3285836.0,1107456.0,6924.0
3285836.0,1107456.0,6924.0
3285836.0,1107456.0,6924.0
3285756.0,1107536.0,7252.0
3285756.0,1107536.0,7252.0
3285756.0,1107536.0,7252.0
3347416.0,1107556.0,7324.0
3347416.0,1107556.0,7324.0
3347416.0,1107556.0,7324.0
3383043.2,1107552.2667,7383.7333333
3385588.0,1107552.0,7388.0
3385588.0,1107552.0,7388.0
3385588.0,1107552.0,7388.0
3385588.0,1107552.0,7388.0
3385588.0,1107552.0,7388.0
3385588.0,1107552.0,7388.0
3385588.0,1107552.0,7388.0
3385588.0,1107552.0,7388.0
3385588.0,1107552.0,7388.0
3385588.0,1107552.0,7388.0
3385588.0,1107552.0,7388.0
3385868.0,1107652.8,7626.9333333
3385888.0,1107660.0,7644.0
3385888.0,1107660.0,7644.0
3385888.0,1107660.0,7644.0
3385888.0,1107660.0,7644.0
3385888.0,1107660.0,7644.0
3385888.0,1107660.0,7644.0
3385888.0,1107660.0,7644.0
3385888.0,1107660.0,7644.0
3385888.0,1107660.0,7644.0
3385888.0,1107660.0,7644.0
3385888.0,1107660.0,7644.0
3385268.0,1107732.0,7948.0
3385268.0,1107732.0,7948.0
3480516.0,1107744.0,8012.0
3480516.0,1107744.0,8012.0
3480516.0,1107744.0,8012.0
3480516.0,1107744.0,8012.0
3480516.0,1107744.0,8012.0
3480516.0,1107744.0,8012.0
3480516.0,1107744.0,8012.0
3480516.0,1107744.0,8012.0
3480516.0,1107744.0,8012.0
3480516.0,1107744.0,8012.0
3480516.0,1107744.0,8012.0
3480486.9333,1107745.3333,8028.0
3480080.0,1107764.0,8252.0
3480080.0,1107764.0,8252.0
3480080.0,1107764.0,8252.0
3480080.0,1107764.0,8252.0
3480080.0,1107764.0,8252.0
3480080.0,1107764.0,8252.0
3480080.0,1107764.0,8252.0
3480080.0,1107764.0,8252.0
3480080.0,1107764.0,8252.0
3480080.0,1107764.0,8252.0
3480080.0,1107764.0,8252.0
3480080.0,1107764.0,8252.0
3479830.4,1107833.3333,8529.3333333
3479792.0,1107844.0,8572.0
3479792.0,1107844.0,8572.0
3557036.2667,1107861.3333,8627.4666667
3568920.0,1107864.0,8636.0
3568920.0,1107864.0,8636.0
3568920.0,1107864.0,8636.0
3568920.0,1107864.0,8636.0
3568920.0,1107864.0,8636.0
3568920.0,1107864.0,8636.0
3568920.0,1107864.0,8636.0
3568920.0,1107864.0,8636.0
3568920.0,1107864.0,8636.0
3568920.0,1107864.0,8636.0
3568920.0,1107864.0,8636.0
3568292.5333,1108033.8667,9242.6666667
3557823.7333,1112812.8,10362.133333
3556228.0,1113544.0,10520.0
3556228.0,1113544.0,10520.0
3558468.0,1114814.4,10571.2
3559028.0,1115132.0,10584.0
3559028.0,1115132.0,10584.0
3559028.0,1115132.0,10584.0
3559028.0,1115132.0,10584.0
3558109.6,1115141.6,10692.8
3557880.0,1115144.0,10720.0
3557880.0,1115144.0,10720.0
3558836.8,1115160.0,10771.2
3559076.0,1115164.0,10784.0
3559076.0,1115164.0,10784.0
3559076.0,1115164.0,10784.0
3559076.0,1115164.0,10784.0
3668311.2,1115247.2,10873.6
3695620.0,1115268.0,10896.0
3695620.0,1115268.0,10896.0
3731330.4,1115320.8,10937.066667
3744316.0,1115340.0,10952.0
3743217.3333,1115393.3333,10984.0
3742668.0,1115420.0,11000.0
3742668.0,1115420.0,11000.0
3743412.5333,1115417.8667,11029.866667
3744064.0,1115416.0,11056.0
3744064.0,1115416.0,11056.0
3744064.0,1115416.0,11056.0
3744064.0,1115416.0,11056.0
3744064.0,1115416.0,11056.0
3744064.0,1115416.0,11056.0
3744064.0,1115416.0,11056.0
3744064.0,1115416.0,11056.0
3744064.0,1115416.0,11056.0
3744064.0,1115416.0,11056.0
3744064.0,1115416.0,11056.0
3743645.8667,1115423.4667,11153.066667
3743168.0,1115432.0,11264.0
3743168.0,1115432.0,11264.0
3743168.0,1115432.0,11264.0
3743168.0,1115432.0,11264.0
3743168.0,1115432.0,11264.0
3743168.0,1115432.0,11264.0
3743168.0,1115432.0,11264.0
3743168.0,1115432.0,11264.0
3831611.7333,1115438.4,11374.933333
3909000.0,1115444.0,11472.0
3909000.0,1115444.0,11472.0
3909000.0,1115444.0,11472.0
3909000.0,1115444.0,11472.0
3909000.0,1115444.0,11472.0
3909000.0,1115444.0,11472.0
3909000.0,1115444.0,11472.0
3909000.0,1115444.0,11472.0
3909000.0,1115444.0,11472.0
3909000.0,1115444.0,11472.0
3909000.0,1115444.0,11472.0
3908955.2,1115484.0,11558.4
3908888.0,1115544.0,11688.0
3908888.0,1115544.0,11688.0
3908888.0,1115544.0,11688.0
3908888.0,1115544.0,11688.0
3908888.0,1115544.0,11688.0
3908888.0,1115544.0,11688.0
3908888.0,1115544.0,11688.0
3908888.0,1115544.0,11688.0
3908888.0,1115544.0,11688.0
3908888.0,1115544.0,11688.0
3908888.0,1115544.0,11688.0
3908471.7333,1115676.5333,11814.933333
3907996.0,1115828.0,11960.0
3907996.0,1115828.0,11960.0
3907996.0,1115828.0,11960.0
3907996.0,1115828.0,11960.0
3953136.8,1115829.6,12011.2
4020848.0,1115832.0,12088.0
4020848.0,1115832.0,12088.0
4020282.4,1115833.8667,12110.4
4019636.0,1115836.0,12136.0
4019636.0,1115836.0,12136.0
4020397.6,1115840.2667,12165.866667
4021064.0,1115844.0,12192.0
4021064.0,1115844.0,12192.0
4021064.0,1115844.0,12192.0
4021064.0,1115844.0,12192.0
4021064.0,1115844.0,12192.0
4021064.0,1115844.0,12192.0
4021064.0,1115844.0,12192.0
4021064.0,1115844.0,12192.0
4021064.0,1115844.0,12192.0
4021064.0,1115844.0,12192.0
4021064.0,1115844.0,12192.0
4020997.8667,1115886.6667,12302.933333
4020940.0,1115924.0,12400.0
4020940.0,1115924.0,12400.0
4020940.0,1115924.0,12400.0
4020940.0,1115924.0,12400.0
4020940.0,1115924.0,12400.0
4020940.0,1115924.0,12400.0
4020940.0,1115924.0,12400.0
4020940.0,1115924.0,12400.0
4108169.8667,1115973.0667,12519.466667
4184496.0,1116016.0,12624.0
4184496.0,1116016.0,12624.0
