vda,55.40,0.22,0.00,1,0
vda,9.40,0.02,0.01,0,0
vda,1.20,0.00,0.00,0,0
vda,38.60,0.00,0.16,0,0
vda,71.60,0.45,0.01,2,0
vda,10.40,0.10,0.01,0,0
vda,214.80,6.01,0.12,30,0
vda,94.20,11.25,0.02,56,0
vda,86.80,10.70,0.00,53,0
vda,65.20,8.15,0.00,40,0
vda,108.60,13.30,0.01,66,0
vda,95.20,5.09,1.02,25,5
vda,1.60,0.00,0.48,0,2
vda,3.20,0.00,0.01,0,0
vda,2.40,0.00,0.01,0,0
vda,2.20,0.00,0.01,0,0
vda,45.20,0.00,0.19,0,0
vda,0.00,0.00,0.00,0,0
vda,1.20,0.00,0.00,0,0
vda,54.00,0.00,0.22,0,1
vda,2.00,0.00,0.01,0,0
vda,1.60,0.00,0.01,0,0
vda,36.00,0.00,0.15,0,0
vda,1.20,0.00,0.00,0,0
vda,3.00,0.00,0.01,0,0
vda,1.00,0.00,0.00,0,0
vda,1.20,0.00,0.00,0,0
vda,0.00,0.00,0.00,0,0
vda,2.60,0.00,0.01,0,0
vda,20.60,0.00,0.08,0,0
vda,41.80,0.00,0.17,0,0
vda,2.40,0.00,0.01,0,0
vda,0.00,0.00,0.00,0,0
vda,1.20,0.00,0.00,0,0
vda,4.00,0.00,0.02,0,0
vda,1.60,0.00,0.01,0,0
vda,2.00,0.00,0.01,0,0
vda,13.80,0.00,0.05,0,0
vda,1.20,0.00,0.00,0,0
vda,22.00,0.00,0.09,0,0
vda,9.80,0.00,0.04,0,0
vda,1.00,0.00,0.00,0,0
vda,1.20,0.00,0.00,0,0
vda,2.60,0.00,0.01,0,0
vda,19.40,0.00,0.08,0,0
vda,1.40,0.00,0.00,0,0
vda,36.20,0.00,0.15,0,0
vda,1.40,0.00,0.01,0,0
vda,0.00,0.00,0.00,0,0
vda,3.60,0.00,0.02,0,0
vda,7.20,0.00,0.03,0,0
vda,2.20,0.00,0.01,0,0
vda,13.40,0.00,0.05,0,0
vda,2.00,0.00,0.01,0,0
vda,43.40,0.00,0.18,0,0
vda,1.20,0.00,0.00,0,0
vda,0.00,0.00,0.00,0,0
vda,4.00,0.00,0.02,0,0
vda,2.00,0.00,0.01,0,0
vda,41.20,0.00,0.16,0,0
vda,2.40,0.00,0.01,0,0
vda,1.20,0.00,0.00,0,0
vda,34.40,0.00,0.14,0,0
vda,5.00,0.00,0.02,0,0
vda,6.80,0.02,0.00,0,0
vda,75.80,0.16,0.22,0,1
vda,3.00,0.00,0.01,0,0
vda,1.20,0.00,0.00,0,0
vda,50.60,0.00,0.20,0,1
vda,19.80,0.00,0.08,0,0
vda,1.20,0.00,0.00,0,0
vda,1.40,0.00,0.00,0,0
vda,4.20,0.00,0.02,0,0
vda,43.20,0.00,0.18,0,0
vda,0.00,0.00,0.00,0,0
vda,2.20,0.00,0.01,0,0
vda,35.40,0.45,0.01,2,0
vda,2.80,0.00,0.01,0,0
vda,0.00,0.00,0.00,0,0
vda,1.80,0.00,0.01,0,0
vda,20.80,0.00,0.09,0,0
vda,35.00,0.00,0.14,0,0
vda,1.20,0.00,0.00,0,0
vda,35.40,0.00,0.17,0,0
vda,2.60,0.00,0.01,0,0
vda,0.40,0.00,0.00,0,0
vda,0.80,0.00,0.00,0,0
vda,4.80,0.00,0.02,0,0
vda,13.20,0.00,0.05,0,0
vda,0.20,0.00,0.00,0,0
vda,41.80,0.00,0.17,0,0
vda,1.60,0.00,0.01,0,0
vda,2.60,0.00,0.01,0,0
vda,2.60,0.00,0.01,0,0
vda,0.20,0.00,0.00,0,0
vda,19.60,0.00,0.08,0,0
vda,2.20,0.00,0.01,0,0
vda,2.00,0.00,0.01,0,0
vda,7.00,0.00,0.03,0,0
vda,24.20,0.00,0.10,0,0
vda,1.20,0.00,0.00,0,0
vda,1.40,0.00,0.01,0,0
vda,3.20,0.00,0.01,0,0
vda,19.60,0.00,0.08,0,0
vda,0.00,0.00,0.00,0,0
vda,0.60,0.00,0.00,0,0
vda,2.20,0.00,0.01,0,0
vda,1.20,0.00,0.00,0,0
vda,41.00,0.00,0.17,0,0
vda,4.60,0.00,0.02,0,0
vda,13.00,0.00,0.05,0,0
vda,3.00,0.00,0.01,0,0
vda,1.00,0.00,0.00,0,0
vda,1.20,0.00,0.00,0,0
vda,0.00,0.00,0.00,0,0
vda,3.00,0.00,0.01,0,0
vda,1.80,0.00,0.01,0,0
vda,58.60,0.00,0.23,0,1
vda,2.20,0.00,0.01,0,0
vda,1.20,0.00,0.00,0,0
vda,2.40,0.00,0.01,0,0
vda,2.00,0.00,0.01,0,0
vda,1.60,0.00,0.01,0,0
vda,9.80,0.00,0.04,0,0
vda,1.40,0.00,0.01,0,0
vda,18.60,0.00,0.07,0,0
vda,33.80,0.00,0.14,0,0
vda,2.60,0.00,0.01,0,0
vda,2.40,0.00,0.01,0,0
vda,2.60,0.00,0.01,0,0
vda,1.60,0.00,0.01,0,0
vda,2.20,0.00,0.01,0,0
vda,11.60,0.00,0.05,0,0
vda,2.60,0.00,0.01,0,0
vda,1.40,0.00,0.01,0,0
vda,29.40,0.00,0.12,0,0
vda,2.60,0.00,0.01,0,0
vda,1.20,0.00,0.00,0,0
vda,1.00,0.00,0.00,0,0
vda,4.60,0.00,0.02,0,0
vda,19.20,0.00,0.07,0,0
vda,2.40,0.00,0.01,0,0
vda,0.00,0.00,0.00,0,0
vda,1.60,0.00,0.01,0,0
vda,36.00,0.00,0.14,0,0
vda,9.60,0.00,0.04,0,0
vda,1.40,0.00,0.01,0,0
vda,11.60,0.00,0.05,0,0
vda,4.00,0.00,0.02,0,0
vda,0.00,0.00,0.00,0,0
vda,1.20,0.00,0.00,0,0
vda,2.60,0.00,0.01,0,0
vda,2.20,0.00,0.01,0,0
vda,33.20,0.00,0.13,0,0
vda,9.20,0.00,0.04,0,0
vda,19.00,0.00,0.07,0,0
vda,2.20,0.00,0.01,0,0
vda,0.60,0.00,0.00,0,0
vda,2.60,0.00,0.01,0,0
vda,2.00,0.00,0.01,0,0
vda,2.20,0.00,0.01,0,0
vda,0.20,0.00,0.00,0,0
vda,52.20,0.00,0.21,0,1
vda,2.60,0.00,0.01,0,0
vda,9.00,0.00,0.04,0,0
vda,2.40,0.00,0.01,0,0
vda,0.80,0.00,0.01,0,0
vda,0.60,0.00,0.00,0,0
vda,11.60,0.00,0.05,0,0
vda,1.60,0.00,0.01,0,0
vda,4.00,0.00,0.02,0,0
vda,23.20,0.00,0.09,0,0
vda,2.60,0.00,0.01,0,0
vda,1.40,0.00,0.01,0,0
vda,8.80,0.00,0.03,0,0
vda,2.60,0.00,0.01,0,0
vda,13.00,0.00,0.05,0,0
vda,8.20,0.00,0.03,0,0
vda,0.80,0.00,0.00,0,0
vda,2.00,0.00,0.01,0,0
vda,36.40,0.00,0.15,0,0
vda,2.00,0.00,0.01,0,0
vda,1.40,0.00,0.01,0,0
vda,7.60,0.00,0.03,0,0
vda,2.20,0.00,0.01,0,0
vda,21.80,0.00,0.09,0,0
vda,0.00,0.00,0.00,0,0
vda,4.20,0.00,0.02,0,0
vda,10.80,0.00,0.04,0,0
vda,45.00,0.00,0.18,0,0
vda,2.20,0.00,0.01,0,0
vda,15.80,0.00,0.06,0,0
vda,6.20,0.00,0.02,0,0
vda,2.60,0.00,0.01,0,0
vda,36.60,0.00,0.15,0,0
vda,2.40,0.00,0.01,0,0
vda,1.00,0.00,0.00,0,0
vda,2.00,0.00,0.01,0,0
vda,1.00,0.00,0.00,0,0
vda,2.20,0.00,0.01,0,0
vda,1.80,0.00,0.01,0,0
vda,52.00,0.00,0.21,0,1
vda,10.00,0.00,0.04,0,0
vda,1.40,0.00,0.01,0,0
vda,0.00,0.00,0.00,0,0
vda,4.20,0.00,0.02,0,0
vda,2.00,0.00,0.01,0,0
vda,2.40,0.00,0.01,0,0
vda,1.80,0.00,0.01,0,0
vda,18.60,0.00,0.07,0,0
vda,34.00,0.00,0.14,0,0
vda,9.20,0.00,0.04,0,0
vda,1.60,0.00,0.01,0,0
vda,0.80,0.00,0.00,0,0
vda,2.20,0.00,0.01,0,0
vda,2.20,0.00,0.01,0,0
vda,15.20,0.00,0.06,0,0
vda,1.40,0.00,0.01,0,0
vda,1.40,0.00,0.01,0,0
vda,24.20,0.00,0.10,0,0
vda,0.00,0.00,0.00,0,0
vda,1.20,0.00,0.00,0,0
vda,8.00,0.00,0.03,0,0
vda,19.60,0.00,0.08,0,0
vda,1.60,0.00,0.01,0,0
vda,2.40,0.00,0.01,0,0
vda,0.00,0.00,0.00,0,0
vda,2.60,0.00,0.01,0,0
vda,34.60,0.00,0.14,0,0
vda,3.80,0.00,0.02,0,0
vda,2.00,0.00,0.01,0,0
vda,13.20,0.00,0.05,0,0
vda,9.60,0.00,0.04,0,0
vda,0.00,0.00,0.00,0,0
vda,1.20,0.00,0.00,0,0
vda,36.00,0.00,0.14,0,0
vda,4.20,0.00,0.02,0,0
vda,1.40,0.00,0.00,0,0
vda,19.56,0.00,0.08,0,0
vda,1.20,0.00,0.00,0,0
vda,0.00,0.00,0.00,0,0
vda,9.40,0.00,0.04,0,0
vda,1.60,0.00,0.01,0,0
vda,24.40,0.00,0.10,0,0
vda,2.20,0.00,0.01,0,0
vda,0.00,0.00,0.00,0,0
vda,20.80,0.00,0.08,0,0
vda,1.60,0.00,0.01,0,0
vda,0.40,0.00,0.00,0,0
vda,0.80,0.00,0.00,0,0
vda,2.40,0.00,0.01,0,0
vda,2.60,0.00,0.01,0,0
vda,40.60,0.00,0.16,0,0
vda,13.80,0.00,0.05,0,0
vda,1.60,0.00,0.01,0,0
vda,2.40,0.00,0.01,0,0
vda,2.60,0.00,0.01,0,0
vda,1.80,0.00,0.01,0,0
vda,22.40,0.00,0.09,0,0
vda,3.40,0.00,0.02,0,0
vda,1.60,0.00,0.01,0,0
vda,20.60,0.00,0.08,0,0
vda,9.40,0.00,0.04,0,0
vda,0.00,0.00,0.00,0,0
vda,1.20,0.00,0.00,0,0
vda,34.00,0.00,0.14,0,0
vda,2.40,0.00,0.02,0,0
vda,0.80,0.00,0.00,0,0
vda,22.20,0.00,0.09,0,0
vda,1.60,0.00,0.01,0,0
vda,0.00,0.00,0.00,0,0
vda,1.40,0.00,0.01,0,0
vda,2.20,0.00,0.01,0,0
vda,1.40,0.00,0.01,0,0
vda,40.00,0.00,0.16,0,0
vda,2.40,0.00,0.01,0,0
vda,14.20,0.00,0.06,0,0
vda,4.60,0.00,0.02,0,0
vda,0.20,0.00,0.00,0,0
vda,1.00,0.00,0.00,0,0
vda,3.80,0.00,0.02,0,0
vda,1.20,0.00,0.00,0,0
vda,7.20,0.00,0.03,0,0
vda,51.20,0.00,0.20,0,1
vda,1.20,0.00,0.00,0,0
vda,2.60,0.00,0.01,0,0
vda,4.60,0.00,0.02,0,0
vda,3.20,0.00,0.02,0,0
vda,2.40,0.00,0.01,0,0
vda,0.20,0.00,0.00,0,0
vda,1.20,0.00,0.00,0,0
vda,39.60,0.00,0.16,0,0
vda,5.20,0.00,0.02,0,0
vda,1.20,0.00,0.00,0,0
vda,3.00,0.00,0.01,0,0
vda,7.20,0.00,0.03,0,0
vda,1.60,0.00,0.01,0,0
vda,2.00,0.00,0.01,0,0
vda,20.00,0.00,0.08,0,0
vda,0.80,0.00,0.00,0,0
