7605520.8,134318.93333,2972.5333333
7189828.0,216032.0,3924.0
7189828.0,216032.0,3924.0
6670263.2,287362.13333,3958.1333333
6215644.0,349776.0,3988.0
6215644.0,349776.0,3988.0
6215063.4667,349776.0,4014.1333333
6214400.0,349776.0,4044.0
6214400.0,349776.0,4044.0
6214400.0,349776.0,4044.0
6214400.0,349776.0,4044.0
6214400.0,349776.0,4044.0
6214400.0,349776.0,4044.0
6214400.0,349776.0,4044.0
6214400.0,349776.0,4044.0
6214400.0,349776.0,4044.0
6214400.0,349776.0,4044.0
6214400.0,349776.0,4044.0
6214508.8,349780.26667,4163.4666667
6214604.0,349784.0,4268.0
6214604.0,349784.0,4268.0
6214604.0,349784.0,4268.0
6208642.4,350261.6,4436.0
6204668.0,350580.0,4548.0
6204668.0,350580.0,4548.0
6202441.3333,351982.66667,4830.6666667
6201328.0,352684.0,4972.0
6201328.0,352684.0,4972.0
6201328.0,352684.0,4972.0
6201328.0,352684.0,4972.0
6201328.0,352684.0,4972.0
6201328.0,352684.0,4972.0
6201328.0,352684.0,4972.0
6201328.0,352684.0,4972.0
6201328.0,352684.0,4972.0
6201328.0,352684.0,4972.0
6201128.2667,352700.8,5078.4
6200900.0,352720.0,5200.0
6200900.0,352720.0,5200.0
6200900.0,352720.0,5200.0
6200900.0,352720.0,5200.0
6200900.0,352720.0,5200.0
6200900.0,352720.0,5200.0
6201390.9333,352718.13333,5282.1333333
6201952.0,352716.0,5376.0
6201952.0,352716.0,5376.0
6201952.0,352716.0,5376.0
6201952.0,352716.0,5376.0
6199333.0667,352725.33333,5428.2666667
6196340.0,352736.0,5488.0
6196340.0,352736.0,5488.0
6196340.0,352736.0,5488.0
6196340.0,352736.0,5488.0
6196340.0,352736.0,5488.0
6196340.0,352736.0,5488.0
6196340.0,352736.0,5488.0
6196340.0,352736.0,5488.0
6196340.0,352736.0,5488.0
6196340.0,352736.0,5488.0
6196340.0,352736.0,5488.0
6195999.2,352750.4,5574.4
6195488.0,352772.0,5704.0
6195488.0,352772.0,5704.0
6195488.0,352772.0,5704.0
6195488.0,352772.0,5704.0
6195488.0,352772.0,5704.0
6195488.0,352772.0,5704.0
6182579.2,352776.8,5774.4
6163216.0,352784.0,5880.0
6163216.0,352784.0,5880.0
6163216.0,352784.0,5880.0
6163216.0,352784.0,5880.0
6163216.0,352784.0,5880.0
6163216.0,352784.0,5880.0
6163216.0,352784.0,5880.0
6163216.0,352784.0,5880.0
6163216.0,352784.0,5880.0
6163216.0,352784.0,5880.0
6163216.0,352784.0,5880.0
6162977.0667,352788.26667,5941.8666667
6162320.0,352800.0,6112.0
6162320.0,352800.0,6112.0
6162320.0,352800.0,6112.0
6162320.0,352800.0,6112.0
6162320.0,352800.0,6112.0
6162320.0,352800.0,6112.0
6161362.4,352830.4,6147.2
6157532.0,352952.0,6288.0
6157532.0,352952.0,6288.0
6157532.0,352952.0,6288.0
6157532.0,352952.0,6288.0
6157532.0,352952.0,6288.0
6157532.0,352952.0,6288.0
6157532.0,352952.0,6288.0
6157532.0,352952.0,6288.0
6157532.0,352952.0,6288.0
6462052.0,351648.8,6332.8
