7968104.0,65772.0,1896.0
7634121.6,131550.4,2305.6
6298192.0,394664.0,3944.0
6298192.0,394664.0,3944.0
5964573.8667,449790.4,3961.0666667
5047124.0,601388.0,4008.0
5047124.0,601388.0,4008.0
5047124.0,601388.0,4008.0
5047124.0,601388.0,4008.0
5047124.0,601388.0,4008.0
5047124.0,601388.0,4008.0
5047124.0,601388.0,4008.0
5047124.0,601388.0,4008.0
5047124.0,601388.0,4008.0
5047124.0,601388.0,4008.0
5047124.0,601388.0,4008.0
5047100.0,601388.0,4053.6
5047004.0,601388.0,4236.0
5047004.0,601388.0,4236.0
5047004.0,601388.0,4236.0
5047004.0,601388.0,4236.0
5047004.0,601388.0,4236.0
5047004.0,601388.0,4236.0
5047004.0,601388.0,4236.0
5047004.0,601388.0,4236.0
5046881.8667,601443.2,4262.1333333
5045172.0,602216.0,4628.0
5045172.0,602216.0,4628.0
5045172.0,602216.0,4628.0
5045172.0,602216.0,4628.0
5045172.0,602216.0,4628.0
5045172.0,602216.0,4628.0
5045172.0,602216.0,4628.0
5045172.0,602216.0,4628.0
5045172.0,602216.0,4628.0
5045172.0,602216.0,4628.0
5045172.0,602216.0,4628.0
5045217.3333,602222.4,4655.7333333
5045512.0,602264.0,4836.0
5045512.0,602264.0,4836.0
5045512.0,602264.0,4836.0
5045512.0,602264.0,4836.0
5045512.0,602264.0,4836.0
5045512.0,602264.0,4836.0
5045512.0,602264.0,4836.0
5045512.0,602264.0,4836.0
5045512.0,602264.0,4836.0
5045049.0667,602266.13333,4897.8666667
5043776.0,602272.0,5068.0
5043776.0,602272.0,5068.0
5043776.0,602272.0,5068.0
5043776.0,602272.0,5068.0
5043776.0,602272.0,5068.0
5043776.0,602272.0,5068.0
5043776.0,602272.0,5068.0
5043776.0,602272.0,5068.0
5043776.0,602272.0,5068.0
5043776.0,602272.0,5068.0
5043776.0,602272.0,5068.0
5043801.6,602275.2,5132.0
5043872.0,602284.0,5308.0
5043872.0,602284.0,5308.0
5043872.0,602284.0,5308.0
5043872.0,602284.0,5308.0
5043872.0,602284.0,5308.0
5043872.0,602284.0,5308.0
5043872.0,602284.0,5308.0
5043872.0,602284.0,5308.0
5043872.0,602284.0,5308.0
5043872.0,602284.0,5308.0
5043872.0,602284.0,5308.0
5043281.0667,602329.86667,5390.1333333
5041656.0,602456.0,5616.0
5041941.6,602457.6,5627.2
5043084.0,602464.0,5672.0
5043084.0,602464.0,5672.0
5043084.0,602464.0,5672.0
5043084.0,602464.0,5672.0
5043084.0,602464.0,5672.0
5043084.0,602464.0,5672.0
5043084.0,602464.0,5672.0
5043084.0,602464.0,5672.0
5043084.0,602464.0,5672.0
5043084.0,602464.0,5672.0
5042872.8,602468.26667,5733.8666667
5042292.0,602480.0,5904.0
5042292.0,602480.0,5904.0
5042292.0,602480.0,5904.0
5042292.0,602480.0,5904.0
5042292.0,602480.0,5904.0
5042292.0,602480.0,5904.0
5042292.0,602480.0,5904.0
5042292.0,602480.0,5904.0
5042292.0,602480.0,5904.0
5042292.0,602480.0,5904.0
5042292.0,602480.0,5904.0
5042286.4,602484.0,5953.6
5042264.0,602500.0,6152.0
5042264.0,602500.0,6152.0
5042264.0,602500.0,6152.0
5042264.0,602500.0,6152.0
5042264.0,602500.0,6152.0
5042264.0,602500.0,6152.0
5042264.0,602500.0,6152.0
5042264.0,602500.0,6152.0
5042264.0,602500.0,6152.0
5042264.0,602500.0,6152.0
5042264.0,602500.0,6152.0
5042259.7333,602520.26667,6237.3333333
5042248.0,602576.0,6472.0
5042248.0,602576.0,6472.0
5042248.0,602576.0,6472.0
5042248.0,602576.0,6472.0
5042248.0,602576.0,6472.0
5042248.0,602576.0,6472.0
5042248.0,602576.0,6472.0
5042248.0,602576.0,6472.0
5042248.0,602576.0,6472.0
5042248.0,602576.0,6472.0
5042248.0,602576.0,6472.0
5042040.0,602583.2,6520.0
5038870.4,603720.8,7034.4
5029520.0,608156.0,8324.0
5029520.0,608156.0,8324.0
5029656.0,608532.0,8337.6
5030200.0,610036.0,8392.0
5030200.0,610036.0,8392.0
5030200.0,610036.0,8392.0
5030200.0,610036.0,8392.0
5030200.0,610036.0,8392.0
5030200.0,610036.0,8392.0
5030200.0,610036.0,8392.0
5030200.0,610036.0,8392.0
5030200.0,610036.0,8392.0
5030200.0,610036.0,8392.0
5030200.0,610036.0,8392.0
5030148.8,610038.13333,8425.0666667
5029816.0,610052.0,8640.0
5029816.0,610052.0,8640.0
5029816.0,610052.0,8640.0
5029816.0,610052.0,8640.0
5029816.0,610052.0,8640.0
5029816.0,610052.0,8640.0
5029816.0,610052.0,8640.0
5029816.0,610052.0,8640.0
5029816.0,610052.0,8640.0
5029816.0,610052.0,8640.0
5029816.0,610052.0,8640.0
5029816.0,610052.0,8640.0
5029580.0,610236.0,8928.0
5029580.0,610236.0,8928.0
5029580.0,610236.0,8928.0
5029580.0,610236.0,8928.0
5029580.0,610236.0,8928.0
5029580.0,610236.0,8928.0
5029580.0,610236.0,8928.0
5029580.0,610236.0,8928.0
5029580.0,610236.0,8928.0
5029580.0,610236.0,8928.0
5029580.0,610236.0,8928.0
5029580.0,610236.0,8928.0
5028710.1333,610254.66667,9159.4666667
5028648.0,610256.0,9176.0
5028648.0,610256.0,9176.0
5028648.0,610256.0,9176.0
5028648.0,610256.0,9176.0
5028648.0,610256.0,9176.0
5029582.4,610256.0,9316.8
5029816.0,610256.0,9352.0
5029816.0,610256.0,9352.0
5029816.0,610256.0,9352.0
5029816.0,610256.0,9352.0
5029816.0,610256.0,9352.0
5029816.0,610256.0,9352.0
5029816.0,610256.0,9352.0
5029816.0,610256.0,9352.0
5029816.0,610256.0,9352.0
5029816.0,610256.0,9352.0
5028605.3333,610272.0,9517.3333333
5028000.0,610280.0,9600.0
5028000.0,610280.0,9600.0
5028000.0,610280.0,9600.0
5028000.0,610280.0,9600.0
5028000.0,610280.0,9600.0
5028000.0,610280.0,9600.0
5028000.0,610280.0,9600.0
5028000.0,610280.0,9600.0
5028000.0,610280.0,9600.0
5026988.8,611233.6,9843.2
5026104.0,612068.0,10056.0
5026104.0,612068.0,10056.0
5025230.4,612068.0,10094.4
5024648.0,612068.0,10120.0
5024648.0,612068.0,10120.0
5024648.0,612068.0,10120.0
5024648.0,612068.0,10120.0
5024648.0,612068.0,10120.0
5024648.0,612068.0,10120.0
5024648.0,612068.0,10120.0
5024648.0,612068.0,10120.0
5024648.0,612068.0,10120.0
5024648.0,612068.0,10120.0
5024648.0,612068.0,10120.0
5025252.8,612080.0,10264.0
5025656.0,612088.0,10360.0
5025656.0,612088.0,10360.0
5025656.0,612088.0,10360.0
5024724.8,612092.8,10432.0
5024104.0,612096.0,10480.0
5024104.0,612096.0,10480.0
5025026.6667,612101.33333,10522.666667
5025488.0,612104.0,10544.0
5025488.0,612104.0,10544.0
5025488.0,612104.0,10544.0
5025488.0,612104.0,10544.0
5025488.0,612104.0,10544.0
5025488.0,612104.0,10544.0
5025488.0,612104.0,10544.0
5025488.0,612104.0,10544.0
5025488.0,612104.0,10544.0
5025488.0,612104.0,10544.0
5025488.0,612104.0,10544.0
5025386.6667,612112.0,10714.666667
5025336.0,612116.0,10800.0
5025336.0,612116.0,10800.0
5025336.0,612116.0,10800.0
5025336.0,612116.0,10800.0
5025336.0,612116.0,10800.0
5025336.0,612116.0,10800.0
5025336.0,612116.0,10800.0
5025336.0,612116.0,10800.0
5025336.0,612116.0,10800.0
5025336.0,612116.0,10800.0
5025336.0,612116.0,10800.0
5025322.6667,612137.33333,10997.333333
5025316.0,612148.0,11096.0
5025316.0,612148.0,11096.0
5025316.0,612148.0,11096.0
5025316.0,612148.0,11096.0
5025316.0,612148.0,11096.0
5025316.0,612148.0,11096.0
5025316.0,612148.0,11096.0
5025316.0,612148.0,11096.0
5025316.0,612148.0,11096.0
5025316.0,612148.0,11096.0
5025316.0,612148.0,11096.0
5024894.6667,612158.66667,11272.0
5024684.0,612164.0,11360.0
5024684.0,612164.0,11360.0
5024684.0,612164.0,11360.0
5024684.0,612164.0,11360.0
5024684.0,612164.0,11360.0
5024684.0,612164.0,11360.0
5024684.0,612164.0,11360.0
5024684.0,612164.0,11360.0
5024684.0,612164.0,11360.0
5024684.0,612164.0,11360.0
5024684.0,612164.0,11360.0
5023706.9333,612228.0,11492.266667
5022852.0,612284.0,11608.0
5022852.0,612284.0,11608.0
5022852.0,612284.0,11608.0
5022852.0,612284.0,11608.0
5022852.0,612284.0,11608.0
5022852.0,612284.0,11608.0
5022230.4,612315.73333,11675.2
5021520.0,612352.0,11752.0
5021520.0,612352.0,11752.0
5021980.8,612352.0,11774.4
5022672.0,612352.0,11808.0
5022672.0,612352.0,11808.0
5022672.0,612352.0,11808.0
5022672.0,612352.0,11808.0
5022672.0,612352.0,11808.0
5022672.0,612352.0,11808.0
5022672.0,612352.0,11808.0
5022672.0,612352.0,11808.0
5022672.0,612352.0,11808.0
5022672.0,612352.0,11808.0
5022672.0,612352.0,11808.0
5022853.0667,612357.6,11920.0
5023060.0,612364.0,12048.0
5023060.0,612364.0,12048.0
5023060.0,612364.0,12048.0
5023060.0,612364.0,12048.0
5023060.0,612364.0,12048.0
5023060.0,612364.0,12048.0
5023060.0,612364.0,12048.0
5023060.0,612364.0,12048.0
5023060.0,612364.0,12048.0
5023060.0,612364.0,12048.0
5023060.0,612364.0,12048.0
5022950.6667,612377.33333,12154.666667
5022732.0,612404.0,12368.0
5022732.0,612404.0,12368.0
5022732.0,612404.0,12368.0
5022732.0,612404.0,12368.0
5022732.0,612404.0,12368.0
5022732.0,612404.0,12368.0
5022732.0,612404.0,12368.0
5022732.0,612404.0,12368.0
5022732.0,612404.0,12368.0
5022732.0,612404.0,12368.0
5022632.8,612408.8,12470.4
5022484.0,612416.0,12624.0
5022484.0,612416.0,12624.0
5022484.0,612416.0,12624.0
5022484.0,612416.0,12624.0
5022484.0,612416.0,12624.0
5022484.0,612416.0,12624.0
5022484.0,612416.0,12624.0
5022484.0,612416.0,12624.0
5022484.0,612416.0,12624.0
5022484.0,612416.0,12624.0
5022484.0,612416.0,12624.0
5022621.3333,612418.66667,12704.0
5022896.0,612424.0,12864.0
5022896.0,612424.0,12864.0
5022896.0,612424.0,12864.0
5022896.0,612424.0,12864.0
5022896.0,612424.0,12864.0
5022896.0,612424.0,12864.0
5022896.0,612424.0,12864.0
5022896.0,612424.0,12864.0
5022896.0,612424.0,12864.0
5022896.0,612424.0,12864.0
5022896.0,612424.0,12864.0
5022553.6,612431.46667,12947.2
5021612.0,612452.0,13176.0
5021612.0,612452.0,13176.0
5021612.0,612452.0,13176.0
5021612.0,612452.0,13176.0
5021612.0,612452.0,13176.0
5021612.0,612452.0,13176.0
5021612.0,612452.0,13176.0
5021612.0,612452.0,13176.0
5021612.0,612452.0,13176.0
5021612.0,612452.0,13176.0
5021612.0,612452.0,13176.0
5021479.7333,612459.46667,13231.466667
5021116.0,612480.0,13384.0
5021116.0,612480.0,13384.0
5021116.0,612480.0,13384.0
5021116.0,612480.0,13384.0
5021116.0,612480.0,13384.0
5021116.0,612480.0,13384.0
5021116.0,612480.0,13384.0
5021116.0,612480.0,13384.0
5021116.0,612480.0,13384.0
5021116.0,612480.0,13384.0
5021116.0,612480.0,13384.0
5020830.6667,612488.0,13480.0
5020260.0,612504.0,13672.0
5020260.0,612504.0,13672.0
5020260.0,612504.0,13672.0
5020260.0,612504.0,13672.0
5020260.0,612504.0,13672.0
5020260.0,612504.0,13672.0
5020260.0,612504.0,13672.0
5020260.0,612504.0,13672.0
5020260.0,612504.0,13672.0
5020260.0,612504.0,13672.0
5020260.0,612504.0,13672.0
5020458.4,612537.6,13761.6
5020199.7333,612584.26667,13925.866667
5019564.0,612580.0,13960.0
5019564.0,612580.0,13960.0
5976114.4,609962.4,13982.4
