7919178.4,70867.466667,1636.2666667
7194796.0,199884.0,3880.0
7194796.0,199884.0,3880.0
7194671.7333,199885.06667,3884.8
7192932.0,199900.0,3952.0
7181614.6667,199899.46667,3955.7333333
7023172.0,199892.0,4008.0
7023172.0,199892.0,4008.0
7022400.0,200054.4,4048.0
7019312.0,200704.0,4208.0
7019312.0,200704.0,4208.0
7019312.0,200704.0,4208.0
7019312.0,200704.0,4208.0
7019312.0,200704.0,4208.0
7019312.0,200704.0,4208.0
7019312.0,200704.0,4208.0
7005217.6,200706.13333,4231.4666667
6913604.0,200720.0,4384.0
6913604.0,200720.0,4384.0
6913604.0,200720.0,4384.0
6913604.0,200720.0,4384.0
6913604.0,200720.0,4384.0
6913604.0,200720.0,4384.0
6913604.0,200720.0,4384.0
6913604.0,200720.0,4384.0
6913604.0,200720.0,4384.0
6913604.0,200720.0,4384.0
6913604.0,200720.0,4384.0
6909736.2667,200738.66667,4600.5333333
6909460.0,200740.0,4616.0
6909460.0,200740.0,4616.0
6909460.0,200740.0,4616.0
6909460.0,200740.0,4616.0
6898336.0,208200.0,6180.0
6898336.0,208200.0,6180.0
6898336.0,208200.0,6180.0
6898336.0,208200.0,6180.0
6898336.0,208200.0,6180.0
7823164.0,201652.0,6308.0
