16226416.0,42236.0,2180.0
16226416.0,42236.0,2180.0
15646141.333,116670.66667,3212.0
15356004.0,153888.0,3728.0
15356004.0,153888.0,3728.0
15353111.2,153943.46667,3762.1333333
15350580.0,153992.0,3792.0
15350580.0,153992.0,3792.0
15350580.0,153992.0,3792.0
15350580.0,153992.0,3792.0
15344034.933,154004.8,3860.2666667
15338308.0,154016.0,3920.0
15338308.0,154016.0,3920.0
15338308.0,154016.0,3920.0
15338308.0,154016.0,3920.0
15338308.0,154016.0,3920.0
15338308.0,154016.0,3920.0
15338308.0,154016.0,3920.0
15243203.2,154394.93333,4078.6666667
15134512.0,154828.0,4260.0
15134512.0,154828.0,4260.0
15134034.133,154831.73333,4286.1333333
15133488.0,154836.0,4316.0
15658268.8,151339.46667,4350.1333333
16117452.0,148280.0,4380.0
