7912994.6667,110934.66667,4029.3333333
7926304.0,80364.0,3784.0
7770108.0,97785.333333,3805.3333333
7457716.0,132628.0,3848.0
7457716.0,132628.0,3848.0
7443262.6667,132628.0,3867.2
7403516.0,132628.0,3920.0
7403516.0,132628.0,3920.0
7391693.0667,132646.13333,3939.2
7359180.0,132696.0,3992.0
7358568.8,132905.06667,4046.4
7356888.0,133480.0,4196.0
7356888.0,133480.0,4196.0
7354041.3333,134138.66667,4338.6666667
7348348.0,135456.0,4624.0
7348348.0,135456.0,4624.0
7348348.0,135456.0,4624.0
7348348.0,135456.0,4624.0
7325035.2,135461.6,4648.0
7231784.0,135484.0,4744.0
7231784.0,135484.0,4744.0
7215068.2667,135519.2,4761.0666667
7169100.0,135616.0,4808.0
7169100.0,135616.0,4808.0
