7690778.6667,255798.93333,6198.9333333
7720592.0,135560.0,4008.0
7057554.1333,257744.53333,4046.4
6477396.0,364656.0,4080.0
6477396.0,364656.0,4080.0
6476585.8667,364656.0,4109.8666667
6475660.0,364656.0,4144.0
6475660.0,364656.0,4144.0
6475660.0,364656.0,4144.0
6475660.0,364656.0,4144.0
6475660.0,364656.0,4144.0
6475660.0,364656.0,4144.0
6475660.0,364656.0,4144.0
6475660.0,364656.0,4144.0
6475660.0,364656.0,4144.0
6475660.0,364656.0,4144.0
6475660.0,364656.0,4144.0
6475744.0,364657.33333,4226.6666667
6475912.0,364660.0,4392.0
6475912.0,364660.0,4392.0
6475912.0,364660.0,4392.0
6350345.3333,364666.66667,4429.3333333
6099212.0,364680.0,4504.0
6099212.0,364680.0,4504.0
6099212.0,364680.0,4504.0
6099212.0,364680.0,4504.0
6098319.2,364682.13333,4531.7333333
6095864.0,364688.0,4608.0
6095864.0,364688.0,4608.0
6095864.0,364688.0,4608.0
6095864.0,364688.0,4608.0
6095864.0,364688.0,4608.0
6095864.0,364688.0,4608.0
6095864.0,364688.0,4608.0
6095864.0,364688.0,4608.0
6095864.0,364688.0,4608.0
6095864.0,364688.0,4608.0
6095864.0,364688.0,4608.0
6095734.6667,364714.66667,4682.6666667
6091627.4667,364773.33333,4846.9333333
6081044.0,364788.0,4888.0
6081044.0,364788.0,4888.0
6080358.1333,364792.26667,4906.1333333
6078472.0,364804.0,4956.0
6078472.0,364804.0,4956.0
6078472.0,364804.0,4956.0
6078472.0,364804.0,4956.0
6078472.0,364804.0,4956.0
6078472.0,364804.0,4956.0
6078472.0,364804.0,4956.0
6078472.0,364804.0,4956.0
6078472.0,364804.0,4956.0
6078472.0,364804.0,4956.0
6078472.0,364804.0,4956.0
6078498.6667,364809.33333,5033.3333333
6077994.6667,364822.66667,5206.6666667
6076880.0,364828.0,5244.0
6076880.0,364828.0,5244.0
6077297.3333,364832.0,5265.3333333
6078132.0,364840.0,5308.0
6078132.0,364840.0,5308.0
6078132.0,364840.0,5308.0
6078132.0,364840.0,5308.0
6078132.0,364840.0,5308.0
6078132.0,364840.0,5308.0
6078132.0,364840.0,5308.0
6078132.0,364840.0,5308.0
6078132.0,364840.0,5308.0
6078132.0,364840.0,5308.0
6078132.0,364840.0,5308.0
6078092.0,364936.0,5382.6666667
6078012.0,365128.0,5532.0
6078012.0,365128.0,5532.0
6078012.0,365128.0,5532.0
6078012.0,365128.0,5532.0
6078012.0,365128.0,5532.0
6078012.0,365128.0,5532.0
6078012.0,365128.0,5532.0
6078012.0,365128.0,5532.0
6078012.0,365128.0,5532.0
6078012.0,365128.0,5532.0
6078012.0,365128.0,5532.0
6077570.4,365144.0,5644.0
6076908.0,365168.0,5812.0
6076908.0,365168.0,5812.0
6076908.0,365168.0,5812.0
6076908.0,365168.0,5812.0
6076908.0,365168.0,5812.0
6076908.0,365168.0,5812.0
6076908.0,365168.0,5812.0
6072989.0667,365190.4,5852.5333333
6062212.0,365252.0,5964.0
6062212.0,365252.0,5964.0
6061405.6,365253.6,5986.4
6060196.0,365256.0,6020.0
6060196.0,365256.0,6020.0
6060196.0,365256.0,6020.0
6060196.0,365256.0,6020.0
6060196.0,365256.0,6020.0
6060196.0,365256.0,6020.0
6060196.0,365256.0,6020.0
6060196.0,365256.0,6020.0
6060196.0,365256.0,6020.0
6060196.0,365256.0,6020.0
6060196.0,365256.0,6020.0
6060370.4,365344.0,6111.2
6060632.0,365476.0,6248.0
6060632.0,365476.0,6248.0
6060632.0,365476.0,6248.0
6036521.6,365479.2,6296.0
6000356.0,365484.0,6368.0
6000356.0,365484.0,6368.0
6000356.0,365484.0,6368.0
6000356.0,365484.0,6368.0
6000356.0,365484.0,6368.0
6000356.0,365484.0,6368.0
6000356.0,365484.0,6368.0
6000356.0,365484.0,6368.0
6000356.0,365484.0,6368.0
6000356.0,365484.0,6368.0
6000356.0,365484.0,6368.0
5999946.6667,365485.33333,6440.0
5999128.0,365488.0,6584.0
5999128.0,365488.0,6584.0
5999128.0,365488.0,6584.0
5999128.0,365488.0,6584.0
5999128.0,365488.0,6584.0
5999128.0,365488.0,6584.0
5999128.0,365488.0,6584.0
5999128.0,365488.0,6584.0
5999128.0,365488.0,6584.0
5999128.0,365488.0,6584.0
5999128.0,365488.0,6584.0
5998967.4667,365501.06667,6703.4666667
5998784.0,365516.0,6840.0
5998784.0,365516.0,6840.0
5998784.0,365516.0,6840.0
5998784.0,365516.0,6840.0
5998784.0,365516.0,6840.0
5998784.0,365516.0,6840.0
5998784.0,365516.0,6840.0
5991834.4,365519.73333,6914.6666667
5983892.0,365524.0,7000.0
5983892.0,365524.0,7000.0
5983892.0,365524.0,7000.0
5983892.0,365524.0,7000.0
5982964.0,365528.26667,7059.7333333
5982152.0,365532.0,7112.0
5982152.0,365532.0,7112.0
5982152.0,365532.0,7112.0
5982152.0,365532.0,7112.0
5982152.0,365532.0,7112.0
5982152.0,365532.0,7112.0
5982152.0,365532.0,7112.0
5982152.0,365532.0,7112.0
5982152.0,365532.0,7112.0
5982152.0,365532.0,7112.0
5982152.0,365532.0,7112.0
5981894.6667,365540.0,7186.6666667
5981380.0,365556.0,7336.0
5962413.6,365560.8,7358.4
5933964.0,365568.0,7392.0
5932630.6667,366246.66667,7532.0
5929964.0,367604.0,7812.0
5929964.0,367604.0,7812.0
5929964.0,367604.0,7812.0
5929964.0,367604.0,7812.0
5929964.0,367604.0,7812.0
5929964.0,367604.0,7812.0
5929964.0,367604.0,7812.0
5929376.0,367611.46667,7901.6
5928704.0,367620.0,8004.0
5928704.0,367620.0,8004.0
5928704.0,367620.0,8004.0
5928704.0,367620.0,8004.0
5928704.0,367620.0,8004.0
5928704.0,367620.0,8004.0
5928704.0,367620.0,8004.0
