7876903.7333,154735.73333,3923.4666667
7984784.0,47464.0,3412.0
7409003.2,157416.26667,3658.4
6750968.0,283076.0,3940.0
6750968.0,283076.0,3940.0
6750968.0,283076.0,3940.0
6750968.0,283076.0,3940.0
6750968.0,283076.0,3940.0
6613871.4667,283082.4,4004.0
6493912.0,283088.0,4060.0
6492724.8,283700.26667,4164.5333333
6491368.0,284400.0,4284.0
6491368.0,284400.0,4284.0
6489837.3333,284400.0,4313.8666667
6488088.0,284400.0,4348.0
6488088.0,284400.0,4348.0
6487218.1333,284400.0,4381.6
6486224.0,284400.0,4420.0
6486224.0,284400.0,4420.0
6486224.0,284400.0,4420.0
6486224.0,284400.0,4420.0
6473660.8,284410.66667,4475.4666667
6462668.0,284420.0,4524.0
6462668.0,284420.0,4524.0
6461221.3333,284431.2,4550.1333333
6459568.0,284444.0,4580.0
6459568.0,284444.0,4580.0
6459568.0,284444.0,4580.0
6459568.0,284444.0,4580.0
6455816.0,284449.6,4639.7333333
6451528.0,284456.0,4708.0
6451528.0,284456.0,4708.0
6427476.8,284460.26667,4733.6
6406432.0,284464.0,4756.0
6405307.7333,284464.0,4785.8666667
6404324.0,284464.0,4812.0
6404324.0,284464.0,4812.0
6404324.0,284464.0,4812.0
6404324.0,284464.0,4812.0
6404324.0,284464.0,4812.0
