vda,65.80,0.47,0.01,2,0
vda,53.80,0.20,0.01,1,0
vda,79.20,0.00,0.33,0,1
vda,0.00,0.00,0.00,0,0
vda,1.80,0.00,0.01,0,0
vda,2.20,0.00,0.01,0,0
vda,311.80,12.79,0.19,63,0
vda,99.60,11.90,0.02,59,0
vda,103.00,12.60,0.01,63,0
vda,131.40,10.05,1.48,50,7
vda,117.00,14.27,0.01,71,0
vda,169.60,15.68,0.01,78,0
vda,39.80,4.75,0.01,23,0
vda,120.56,15.07,0.00,75,0
vda,118.20,14.52,0.01,72,0
vda,20.80,2.43,0.01,12,0
vda,128.00,13.70,0.07,68,0
vda,173.20,14.92,0.22,74,1
vda,65.60,7.20,0.03,36,0
vda,72.20,8.88,0.00,44,0
vda,129.40,15.72,0.01,78,0
vda,121.60,14.89,0.01,74,0
vda,173.60,14.97,0.22,74,1
vda,44.20,5.22,0.01,26,0
vda,26.60,3.30,0.00,16,0
vda,157.20,13.10,0.22,65,1
vda,107.80,13.20,0.01,66,0
vda,113.00,13.98,0.00,69,0
vda,74.60,1.43,0.26,7,1
vda,54.80,6.53,0.01,32,0
vda,116.40,13.70,0.01,68,0
vda,88.60,4.09,0.23,20,1
vda,31.40,3.60,0.01,18,0
vda,124.60,15.38,0.00,76,0
vda,171.80,14.82,0.22,74,1
vda,116.40,14.27,0.01,71,0
vda,89.80,11.20,0.00,56,0
vda,52.00,0.00,0.22,0,1
vda,34.40,4.03,0.01,20,0
vda,39.80,4.17,0.01,20,0
vda,87.60,1.88,0.29,9,1
vda,28.80,3.17,0.01,15,0
vda,12.40,1.40,0.00,7,0
vda,67.20,2.50,0.20,12,0
vda,17.00,2.12,0.00,10,0
vda,9.80,1.00,0.01,5,0
vda,58.60,1.60,0.19,8,0
vda,21.40,1.57,0.01,7,0
vda,8.20,0.69,0.01,3,0
vda,69.00,1.12,0.25,5,1
vda,10.00,0.95,0.01,4,0
vda,6.60,0.80,0.00,4,0
vda,69.00,0.68,0.26,3,1
vda,7.00,0.60,0.01,3,0
vda,3.20,0.25,0.00,1,0
vda,50.20,0.45,0.19,2,0
vda,9.20,0.54,0.01,2,0
vda,3.80,0.33,0.00,1,0
vda,57.00,0.30,0.23,1,1
vda,1.80,0.22,0.00,1,0
vda,51.40,1.04,0.01,5,0
vda,85.80,0.24,0.28,1,1
vda,4.20,0.12,0.01,0,0
vda,1.80,0.07,0.00,0,0
vda,82.40,0.12,0.33,0,1
vda,2.80,0.05,0.01,0,0
vda,1.80,0.07,0.00,0,0
vda,55.60,0.16,0.22,0,1
vda,2.80,0.03,0.01,0,0
vda,0.40,0.05,0.00,0,0
vda,53.20,0.08,0.22,0,1
vda,2.40,0.00,0.01,0,0
vda,1.60,0.05,0.00,0,0
vda,52.20,0.03,0.22,0,1
vda,4.40,0.04,0.01,0,0
vda,4.00,0.00,0.02,0,0
vda,67.20,0.00,0.27,0,1
vda,0.60,0.02,0.00,0,0
vda,2.60,0.00,0.01,0,0
vda,0.00,0.00,0.00,0,0
vda,1.40,0.00,0.00,0,0
vda,2.20,0.00,0.01,0,0
vda,7.00,0.00,0.03,0,0
