3893340.0,22920.0,1960.0
3477466.9333,120904.0,2489.0666667
2333816.0,390360.0,3944.0
1900217.0667,500378.13333,3958.9333333
707820.0,802928.0,4000.0
707820.0,802928.0,4000.0
558146.4,848541.86667,3996.8
146544.0,973980.0,3988.0
146544.0,973980.0,3988.0
143841.6,852700.0,4000.8
133032.0,367580.0,4052.0
132271.2,316969.6,4064.8
129228.0,114528.0,4116.0
129228.0,114528.0,4116.0
129468.0,114151.2,4128.8
130428.0,112644.0,4180.0
130428.0,112644.0,4180.0
127886.13333,115157.6,4187.4666667
111364.0,131496.0,4236.0
113463.2,129095.2,4328.0
121860.0,119492.0,4696.0
121860.0,119492.0,4696.0
611135.2,119232.26667,4703.4666667
3791424.0,117544.0,4752.0
3791424.0,117544.0,4752.0
