vda,24.80,0.09,0.02,0,0
vda,0.40,0.01,0.00,0,0
vda,3.40,0.00,0.01,0,0
vda,2.00,0.00,0.01,0,0
vda,1.20,0.00,0.00,0,0
vda,22.20,0.07,0.02,0,0
vda,316.00,9.17,0.29,45,1
vda,165.00,13.66,0.02,68,0
vda,118.00,14.25,0.01,71,0
vda,200.00,12.48,1.46,62,7
vda,120.20,12.30,0.09,61,0
vda,122.20,15.12,0.00,75,0
vda,43.40,5.13,0.01,25,0
vda,121.00,15.12,0.00,75,0
vda,160.80,13.88,0.21,69,1
vda,65.20,7.83,0.01,39,0
vda,121.76,14.77,0.01,74,0
vda,110.40,13.65,0.00,68,0
vda,65.40,8.15,0.00,40,0
vda,35.00,4.08,0.01,20,0
vda,290.20,15.46,0.07,77,0
vda,191.80,14.65,0.30,73,1
vda,62.80,6.44,0.03,32,0
vda,107.80,13.30,0.01,66,0
vda,112.20,13.47,0.00,67,0
vda,108.20,7.43,0.20,37,1
vda,9.80,0.53,0.01,2,0
vda,105.20,12.80,0.01,64,0
vda,168.80,14.40,0.22,72,1
vda,111.00,13.70,0.01,68,0
vda,99.20,12.23,0.00,61,0
vda,71.40,0.00,0.29,0,1
vda,35.80,4.35,0.00,21,0
vda,123.80,15.26,0.01,76,0
vda,40.80,4.83,0.01,24,0
vda,0.00,0.00,0.00,0,0
vda,108.20,12.47,0.00,62,0
vda,128.20,15.23,0.02,76,0
vda,88.40,9.25,0.06,46,0
vda,94.80,4.41,0.20,22,1
vda,32.60,4.00,0.00,20,0
vda,107.60,7.54,0.00,37,0
vda,142.40,6.51,0.06,32,0
vda,121.00,4.46,0.34,22,1
vda,24.20,2.77,0.01,13,0
vda,26.60,2.94,0.00,14,0
vda,151.40,4.87,0.05,24,0
vda,51.60,2.50,0.06,12,0
vda,39.40,3.35,0.00,16,0
vda,22.00,2.43,0.01,12,0
vda,38.00,3.12,0.05,15,0
vda,57.60,1.45,0.16,7,0
vda,27.00,2.50,0.03,12,0
vda,19.00,2.21,0.00,11,0
vda,45.80,1.09,0.01,5,0
vda,54.20,3.23,0.01,16,0
vda,5.00,0.10,0.01,0,0
vda,24.60,0.75,0.07,3,0
vda,15.80,1.40,0.02,7,0
vda,4.80,0.60,0.00,3,0
vda,56.40,0.57,0.20,2,1
vda,6.80,0.53,0.01,2,0
vda,15.80,0.95,0.03,4,0
vda,55.00,1.93,0.00,9,0
vda,3.20,0.02,0.01,0,0
vda,15.40,0.09,0.06,0,0
vda,81.00,0.99,0.03,4,0
vda,1.00,0.00,0.01,0,0
vda,1.40,0.00,0.01,0,0
vda,81.20,0.25,0.27,1,1
vda,5.00,0.00,0.02,0,0
vda,12.80,0.00,0.06,0,0
vda,24.20,0.00,0.10,0,0
vda,3.00,0.00,0.01,0,0
vda,5.00,0.00,0.03,0,0
vda,5.19,0.06,0.02,0,0
vda,1.00,0.00,0.00,0,0
vda,0.00,0.00,0.00,0,0
