vda,2.80,0.01,0.01,0,0
vda,136.40,0.53,0.20,2,0
vda,18.00,0.13,0.01,0,0
vda,8.00,0.02,0.01,0,0
vda,1.20,0.00,0.00,0,0
vda,42.00,0.00,0.17,0,0
vda,211.20,9.84,0.00,49,0
vda,141.40,12.30,0.18,61,0
vda,69.40,8.02,1.29,40,6
vda,4.60,0.00,0.02,0,0
vda,0.00,0.00,0.00,0,0
vda,2.60,0.00,0.01,0,0
vda,8.00,0.02,0.01,0,0
vda,53.80,0.00,0.22,0,1
vda,9.80,0.00,0.04,0,0
vda,2.00,0.00,0.01,0,0
vda,0.20,0.00,0.00,0,0
vda,36.00,0.00,0.15,0,0
vda,1.00,0.00,0.00,0,0
vda,2.20,0.00,0.01,0,0
vda,2.00,0.00,0.01,0,0
vda,2.60,0.00,0.01,0,0
vda,0.00,0.00,0.00,0,0
vda,1.60,0.00,0.01,0,0
vda,52.80,0.00,0.21,0,1
vda,2.20,0.00,0.01,0,0
vda,8.60,0.00,0.04,0,0
vda,0.60,0.00,0.00,0,0
vda,2.20,0.00,0.01,0,0
vda,2.60,0.00,0.01,0,0
vda,2.80,0.00,0.01,0,0
vda,13.40,0.00,0.06,0,0
vda,1.60,0.00,0.01,0,0
vda,21.80,0.00,0.09,0,0
vda,2.20,0.00,0.01,0,0
vda,8.80,0.00,0.04,0,0
vda,0.20,0.00,0.00,0,0
vda,2.20,0.00,0.01,0,0
vda,19.80,0.00,0.08,0,0
vda,3.20,0.00,0.01,0,0
vda,1.60,0.00,0.01,0,0
vda,0.20,0.00,0.00,0,0
vda,34.20,0.00,0.14,0,0
vda,2.40,0.00,0.01,0,0
vda,1.20,0.00,0.00,0,0
vda,19.40,0.00,0.08,0,0
vda,2.40,0.00,0.01,0,0
vda,12.80,0.11,0.01,0,0
vda,17.56,0.07,0.00,0,0
vda,3.80,0.00,0.01,0,0
vda,0.20,0.00,0.00,0,0
vda,46.60,0.00,0.18,0,0
vda,4.40,0.00,0.02,0,0
vda,24.80,0.00,0.10,0,0
vda,15.00,0.00,0.06,0,0
vda,1.40,0.00,0.01,0,0
vda,0.00,0.00,0.00,0,0
vda,1.20,0.00,0.00,0,0
vda,2.20,0.00,0.01,0,0
vda,3.80,0.00,0.01,0,0
vda,56.40,0.00,0.23,0,1
vda,1.00,0.00,0.00,0,0
vda,0.00,0.00,0.00,0,0
vda,1.20,0.00,0.00,0,0
vda,2.20,0.00,0.01,0,0
vda,1.00,0.00,0.00,0,0
vda,10.00,0.00,0.04,0,0
vda,2.80,0.00,0.02,0,0
vda,11.40,0.00,0.05,0,0
vda,23.00,0.00,0.09,0,0
vda,2.40,0.00,0.01,0,0
vda,2.40,0.00,0.01,0,0
vda,1.40,0.00,0.00,0,0
vda,2.40,0.00,0.01,0,0
vda,1.20,0.00,0.00,0,0
vda,18.00,0.00,0.07,0,0
vda,9.20,0.00,0.04,0,0
vda,1.60,0.00,0.01,0,0
vda,36.20,0.00,0.14,0,0
vda,1.40,0.00,0.01,0,0
vda,1.80,0.00,0.01,0,0
vda,2.00,0.00,0.01,0,0
vda,1.40,0.00,0.01,0,0
vda,12.40,0.00,0.05,0,0
vda,1.40,0.00,0.01,0,0
vda,9.20,0.00,0.04,0,0
vda,1.40,0.00,0.01,0,0
vda,34.20,0.00,0.14,0,0
vda,2.60,0.00,0.01,0,0
vda,4.60,0.00,0.02,0,0
vda,19.40,0.00,0.08,0,0
vda,1.20,0.00,0.00,0,0
vda,36.40,0.00,0.15,0,0
vda,1.40,0.00,0.01,0,0
vda,2.20,0.00,0.01,0,0
vda,34.40,0.00,0.14,0,0
vda,2.00,0.00,0.01,0,0
vda,2.20,0.00,0.01,0,0
vda,2.00,0.00,0.01,0,0
vda,2.20,0.00,0.01,0,0
vda,1.20,0.00,0.00,0,0
vda,0.40,0.00,0.00,0,0
vda,34.60,0.00,0.14,0,0
vda,21.40,0.00,0.08,0,0
vda,7.20,0.00,0.03,0,0
vda,1.40,0.00,0.00,0,0
vda,2.20,0.00,0.01,0,0
vda,0.60,0.00,0.00,0,0
vda,1.60,0.00,0.01,0,0
vda,4.00,0.00,0.02,0,0
vda,2.00,0.00,0.01,0,0
vda,18.40,0.00,0.07,0,0
vda,35.80,0.00,0.14,0,0
vda,0.00,0.00,0.00,0,0
vda,1.60,0.00,0.01,0,0
vda,9.80,0.00,0.04,0,0
vda,1.20,0.00,0.00,0,0
vda,5.60,0.00,0.03,0,0
vda,13.00,0.00,0.05,0,0
vda,0.00,0.00,0.00,0,0
vda,9.80,0.00,0.04,0,0
vda,36.00,0.00,0.14,0,0
vda,0.00,0.00,0.00,0,0
vda,1.40,0.00,0.01,0,0
vda,3.00,0.00,0.01,0,0
vda,0.00,0.00,0.00,0,0
vda,42.00,0.00,0.17,0,0
vda,2.40,0.00,0.01,0,0
vda,3.60,0.00,0.01,0,0
vda,2.60,0.00,0.01,0,0
vda,0.00,0.00,0.00,0,0
vda,0.60,0.00,0.00,0,0
vda,1.60,0.00,0.01,0,0
vda,53.40,0.00,0.21,0,1
vda,2.20,0.00,0.01,0,0
vda,9.40,0.00,0.04,0,0
vda,1.20,0.00,0.00,0,0
vda,0.00,0.00,0.00,0,0
vda,3.99,0.00,0.02,0,0
vda,2.60,0.00,0.01,0,0
vda,0.20,0.00,0.00,0,0
vda,14.20,0.00,0.06,0,0
vda,24.20,0.00,0.10,0,0
vda,0.60,0.00,0.00,0,0
vda,9.20,0.00,0.04,0,0
vda,2.40,0.00,0.01,0,0
vda,2.00,0.00,0.01,0,0
vda,3.40,0.00,0.01,0,0
vda,19.00,0.00,0.08,0,0
vda,0.60,0.00,0.00,0,0
vda,2.00,0.00,0.01,0,0
vda,36.20,0.00,0.14,0,0
vda,1.00,0.00,0.00,0,0
vda,9.80,0.00,0.04,0,0
vda,1.40,0.00,0.01,0,0
vda,0.00,0.00,0.00,0,0
vda,16.00,0.00,0.06,0,0
vda,1.60,0.00,0.01,0,0
vda,51.40,0.00,0.21,0,1
vda,12.20,0.00,0.05,0,0
vda,2.20,0.00,0.01,0,0
vda,0.60,0.00,0.00,0,0
vda,39.00,0.00,0.16,0,0
vda,1.60,0.00,0.01,0,0
vda,21.80,0.00,0.09,0,0
vda,1.60,0.00,0.01,0,0
vda,41.00,0.00,0.17,0,0
