3840344.0,58344.0,1604.0
3370315.4667,162830.66667,3578.9333333
2833140.0,282244.0,5836.0
2304332.0,390674.66667,5861.3333333
1246716.0,607536.0,5912.0
1246716.0,607536.0,5912.0
1246103.7333,607536.0,5931.2
1244420.0,607536.0,5984.0
1244420.0,607536.0,5984.0
1244156.0,607722.4,6027.2
1243100.0,608468.0,6200.0
1243100.0,608468.0,6200.0
1243100.0,608468.0,6200.0
1243100.0,608468.0,6200.0
1243100.0,608468.0,6200.0
1243100.0,608468.0,6200.0
1243100.0,608468.0,6200.0
1243100.0,608468.0,6200.0
1243100.0,608468.0,6200.0
1242449.6,608478.4,6252.8
1239848.0,608520.0,6464.0
1239848.0,608520.0,6464.0
1240246.4,608521.06667,6470.4
1242836.0,608528.0,6512.0
1242721.3333,608532.8,6515.2
1241116.0,608600.0,6560.0
1241116.0,608600.0,6560.0
1241116.0,608600.0,6560.0
1255256.0,608620.0,6616.0
1255256.0,608620.0,6616.0
1255256.0,608620.0,6616.0
1255256.0,608620.0,6616.0
1255256.0,608620.0,6616.0
1255256.0,608620.0,6616.0
1255256.0,608620.0,6616.0
1255256.0,608620.0,6616.0
1255256.0,608620.0,6616.0
1255256.0,608620.0,6616.0
1255256.0,608620.0,6616.0
1255256.0,608620.0,6616.0
1254442.1333,608646.13333,6840.0
1254384.0,608648.0,6856.0
1254384.0,608648.0,6856.0
1254384.0,608648.0,6856.0
1254384.0,608648.0,6856.0
1254384.0,608648.0,6856.0
1257785.8667,608649.6,6866.9333333
1305412.0,608672.0,7020.0
1305412.0,608672.0,7020.0
1305412.0,608672.0,7020.0
1305412.0,608672.0,7020.0
1305412.0,608672.0,7020.0
1305412.0,608672.0,7020.0
1305412.0,608672.0,7020.0
1305412.0,608672.0,7020.0
1305412.0,608672.0,7020.0
1305321.8667,608676.53333,7049.3333333
1304060.0,608740.0,7460.0
1304060.0,608740.0,7460.0
1304060.0,608740.0,7460.0
1304060.0,608740.0,7460.0
1304060.0,608740.0,7460.0
1304060.0,608740.0,7460.0
1304060.0,608740.0,7460.0
1304060.0,608740.0,7460.0
1304060.0,608740.0,7460.0
1304060.0,608740.0,7460.0
1307442.1333,608742.13333,7473.8666667
1354792.0,608772.0,7668.0
1354792.0,608772.0,7668.0
1354792.0,608772.0,7668.0
1354792.0,608772.0,7668.0
1354792.0,608772.0,7668.0
1354792.0,608772.0,7668.0
1354792.0,608772.0,7668.0
1354792.0,608772.0,7668.0
1354792.0,608772.0,7668.0
1354792.0,608772.0,7668.0
1354792.0,608772.0,7668.0
1354829.6,608802.4,7714.4
1354980.0,608924.0,7900.0
1354980.0,608924.0,7900.0
1354980.0,608924.0,7900.0
1354980.0,608924.0,7900.0
1354980.0,608924.0,7900.0
1354980.0,608924.0,7900.0
1354980.0,608924.0,7900.0
1354980.0,608924.0,7900.0
1354980.0,608924.0,7900.0
1365877.6,608948.53333,7926.6666667
1436712.0,609108.0,8100.0
1436712.0,609108.0,8100.0
1436712.0,609108.0,8100.0
1436712.0,609108.0,8100.0
1436712.0,609108.0,8100.0
1436712.0,609108.0,8100.0
1436712.0,609108.0,8100.0
1436712.0,609108.0,8100.0
1436712.0,609108.0,8100.0
1436712.0,609108.0,8100.0
1436827.2,609152.8,8219.4666667
1436827.2,609152.8,8219.4666667
1436928.0,609192.0,8324.0
1436928.0,609192.0,8324.0
1436928.0,609192.0,8324.0
1436928.0,609192.0,8324.0
1436928.0,609192.0,8324.0
1436928.0,609192.0,8324.0
1436928.0,609192.0,8324.0
1436928.0,609192.0,8324.0
1444357.8667,609193.6,8354.9333333
1492652.0,609204.0,8556.0
1492652.0,609204.0,8556.0
1492652.0,609204.0,8556.0
1492652.0,609204.0,8556.0
1492652.0,609204.0,8556.0
1492652.0,609204.0,8556.0
1492652.0,609204.0,8556.0
1492652.0,609204.0,8556.0
1492652.0,609204.0,8556.0
1492652.0,609204.0,8556.0
1491748.0,609348.0,8820.0
1491748.0,609348.0,8820.0
1491851.4667,609348.8,8823.7333333
1493300.0,609360.0,8876.0
1493300.0,609360.0,8876.0
1493177.0667,609362.13333,8879.7333333
1491456.0,609392.0,8932.0
1491456.0,609392.0,8932.0
1491456.0,609392.0,8932.0
1491456.0,609392.0,8932.0
1491456.0,609392.0,8932.0
1545832.0,609408.0,9028.0
1545832.0,609408.0,9028.0
1545832.0,609408.0,9028.0
1545832.0,609408.0,9028.0
1545832.0,609408.0,9028.0
1545832.0,609408.0,9028.0
1545832.0,609408.0,9028.0
1545832.0,609408.0,9028.0
1545832.0,609408.0,9028.0
1545832.0,609408.0,9028.0
1545832.0,609408.0,9028.0
1545832.0,609408.0,9028.0
1545588.0,609620.0,9292.0
1545588.0,609620.0,9292.0
1545588.0,609620.0,9292.0
1545588.0,609620.0,9292.0
1545588.0,609620.0,9292.0
1545588.0,609620.0,9292.0
1545588.0,609620.0,9292.0
1545588.0,609620.0,9292.0
1613628.5333,609645.6,9398.6666667
1613628.5333,609645.6,9398.6666667
1673164.0,609668.0,9492.0
1673164.0,609668.0,9492.0
1673164.0,609668.0,9492.0
1673164.0,609668.0,9492.0
1673164.0,609668.0,9492.0
1673164.0,609668.0,9492.0
1673164.0,609668.0,9492.0
1673164.0,609668.0,9492.0
1673164.0,609668.0,9492.0
1673164.0,609668.0,9492.0
1673164.0,609668.0,9492.0
1673130.9333,609668.8,9506.4
1672668.0,609680.0,9708.0
1672668.0,609680.0,9708.0
1672668.0,609680.0,9708.0
1672668.0,609680.0,9708.0
1672668.0,609680.0,9708.0
1672668.0,609680.0,9708.0
1669888.0,611480.0,10184.0
1669888.0,611480.0,10184.0
1669888.0,611480.0,10184.0
1787220.0,611544.0,10264.0
1787220.0,611544.0,10264.0
1787220.0,611544.0,10264.0
1787220.0,611544.0,10264.0
1787220.0,611544.0,10264.0
1787220.0,611544.0,10264.0
1787220.0,611544.0,10264.0
1787220.0,611544.0,10264.0
1787220.0,611544.0,10264.0
1787220.0,611544.0,10264.0
1787220.0,611544.0,10264.0
1787220.0,611544.0,10264.0
1787417.8667,611618.66667,10510.4
1786244.8,611624.0,10580.266667
1786160.0,611624.0,10584.0
1786160.0,611624.0,10584.0
1786160.0,611624.0,10584.0
1786160.0,611624.0,10584.0
1865740.8,611630.93333,10681.066667
1877984.0,611632.0,10696.0
1877984.0,611632.0,10696.0
1877984.0,611632.0,10696.0
1877984.0,611632.0,10696.0
1877984.0,611632.0,10696.0
1877984.0,611632.0,10696.0
1877984.0,611632.0,10696.0
1877984.0,611632.0,10696.0
1877984.0,611632.0,10696.0
1877984.0,611632.0,10696.0
1877984.0,611632.0,10696.0
1877666.6667,611773.86667,10942.4
1877644.0,611784.0,10960.0
1877644.0,611784.0,10960.0
1877644.0,611784.0,10960.0
1877644.0,611784.0,10960.0
1877644.0,611784.0,10960.0
1877644.0,611784.0,10960.0
1877644.0,611784.0,10960.0
1877644.0,611784.0,10960.0
1971983.4667,611347.2,10974.933333
3292736.0,605232.0,11184.0
