7912258.4,108812.0,4148.8
7921304.0,82700.0,3796.0
7704653.0667,106167.73333,3831.4666667
7457052.0,132988.0,3872.0
7457052.0,132988.0,3872.0
7457052.0,132988.0,3872.0
7457052.0,132988.0,3872.0
7457052.0,132988.0,3872.0
7401839.2,132992.26667,3940.2666667
7353528.0,132996.0,4000.0
7352792.0,133002.4,4029.8666667
7352148.0,133008.0,4056.0
7352148.0,133008.0,4056.0
7352148.0,133008.0,4056.0
7352148.0,133008.0,4056.0
7352148.0,133008.0,4056.0
7347367.2,133015.2,4128.0
7344180.0,133020.0,4176.0
7344180.0,133020.0,4176.0
7344180.0,133020.0,4176.0
7344180.0,133020.0,4176.0
7297159.2,133027.2,4262.4
7265812.0,133032.0,4320.0
7265812.0,133032.0,4320.0
7209791.2,133034.4,4353.6
7172444.0,133036.0,4376.0
7171344.8,133043.2,4414.4
7170612.0,133048.0,4440.0
7170612.0,133048.0,4440.0
7611456.0,129116.8,4478.4
