3439360.0,146288.0,4116.0
3439360.0,146288.0,4116.0
3277304.8,176601.6,4130.4
2629084.0,297856.0,4188.0
2629084.0,297856.0,4188.0
2629181.3333,297860.26667,4192.2666667
2630544.0,297920.0,4252.0
2630544.0,297920.0,4252.0
2630544.0,297920.0,4252.0
2630544.0,297920.0,4252.0
2630544.0,297920.0,4252.0
2630544.0,297920.0,4252.0
2630544.0,297920.0,4252.0
2630481.8667,297922.13333,4264.2666667
2629612.0,297952.0,4436.0
2629612.0,297952.0,4436.0
2629612.0,297952.0,4436.0
2629612.0,297952.0,4436.0
2629612.0,297952.0,4436.0
2549676.0,297964.0,4564.0
2549676.0,297964.0,4564.0
2549676.0,297964.0,4564.0
2549676.0,297964.0,4564.0
2549676.0,297964.0,4564.0
2549676.0,297964.0,4564.0
2549676.0,297964.0,4564.0
2549676.0,297964.0,4564.0
2549676.0,297964.0,4564.0
2549676.0,297964.0,4564.0
2549676.0,297964.0,4564.0
2549676.0,297964.0,4564.0
2548783.2,298066.4,4762.4
2548560.0,298092.0,4812.0
2548560.0,298092.0,4812.0
2548560.0,298092.0,4812.0
2548560.0,298092.0,4812.0
2548560.0,298092.0,4812.0
2475299.2,298101.6,4965.6
2456984.0,298104.0,5004.0
2456984.0,298104.0,5004.0
2456984.0,298104.0,5004.0
2456984.0,298104.0,5004.0
2456984.0,298104.0,5004.0
2455094.6667,298547.73333,5354.1333333
2454804.0,298616.0,5408.0
2454804.0,298616.0,5408.0
2453136.5333,298633.33333,5456.5333333
2452880.0,298636.0,5464.0
2452880.0,298636.0,5464.0
2452880.0,298636.0,5464.0
2452880.0,298636.0,5464.0
2452880.0,298636.0,5464.0
2452880.0,298636.0,5464.0
2444230.6667,298636.0,5630.4
2442900.0,298636.0,5656.0
2442900.0,298636.0,5656.0
2442900.0,298636.0,5656.0
2442900.0,298636.0,5656.0
2442900.0,298636.0,5656.0
2442900.0,298636.0,5656.0
2442900.0,298636.0,5656.0
2440714.4,298645.6,5803.2
2440168.0,298648.0,5840.0
2440168.0,298648.0,5840.0
2441573.0667,298653.86667,5892.8
2442084.0,298656.0,5912.0
2442084.0,298656.0,5912.0
2442084.0,298656.0,5912.0
2442084.0,298656.0,5912.0
2413037.6,298720.0,6020.8
2405776.0,298736.0,6048.0
2405776.0,298736.0,6048.0
2405776.0,298736.0,6048.0
2405776.0,298736.0,6048.0
2405776.0,298736.0,6048.0
2403956.0,298850.4,6152.0
2403676.0,298868.0,6168.0
2403676.0,298868.0,6168.0
2403676.0,298868.0,6168.0
2403676.0,298868.0,6168.0
2403676.0,298868.0,6168.0
2403676.0,298868.0,6168.0
2403676.0,298868.0,6168.0
2403870.1333,298940.8,6334.4
2403900.0,298952.0,6360.0
2403900.0,298952.0,6360.0
2403900.0,298952.0,6360.0
2403900.0,298952.0,6360.0
2403900.0,298952.0,6360.0
2403900.0,298952.0,6360.0
2403900.0,298952.0,6360.0
2403900.0,298952.0,6360.0
2403900.0,298952.0,6360.0
2403900.0,298952.0,6360.0
2403900.0,298952.0,6360.0
2403384.8,299016.0,6580.8
2403256.0,299032.0,6636.0
2403256.0,299032.0,6636.0
2403256.0,299032.0,6636.0
2403256.0,299032.0,6636.0
2403256.0,299032.0,6636.0
2403256.0,299032.0,6636.0
2403256.0,299032.0,6636.0
2403256.0,299032.0,6636.0
2389080.8,299045.86667,6850.9333333
2386900.0,299048.0,6884.0
2386900.0,299048.0,6884.0
2385167.7333,299051.73333,6951.2
2385044.0,299052.0,6956.0
2385044.0,299052.0,6956.0
2385044.0,299052.0,6956.0
2385044.0,299052.0,6956.0
2385044.0,299052.0,6956.0
2385044.0,299052.0,6956.0
2385044.0,299052.0,6956.0
2385044.0,299052.0,6956.0
2385044.0,299052.0,6956.0
2385044.0,299052.0,6956.0
2385044.0,299052.0,6956.0
2384305.6,299128.26667,7177.8666667
2384192.0,299140.0,7212.0
2384192.0,299140.0,7212.0
2384192.0,299140.0,7212.0
2384192.0,299140.0,7212.0
2384192.0,299140.0,7212.0
2384192.0,299140.0,7212.0
2384192.0,299140.0,7212.0
2384192.0,299140.0,7212.0
2384192.0,299140.0,7212.0
2384192.0,299140.0,7212.0
2384192.0,299140.0,7212.0
2384118.4,299156.0,7455.2
2384100.0,299160.0,7516.0
2384100.0,299160.0,7516.0
2384100.0,299160.0,7516.0
2384100.0,299160.0,7516.0
2384100.0,299160.0,7516.0
2384100.0,299160.0,7516.0
2384100.0,299160.0,7516.0
2384100.0,299160.0,7516.0
2384100.0,299160.0,7516.0
2384100.0,299160.0,7516.0
2384100.0,299160.0,7516.0
2383823.7333,299395.2,7725.0666667
2383804.0,299412.0,7740.0
2383804.0,299412.0,7740.0
2383804.0,299412.0,7740.0
2383804.0,299412.0,7740.0
2383804.0,299412.0,7740.0
2383804.0,299412.0,7740.0
2383804.0,299412.0,7740.0
2383804.0,299412.0,7740.0
2383804.0,299412.0,7740.0
2383804.0,299412.0,7740.0
2383804.0,299412.0,7740.0
2375182.9333,299435.46667,7980.5333333
2372048.0,299444.0,8068.0
2372048.0,299444.0,8068.0
2372048.0,299444.0,8068.0
2372048.0,299444.0,8068.0
2372048.0,299444.0,8068.0
2372048.0,299444.0,8068.0
2372048.0,299444.0,8068.0
2372048.0,299444.0,8068.0
2372048.0,299444.0,8068.0
2372048.0,299444.0,8068.0
2372048.0,299444.0,8068.0
2371468.8,299466.4,8260.0
2371324.0,299472.0,8308.0
2371324.0,299472.0,8308.0
2371324.0,299472.0,8308.0
3193817.3333,295117.33333,8404.0
3605064.0,292940.0,8452.0
