vda,44.60,0.25,0.01,1,0
vda,35.80,0.13,0.01,0,0
vda,49.00,0.02,0.19,0,0
vda,0.00,0.00,0.00,0,0
vda,2.00,0.00,0.01,0,0
vda,2.20,0.00,0.01,0,0
vda,249.20,9.34,0.14,46,0
vda,8.40,0.49,0.02,2,0
vda,92.60,0.33,1.46,1,7
vda,0.00,0.00,0.00,0,0
vda,13.60,0.05,0.01,0,0
vda,7.40,0.02,0.01,0,0
vda,1.20,0.00,0.00,0,0
vda,54.20,0.00,0.23,0,1
vda,6.60,0.00,0.03,0,0
vda,1.40,0.00,0.01,0,0
vda,35.40,0.00,0.14,0,0
vda,1.80,0.00,0.01,0,0
vda,3.80,0.00,0.01,0,0
vda,46.00,0.00,0.19,0,0
vda,1.60,0.00,0.01,0,0
vda,20.00,0.00,0.09,0,0
vda,18.00,0.00,0.07,0,0
vda,19.40,0.14,0.01,0,0
vda,32.00,0.00,0.14,0,0
vda,13.80,0.05,0.01,0,0
