7956124.0,75836.0,1756.0
7439728.2667,166657.86667,3322.4
7251948.0,199684.0,3892.0
7251948.0,199684.0,3892.0
6631055.2,330426.4,3943.2
6475832.0,363112.0,3956.0
6193716.8,363745.6,4122.4
6123188.0,363904.0,4164.0
6123188.0,363904.0,4164.0
6120817.3333,363907.73333,4223.7333333
6120648.0,363908.0,4228.0
6120648.0,363908.0,4228.0
6121662.4,363908.0,4272.8
6121916.0,363908.0,4284.0
6120527.2,363911.2,4341.6
6120180.0,363912.0,4356.0
6120180.0,363912.0,4356.0
6087288.5333,363914.93333,4408.8
6075328.0,363916.0,4428.0
6075328.0,363916.0,4428.0
6067913.6,369762.4,5461.6
6066060.0,371224.0,5720.0
