3847996.0,53800.0,2956.0
3847996.0,53800.0,2956.0
3261698.9333,154293.06667,3815.4666667
3048500.0,190836.0,4128.0
3046764.0,191140.0,4434.6666667
3045896.0,191292.0,4588.0
3045896.0,191292.0,4588.0
3042904.0,191732.0,4623.2
3041816.0,191892.0,4636.0
3041816.0,191892.0,4636.0
3039508.8,193856.8,4872.8
3038932.0,194348.0,4932.0
3038932.0,194348.0,4932.0
3038932.0,194348.0,4932.0
3038932.0,194348.0,4932.0
3038932.0,194348.0,4932.0
3038932.0,194348.0,4932.0
3038932.0,194348.0,4932.0
3038932.0,194348.0,4932.0
3038932.0,194348.0,4932.0
3038932.0,194348.0,4932.0
3038932.0,194348.0,4932.0
3039219.4667,194468.26667,5125.6
3037525.8667,194514.93333,5242.9333333
3036872.0,194516.0,5260.0
3036872.0,194516.0,5260.0
3037977.8667,194524.8,5306.9333333
3038380.0,194528.0,5324.0
3028972.0,194530.66667,5366.6666667
3024268.0,194532.0,5388.0
3024268.0,194532.0,5388.0
3023182.6667,194675.73333,5910.1333333
3022788.0,194728.0,6100.0
3022788.0,194728.0,6100.0
3019100.8,194730.93333,6146.9333333
3017760.0,194732.0,6164.0
3017760.0,194732.0,6164.0
3017760.0,194732.0,6164.0
3017760.0,194732.0,6164.0
3016793.6,194741.6,6266.4
3016552.0,194744.0,6292.0
3016552.0,194744.0,6292.0
3002683.2,194744.0,6333.0666667
2997640.0,194744.0,6348.0
2998883.7333,194749.86667,6389.0666667
2999336.0,194752.0,6404.0
2999336.0,194752.0,6404.0
3520205.0667,189953.06667,6450.9333333
