vda,45.60,0.26,0.01,1,0
vda,41.80,0.16,0.01,0,0
vda,44.60,0.00,0.19,0,0
vda,0.00,0.00,0.00,0,0
vda,4.00,0.01,0.01,0,0
vda,5.80,0.01,0.01,0,0
vda,238.40,6.71,0.16,33,0
vda,107.40,11.47,0.02,57,0
vda,116.20,7.57,1.34,37,6
vda,42.20,0.00,0.17,0,0
vda,1.80,0.00,0.01,0,0
vda,2.20,0.00,0.01,0,0
vda,0.00,0.00,0.00,0,0
vda,1.40,0.00,0.00,0,0
vda,1.80,0.00,0.01,0,0
vda,8.60,0.00,0.04,0,0
vda,35.20,0.00,0.14,0,0
vda,1.60,0.00,0.01,0,0
vda,1.40,0.00,0.01,0,0
vda,2.60,0.00,0.01,0,0
vda,2.80,0.00,0.01,0,0
vda,0.80,0.00,0.00,0,0
vda,28.80,0.00,0.11,0,0
vda,18.60,0.00,0.08,0,0
vda,1.40,0.00,0.01,0,0
vda,8.40,0.00,0.03,0,0
vda,9.00,0.00,0.04,0,0
vda,1.40,0.00,0.01,0,0
vda,3.60,0.00,0.01,0,0
vda,18.40,0.00,0.07,0,0
vda,1.60,0.00,0.01,0,0
vda,19.20,0.00,0.07,0,0
vda,2.60,0.00,0.01,0,0
vda,0.80,0.00,0.00,0,0
vda,16.00,0.00,0.07,0,0
vda,0.00,0.00,0.00,0,0
vda,45.00,0.00,0.18,0,0
vda,2.80,0.00,0.01,0,0
vda,2.60,0.00,0.01,0,0
vda,41.80,0.00,0.17,0,0
vda,2.00,0.00,0.01,0,0
vda,18.00,0.13,0.01,0,0
vda,9.80,0.00,0.04,0,0
vda,62.00,0.05,0.20,0,1
vda,2.40,0.00,0.01,0,0
vda,2.80,0.00,0.01,0,0
vda,0.00,0.00,0.00,0,0
vda,2.20,0.00,0.01,0,0
vda,1.20,0.00,0.00,0,0
vda,3.00,0.00,0.01,0,0
vda,58.60,0.00,0.24,0,1
vda,1.20,0.00,0.00,0,0
vda,9.20,0.00,0.04,0,0
vda,33.40,0.45,0.00,2,0
vda,78.00,0.00,0.35,0,1
vda,0.80,0.00,0.00,0,0
vda,2.40,0.00,0.01,0,0
vda,53.49,0.00,0.22,0,1
vda,2.60,0.00,0.01,0,0
vda,0.00,0.00,0.00,0,0
vda,35.00,0.00,0.15,0,0
vda,2.20,0.00,0.01,0,0
