vda,94.00,0.56,0.00,2,0
vda,4.80,0.08,0.01,0,0
vda,25.40,0.09,0.01,0,0
vda,1.80,0.00,0.01,0,0
vda,0.00,0.00,0.00,0,0
vda,14.40,0.05,0.01,0,0
vda,121.80,3.15,0.08,15,0
vda,99.20,2.64,0.04,13,0
vda,129.40,11.12,0.14,55,0
vda,91.00,11.15,0.01,55,0
vda,78.60,9.70,0.00,48,0
vda,119.40,13.48,0.05,67,0
vda,71.60,8.43,0.03,42,0
vda,99.20,12.10,0.01,60,0
vda,62.20,7.10,1.29,35,6
vda,115.40,12.80,0.05,64,0
vda,35.60,4.32,0.00,21,0
vda,107.40,13.43,0.00,67,0
vda,114.80,9.90,0.14,49,0
vda,27.35,3.27,0.01,16,0
vda,47.00,5.53,0.01,27,0
vda,92.60,11.07,0.02,55,0
vda,50.20,4.17,0.07,20,0
vda,53.80,6.55,0.01,32,0
vda,16.60,1.82,0.01,9,0
vda,2.00,0.00,0.01,0,0
vda,1.20,0.00,0.00,0,0
vda,26.40,0.00,0.11,0,0
vda,7.80,0.00,0.03,0,0
vda,1.40,0.00,0.00,0,0
vda,18.80,0.00,0.07,0,0
vda,2.80,0.00,0.01,0,0
vda,0.00,0.00,0.00,0,0
vda,2.40,0.00,0.01,0,0
vda,2.00,0.00,0.01,0,0
vda,1.60,0.00,0.01,0,0
vda,35.80,0.00,0.14,0,0
vda,12.20,0.00,0.05,0,0
vda,9.40,0.00,0.04,0,0
vda,1.00,0.00,0.00,0,0
vda,1.20,0.00,0.00,0,0
vda,3.39,0.00,0.01,0,0
vda,2.20,0.00,0.01,0,0
vda,0.40,0.00,0.00,0,0
vda,36.00,0.00,0.14,0,0
vda,18.00,0.00,0.07,0,0
vda,0.60,0.00,0.00,0,0
vda,9.20,0.00,0.04,0,0
vda,1.20,0.00,0.00,0,0
vda,4.20,0.00,0.02,0,0
vda,0.20,0.00,0.00,0,0
vda,1.40,0.00,0.01,0,0
vda,12.00,0.00,0.05,0,0
vda,24.00,0.00,0.10,0,0
vda,1.00,0.00,0.00,0,0
vda,1.20,0.00,0.01,0,0
vda,10.80,0.00,0.05,0,0
vda,1.20,0.00,0.00,0,0
vda,1.00,0.00,0.00,0,0
vda,4.20,0.00,0.02,0,0
vda,17.73,0.00,0.07,0,0
vda,0.40,0.00,0.00,0,0
vda,36.20,0.00,0.15,0,0
vda,3.00,0.00,0.02,0,0
vda,1.00,0.00,0.00,0,0
vda,1.80,0.00,0.01,0,0
vda,8.40,0.00,0.03,0,0
vda,17.80,0.00,0.07,0,0
vda,4.00,0.00,0.02,0,0
vda,1.20,0.00,0.00,0,0
vda,1.20,0.00,0.01,0,0
vda,35.80,0.00,0.14,0,0
vda,1.20,0.00,0.00,0,0
vda,1.40,0.00,0.01,0,0
vda,2.00,0.00,0.01,0,0
vda,19.40,0.00,0.08,0,0
vda,1.20,0.00,0.00,0,0
vda,2.40,0.00,0.01,0,0
vda,2.40,0.00,0.01,0,0
vda,1.80,0.00,0.01,0,0
vda,35.60,0.00,0.14,0,0
vda,9.80,0.00,0.04,0,0
vda,16.80,0.00,0.07,0,0
vda,2.20,0.00,0.01,0,0
vda,2.20,0.00,0.01,0,0
vda,1.40,0.00,0.01,0,0
vda,4.80,0.00,0.02,0,0
vda,1.20,0.00,0.00,0,0
vda,0.20,0.00,0.00,0,0
vda,24.00,0.00,0.10,0,0
vda,18.20,0.00,0.07,0,0
vda,2.80,0.00,0.01,0,0
vda,2.20,0.00,0.01,0,0
vda,8.20,0.00,0.03,0,0
vda,0.80,0.00,0.00,0,0
vda,4.80,0.00,0.02,0,0
vda,2.40,0.00,0.01,0,0
vda,13.60,0.00,0.05,0,0
vda,36.80,0.00,0.15,0,0
vda,1.00,0.00,0.00,0,0
vda,1.00,0.00,0.00,0,0
vda,2.00,0.00,0.01,0,0
vda,8.40,0.00,0.04,0,0
