16217876.0,45108.0,2764.0
16217876.0,45108.0,2764.0
14785152.0,271896.0,3680.0
14785152.0,271896.0,3680.0
13306972.267,624279.2,3738.9333333
13079560.0,678492.0,3748.0
13079560.0,678492.0,3748.0
12301186.133,817995.46667,3815.2
12245588.0,827960.0,3820.0
12245588.0,827960.0,3820.0
12109840.0,827972.0,3876.0
12094385.333,827972.26667,3880.2666667
11878020.0,827976.0,3940.0
11878020.0,827976.0,3940.0
11877713.867,827976.53333,3947.4666667
11875724.0,827980.0,3996.0
11875724.0,827980.0,3996.0
11857186.933,827980.53333,4004.5333333
11736696.0,827984.0,4060.0
11706218.133,827984.53333,4068.5333333
11508112.0,827988.0,4124.0
11508112.0,827988.0,4124.0
11492917.867,827988.53333,4132.5333333
11394156.0,827992.0,4188.0
11394156.0,827992.0,4188.0
11370120.8,827992.0,4198.6666667
11213892.0,827992.0,4268.0
11213566.133,828003.2,4277.6
11211448.0,828076.0,4340.0
11211448.0,828076.0,4340.0
11775245.867,827199.73333,4348.5333333
