16213876.0,47188.0,1852.0
16213876.0,47188.0,1852.0
15253556.0,220668.0,3828.0
15253556.0,220668.0,3828.0
13059544.0,664044.0,3904.0
13059544.0,664044.0,3904.0
13059544.0,664044.0,3904.0
11658360.533,1060621.0667,3963.7333333
11558276.0,1088948.0,3968.0
11558276.0,1088948.0,3968.0
10483640.533,1188895.4667,4023.4666667
10318312.0,1204272.0,4032.0
10316128.0,1204283.2,4091.7333333
10315972.0,1204284.0,4096.0
10315972.0,1204284.0,4096.0
10313560.0,1204280.0,4168.0
10313560.0,1204280.0,4168.0
10313560.0,1204280.0,4168.0
10313560.0,1204280.0,4168.0
10313560.0,1204280.0,4168.0
10313560.0,1204280.0,4168.0
10313560.0,1204280.0,4168.0
10313560.0,1204280.0,4168.0
10313560.0,1204280.0,4168.0
10313560.0,1204280.0,4168.0
10313560.0,1204280.0,4168.0
10313560.0,1204280.0,4168.0
10312472.0,1204328.0,4400.0
10312472.0,1204328.0,4400.0
10312472.0,1204328.0,4400.0
10312472.0,1204328.0,4400.0
10312472.0,1204328.0,4400.0
10312472.0,1204328.0,4400.0
10312472.0,1204328.0,4400.0
10312472.0,1204328.0,4400.0
10312472.0,1204328.0,4400.0
10312472.0,1204328.0,4400.0
10312472.0,1204328.0,4400.0
10312472.0,1204328.0,4400.0
10312516.0,1205208.0,4876.0
10312516.0,1205208.0,4876.0
10312516.0,1205208.0,4876.0
10312516.0,1205208.0,4876.0
10312516.0,1205208.0,4876.0
10312516.0,1205208.0,4876.0
10312516.0,1205208.0,4876.0
10312516.0,1205208.0,4876.0
10312516.0,1205208.0,4876.0
10312516.0,1205208.0,4876.0
10312516.0,1205208.0,4876.0
10312516.0,1205208.0,4876.0
10312086.133,1205218.4,5090.9333333
10312020.0,1205220.0,5124.0
10312020.0,1205220.0,5124.0
10312020.0,1205220.0,5124.0
10312020.0,1205220.0,5124.0
10312020.0,1205220.0,5124.0
10310881.867,1205228.8,5247.2
10310468.0,1205232.0,5292.0
10310468.0,1205232.0,5292.0
10310468.0,1205232.0,5292.0
10310468.0,1205232.0,5292.0
10310468.0,1205232.0,5292.0
10310468.0,1205232.0,5292.0
10310468.0,1205232.0,5292.0
10310468.0,1205232.0,5292.0
10310468.0,1205232.0,5292.0
10310468.0,1205232.0,5292.0
10310468.0,1205232.0,5292.0
10310636.0,1205240.0,5441.3333333
10310720.0,1205244.0,5516.0
10310720.0,1205244.0,5516.0
10310720.0,1205244.0,5516.0
10310720.0,1205244.0,5516.0
10310720.0,1205244.0,5516.0
10310720.0,1205244.0,5516.0
10310720.0,1205244.0,5516.0
10310720.0,1205244.0,5516.0
10310720.0,1205244.0,5516.0
10310720.0,1205244.0,5516.0
10310720.0,1205244.0,5516.0
10311104.267,1205422.9333,5738.9333333
10311244.0,1205488.0,5820.0
10311244.0,1205488.0,5820.0
10311244.0,1205488.0,5820.0
10311244.0,1205488.0,5820.0
10311244.0,1205488.0,5820.0
10311244.0,1205488.0,5820.0
10311244.0,1205488.0,5820.0
10311244.0,1205488.0,5820.0
10311244.0,1205488.0,5820.0
10311244.0,1205488.0,5820.0
10311244.0,1205488.0,5820.0
10310393.333,1205508.5333,6007.7333333
10310084.0,1205516.0,6076.0
10310084.0,1205516.0,6076.0
10310084.0,1205516.0,6076.0
10309440.8,1205532.8,6143.2
10309012.0,1205544.0,6188.0
10309012.0,1205544.0,6188.0
10309012.0,1205544.0,6188.0
10309012.0,1205544.0,6188.0
10309012.0,1205544.0,6188.0
10309012.0,1205544.0,6188.0
10309012.0,1205544.0,6188.0
10309012.0,1205544.0,6188.0
10309012.0,1205544.0,6188.0
10309012.0,1205544.0,6188.0
10309012.0,1205544.0,6188.0
10308721.333,1205552.0,6353.3333333
10308576.0,1205556.0,6436.0
10308576.0,1205556.0,6436.0
10308576.0,1205556.0,6436.0
10308576.0,1205556.0,6436.0
10308576.0,1205556.0,6436.0
10308576.0,1205556.0,6436.0
10306685.333,1206748.0,6692.0
10305740.0,1207344.0,6820.0
10305740.0,1207344.0,6820.0
10305740.0,1207344.0,6820.0
10305740.0,1207344.0,6820.0
10305740.0,1207344.0,6820.0
10305740.0,1207344.0,6820.0
10305740.0,1207344.0,6820.0
10305740.0,1207344.0,6820.0
10305740.0,1207344.0,6820.0
10305740.0,1207344.0,6820.0
10288838.667,1207354.6667,6985.3333333
10280388.0,1207360.0,7068.0
10278818.667,1207362.9333,7109.0666667
10278248.0,1207364.0,7124.0
10278248.0,1207364.0,7124.0
10278248.0,1207364.0,7124.0
10278248.0,1207364.0,7124.0
10278248.0,1207364.0,7124.0
10278248.0,1207364.0,7124.0
10278248.0,1207364.0,7124.0
10278248.0,1207364.0,7124.0
10278248.0,1207364.0,7124.0
10278248.0,1207364.0,7124.0
10278248.0,1207364.0,7124.0
10277266.667,1207470.6667,7286.6666667
10276776.0,1207524.0,7368.0
10276776.0,1207524.0,7368.0
10276776.0,1207524.0,7368.0
10276776.0,1207524.0,7368.0
10276776.0,1207524.0,7368.0
10276776.0,1207524.0,7368.0
10276776.0,1207524.0,7368.0
10276776.0,1207524.0,7368.0
10276776.0,1207524.0,7368.0
10276776.0,1207524.0,7368.0
10276776.0,1207524.0,7368.0
10276776.0,1207524.0,7368.0
10276356.533,1207551.7333,7603.7333333
10276292.0,1207556.0,7640.0
10276292.0,1207556.0,7640.0
10276292.0,1207556.0,7640.0
10276292.0,1207556.0,7640.0
10276292.0,1207556.0,7640.0
10276292.0,1207556.0,7640.0
10276292.0,1207556.0,7640.0
10276292.0,1207556.0,7640.0
10276292.0,1207556.0,7640.0
10276292.0,1207556.0,7640.0
10276292.0,1207556.0,7640.0
10276702.667,1207576.5333,7816.0
10276852.0,1207584.0,7880.0
10276852.0,1207584.0,7880.0
10276852.0,1207584.0,7880.0
10276852.0,1207584.0,7880.0
10276852.0,1207584.0,7880.0
10276852.0,1207584.0,7880.0
10276852.0,1207584.0,7880.0
10276852.0,1207584.0,7880.0
10273829.067,1207587.4667,8094.9333333
10273364.0,1207588.0,8128.0
10273364.0,1207588.0,8128.0
10275274.133,1207588.0,8169.6
10275568.0,1207588.0,8176.0
10275568.0,1207588.0,8176.0
10275568.0,1207588.0,8176.0
10275568.0,1207588.0,8176.0
10275568.0,1207588.0,8176.0
10275568.0,1207588.0,8176.0
10275568.0,1207588.0,8176.0
10275568.0,1207588.0,8176.0
10275568.0,1207588.0,8176.0
10273808.0,1207596.0,8440.0
10273808.0,1207596.0,8440.0
10273808.0,1207596.0,8440.0
10275390.933,1207607.2,8492.2666667
10275504.0,1207608.0,8496.0
10275504.0,1207608.0,8496.0
10275504.0,1207608.0,8496.0
10275504.0,1207608.0,8496.0
10275504.0,1207608.0,8496.0
10275504.0,1207608.0,8496.0
10273901.867,1207618.6667,8600.5333333
10273901.867,1207618.6667,8600.5333333
10272500.0,1207628.0,8692.0
10272500.0,1207628.0,8692.0
10272500.0,1207628.0,8692.0
10272500.0,1207628.0,8692.0
10272500.0,1207628.0,8692.0
10272500.0,1207628.0,8692.0
10272500.0,1207628.0,8692.0
10272500.0,1207628.0,8692.0
10272500.0,1207628.0,8692.0
10272500.0,1207628.0,8692.0
10272500.0,1207628.0,8692.0
10271924.0,1207644.0,8924.0
10271924.0,1207644.0,8924.0
10271924.0,1207644.0,8924.0
10271924.0,1207644.0,8924.0
10271924.0,1207644.0,8924.0
10271924.0,1207644.0,8924.0
10271924.0,1207644.0,8924.0
10271924.0,1207644.0,8924.0
10271924.0,1207644.0,8924.0
10271924.0,1207644.0,8924.0
10271924.0,1207644.0,8924.0
10271924.0,1207644.0,8924.0
10269982.667,1207644.0,9110.6666667
10269844.0,1207644.0,9124.0
10269976.267,1207644.8,9127.2
10271828.0,1207656.0,9172.0
10271828.0,1207656.0,9172.0
10271828.0,1207656.0,9172.0
10271828.0,1207656.0,9172.0
10271828.0,1207656.0,9172.0
10271828.0,1207656.0,9172.0
10271828.0,1207656.0,9172.0
10271828.0,1207656.0,9172.0
10271828.0,1207656.0,9172.0
10271828.0,1207656.0,9172.0
10271828.0,1207656.0,9172.0
10271815.733,1207662.4,9206.1333333
10271736.0,1207704.0,9428.0
10271736.0,1207704.0,9428.0
10271736.0,1207704.0,9428.0
10271736.0,1207704.0,9428.0
10271736.0,1207704.0,9428.0
10271736.0,1207704.0,9428.0
10271736.0,1207704.0,9428.0
10271736.0,1207704.0,9428.0
10271736.0,1207704.0,9428.0
10271736.0,1207704.0,9428.0
10271736.0,1207704.0,9428.0
10271736.0,1207704.0,9428.0
10271456.0,1207732.0,9716.0
10271456.0,1207732.0,9716.0
10271456.0,1207732.0,9716.0
10271456.0,1207732.0,9716.0
10271456.0,1207732.0,9716.0
10271456.0,1207732.0,9716.0
10271456.0,1207732.0,9716.0
10271456.0,1207732.0,9716.0
10271456.0,1207732.0,9716.0
10271456.0,1207732.0,9716.0
10271456.0,1207732.0,9716.0
10271456.0,1207732.0,9716.0
10270481.6,1207754.4,9925.0666667
10270412.0,1207756.0,9940.0
10270412.0,1207756.0,9940.0
10270412.0,1207756.0,9940.0
10270412.0,1207756.0,9940.0
10270412.0,1207756.0,9940.0
10270132.0,1207767.2,10126.666667
10270112.0,1207768.0,10140.0
10270112.0,1207768.0,10140.0
10270112.0,1207768.0,10140.0
10270112.0,1207768.0,10140.0
10270112.0,1207768.0,10140.0
10270112.0,1207768.0,10140.0
10270112.0,1207768.0,10140.0
10270112.0,1207768.0,10140.0
10270112.0,1207768.0,10140.0
10270112.0,1207768.0,10140.0
10270112.0,1207768.0,10140.0
10270112.0,1207768.0,10140.0
10270752.0,1207800.0,10364.0
10270752.0,1207800.0,10364.0
10270752.0,1207800.0,10364.0
10270752.0,1207800.0,10364.0
10270752.0,1207800.0,10364.0
10269254.4,1207806.4,10470.666667
10269254.4,1207806.4,10470.666667
10267944.0,1207812.0,10564.0
10268050.667,1207812.2667,10568.266667
10269544.0,1207816.0,10628.0
10269544.0,1207816.0,10628.0
10269544.0,1207816.0,10628.0
10269544.0,1207816.0,10628.0
10269544.0,1207816.0,10628.0
10269544.0,1207816.0,10628.0
10269544.0,1207816.0,10628.0
10269544.0,1207816.0,10628.0
10269544.0,1207816.0,10628.0
10269544.0,1207816.0,10628.0
10269544.0,1207816.0,10628.0
10269747.733,1207822.4,10694.133333
10270308.0,1207840.0,10876.0
10270308.0,1207840.0,10876.0
10270308.0,1207840.0,10876.0
10270040.8,1207839.2,10901.6
10268972.0,1207836.0,11004.0
10268972.0,1207836.0,11004.0
10268972.0,1207836.0,11004.0
10268972.0,1207836.0,11004.0
10268972.0,1207836.0,11004.0
10268972.0,1207836.0,11004.0
10268972.0,1207836.0,11004.0
10268972.0,1207836.0,11004.0
10268972.0,1207836.0,11004.0
10268972.0,1207836.0,11004.0
10268972.0,1207836.0,11004.0
10269055.2,1207843.2,11053.6
10269388.0,1207872.0,11252.0
10269388.0,1207872.0,11252.0
10269388.0,1207872.0,11252.0
10269388.0,1207872.0,11252.0
10269388.0,1207872.0,11252.0
10269388.0,1207872.0,11252.0
10269388.0,1207872.0,11252.0
10269388.0,1207872.0,11252.0
10269388.0,1207872.0,11252.0
10269388.0,1207872.0,11252.0
10269388.0,1207872.0,11252.0
10269384.267,1207875.7333,11289.333333
10269360.0,1207900.0,11532.0
10269360.0,1207900.0,11532.0
10269360.0,1207900.0,11532.0
10269360.0,1207900.0,11532.0
10269360.0,1207900.0,11532.0
10269360.0,1207900.0,11532.0
10269360.0,1207900.0,11532.0
10269360.0,1207900.0,11532.0
10269360.0,1207900.0,11532.0
10269360.0,1207900.0,11532.0
10269360.0,1207900.0,11532.0
10269033.6,1207910.6667,11660.0
10269033.6,1207910.6667,11660.0
10268748.0,1207920.0,11772.0
10268748.0,1207920.0,11772.0
10268748.0,1207920.0,11772.0
10268748.0,1207920.0,11772.0
10268748.0,1207920.0,11772.0
10268748.0,1207920.0,11772.0
10268748.0,1207920.0,11772.0
10268748.0,1207920.0,11772.0
10268748.0,1207920.0,11772.0
10268748.0,1207920.0,11772.0
10268748.0,1207920.0,11772.0
10268100.0,1207944.0,12060.0
10268100.0,1207944.0,12060.0
10268100.0,1207944.0,12060.0
10268100.0,1207944.0,12060.0
10268100.0,1207944.0,12060.0
10235316.0,1207960.0,12188.0
10235316.0,1207960.0,12188.0
10235316.0,1207960.0,12188.0
10235316.0,1207960.0,12188.0
10235316.0,1207960.0,12188.0
10235316.0,1207960.0,12188.0
10235316.0,1207960.0,12188.0
10235316.0,1207960.0,12188.0
10235316.0,1207960.0,12188.0
10235316.0,1207960.0,12188.0
10235316.0,1207960.0,12188.0
10235316.0,1207960.0,12188.0
10235180.0,1207980.0,12436.0
10235180.0,1207980.0,12436.0
10235180.0,1207980.0,12436.0
10235180.0,1207980.0,12436.0
10235180.0,1207980.0,12436.0
10235180.0,1207980.0,12436.0
10235180.0,1207980.0,12436.0
10235180.0,1207980.0,12436.0
10235180.0,1207980.0,12436.0
10235180.0,1207980.0,12436.0
10235180.0,1207980.0,12436.0
10235180.0,1207980.0,12436.0
10234571.467,1207991.2,12742.133333
10234528.0,1207992.0,12764.0
10234528.0,1207992.0,12764.0
10234528.0,1207992.0,12764.0
10234528.0,1207992.0,12764.0
10234528.0,1207992.0,12764.0
10234528.0,1207992.0,12764.0
10234528.0,1207992.0,12764.0
10234528.0,1207992.0,12764.0
10234528.0,1207992.0,12764.0
10234528.0,1207992.0,12764.0
10234528.0,1207992.0,12764.0
10234576.0,1208020.0,12980.0
10234576.0,1208020.0,12980.0
10234576.0,1208020.0,12980.0
10234576.0,1208020.0,12980.0
10234576.0,1208020.0,12980.0
10234576.0,1208020.0,12980.0
10234576.0,1208020.0,12980.0
10234576.0,1208020.0,12980.0
10234576.0,1208020.0,12980.0
10234576.0,1208020.0,12980.0
10234576.0,1208020.0,12980.0
10234576.0,1208020.0,12980.0
10232011.2,1208150.6667,13278.666667
10231828.0,1208160.0,13300.0
10231828.0,1208160.0,13300.0
10226231.733,1214726.9333,14763.466667
10225832.0,1215196.0,14868.0
10225832.0,1215196.0,14868.0
10225832.0,1215196.0,14868.0
10225832.0,1215196.0,14868.0
10225832.0,1215196.0,14868.0
10225832.0,1215196.0,14868.0
10225832.0,1215196.0,14868.0
10225832.0,1215196.0,14868.0
10225832.0,1215196.0,14868.0
10225832.0,1215196.0,14868.0
10225840.0,1215206.1333,14886.666667
10225952.0,1215348.0,15148.0
10225952.0,1215348.0,15148.0
10225952.0,1215348.0,15148.0
10225952.0,1215348.0,15148.0
10225952.0,1215348.0,15148.0
10225952.0,1215348.0,15148.0
10225952.0,1215348.0,15148.0
10225952.0,1215348.0,15148.0
10225952.0,1215348.0,15148.0
10225952.0,1215348.0,15148.0
10225952.0,1215348.0,15148.0
10225835.2,1215376.8,15210.4
10225368.0,1215492.0,15460.0
10225368.0,1215492.0,15460.0
10225368.0,1215492.0,15460.0
10225368.0,1215492.0,15460.0
10225368.0,1215492.0,15460.0
10225368.0,1215492.0,15460.0
10225368.0,1215492.0,15460.0
10225368.0,1215492.0,15460.0
10225368.0,1215492.0,15460.0
10225368.0,1215492.0,15460.0
10225368.0,1215492.0,15460.0
10225368.0,1215496.2667,15530.4
10225368.0,1215508.0,15724.0
10225368.0,1215508.0,15724.0
10225368.0,1215508.0,15724.0
10225112.0,1215543.2,15753.866667
10224408.0,1215640.0,15836.0
10224408.0,1215640.0,15836.0
10224408.0,1215640.0,15836.0
10224408.0,1215640.0,15836.0
10224408.0,1215640.0,15836.0
10224408.0,1215640.0,15836.0
10224408.0,1215640.0,15836.0
10224408.0,1215640.0,15836.0
10224408.0,1215640.0,15836.0
10224408.0,1215640.0,15836.0
10224408.0,1215640.0,15836.0
10224458.4,1215641.6,15853.866667
10225164.0,1215664.0,16104.0
10225164.0,1215664.0,16104.0
10225164.0,1215664.0,16104.0
10225164.0,1215664.0,16104.0
10225164.0,1215664.0,16104.0
10225164.0,1215664.0,16104.0
10225164.0,1215664.0,16104.0
10225164.0,1215664.0,16104.0
10225164.0,1215664.0,16104.0
10225164.0,1215664.0,16104.0
10225164.0,1215664.0,16104.0
10225164.0,1215664.0,16104.0
10224076.0,1215684.0,16416.0
10224076.0,1215684.0,16416.0
10224076.0,1215684.0,16416.0
10224076.0,1215684.0,16416.0
10224076.0,1215684.0,16416.0
10224076.0,1215684.0,16416.0
10224076.0,1215684.0,16416.0
10224076.0,1215684.0,16416.0
10224076.0,1215684.0,16416.0
10224076.0,1215684.0,16416.0
10224076.0,1215684.0,16416.0
10224076.0,1215684.0,16416.0
10223183.733,1215747.4667,16647.466667
10223120.0,1215752.0,16664.0
10223120.0,1215752.0,16664.0
10223120.0,1215752.0,16664.0
10223120.0,1215752.0,16664.0
10223120.0,1215752.0,16664.0
10223120.0,1215752.0,16664.0
10223120.0,1215752.0,16664.0
10223120.0,1215752.0,16664.0
10223120.0,1215752.0,16664.0
10223120.0,1215752.0,16664.0
10223120.0,1215752.0,16664.0
10223448.533,1215866.4,16886.933333
10223568.0,1215908.0,16968.0
10223568.0,1215908.0,16968.0
10223568.0,1215908.0,16968.0
10223568.0,1215908.0,16968.0
10223568.0,1215908.0,16968.0
10223568.0,1215908.0,16968.0
10223568.0,1215908.0,16968.0
10223568.0,1215908.0,16968.0
10223568.0,1215908.0,16968.0
10223568.0,1215908.0,16968.0
10223568.0,1215908.0,16968.0
10223632.0,1215993.3333,17149.333333
10223664.0,1216036.0,17240.0
10223664.0,1216036.0,17240.0
10223664.0,1216036.0,17240.0
10223664.0,1216036.0,17240.0
10223664.0,1216036.0,17240.0
10223664.0,1216036.0,17240.0
10223664.0,1216036.0,17240.0
10223664.0,1216036.0,17240.0
10223664.0,1216036.0,17240.0
10223664.0,1216036.0,17240.0
10223664.0,1216036.0,17240.0
10222885.333,1216057.3333,17442.666667
10222496.0,1216068.0,17544.0
10222496.0,1216068.0,17544.0
10222496.0,1216068.0,17544.0
10222496.0,1216068.0,17544.0
10222496.0,1216068.0,17544.0
10222496.0,1216068.0,17544.0
10222496.0,1216068.0,17544.0
10222496.0,1216068.0,17544.0
10222496.0,1216068.0,17544.0
10222496.0,1216068.0,17544.0
10222496.0,1216068.0,17544.0
10222146.133,1216078.6667,17693.333333
10220890.667,1216090.1333,17853.866667
10220060.0,1216092.0,17880.0
10220060.0,1216092.0,17880.0
10220928.267,1216094.1333,17909.866667
10221688.0,1216096.0,17936.0
10221688.0,1216096.0,17936.0
10221688.0,1216096.0,17936.0
10221688.0,1216096.0,17936.0
10221688.0,1216096.0,17936.0
10221688.0,1216096.0,17936.0
10221688.0,1216096.0,17936.0
10221688.0,1216096.0,17936.0
10221688.0,1216096.0,17936.0
10221688.0,1216096.0,17936.0
10221729.333,1216100.0,18024.0
10221812.0,1216108.0,18200.0
10221812.0,1216108.0,18200.0
10221812.0,1216108.0,18200.0
10221812.0,1216108.0,18200.0
10221812.0,1216108.0,18200.0
10221812.0,1216108.0,18200.0
10221812.0,1216108.0,18200.0
10221812.0,1216108.0,18200.0
10221812.0,1216108.0,18200.0
10221812.0,1216108.0,18200.0
10221812.0,1216108.0,18200.0
10221749.6,1216111.2,18265.6
10221500.0,1216124.0,18528.0
10221500.0,1216124.0,18528.0
10221500.0,1216124.0,18528.0
10221500.0,1216124.0,18528.0
10221500.0,1216124.0,18528.0
10221500.0,1216124.0,18528.0
10221500.0,1216124.0,18528.0
10221500.0,1216124.0,18528.0
10221500.0,1216124.0,18528.0
10221500.0,1216124.0,18528.0
10221500.0,1216124.0,18528.0
10221360.8,1216128.0,18576.0
10220804.0,1216144.0,18768.0
10220804.0,1216144.0,18768.0
10220804.0,1216144.0,18768.0
10220804.0,1216144.0,18768.0
10220804.0,1216144.0,18768.0
10220804.0,1216144.0,18768.0
10220804.0,1216144.0,18768.0
10220804.0,1216144.0,18768.0
10220804.0,1216144.0,18768.0
10220804.0,1216144.0,18768.0
10220804.0,1216144.0,18768.0
10220761.333,1216151.4667,18832.0
10220644.0,1216172.0,19008.0
10220644.0,1216172.0,19008.0
10220644.0,1216172.0,19008.0
10220644.0,1216172.0,19008.0
10220644.0,1216172.0,19008.0
10220644.0,1216172.0,19008.0
10220644.0,1216172.0,19008.0
10220644.0,1216172.0,19008.0
10220644.0,1216172.0,19008.0
10220644.0,1216172.0,19008.0
10220644.0,1216172.0,19008.0
10220644.0,1216172.0,19008.0
10220416.0,1216225.3333,19098.666667
10219960.0,1216332.0,19280.0
10219960.0,1216332.0,19280.0
10219960.0,1216332.0,19280.0
10219960.0,1216332.0,19280.0
10219960.0,1216332.0,19280.0
10219960.0,1216332.0,19280.0
10219960.0,1216332.0,19280.0
10219960.0,1216332.0,19280.0
10219960.0,1216332.0,19280.0
10219960.0,1216332.0,19280.0
10219885.6,1216340.8,19342.4
10219588.0,1216376.0,19592.0
10219588.0,1216376.0,19592.0
10219588.0,1216376.0,19592.0
10219588.0,1216376.0,19592.0
10219588.0,1216376.0,19592.0
10219588.0,1216376.0,19592.0
10219588.0,1216376.0,19592.0
10219588.0,1216376.0,19592.0
10219588.0,1216376.0,19592.0
10219588.0,1216376.0,19592.0
10219588.0,1216376.0,19592.0
10219580.533,1216378.1333,19653.866667
10219560.0,1216384.0,19824.0
10219560.0,1216384.0,19824.0
10219560.0,1216384.0,19824.0
10219560.0,1216384.0,19824.0
10219560.0,1216384.0,19824.0
10219560.0,1216384.0,19824.0
10219560.0,1216384.0,19824.0
10219560.0,1216384.0,19824.0
10219560.0,1216384.0,19824.0
10219560.0,1216384.0,19824.0
10219560.0,1216384.0,19824.0
10219356.267,1216391.4667,19898.666667
10218796.0,1216412.0,20104.0
10218796.0,1216412.0,20104.0
10218796.0,1216412.0,20104.0
10218796.0,1216412.0,20104.0
10218796.0,1216412.0,20104.0
10218697.867,1216687.2,20136.0
10218428.0,1217444.0,20224.0
10218428.0,1217444.0,20224.0
10218428.0,1217444.0,20224.0
10218428.0,1217444.0,20224.0
10218428.0,1217444.0,20224.0
10218428.0,1217444.0,20224.0
10218428.0,1217444.0,20224.0
10218428.0,1217444.0,20224.0
10218428.0,1217444.0,20224.0
10218428.0,1217444.0,20224.0
10218428.0,1217444.0,20224.0
10218146.4,1217484.5333,20281.6
10217372.0,1217596.0,20440.0
10217372.0,1217596.0,20440.0
10217372.0,1217596.0,20440.0
10217372.0,1217596.0,20440.0
10217372.0,1217596.0,20440.0
10217372.0,1217596.0,20440.0
10217732.533,1217597.0667,20482.666667
10218724.0,1217600.0,20600.0
10218724.0,1217600.0,20600.0
10218724.0,1217600.0,20600.0
10218724.0,1217600.0,20600.0
10218165.333,1217605.3333,20634.666667
10217048.0,1217616.0,20704.0
10217048.0,1217616.0,20704.0
10217048.0,1217616.0,20704.0
10217048.0,1217616.0,20704.0
10217048.0,1217616.0,20704.0
10217048.0,1217616.0,20704.0
10217048.0,1217616.0,20704.0
10217048.0,1217616.0,20704.0
10217048.0,1217616.0,20704.0
10217048.0,1217616.0,20704.0
10217048.0,1217616.0,20704.0
10217018.133,1217629.0667,20804.8
10216984.0,1217644.0,20920.0
10216984.0,1217644.0,20920.0
10216984.0,1217644.0,20920.0
10216984.0,1217644.0,20920.0
10216984.0,1217644.0,20920.0
10216984.0,1217644.0,20920.0
10216984.0,1217644.0,20920.0
10216984.0,1217644.0,20920.0
10216984.0,1217644.0,20920.0
10216984.0,1217644.0,20920.0
10216984.0,1217644.0,20920.0
10216821.867,1217646.1333,21090.666667
10216680.0,1217648.0,21240.0
10216680.0,1217648.0,21240.0
10216680.0,1217648.0,21240.0
10216680.0,1217648.0,21240.0
10216680.0,1217648.0,21240.0
10216680.0,1217648.0,21240.0
10216680.0,1217648.0,21240.0
10216680.0,1217648.0,21240.0
10216680.0,1217648.0,21240.0
10216680.0,1217648.0,21240.0
10216680.0,1217648.0,21240.0
10216892.8,1217651.7333,21366.933333
10217136.0,1217656.0,21512.0
10217136.0,1217656.0,21512.0
10217136.0,1217656.0,21512.0
10208064.0,1217713.6,21560.0
10194456.0,1217800.0,21632.0
10194456.0,1217800.0,21632.0
10193856.0,1217802.6667,21653.333333
10192656.0,1217808.0,21696.0
10192656.0,1217808.0,21696.0
10192656.0,1217808.0,21696.0
10192656.0,1217808.0,21696.0
10192656.0,1217808.0,21696.0
10192656.0,1217808.0,21696.0
10192656.0,1217808.0,21696.0
10192656.0,1217808.0,21696.0
10192656.0,1217808.0,21696.0
10192656.0,1217808.0,21696.0
10192656.0,1217808.0,21696.0
10192156.8,1217825.0667,21824.0
10191720.0,1217840.0,21936.0
10191720.0,1217840.0,21936.0
10191720.0,1217840.0,21936.0
10191720.0,1217840.0,21936.0
10191720.0,1217840.0,21936.0
10191720.0,1217840.0,21936.0
10191720.0,1217840.0,21936.0
10191720.0,1217840.0,21936.0
10191720.0,1217840.0,21936.0
10191720.0,1217840.0,21936.0
10191720.0,1217840.0,21936.0
10191556.8,1217848.0,22054.4
10191312.0,1217860.0,22232.0
10191312.0,1217860.0,22232.0
10191312.0,1217860.0,22232.0
10191312.0,1217860.0,22232.0
10191312.0,1217860.0,22232.0
10191312.0,1217860.0,22232.0
10191312.0,1217860.0,22232.0
10191312.0,1217860.0,22232.0
10191312.0,1217860.0,22232.0
10191312.0,1217860.0,22232.0
10191312.0,1217860.0,22232.0
10191534.4,1217871.2,22334.4
10191868.0,1217888.0,22488.0
10191868.0,1217888.0,22488.0
10191868.0,1217888.0,22488.0
10191868.0,1217888.0,22488.0
10191868.0,1217888.0,22488.0
10191868.0,1217888.0,22488.0
10191868.0,1217888.0,22488.0
10191868.0,1217888.0,22488.0
10191868.0,1217888.0,22488.0
10191868.0,1217888.0,22488.0
10191868.0,1217888.0,22488.0
10191368.0,1217902.6667,22592.0
10190368.0,1217932.0,22800.0
10190368.0,1217932.0,22800.0
10190368.0,1217932.0,22800.0
10190368.0,1217932.0,22800.0
10190368.0,1217932.0,22800.0
10190368.0,1217932.0,22800.0
10190368.0,1217932.0,22800.0
10190368.0,1217932.0,22800.0
10190368.0,1217932.0,22800.0
10190368.0,1217932.0,22800.0
10190368.0,1217932.0,22800.0
10190541.333,1217933.3333,22893.333333
10190888.0,1217936.0,23080.0
10190888.0,1217936.0,23080.0
10190888.0,1217936.0,23080.0
10190888.0,1217936.0,23080.0
10190888.0,1217936.0,23080.0
10190888.0,1217936.0,23080.0
10190888.0,1217936.0,23080.0
10190888.0,1217936.0,23080.0
10190888.0,1217936.0,23080.0
10190888.0,1217936.0,23080.0
10190888.0,1217936.0,23080.0
10190801.333,1217993.3333,23164.0
10190628.0,1218108.0,23332.0
10190628.0,1218108.0,23332.0
10190628.0,1218108.0,23332.0
10190628.0,1218108.0,23332.0
10190628.0,1218108.0,23332.0
10190628.0,1218108.0,23332.0
10190628.0,1218108.0,23332.0
10190628.0,1218108.0,23332.0
10190628.0,1218108.0,23332.0
10190628.0,1218108.0,23332.0
10190628.0,1218108.0,23332.0
10190500.0,1218109.0667,23394.933333
10190148.0,1218112.0,23568.0
10190148.0,1218112.0,23568.0
10190148.0,1218112.0,23568.0
10190148.0,1218112.0,23568.0
10190148.0,1218112.0,23568.0
10190148.0,1218112.0,23568.0
10190148.0,1218112.0,23568.0
10190148.0,1218112.0,23568.0
10190148.0,1218112.0,23568.0
10190148.0,1218112.0,23568.0
10190130.933,1218116.2667,23598.4
10190020.0,1218144.0,23796.0
10190020.0,1218144.0,23796.0
10190020.0,1218144.0,23796.0
10190020.0,1218144.0,23796.0
10190020.0,1218144.0,23796.0
10190020.0,1218144.0,23796.0
10190020.0,1218144.0,23796.0
10190020.0,1218144.0,23796.0
10190020.0,1218144.0,23796.0
10190020.0,1218144.0,23796.0
10190020.0,1218144.0,23796.0
10190020.0,1218144.0,23796.0
10189912.0,1218156.0,24024.0
10189284.8,1218160.2667,24049.6
10189284.8,1218160.2667,24049.6
10188736.0,1218164.0,24072.0
10188736.0,1218164.0,24072.0
10188736.0,1218164.0,24072.0
10188736.0,1218164.0,24072.0
10188736.0,1218164.0,24072.0
10188736.0,1218164.0,24072.0
10188736.0,1218164.0,24072.0
10188736.0,1218164.0,24072.0
10188736.0,1218164.0,24072.0
10188736.0,1218164.0,24072.0
10188795.733,1218165.0667,24082.666667
10189632.0,1218180.0,24232.0
10189632.0,1218180.0,24232.0
10189632.0,1218180.0,24232.0
10189632.0,1218180.0,24232.0
10189632.0,1218180.0,24232.0
10189632.0,1218180.0,24232.0
10189632.0,1218180.0,24232.0
10189632.0,1218180.0,24232.0
10189632.0,1218180.0,24232.0
10189632.0,1218180.0,24232.0
10189632.0,1218180.0,24232.0
10189632.0,1218180.0,24232.0
10189004.0,1218208.0,24460.0
10189004.0,1218208.0,24460.0
10189004.0,1218208.0,24460.0
10189004.0,1218208.0,24460.0
10189004.0,1218208.0,24460.0
10187552.0,1218216.0,24544.0
10187552.0,1218216.0,24544.0
10187646.933,1218216.0,24546.933333
10188976.0,1218216.0,24588.0
10188976.0,1218216.0,24588.0
10188976.0,1218216.0,24588.0
10188976.0,1218216.0,24588.0
10188976.0,1218216.0,24588.0
10188976.0,1218216.0,24588.0
10188976.0,1218216.0,24588.0
10188976.0,1218216.0,24588.0
10188976.0,1218216.0,24588.0
10188976.0,1218216.0,24588.0
10188976.0,1218216.0,24588.0
10188988.267,1218218.1333,24600.0
10189160.0,1218248.0,24768.0
10189160.0,1218248.0,24768.0
10189160.0,1218248.0,24768.0
10189160.0,1218248.0,24768.0
10189160.0,1218248.0,24768.0
10189160.0,1218248.0,24768.0
10189160.0,1218248.0,24768.0
10189160.0,1218248.0,24768.0
10189088.533,1218250.4,24780.533333
10188088.0,1218284.0,24956.0
10188088.0,1218284.0,24956.0
10188259.733,1218286.1333,24965.066667
10189376.0,1218300.0,25024.0
10189376.0,1218300.0,25024.0
10189376.0,1218300.0,25024.0
10189376.0,1218300.0,25024.0
10189376.0,1218300.0,25024.0
10189376.0,1218300.0,25024.0
10189376.0,1218300.0,25024.0
10189129.6,1218300.5333,25037.866667
10187528.0,1218304.0,25128.0
10187528.0,1218304.0,25128.0
10187708.267,1218304.0,25134.4
10188880.0,1218304.0,25176.0
10188880.0,1218304.0,25176.0
10188880.0,1218304.0,25176.0
10188880.0,1218304.0,25176.0
10188880.0,1218304.0,25176.0
10188880.0,1218304.0,25176.0
10188880.0,1218304.0,25176.0
10188880.0,1218304.0,25176.0
10188880.0,1218304.0,25176.0
10188880.0,1218304.0,25176.0
10188880.0,1218304.0,25176.0
10188886.4,1218306.1333,25197.866667
10188928.0,1218320.0,25340.0
10188928.0,1218320.0,25340.0
10188928.0,1218320.0,25340.0
10188928.0,1218320.0,25340.0
10188928.0,1218320.0,25340.0
10188928.0,1218320.0,25340.0
10188928.0,1218320.0,25340.0
10188928.0,1218320.0,25340.0
10188928.0,1218320.0,25340.0
10188928.0,1218320.0,25340.0
10188928.0,1218320.0,25340.0
10188778.667,1218322.6667,25368.8
10187808.0,1218340.0,25556.0
10187808.0,1218340.0,25556.0
10187808.0,1218340.0,25556.0
10187808.0,1218340.0,25556.0
10187808.0,1218340.0,25556.0
10187808.0,1218340.0,25556.0
10187808.0,1218340.0,25556.0
10187808.0,1218340.0,25556.0
10187808.0,1218340.0,25556.0
10187808.0,1218340.0,25556.0
10189331.2,1218358.6667,25697.866667
10189440.0,1218360.0,25708.0
10189440.0,1218360.0,25708.0
10189440.0,1218360.0,25708.0
10189440.0,1218360.0,25708.0
10189440.0,1218360.0,25708.0
10189440.0,1218360.0,25708.0
10189440.0,1218360.0,25708.0
10189440.0,1218360.0,25708.0
10189440.0,1218360.0,25708.0
10189440.0,1218360.0,25708.0
10189440.0,1218360.0,25708.0
10188944.0,1218382.4,25832.8
10188820.0,1218388.0,25864.0
10188820.0,1218388.0,25864.0
10188820.0,1218388.0,25864.0
10188820.0,1218388.0,25864.0
10188820.0,1218388.0,25864.0
10188820.0,1218388.0,25864.0
10188820.0,1218388.0,25864.0
10188820.0,1218388.0,25864.0
10188820.0,1218388.0,25864.0
10188820.0,1218388.0,25864.0
10188820.0,1218388.0,25864.0
10188932.0,1218398.6667,26021.333333
10188988.0,1218404.0,26100.0
10188988.0,1218404.0,26100.0
10188988.0,1218404.0,26100.0
10188988.0,1218404.0,26100.0
10188988.0,1218404.0,26100.0
10188988.0,1218404.0,26100.0
10188988.0,1218404.0,26100.0
10188988.0,1218404.0,26100.0
10188988.0,1218404.0,26100.0
10188988.0,1218404.0,26100.0
10187537.333,1218420.0,26217.333333
10186812.0,1218428.0,26276.0
10187764.0,1218430.6667,26294.666667
10188240.0,1218432.0,26304.0
10188240.0,1218432.0,26304.0
10188240.0,1218432.0,26304.0
10188240.0,1218432.0,26304.0
10188240.0,1218432.0,26304.0
10188240.0,1218432.0,26304.0
10188240.0,1218432.0,26304.0
10188240.0,1218432.0,26304.0
10188240.0,1218432.0,26304.0
10188240.0,1218432.0,26304.0
10186785.067,1218437.8667,26430.133333
10186256.0,1218440.0,26476.0
10186256.0,1218440.0,26476.0
10187225.6,1218449.6,26501.6
10187468.0,1218452.0,26508.0
10188287.2,1218458.4,26530.4
10188492.0,1218460.0,26536.0
10188492.0,1218460.0,26536.0
10188492.0,1218460.0,26536.0
10188492.0,1218460.0,26536.0
10188492.0,1218460.0,26536.0
10188492.0,1218460.0,26536.0
10188492.0,1218460.0,26536.0
10188492.0,1218460.0,26536.0
10188492.0,1218460.0,26536.0
10188492.0,1218460.0,26536.0
10188492.0,1218460.0,26536.0
10188295.467,1218454.1333,26656.266667
10188224.0,1218452.0,26700.0
10188224.0,1218452.0,26700.0
10188224.0,1218452.0,26700.0
10188224.0,1218452.0,26700.0
10188224.0,1218452.0,26700.0
10188224.0,1218452.0,26700.0
10188224.0,1218452.0,26700.0
10188224.0,1218452.0,26700.0
10188224.0,1218452.0,26700.0
10188224.0,1218452.0,26700.0
10188224.0,1218452.0,26700.0
10188068.533,1218481.3333,26832.0
10188012.0,1218492.0,26880.0
10188012.0,1218492.0,26880.0
10188012.0,1218492.0,26880.0
10188012.0,1218492.0,26880.0
10188012.0,1218492.0,26880.0
10188012.0,1218492.0,26880.0
10188012.0,1218492.0,26880.0
10188012.0,1218492.0,26880.0
10188012.0,1218492.0,26880.0
10188012.0,1218492.0,26880.0
10188012.0,1218492.0,26880.0
10187750.4,1218511.2,27007.2
10187576.0,1218524.0,27092.0
10187576.0,1218524.0,27092.0
10187576.0,1218524.0,27092.0
10187576.0,1218524.0,27092.0
10187576.0,1218524.0,27092.0
10187576.0,1218524.0,27092.0
10187576.0,1218524.0,27092.0
10187576.0,1218524.0,27092.0
10187576.0,1218524.0,27092.0
10187576.0,1218524.0,27092.0
10187576.0,1218524.0,27092.0
10187236.267,1218537.0667,27192.8
10186848.0,1218552.0,27308.0
10186848.0,1218552.0,27308.0
10186848.0,1218552.0,27308.0
10186848.0,1218552.0,27308.0
10186848.0,1218552.0,27308.0
10186848.0,1218552.0,27308.0
10186848.0,1218552.0,27308.0
10186848.0,1218552.0,27308.0
10186848.0,1218552.0,27308.0
10186848.0,1218552.0,27308.0
10186848.0,1218552.0,27308.0
10186996.8,1218612.8,27380.0
10187220.0,1218704.0,27488.0
10187220.0,1218704.0,27488.0
10187220.0,1218704.0,27488.0
10187220.0,1218704.0,27488.0
10187220.0,1218704.0,27488.0
10187220.0,1218704.0,27488.0
10187220.0,1218704.0,27488.0
10187220.0,1218704.0,27488.0
10187220.0,1218704.0,27488.0
10187220.0,1218704.0,27488.0
10187220.0,1218704.0,27488.0
10185765.067,1218718.9333,27603.2
10184492.0,1218732.0,27704.0
10184492.0,1218732.0,27704.0
10185373.067,1218728.2667,27730.133333
10186380.0,1218724.0,27760.0
10186380.0,1218724.0,27760.0
10186380.0,1218724.0,27760.0
10186380.0,1218724.0,27760.0
10228088.8,1218722.1333,27802.933333
10275756.0,1218720.0,27852.0
10275756.0,1218720.0,27852.0
10275756.0,1218720.0,27852.0
10275756.0,1218720.0,27852.0
10275756.0,1218720.0,27852.0
10275756.0,1218720.0,27852.0
10275756.0,1218720.0,27852.0
10275756.0,1218720.0,27852.0
10275756.0,1218720.0,27852.0
10275756.0,1218720.0,27852.0
10275756.0,1218720.0,27852.0
10275218.4,1218842.4,28168.8
10274860.0,1218924.0,28380.0
10274860.0,1218924.0,28380.0
10274860.0,1218924.0,28380.0
10274860.0,1218924.0,28380.0
10274860.0,1218924.0,28380.0
10274860.0,1218924.0,28380.0
10274860.0,1218924.0,28380.0
10274860.0,1218924.0,28380.0
10274860.0,1218924.0,28380.0
10274860.0,1218924.0,28380.0
10274860.0,1218924.0,28380.0
10274382.4,1218931.2,28509.6
10274064.0,1218936.0,28596.0
10274064.0,1218936.0,28596.0
10274064.0,1218936.0,28596.0
10274064.0,1218936.0,28596.0
10274064.0,1218936.0,28596.0
10274064.0,1218936.0,28596.0
10274064.0,1218936.0,28596.0
10274064.0,1218936.0,28596.0
10274064.0,1218936.0,28596.0
10274064.0,1218936.0,28596.0
10274064.0,1218936.0,28596.0
10274097.6,1218945.6,28647.2
10274148.0,1218960.0,28724.0
10274148.0,1218960.0,28724.0
10274148.0,1218960.0,28724.0
10274148.0,1218960.0,28724.0
10274148.0,1218960.0,28724.0
10274148.0,1218960.0,28724.0
10274148.0,1218960.0,28724.0
10274148.0,1218960.0,28724.0
10274148.0,1218960.0,28724.0
10274148.0,1218960.0,28724.0
10274148.0,1218960.0,28724.0
10274237.333,1218965.3333,28790.666667
10274416.0,1218976.0,28924.0
10274416.0,1218976.0,28924.0
10274416.0,1218976.0,28924.0
10274416.0,1218976.0,28924.0
10274416.0,1218976.0,28924.0
10274416.0,1218976.0,28924.0
10274416.0,1218976.0,28924.0
10274416.0,1218976.0,28924.0
10274416.0,1218976.0,28924.0
10274416.0,1218976.0,28924.0
10274416.0,1218976.0,28924.0
10274286.4,1218981.6,28953.6
10273768.0,1219004.0,29072.0
10273768.0,1219004.0,29072.0
10273768.0,1219004.0,29072.0
10273768.0,1219004.0,29072.0
10273768.0,1219004.0,29072.0
10273768.0,1219004.0,29072.0
10273768.0,1219004.0,29072.0
10273768.0,1219004.0,29072.0
10273768.0,1219004.0,29072.0
10273768.0,1219004.0,29072.0
10273768.0,1219004.0,29072.0
10271545.6,1218898.4,29290.4
10270064.0,1218828.0,29436.0
10270064.0,1218828.0,29436.0
10270959.2,1218964.8,29462.4
10271556.0,1219056.0,29480.0
10271556.0,1219056.0,29480.0
10271556.0,1219056.0,29480.0
10271556.0,1219056.0,29480.0
10271556.0,1219056.0,29480.0
10271556.0,1219056.0,29480.0
10271556.0,1219056.0,29480.0
10271556.0,1219056.0,29480.0
10271556.0,1219056.0,29480.0
10271556.0,1219056.0,29480.0
10271556.0,1219056.0,29480.0
10271850.667,1219060.0,29536.0
10271917.333,1219068.0,29656.0
10270872.0,1219068.0,29672.0
10270872.0,1219068.0,29672.0
10271828.8,1219069.6,29694.4
10273264.0,1219072.0,29728.0
10273264.0,1219072.0,29728.0
10273264.0,1219072.0,29728.0
10273264.0,1219072.0,29728.0
10273264.0,1219072.0,29728.0
10273264.0,1219072.0,29728.0
10273264.0,1219072.0,29728.0
10273264.0,1219072.0,29728.0
10273264.0,1219072.0,29728.0
10273264.0,1219072.0,29728.0
10273264.0,1219072.0,29728.0
10273245.867,1219077.3333,29780.266667
10273196.0,1219092.0,29924.0
10273196.0,1219092.0,29924.0
10273196.0,1219092.0,29924.0
10273196.0,1219092.0,29924.0
10273196.0,1219092.0,29924.0
10273196.0,1219092.0,29924.0
10273196.0,1219092.0,29924.0
10273196.0,1219092.0,29924.0
10273196.0,1219092.0,29924.0
10273196.0,1219092.0,29924.0
10273196.0,1219092.0,29924.0
11538693.6,1217354.4,29976.266667
