vda,0.80,0.01,0.00,0,0
vda,54.80,0.21,0.01,1,0
vda,39.20,0.00,0.16,0,0
vda,79.80,0.55,0.01,2,0
vda,0.00,0.00,0.00,0,0
vda,2.60,0.00,0.01,0,0
vda,241.60,9.39,0.17,46,0
vda,92.60,11.03,0.02,55,0
vda,41.40,4.89,0.01,24,0
vda,2.40,0.00,0.01,0,0
vda,13.77,0.05,0.00,0,0
vda,6.20,0.02,0.01,0,0
vda,2.20,0.00,0.01,0,0
vda,7.80,0.00,1.30,0,6
vda,55.40,0.00,0.22,0,1
vda,1.80,0.00,0.01,0,0
vda,0.80,0.00,0.00,0,0
vda,2.20,0.00,0.01,0,0
vda,0.20,0.00,0.00,0,0
vda,1.40,0.00,0.01,0,0
vda,43.60,0.00,0.18,0,0
vda,2.60,0.00,0.01,0,0
vda,0.60,0.00,0.00,0,0
vda,52.60,0.00,0.21,0,1
vda,3.80,0.00,0.01,0,0
vda,1.00,0.00,0.00,0,0
vda,43.60,0.00,0.18,0,0
vda,0.00,0.00,0.00,0,0
vda,1.40,0.00,0.00,0,0
vda,36.40,0.00,0.15,0,0
vda,1.20,0.00,0.00,0,0
vda,1.60,0.00,0.00,0,0
vda,47.40,0.00,0.20,0,0
vda,0.00,0.00,0.00,0,0
vda,1.80,0.00,0.01,0,0
vda,54.80,0.00,0.22,0,1
vda,5.80,0.00,0.02,0,0
vda,1.60,0.00,0.01,0,0
vda,36.20,0.00,0.15,0,0
vda,0.80,0.00,0.00,0,0
vda,1.20,0.00,0.00,0,0
vda,36.00,0.00,0.15,0,0
vda,0.80,0.00,0.00,0,0
vda,3.40,0.00,0.01,0,0
vda,0.00,0.00,0.00,0,0
vda,2.00,0.00,0.01,0,0
vda,1.40,0.00,0.00,0,0
vda,2.60,0.00,0.01,0,0
vda,18.40,0.00,0.08,0,0
vda,1.20,0.00,0.00,0,0
vda,42.20,0.00,0.17,0,0
vda,0.60,0.00,0.00,0,0
vda,1.20,0.00,0.00,0,0
vda,4.00,0.00,0.02,0,0
vda,1.80,0.00,0.01,0,0
vda,1.20,0.00,0.01,0,0
vda,13.60,0.00,0.05,0,0
vda,0.60,0.00,0.00,0,0
vda,1.20,0.00,0.00,0,0
vda,42.40,0.00,0.17,0,0
vda,0.80,0.00,0.00,0,0
vda,1.40,0.00,0.01,0,0
vda,5.80,0.01,0.02,0,0
vda,19.20,0.00,0.07,0,0
vda,0.60,0.00,0.00,0,0
vda,2.80,0.00,0.01,0,0
vda,0.00,0.00,0.00,0,0
vda,3.80,0.00,0.01,0,0
vda,30.40,0.00,0.13,0,0
vda,4.20,0.00,0.02,0,0
vda,1.20,0.00,0.00,0,0
vda,19.40,0.00,0.08,0,0
vda,2.60,0.00,0.01,0,0
vda,2.00,0.00,0.01,0,0
vda,2.20,0.00,0.01,0,0
