7989524.0,45100.0,2044.0
7427702.6667,145660.53333,3419.7333333
7223404.0,182228.0,3920.0
7223404.0,182228.0,3920.0
7111334.6667,182524.0,3970.6666667
7055300.0,182672.0,3996.0
7055300.0,182672.0,3996.0
7045668.0,182672.0,4038.6666667
7040852.0,182672.0,4060.0
6970425.6,182686.66667,4124.5333333
6944816.0,182692.0,4148.0
6944816.0,182692.0,4148.0
6942498.6667,182697.86667,4189.0666667
6941656.0,182700.0,4204.0
6941656.0,182700.0,4204.0
6938878.4,182703.2,4248.8
6938184.0,182704.0,4260.0
6938184.0,182704.0,4260.0
6938184.0,182704.0,4260.0
6938184.0,182704.0,4260.0
6935256.0,182761.6,4362.4
6934524.0,182776.0,4388.0
