vda,26.40,0.11,0.00,0,0
vda,2.60,0.00,0.01,0,0
vda,35.20,0.13,0.00,0,0
vda,1.80,0.00,0.01,0,0
vda,1.20,0.00,0.00,0,0
vda,3.00,0.00,0.01,0,0
vda,275.60,11.26,0.09,56,0
vda,97.80,11.65,0.02,58,0
vda,125.80,3.06,0.15,15,0
vda,0.00,0.00,0.00,0,0
vda,1.60,0.00,0.01,0,0
vda,1.40,0.00,0.00,0,0
vda,9.20,0.00,1.31,0,6
vda,14.40,0.00,0.06,0,0
vda,8.40,0.00,0.03,0,0
vda,1.80,0.00,0.01,0,0
vda,1.20,0.00,0.00,0,0
vda,22.40,0.00,0.09,0,0
vda,17.80,0.11,0.01,0,0
vda,6.00,0.03,0.03,0,0
vda,13.60,0.05,0.01,0,0
vda,13.20,0.00,0.05,0,0
vda,12.40,0.00,0.05,0,0
vda,1.20,0.00,0.00,0,0
vda,13.80,0.00,0.06,0,0
vda,2.00,0.00,0.01,0,0
vda,9.60,0.00,0.04,0,0
vda,40.00,0.00,0.16,0,0
vda,1.40,0.00,0.01,0,0
vda,13.20,0.00,0.05,0,0
vda,34.40,0.15,0.01,0,0
vda,0.40,0.00,0.00,0,0
vda,1.60,0.00,0.01,0,0
vda,1.80,0.00,0.01,0,0
vda,100.20,1.16,0.07,5,0
vda,6.20,0.24,0.01,1,0
vda,37.60,0.13,0.15,0,0
vda,21.00,0.00,0.08,0,0
vda,0.40,0.00,0.00,0,0
vda,39.60,0.00,0.17,0,0
vda,1.60,0.00,0.01,0,0
vda,1.40,0.00,0.00,0,0
vda,36.20,0.00,0.15,0,0
vda,1.40,0.00,0.01,0,0
vda,2.40,0.00,0.01,0,0
vda,60.80,0.00,0.25,0,1
vda,1.00,0.00,0.00,0,0
vda,2.20,0.00,0.01,0,0
vda,41.40,0.00,0.17,0,0
vda,1.40,0.00,0.01,0,0
vda,1.20,0.00,0.00,0,0
vda,36.20,0.00,0.15,0,0
vda,1.40,0.00,0.01,0,0
vda,2.40,0.00,0.01,0,0
vda,2.00,0.00,0.01,0,0
vda,49.60,0.00,0.20,0,1
vda,0.20,0.00,0.00,0,0
vda,1.60,0.00,0.01,0,0
vda,49.80,0.00,0.20,0,1
vda,2.20,0.00,0.01,0,0
vda,0.00,0.00,0.00,0,0
vda,36.20,0.00,0.15,0,0
vda,1.40,0.00,0.01,0,0
vda,3.80,0.00,0.01,0,0
vda,1.00,0.00,0.00,0,0
vda,2.20,0.00,0.01,0,0
vda,0.20,0.00,0.00,0,0
vda,1.60,0.00,0.01,0,0
vda,20.20,0.00,0.08,0,0
vda,41.80,0.00,0.17,0,0
vda,1.40,0.00,0.01,0,0
vda,1.20,0.00,0.00,0,0
vda,36.00,0.00,0.15,0,0
vda,2.80,0.00,0.01,0,0
vda,2.80,0.00,0.01,0,0
vda,42.12,0.00,0.17,0,0
vda,1.40,0.00,0.01,0,0
vda,1.20,0.00,0.00,0,0
vda,41.80,0.00,0.17,0,0
vda,1.40,0.00,0.01,0,0
vda,1.40,0.00,0.00,0,0
vda,27.80,0.00,0.11,0,0
vda,23.00,0.00,0.09,0,0
vda,1.00,0.00,0.00,0,0
vda,0.00,0.00,0.00,0,0
vda,2.20,0.00,0.01,0,0
vda,1.20,0.00,0.00,0,0
vda,2.00,0.00,0.01,0,0
vda,10.00,0.00,0.05,0,0
vda,36.60,0.00,0.15,0,0
vda,2.40,0.00,0.01,0,0
vda,0.80,0.00,0.00,0,0
vda,52.60,0.00,0.21,0,1
vda,11.80,0.00,0.05,0,0
vda,1.20,0.00,0.02,0,0
vda,3.60,0.00,0.01,0,0
vda,0.20,0.00,0.00,0,0
vda,2.20,0.00,0.01,0,0
vda,1.60,0.00,0.01,0,0
vda,34.20,0.00,0.14,0,0
vda,3.60,0.00,0.02,0,0
vda,2.80,0.00,0.01,0,0
vda,33.20,0.00,0.13,0,0
vda,31.60,0.00,0.13,0,0
vda,0.00,0.00,0.00,0,0
vda,0.60,0.00,0.00,0,0
vda,2.20,0.00,0.01,0,0
vda,1.20,0.00,0.00,0,0
vda,1.00,0.00,0.00,0,0
vda,4.60,0.00,0.02,0,0
vda,12.80,0.00,0.05,0,0
vda,25.00,0.00,0.10,0,0
vda,1.60,0.00,0.01,0,0
vda,1.20,0.00,0.00,0,0
vda,0.40,0.00,0.00,0,0
vda,2.40,0.00,0.01,0,0
vda,2.80,0.00,0.02,0,0
vda,26.60,0.00,0.11,0,0
vda,1.20,0.00,0.00,0,0
vda,1.20,0.00,0.00,0,0
vda,37.20,0.00,0.15,0,0
vda,1.20,0.00,0.00,0,0
vda,1.40,0.00,0.01,0,0
vda,11.00,0.00,0.05,0,0
vda,1.20,0.00,0.00,0,0
vda,13.80,0.00,0.05,0,0
vda,0.40,0.00,0.00,0,0
vda,1.40,0.00,0.01,0,0
vda,3.20,0.00,0.01,0,0
vda,34.60,0.00,0.14,0,0
vda,1.80,0.00,0.01,0,0
vda,2.20,0.00,0.01,0,0
vda,20.20,0.00,0.08,0,0
vda,0.00,0.00,0.00,0,0
vda,1.20,0.00,0.00,0,0
vda,8.60,0.00,0.04,0,0
vda,1.40,0.00,0.01,0,0
vda,1.40,0.00,0.01,0,0
vda,24.20,0.00,0.10,0,0
vda,3.00,0.00,0.01,0,0
vda,25.00,0.00,0.10,0,0
vda,4.20,0.00,0.02,0,0
vda,1.20,0.00,0.00,0,0
vda,1.60,0.00,0.01,0,0
vda,0.40,0.00,0.00,0,0
vda,18.20,0.00,0.08,0,0
vda,2.80,0.00,0.01,0,0
vda,46.00,0.00,0.18,0,0
vda,13.80,0.00,0.05,0,0
