vda,18.20,0.07,0.01,0,0
vda,17.60,0.00,0.07,0,0
vda,16.40,0.06,0.00,0,0
vda,17.72,0.05,0.03,1,0
vda,78.40,0.54,0.01,2,0
vda,16.31,0.26,0.03,5,0
vda,26.40,0.68,0.01,3,0
vda,10.30,0.01,0.04,0,0
vda,2.20,0.01,0.00,0,0
vda,4.40,0.00,0.01,0,0
vda,21.60,0.07,0.06,0,0
vda,33.00,0.47,0.00,2,0
vda,24.13,0.31,0.05,4,0
vda,58.00,0.84,0.01,4,0
vda,44.00,0.57,0.04,2,0
vda,42.40,1.03,0.01,5,0
vda,45.80,1.88,0.01,9,0
vda,76.80,8.18,0.01,40,0
vda,55.60,6.66,0.01,33,0
vda,57.80,0.00,0.25,0,1
vda,16.60,0.00,0.06,0,0
vda,16.80,0.02,0.09,0,0
vda,6.80,0.00,1.28,0,6
vda,5.00,0.02,0.03,0,0
vda,5.80,0.01,0.02,0,0
vda,14.40,0.00,0.07,0,0
vda,3.39,0.00,0.01,0,0
vda,35.40,0.00,0.15,0,0
vda,2.80,0.00,0.01,0,0
vda,29.60,0.00,0.12,0,0
vda,1.60,0.00,0.01,0,0
vda,20.40,0.00,0.08,0,0
vda,38.20,0.00,0.16,0,0
vda,6.80,0.00,0.03,0,0
vda,9.20,0.00,0.04,0,0
vda,25.60,0.00,0.11,0,0
vda,10.60,0.00,0.04,0,0
vda,1.00,0.00,0.00,0,0
vda,37.40,0.00,0.17,0,0
vda,3.20,0.00,0.01,0,0
vda,16.80,0.00,0.09,0,0
vda,26.80,0.00,0.11,0,0
vda,12.60,0.00,0.05,0,0
vda,25.00,0.00,0.11,0,0
vda,2.60,0.00,0.01,0,0
vda,26.80,0.00,0.11,0,0
vda,22.20,0.00,0.09,0,0
vda,1.80,0.00,0.01,0,0
vda,1.00,0.00,0.00,0,0
vda,1.00,0.00,0.00,0,0
vda,36.20,0.00,0.15,0,0
vda,1.20,0.00,0.00,0,0
vda,13.40,0.00,0.05,0,0
vda,3.80,0.00,0.01,0,0
vda,0.40,0.00,0.00,0,0
vda,1.40,0.00,0.01,0,0
vda,1.80,0.00,0.01,0,0
vda,2.20,0.00,0.02,0,0
vda,4.00,0.00,0.02,0,0
vda,62.20,0.00,0.26,0,1
vda,1.80,0.00,0.01,0,0
vda,2.20,0.00,0.01,0,0
vda,0.00,0.00,0.00,0,0
vda,9.60,0.00,0.04,0,0
vda,35.60,0.00,0.14,0,0
vda,11.60,0.00,0.05,0,0
vda,1.40,0.00,0.00,0,0
vda,0.20,0.00,0.00,0,0
vda,1.80,0.00,0.01,0,0
vda,5.20,0.00,0.02,0,0
vda,27.60,0.00,0.11,0,0
vda,6.40,0.00,0.03,0,0
vda,21.80,0.00,0.09,0,0
vda,0.00,0.00,0.00,0,0
