7963448.0,64968.0,3516.0
7963448.0,64968.0,3516.0
7728787.7333,103053.33333,3589.0666667
6203496.0,350608.0,4064.0
6203187.2,350610.66667,4073.6
6201180.0,350628.0,4136.0
6201180.0,350628.0,4136.0
6201180.0,350628.0,4136.0
6201180.0,350628.0,4136.0
6201180.0,350628.0,4136.0
6201180.0,350628.0,4136.0
6201180.0,350628.0,4136.0
6201180.0,350628.0,4136.0
6201180.0,350628.0,4136.0
6201180.0,350628.0,4136.0
6201180.0,350628.0,4136.0
6200750.1333,350631.2,4204.2666667
6199568.0,350640.0,4392.0
6199568.0,350640.0,4392.0
6199568.0,350640.0,4392.0
6199568.0,350640.0,4392.0
6199568.0,350640.0,4392.0
6199568.0,350640.0,4392.0
6199568.0,350640.0,4392.0
6199568.0,350640.0,4392.0
6199568.0,350640.0,4392.0
6197596.8,350643.2,4461.3333333
6192176.0,350652.0,4652.0
6192176.0,350652.0,4652.0
6192176.0,350652.0,4652.0
6192176.0,350652.0,4652.0
6192176.0,350652.0,4652.0
6192176.0,350652.0,4652.0
6192176.0,350652.0,4652.0
6192176.0,350652.0,4652.0
6192176.0,350652.0,4652.0
6192176.0,350652.0,4652.0
6192176.0,350652.0,4652.0
6191729.6,350660.0,4732.0
6191060.0,350672.0,4852.0
6191060.0,350672.0,4852.0
6191060.0,350672.0,4852.0
6191060.0,350672.0,4852.0
6191060.0,350672.0,4852.0
6191060.0,350672.0,4852.0
6191060.0,350672.0,4852.0
6191060.0,350672.0,4852.0
6191060.0,350672.0,4852.0
6191060.0,350672.0,4852.0
6191060.0,350672.0,4852.0
6190829.6,350689.6,4978.4
6190484.0,350716.0,5168.0
6190484.0,350716.0,5168.0
6190484.0,350716.0,5168.0
6190484.0,350716.0,5168.0
6189368.0,350720.0,5208.0
6187136.0,350728.0,5288.0
6187136.0,350728.0,5288.0
6186670.6667,350729.33333,5306.6666667
6185740.0,350732.0,5344.0
6185740.0,350732.0,5344.0
6185740.0,350732.0,5344.0
6185740.0,350732.0,5344.0
6185740.0,350732.0,5344.0
6185740.0,350732.0,5344.0
6185740.0,350732.0,5344.0
6185740.0,350732.0,5344.0
6185740.0,350732.0,5344.0
6185740.0,350732.0,5344.0
6185740.0,350732.0,5344.0
6185560.8,350792.8,5446.4
6185292.0,350884.0,5600.0
6185292.0,350884.0,5600.0
6185292.0,350884.0,5600.0
6173176.8,350885.6,5648.0
6155004.0,350888.0,5720.0
6154569.3333,350892.0,5736.0
6153700.0,350900.0,5768.0
6153700.0,350900.0,5768.0
6153700.0,350900.0,5768.0
6153700.0,350900.0,5768.0
6153700.0,350900.0,5768.0
6153700.0,350900.0,5768.0
6153700.0,350900.0,5768.0
6153700.0,350900.0,5768.0
6153700.0,350900.0,5768.0
6153700.0,350900.0,5768.0
6153700.0,350900.0,5768.0
6153494.6667,350944.0,5842.6666667
6153084.0,351032.0,5992.0
6153084.0,351032.0,5992.0
6153084.0,351032.0,5992.0
6153084.0,351032.0,5992.0
6153084.0,351032.0,5992.0
6153084.0,351032.0,5992.0
6151719.7333,351034.13333,6043.2
6147968.0,351040.0,6184.0
6147968.0,351040.0,6184.0
6147968.0,351040.0,6184.0
6147968.0,351040.0,6184.0
6147968.0,351040.0,6184.0
6147968.0,351040.0,6184.0
6147968.0,351040.0,6184.0
6147968.0,351040.0,6184.0
6147968.0,351040.0,6184.0
6147968.0,351040.0,6184.0
