16221020.0,42752.0,1752.0
16221020.0,42752.0,1752.0
15517903.2,150348.8,2801.6
14902676.0,244496.0,3720.0
14398110.667,356263.46667,3754.1333333
13956616.0,454060.0,3784.0
13956616.0,454060.0,3784.0
13955555.733,454057.86667,3813.8666667
13954628.0,454056.0,3840.0
13954628.0,454056.0,3840.0
13954628.0,454056.0,3840.0
13954628.0,454056.0,3840.0
13954628.0,454056.0,3840.0
13954628.0,454056.0,3840.0
13954628.0,454056.0,3840.0
13954628.0,454056.0,3840.0
13954628.0,454056.0,3840.0
13953714.4,454374.4,3985.6
13952344.0,454852.0,4204.0
13952344.0,454852.0,4204.0
13952344.0,454852.0,4204.0
13952344.0,454852.0,4204.0
13952344.0,454852.0,4204.0
13952344.0,454852.0,4204.0
13952344.0,454852.0,4204.0
13952344.0,454852.0,4204.0
13952344.0,454852.0,4204.0
13952344.0,454852.0,4204.0
13952344.0,454852.0,4204.0
13952344.0,454852.0,4204.0
13952090.133,454888.26667,4332.0
13951868.0,454920.0,4444.0
13951868.0,454920.0,4444.0
13951868.0,454920.0,4444.0
13687667.467,454977.6,4508.0
13456492.0,455028.0,4564.0
13454190.4,455031.73333,4593.8666667
13451560.0,455036.0,4628.0
13451560.0,455036.0,4628.0
13451560.0,455036.0,4628.0
13451560.0,455036.0,4628.0
13451560.0,455036.0,4628.0
13451560.0,455036.0,4628.0
13451560.0,455036.0,4628.0
13451560.0,455036.0,4628.0
13451560.0,455036.0,4628.0
13451560.0,455036.0,4628.0
13451560.0,455036.0,4628.0
13451032.0,455040.26667,4695.2
13449580.0,455052.0,4880.0
13449580.0,455052.0,4880.0
13449580.0,455052.0,4880.0
13449580.0,455052.0,4880.0
13449580.0,455052.0,4880.0
13449580.0,455052.0,4880.0
13449580.0,455052.0,4880.0
13449580.0,455052.0,4880.0
13449580.0,455052.0,4880.0
13449580.0,455052.0,4880.0
13449580.0,455052.0,4880.0
13449405.067,455089.33333,4955.7333333
13448924.0,455192.0,5164.0
13448924.0,455192.0,5164.0
13448924.0,455192.0,5164.0
13448924.0,455192.0,5164.0
13448924.0,455192.0,5164.0
13448924.0,455192.0,5164.0
13448924.0,455192.0,5164.0
13448924.0,455192.0,5164.0
13448924.0,455192.0,5164.0
13448924.0,455192.0,5164.0
13448924.0,455192.0,5164.0
13448879.2,455206.93333,5304.8
13448840.0,455220.0,5428.0
13448840.0,455220.0,5428.0
13448840.0,455220.0,5428.0
13448840.0,455220.0,5428.0
13448840.0,455220.0,5428.0
13448840.0,455220.0,5428.0
13448840.0,455220.0,5428.0
13448840.0,455220.0,5428.0
13448840.0,455220.0,5428.0
13448840.0,455220.0,5428.0
13448840.0,455220.0,5428.0
13448725.333,455270.66667,5529.3333333
13448496.0,455372.0,5732.0
13448496.0,455372.0,5732.0
13448496.0,455372.0,5732.0
13448496.0,455372.0,5732.0
13448496.0,455372.0,5732.0
13448496.0,455372.0,5732.0
13448496.0,455372.0,5732.0
13448496.0,455372.0,5732.0
13448496.0,455372.0,5732.0
13448496.0,455372.0,5732.0
13448496.0,455372.0,5732.0
13448487.467,455384.8,5805.6
13448464.0,455420.0,6008.0
13448464.0,455420.0,6008.0
13448464.0,455420.0,6008.0
13448464.0,455420.0,6008.0
13448464.0,455420.0,6008.0
13448464.0,455420.0,6008.0
13448464.0,455420.0,6008.0
13448464.0,455420.0,6008.0
13448142.933,455424.26667,6074.1333333
13447260.0,455436.0,6256.0
13447260.0,455436.0,6256.0
13447260.0,455436.0,6256.0
13447260.0,455436.0,6256.0
13447260.0,455436.0,6256.0
13447260.0,455436.0,6256.0
13447260.0,455436.0,6256.0
13447260.0,455436.0,6256.0
13447260.0,455436.0,6256.0
13447260.0,455436.0,6256.0
13447260.0,455436.0,6256.0
13447283.467,455440.26667,6322.1333333
13447348.0,455452.0,6504.0
13447348.0,455452.0,6504.0
13447348.0,455452.0,6504.0
13447348.0,455452.0,6504.0
13447348.0,455452.0,6504.0
13447348.0,455452.0,6504.0
13447348.0,455452.0,6504.0
13447348.0,455452.0,6504.0
13447348.0,455452.0,6504.0
13447348.0,455452.0,6504.0
13447348.0,455452.0,6504.0
13447348.0,455452.0,6504.0
13447217.333,455459.46667,6649.6
13447068.0,455468.0,6816.0
13447068.0,455468.0,6816.0
13447068.0,455468.0,6816.0
13447068.0,455468.0,6816.0
13447068.0,455468.0,6816.0
13447068.0,455468.0,6816.0
13447068.0,455468.0,6816.0
13447068.0,455468.0,6816.0
13447068.0,455468.0,6816.0
13447068.0,455468.0,6816.0
13447068.0,455468.0,6816.0
13446689.067,455538.93333,6939.2
13446256.0,455620.0,7080.0
13446256.0,455620.0,7080.0
13446256.0,455620.0,7080.0
13446256.0,455620.0,7080.0
13446256.0,455620.0,7080.0
13446256.0,455620.0,7080.0
13446256.0,455620.0,7080.0
13446256.0,455620.0,7080.0
13446256.0,455620.0,7080.0
13446256.0,455620.0,7080.0
13446385.333,455630.66667,7184.0
13446644.0,455652.0,7392.0
13446644.0,455652.0,7392.0
13446644.0,455652.0,7392.0
13446644.0,455652.0,7392.0
13446644.0,455652.0,7392.0
13446644.0,455652.0,7392.0
13446644.0,455652.0,7392.0
13446644.0,455652.0,7392.0
13446644.0,455652.0,7392.0
13446644.0,455652.0,7392.0
13446644.0,455652.0,7392.0
13446303.733,455658.4,7447.4666667
13445368.0,455676.0,7600.0
13445368.0,455676.0,7600.0
13445368.0,455676.0,7600.0
13445368.0,455676.0,7600.0
13445368.0,455676.0,7600.0
13445368.0,455676.0,7600.0
13445119.2,455675.2,7638.4
13444124.0,455672.0,7792.0
13444124.0,455672.0,7792.0
13444605.067,455676.26667,7812.2666667
13445928.0,455688.0,7868.0
13445218.667,456267.2,7978.9333333
13443268.0,457860.0,8284.0
13443268.0,457860.0,8284.0
13443268.0,457860.0,8284.0
13443268.0,457860.0,8284.0
13443268.0,457860.0,8284.0
13443268.0,457860.0,8284.0
13443268.0,457860.0,8284.0
13443268.0,457860.0,8284.0
13443268.0,457860.0,8284.0
13443268.0,457860.0,8284.0
13443268.0,457860.0,8284.0
13443160.8,457862.13333,8313.8666667
13442464.0,457876.0,8508.0
13442464.0,457876.0,8508.0
13442464.0,457876.0,8508.0
13442464.0,457876.0,8508.0
13442464.0,457876.0,8508.0
13442464.0,457876.0,8508.0
13442464.0,457876.0,8508.0
13442464.0,457876.0,8508.0
13442464.0,457876.0,8508.0
13442464.0,457876.0,8508.0
13442464.0,457876.0,8508.0
13442341.6,457880.8,8565.6
13441852.0,457900.0,8796.0
13441852.0,457900.0,8796.0
13441852.0,457900.0,8796.0
13441852.0,457900.0,8796.0
13441852.0,457900.0,8796.0
13441852.0,457900.0,8796.0
13441852.0,457900.0,8796.0
13441852.0,457900.0,8796.0
13441852.0,457900.0,8796.0
13441852.0,457900.0,8796.0
13441852.0,457900.0,8796.0
13441852.0,457900.0,8796.0
13442157.333,457904.0,8881.3333333
13442768.0,457912.0,9052.0
13442768.0,457912.0,9052.0
13442768.0,457912.0,9052.0
13442768.0,457912.0,9052.0
13442768.0,457912.0,9052.0
13442768.0,457912.0,9052.0
13442768.0,457912.0,9052.0
13442768.0,457912.0,9052.0
13442121.6,457916.26667,9109.6
13440344.0,457928.0,9268.0
13440505.067,457928.0,9275.4666667
13441552.0,457928.0,9324.0
13441552.0,457928.0,9324.0
13441552.0,457928.0,9324.0
13441552.0,457928.0,9324.0
13441552.0,457928.0,9324.0
13441552.0,457928.0,9324.0
13441552.0,457928.0,9324.0
13441552.0,457928.0,9324.0
13441552.0,457928.0,9324.0
13441552.0,457928.0,9324.0
13441552.0,457928.0,9324.0
13441621.6,457929.33333,9338.4
13442596.0,457948.0,9540.0
13442596.0,457948.0,9540.0
13442596.0,457948.0,9540.0
13442596.0,457948.0,9540.0
13442596.0,457948.0,9540.0
13442596.0,457948.0,9540.0
13442596.0,457948.0,9540.0
13442596.0,457948.0,9540.0
13442596.0,457948.0,9540.0
13442596.0,457948.0,9540.0
13442596.0,457948.0,9540.0
13442433.6,457952.8,9592.8
13441784.0,457972.0,9804.0
13441784.0,457972.0,9804.0
13441784.0,457972.0,9804.0
13441784.0,457972.0,9804.0
13441784.0,457972.0,9804.0
13441784.0,457972.0,9804.0
13441784.0,457972.0,9804.0
13441784.0,457972.0,9804.0
13441784.0,457972.0,9804.0
13441784.0,457972.0,9804.0
13441784.0,457972.0,9804.0
13441647.467,457981.6,9865.8666667
13441272.0,458008.0,10036.0
13441272.0,458008.0,10036.0
13441272.0,458008.0,10036.0
13441272.0,458008.0,10036.0
13441272.0,458008.0,10036.0
13441272.0,458008.0,10036.0
13441272.0,458008.0,10036.0
13441272.0,458008.0,10036.0
13441272.0,458008.0,10036.0
13441272.0,458008.0,10036.0
13441272.0,458008.0,10036.0
13441272.0,458008.0,10036.0
13441301.333,458012.0,10126.666667
13441360.0,458020.0,10308.0
13441360.0,458020.0,10308.0
13441360.0,458020.0,10308.0
13441360.0,458020.0,10308.0
13441360.0,458020.0,10308.0
13441360.0,458020.0,10308.0
13441360.0,458020.0,10308.0
13441360.0,458020.0,10308.0
13441360.0,458020.0,10308.0
13441360.0,458020.0,10308.0
13441360.0,458020.0,10308.0
13441236.0,458021.33333,10377.333333
14228824.0,455842.66667,10534.666667
15804496.0,451480.0,10572.0
