vda,1.80,0.03,0.00,0,0
vda,67.40,0.26,0.01,1,0
vda,58.60,0.25,0.01,1,0
vda,156.77,2.25,0.01,11,0
vda,10.60,0.01,0.06,0,0
vda,127.80,0.39,0.35,1,1
vda,241.60,11.82,0.02,59,0
vda,101.80,9.02,0.01,45,0
vda,47.00,5.86,0.00,29,0
vda,5.40,0.00,0.04,0,0
vda,7.40,0.00,0.04,0,0
vda,27.60,0.05,0.08,0,0
vda,21.36,0.00,1.37,0,6
vda,56.00,0.02,0.22,0,1
vda,1.20,0.00,0.00,0,0
vda,3.40,0.00,0.01,0,0
vda,2.60,0.00,0.01,0,0
vda,2.00,0.02,0.00,0,0
vda,3.40,0.00,0.02,0,0
vda,18.80,0.00,0.08,0,0
vda,6.00,0.00,0.05,0,0
vda,14.00,0.00,0.06,0,0
vda,36.60,0.00,0.15,0,0
vda,2.20,0.00,0.01,0,0
vda,0.80,0.00,0.00,0,0
vda,4.80,0.00,0.02,0,0
vda,80.80,0.00,0.33,0,1
vda,2.80,0.00,0.01,0,0
vda,2.20,0.00,0.01,0,0
vda,0.60,0.00,0.00,0,0
vda,48.20,0.00,0.20,0,1
vda,2.80,0.00,0.01,0,0
vda,0.60,0.00,0.00,0,0
vda,1.40,0.00,0.01,0,0
vda,2.40,0.00,0.01,0,0
vda,9.20,0.02,0.01,0,0
vda,32.60,0.19,0.02,0,0
vda,94.80,0.00,0.38,0,1
vda,1.20,0.00,0.00,0,0
vda,0.00,0.00,0.00,0,0
vda,1.20,0.00,0.00,0,0
vda,16.40,0.00,0.07,0,0
vda,2.20,0.00,0.01,0,0
vda,3.20,0.00,0.01,0,0
vda,14.40,0.00,0.06,0,0
vda,1.20,0.00,0.00,0,0
vda,35.60,0.00,0.14,0,0
vda,2.80,0.00,0.01,0,0
vda,1.60,0.00,0.01,0,0
vda,0.00,0.00,0.00,0,0
vda,80.80,0.00,0.33,0,1
vda,5.80,0.00,0.46,0,2
vda,2.60,0.00,0.01,0,0
vda,0.60,0.00,0.00,0,0
vda,1.20,0.00,0.00,0,0
vda,2.20,0.00,0.01,0,0
vda,1.20,0.00,0.00,0,0
vda,5.00,0.00,0.03,0,0
vda,48.40,0.01,0.19,0,0
