15806616.0,444230.66667,7057.3333333
16189928.0,63236.0,2716.0
16189928.0,63236.0,2716.0
14882440.0,275430.66667,3396.0
14228696.0,381528.0,3736.0
13425880.0,607325.33333,3768.0
13024472.0,720224.0,3784.0
13024472.0,720224.0,3784.0
12152725.333,941578.66667,3832.0
11716852.0,1052256.0,3856.0
11716852.0,1052256.0,3856.0
10686216.533,1161824.8,3897.0666667
10311440.0,1201668.0,3912.0
10311440.0,1201668.0,3912.0
10311440.0,1201668.0,3912.0
10311440.0,1201668.0,3912.0
10310157.333,1201673.3333,3992.0
10309516.0,1201676.0,4032.0
10309516.0,1201676.0,4032.0
10309516.0,1201676.0,4032.0
10309516.0,1201676.0,4032.0
10309516.0,1201676.0,4032.0
10309516.0,1201676.0,4032.0
10309516.0,1201676.0,4032.0
10309516.0,1201676.0,4032.0
10309516.0,1201676.0,4032.0
10309516.0,1201676.0,4032.0
10309516.0,1201676.0,4032.0
10308778.667,1202049.3333,4213.0666667
10307936.0,1202476.0,4420.0
10307936.0,1202476.0,4420.0
10307936.0,1202476.0,4420.0
10307936.0,1202476.0,4420.0
10307936.0,1202476.0,4420.0
10307936.0,1202476.0,4420.0
10307936.0,1202476.0,4420.0
10307936.0,1202476.0,4420.0
10307936.0,1202476.0,4420.0
10307936.0,1202476.0,4420.0
10307936.0,1202476.0,4420.0
10307774.4,1202479.2,4536.8
10307532.0,1202484.0,4712.0
10307532.0,1202484.0,4712.0
10307532.0,1202484.0,4712.0
10307532.0,1202484.0,4712.0
10307532.0,1202484.0,4712.0
10307532.0,1202484.0,4712.0
10307532.0,1202484.0,4712.0
10303593.333,1205009.3333,5274.6666667
10295716.0,1210060.0,6400.0
10295716.0,1210060.0,6400.0
10295716.0,1210060.0,6400.0
10295716.0,1210060.0,6400.0
10295716.0,1210060.0,6400.0
10295716.0,1210060.0,6400.0
10295716.0,1210060.0,6400.0
10295716.0,1210060.0,6400.0
10295716.0,1210060.0,6400.0
10295716.0,1210060.0,6400.0
10295716.0,1210060.0,6400.0
10295799.2,1210065.3333,6466.1333333
10296028.0,1210080.0,6648.0
10296028.0,1210080.0,6648.0
10296028.0,1210080.0,6648.0
10295981.333,1210134.6667,6690.6666667
10295888.0,1210244.0,6776.0
10295888.0,1210244.0,6776.0
10291734.667,1210245.3333,6798.6666667
10283428.0,1210248.0,6844.0
10283088.8,1210248.0,6856.8
10282156.0,1210248.0,6892.0
10282156.0,1210248.0,6892.0
10282156.0,1210248.0,6892.0
10282156.0,1210248.0,6892.0
10282156.0,1210248.0,6892.0
10282156.0,1210248.0,6892.0
10282156.0,1210248.0,6892.0
10282156.0,1210248.0,6892.0
10282156.0,1210248.0,6892.0
10282156.0,1210248.0,6892.0
10282156.0,1210248.0,6892.0
10281928.8,1210251.2,6941.6
10281192.267,1210265.0667,7148.5333333
10282312.0,1210272.0,7204.0
10282312.0,1210272.0,7204.0
10282312.0,1210272.0,7204.0
10282312.0,1210272.0,7204.0
10282312.0,1210272.0,7204.0
10282312.0,1210272.0,7204.0
10282312.0,1210272.0,7204.0
10282312.0,1210272.0,7204.0
10282312.0,1210272.0,7204.0
10282312.0,1210272.0,7204.0
10282312.0,1210272.0,7204.0
10282312.0,1210272.0,7204.0
10282299.2,1210276.0,7255.2
10282248.0,1210292.0,7460.0
10282248.0,1210292.0,7460.0
10282248.0,1210292.0,7460.0
10281700.0,1210293.6,7487.2
10279508.0,1210300.0,7596.0
10279508.0,1210300.0,7596.0
10279508.0,1210300.0,7596.0
10279508.0,1210300.0,7596.0
10279508.0,1210300.0,7596.0
10279508.0,1210300.0,7596.0
10279508.0,1210300.0,7596.0
10279508.0,1210300.0,7596.0
10279508.0,1210300.0,7596.0
10279508.0,1210300.0,7596.0
10279508.0,1210300.0,7596.0
10279189.067,1210323.4667,7662.1333333
10278312.0,1210388.0,7844.0
10278312.0,1210388.0,7844.0
10278312.0,1210388.0,7844.0
10278312.0,1210388.0,7844.0
10278312.0,1210388.0,7844.0
10278312.0,1210388.0,7844.0
10278312.0,1210388.0,7844.0
10278312.0,1210388.0,7844.0
10277922.667,1210392.2667,7912.2666667
10276852.0,1210404.0,8100.0
10276852.0,1210404.0,8100.0
10277189.6,1210432.0,8112.8
10278540.0,1210544.0,8164.0
10278540.0,1210544.0,8164.0
10278540.0,1210544.0,8164.0
10278540.0,1210544.0,8164.0
10278540.0,1210544.0,8164.0
10278540.0,1210544.0,8164.0
10278540.0,1210544.0,8164.0
10278540.0,1210544.0,8164.0
10278540.0,1210544.0,8164.0
10278540.0,1210544.0,8164.0
10278540.0,1210544.0,8164.0
10278121.333,1210552.0,8246.6666667
10277284.0,1210568.0,8412.0
10277284.0,1210568.0,8412.0
10277284.0,1210568.0,8412.0
10277605.333,1210566.6667,8454.6666667
10278248.0,1210564.0,8540.0
10278248.0,1210564.0,8540.0
10278248.0,1210564.0,8540.0
10278248.0,1210564.0,8540.0
10278248.0,1210564.0,8540.0
10278248.0,1210564.0,8540.0
10278248.0,1210564.0,8540.0
10278248.0,1210564.0,8540.0
10278248.0,1210564.0,8540.0
10278248.0,1210564.0,8540.0
10278248.0,1210564.0,8540.0
10277923.2,1210575.2,8652.0
10277552.0,1210588.0,8780.0
10277552.0,1210588.0,8780.0
10277552.0,1210588.0,8780.0
10277552.0,1210588.0,8780.0
10277552.0,1210588.0,8780.0
10277552.0,1210588.0,8780.0
10277552.0,1210588.0,8780.0
10277552.0,1210588.0,8780.0
10277552.0,1210588.0,8780.0
10277552.0,1210588.0,8780.0
10277552.0,1210588.0,8780.0
10277464.0,1210605.6,8908.0
10277332.0,1210632.0,9100.0
10277332.0,1210632.0,9100.0
10277332.0,1210632.0,9100.0
10277332.0,1210632.0,9100.0
10277332.0,1210632.0,9100.0
10277332.0,1210632.0,9100.0
10277332.0,1210632.0,9100.0
10273471.733,1210633.0667,9149.0666667
10262856.0,1210636.0,9284.0
10262856.0,1210636.0,9284.0
10262856.0,1210636.0,9284.0
10262856.0,1210636.0,9284.0
10262856.0,1210636.0,9284.0
10262856.0,1210636.0,9284.0
10262856.0,1210636.0,9284.0
10262856.0,1210636.0,9284.0
10262856.0,1210636.0,9284.0
10262856.0,1210636.0,9284.0
10262856.0,1210636.0,9284.0
10262643.733,1210638.1333,9350.1333333
10261836.0,1210646.4,9544.8
10260940.0,1210656.0,9596.0
10260940.0,1210656.0,9596.0
10260435.467,1211015.4667,9664.2666667
10259048.0,1212004.0,9852.0
10259048.0,1212004.0,9852.0
10259048.0,1212004.0,9852.0
10259048.0,1212004.0,9852.0
10258733.333,1212013.3333,9958.6666667
10258104.0,1212032.0,10172.0
10258104.0,1212032.0,10172.0
10258104.0,1212032.0,10172.0
10258104.0,1212032.0,10172.0
10258104.0,1212032.0,10172.0
10258104.0,1212032.0,10172.0
10258104.0,1212032.0,10172.0
10258104.0,1212032.0,10172.0
10258104.0,1212032.0,10172.0
10258104.0,1212032.0,10172.0
10258104.0,1212032.0,10172.0
10258056.0,1212040.0,10254.666667
10257960.0,1212056.0,10420.0
10257960.0,1212056.0,10420.0
10257960.0,1212056.0,10420.0
10257960.0,1212056.0,10420.0
10257960.0,1212056.0,10420.0
10257960.0,1212056.0,10420.0
10257960.0,1212056.0,10420.0
10257960.0,1212056.0,10420.0
10257960.0,1212056.0,10420.0
10257960.0,1212056.0,10420.0
10257960.0,1212056.0,10420.0
10257520.0,1212056.0,10541.6
10256860.0,1212056.0,10724.0
10256860.0,1212056.0,10724.0
10256860.0,1212056.0,10724.0
10256860.0,1212056.0,10724.0
10256860.0,1212056.0,10724.0
10256860.0,1212056.0,10724.0
10256860.0,1212056.0,10724.0
10256860.0,1212056.0,10724.0
10256860.0,1212056.0,10724.0
10256860.0,1212056.0,10724.0
10256860.0,1212056.0,10724.0
10256884.0,1212070.4,10813.6
10256920.0,1212092.0,10948.0
10256920.0,1212092.0,10948.0
10256920.0,1212092.0,10948.0
10256920.0,1212092.0,10948.0
10256920.0,1212092.0,10948.0
10256920.0,1212092.0,10948.0
10256920.0,1212092.0,10948.0
10256920.0,1212092.0,10948.0
10256920.0,1212092.0,10948.0
10256920.0,1212092.0,10948.0
10256920.0,1212092.0,10948.0
10256339.733,1212109.0667,11097.333333
10255832.0,1212124.0,11228.0
10255832.0,1212124.0,11228.0
10255832.0,1212124.0,11228.0
10255832.0,1212124.0,11228.0
10255832.0,1212124.0,11228.0
10255832.0,1212124.0,11228.0
10255832.0,1212124.0,11228.0
10255832.0,1212124.0,11228.0
10255832.0,1212124.0,11228.0
10255832.0,1212124.0,11228.0
10255832.0,1212124.0,11228.0
10255546.4,1212131.2,11352.8
10255356.0,1212136.0,11436.0
10255356.0,1212136.0,11436.0
10255356.0,1212136.0,11436.0
10255356.0,1212136.0,11436.0
10255356.0,1212136.0,11436.0
10255356.0,1212136.0,11436.0
10255356.0,1212136.0,11436.0
10255356.0,1212136.0,11436.0
10255356.0,1212136.0,11436.0
10255356.0,1212136.0,11436.0
10255356.0,1212136.0,11436.0
10255356.0,1212136.0,11436.0
10255534.933,1212144.8,11623.733333
10255600.0,1212148.0,11692.0
10255600.0,1212148.0,11692.0
10255600.0,1212148.0,11692.0
10255600.0,1212148.0,11692.0
10255600.0,1212148.0,11692.0
10255600.0,1212148.0,11692.0
10255600.0,1212148.0,11692.0
10244000.0,1212167.2,11813.6
10241100.0,1212172.0,11844.0
10241100.0,1212172.0,11844.0
10241100.0,1212172.0,11844.0
10241100.0,1212172.0,11844.0
10241100.0,1212172.0,11844.0
10241100.0,1212172.0,11844.0
10241100.0,1212172.0,11844.0
10241100.0,1212172.0,11844.0
10241100.0,1212172.0,11844.0
10241100.0,1212172.0,11844.0
10241100.0,1212172.0,11844.0
10239562.933,1212174.9333,12020.0
10239004.0,1212176.0,12084.0
10239004.0,1212176.0,12084.0
10239004.0,1212176.0,12084.0
10239004.0,1212176.0,12084.0
10239004.0,1212176.0,12084.0
10239004.0,1212176.0,12084.0
10239004.0,1212176.0,12084.0
10239004.0,1212176.0,12084.0
10239004.0,1212176.0,12084.0
10239004.0,1212176.0,12084.0
10239004.0,1212176.0,12084.0
10238680.8,1212195.2,12295.2
10238600.0,1212200.0,12348.0
10238600.0,1212200.0,12348.0
10238600.0,1212200.0,12348.0
10238600.0,1212200.0,12348.0
10238600.0,1212200.0,12348.0
10238600.0,1212200.0,12348.0
10238600.0,1212200.0,12348.0
10238600.0,1212200.0,12348.0
10238600.0,1212200.0,12348.0
10238600.0,1212200.0,12348.0
10238600.0,1212200.0,12348.0
10238350.667,1212232.2667,12506.4
10238260.0,1212244.0,12564.0
10238260.0,1212244.0,12564.0
10238260.0,1212244.0,12564.0
10238260.0,1212244.0,12564.0
10238260.0,1212244.0,12564.0
10238260.0,1212244.0,12564.0
10238260.0,1212244.0,12564.0
10238260.0,1212244.0,12564.0
10238260.0,1212244.0,12564.0
10238260.0,1212244.0,12564.0
10238260.0,1212244.0,12564.0
10237822.933,1212273.3333,12763.466667
10237664.0,1212284.0,12836.0
10237664.0,1212284.0,12836.0
10237664.0,1212284.0,12836.0
10237664.0,1212284.0,12836.0
10230134.4,1212296.8,12944.8
10228252.0,1212300.0,12972.0
10228252.0,1212300.0,12972.0
10226914.4,1212302.9333,13018.933333
10226428.0,1212304.0,13036.0
10227260.0,1212304.0,13073.333333
10227676.0,1212304.0,13092.0
10227676.0,1212304.0,13092.0
10227676.0,1212304.0,13092.0
10227676.0,1212304.0,13092.0
10227676.0,1212304.0,13092.0
10227676.0,1212304.0,13092.0
10227676.0,1212304.0,13092.0
10227676.0,1212304.0,13092.0
10227676.0,1212304.0,13092.0
10227676.0,1212304.0,13092.0
10227676.0,1212304.0,13092.0
10227585.067,1212327.4667,13250.4
10227552.0,1212336.0,13308.0
10227552.0,1212336.0,13308.0
10227552.0,1212336.0,13308.0
10227552.0,1212336.0,13308.0
10227552.0,1212336.0,13308.0
10227552.0,1212336.0,13308.0
10227552.0,1212336.0,13308.0
10227552.0,1212336.0,13308.0
10227552.0,1212336.0,13308.0
10227552.0,1212336.0,13308.0
10227552.0,1212336.0,13308.0
10225252.8,1212422.4,13490.4
10223720.0,1212480.0,13612.0
10223720.0,1212480.0,13612.0
10225083.2,1212484.2667,13637.6
10226276.0,1212488.0,13660.0
10226276.0,1212488.0,13660.0
10226276.0,1212488.0,13660.0
10226276.0,1212488.0,13660.0
10226276.0,1212488.0,13660.0
10226276.0,1212488.0,13660.0
10226276.0,1212488.0,13660.0
10226276.0,1212488.0,13660.0
10226276.0,1212488.0,13660.0
10226276.0,1212488.0,13660.0
10226276.0,1212488.0,13660.0
10226834.4,1212523.2,13768.8
10227672.0,1212576.0,13932.0
10227672.0,1212576.0,13932.0
10227672.0,1212576.0,13932.0
10227672.0,1212576.0,13932.0
10227672.0,1212576.0,13932.0
10227672.0,1212576.0,13932.0
10227672.0,1212576.0,13932.0
10227672.0,1212576.0,13932.0
10227672.0,1212576.0,13932.0
10227672.0,1212576.0,13932.0
10227672.0,1212576.0,13932.0
10227531.2,1212590.4,14056.8
10227320.0,1212612.0,14244.0
10227320.0,1212612.0,14244.0
10227320.0,1212612.0,14244.0
10227320.0,1212612.0,14244.0
10227320.0,1212612.0,14244.0
10227320.0,1212612.0,14244.0
10227320.0,1212612.0,14244.0
10227320.0,1212612.0,14244.0
10227320.0,1212612.0,14244.0
10226799.2,1212626.9333,14333.6
10226204.0,1212644.0,14436.0
10226204.0,1212644.0,14436.0
10226204.0,1212644.0,14436.0
10226204.0,1212644.0,14436.0
10226204.0,1212644.0,14436.0
10226204.0,1212644.0,14436.0
10226204.0,1212644.0,14436.0
10226204.0,1212644.0,14436.0
10226204.0,1212644.0,14436.0
10226204.0,1212644.0,14436.0
10226204.0,1212644.0,14436.0
10226322.667,1212652.0,14516.0
10226560.0,1212668.0,14676.0
10226560.0,1212668.0,14676.0
10226560.0,1212668.0,14676.0
10226560.0,1212668.0,14676.0
10226560.0,1212668.0,14676.0
10226560.0,1212668.0,14676.0
10226560.0,1212668.0,14676.0
10226560.0,1212668.0,14676.0
10226560.0,1212668.0,14676.0
10226560.0,1212668.0,14676.0
10226560.0,1212668.0,14676.0
10226525.333,1212676.0,14769.333333
10226456.0,1212692.0,14956.0
10226456.0,1212692.0,14956.0
10226456.0,1212692.0,14956.0
10226456.0,1212692.0,14956.0
10226456.0,1212692.0,14956.0
10226456.0,1212692.0,14956.0
10226456.0,1212692.0,14956.0
10226456.0,1212692.0,14956.0
10226456.0,1212692.0,14956.0
10226456.0,1212692.0,14956.0
10220926.933,1212699.4667,15060.533333
10214608.0,1212708.0,15180.0
10214608.0,1212708.0,15180.0
10214608.0,1212708.0,15180.0
10214608.0,1212708.0,15180.0
10213194.4,1212710.4,15252.0
10212252.0,1212712.0,15300.0
10212252.0,1212712.0,15300.0
10213292.0,1212712.0,15345.333333
10213812.0,1212712.0,15368.0
10213812.0,1212712.0,15368.0
10213812.0,1212712.0,15368.0
10213812.0,1212712.0,15368.0
10213812.0,1212712.0,15368.0
10213812.0,1212712.0,15368.0
10213812.0,1212712.0,15368.0
10213812.0,1212712.0,15368.0
10213812.0,1212712.0,15368.0
10213812.0,1212712.0,15368.0
10213812.0,1212712.0,15368.0
10213902.667,1212717.3333,15450.666667
10213948.0,1212720.0,15492.0
10213948.0,1212720.0,15492.0
10213948.0,1212720.0,15492.0
10213948.0,1212720.0,15492.0
10213948.0,1212720.0,15492.0
10213948.0,1212720.0,15492.0
10213948.0,1212720.0,15492.0
10213948.0,1212720.0,15492.0
10213948.0,1212720.0,15492.0
10213948.0,1212720.0,15492.0
10213948.0,1212720.0,15492.0
10214214.4,1212734.4,15660.0
10214392.0,1212744.0,15772.0
10214392.0,1212744.0,15772.0
10214392.0,1212744.0,15772.0
10214392.0,1212744.0,15772.0
10214392.0,1212744.0,15772.0
10214392.0,1212744.0,15772.0
10214392.0,1212744.0,15772.0
10214392.0,1212744.0,15772.0
10214392.0,1212744.0,15772.0
10214392.0,1212744.0,15772.0
10214392.0,1212744.0,15772.0
10213907.733,1212795.2,15842.4
10213484.0,1212840.0,15904.0
10213484.0,1212840.0,15904.0
10213484.0,1212840.0,15904.0
10213484.0,1212840.0,15904.0
10213484.0,1212840.0,15904.0
10213484.0,1212840.0,15904.0
10213484.0,1212840.0,15904.0
10213484.0,1212840.0,15904.0
10213484.0,1212840.0,15904.0
10213484.0,1212840.0,15904.0
10213484.0,1212840.0,15904.0
10213484.0,1212840.0,15904.0
10213327.2,1212858.6667,15952.533333
10213316.0,1212860.0,15956.0
10213316.0,1212860.0,15956.0
10213316.0,1212860.0,15956.0
10213316.0,1212860.0,15956.0
10213316.0,1212860.0,15956.0
10213316.0,1212860.0,15956.0
10213316.0,1212860.0,15956.0
10213316.0,1212860.0,15956.0
10213316.0,1212860.0,15956.0
10213316.0,1212860.0,15956.0
10213316.0,1212860.0,15956.0
10211604.0,1213436.0,16308.0
10211604.0,1213436.0,16308.0
10211604.0,1213436.0,16308.0
10211604.0,1213436.0,16308.0
10212472.0,1213432.0,16432.0
10212472.0,1213432.0,16432.0
10212472.0,1213432.0,16432.0
10212472.0,1213432.0,16432.0
10212472.0,1213432.0,16432.0
10212472.0,1213432.0,16432.0
10212472.0,1213432.0,16432.0
10212472.0,1213432.0,16432.0
10212472.0,1213432.0,16432.0
10212472.0,1213432.0,16432.0
10212472.0,1213432.0,16432.0
10212472.0,1213432.0,16432.0
10211980.0,1213460.0,16660.0
10211980.0,1213460.0,16660.0
10211980.0,1213460.0,16660.0
10211980.0,1213460.0,16660.0
10211980.0,1213460.0,16660.0
10211980.0,1213460.0,16660.0
10211980.0,1213460.0,16660.0
10211980.0,1213460.0,16660.0
10211980.0,1213460.0,16660.0
10211980.0,1213460.0,16660.0
10211980.0,1213460.0,16660.0
10211980.0,1213460.0,16660.0
10210461.6,1213466.9333,16944.266667
10210228.0,1213468.0,16988.0
10211177.867,1213474.9333,17036.533333
10211324.0,1213476.0,17044.0
10211324.0,1213476.0,17044.0
14073026.4,1208224.8,17108.0
