vda,20.60,0.09,0.00,0,0
vda,80.20,0.16,0.16,0,0
vda,66.40,0.41,0.01,2,0
vda,10.40,0.10,0.01,0,0
vda,19.40,0.07,0.01,0,0
vda,53.00,0.00,0.22,0,1
vda,211.00,9.76,0.03,48,0
vda,51.00,5.82,0.02,29,0
vda,44.20,0.00,1.45,0,7
vda,2.60,0.00,0.01,0,0
vda,0.00,0.00,0.00,0,0
vda,3.20,0.00,0.01,0,0
vda,1.80,0.00,0.01,0,0
vda,1.60,0.00,0.01,0,0
vda,45.00,0.00,0.18,0,0
vda,0.00,0.00,0.00,0,0
vda,1.20,0.00,0.00,0,0
vda,31.80,0.00,0.13,0,0
vda,23.40,0.00,0.09,0,0
vda,1.20,0.00,0.00,0,0
vda,2.20,0.00,0.01,0,0
vda,0.00,0.00,0.00,0,0
vda,1.20,0.00,0.00,0,0
vda,37.20,0.00,0.15,0,0
vda,0.00,0.00,0.00,0,0
vda,1.80,0.00,0.01,0,0
vda,2.20,0.00,0.01,0,0
vda,42.80,0.00,0.18,0,0
vda,1.40,0.00,0.01,0,0
vda,2.20,0.00,0.01,0,0
vda,0.60,0.00,0.00,0,0
vda,1.20,0.00,0.00,0,0
vda,2.20,0.00,0.01,0,0
vda,2.60,0.00,0.01,0,0
vda,21.80,0.00,0.09,0,0
vda,33.60,0.00,0.14,0,0
vda,1.20,0.00,0.00,0,0
vda,2.20,0.00,0.01,0,0
vda,41.40,0.00,0.17,0,0
vda,12.00,0.11,0.01,0,0
vda,20.40,0.07,0.01,0,0
vda,1.20,0.00,0.00,0,0
vda,2.00,0.00,0.01,0,0
vda,0.00,0.00,0.00,0,0
vda,3.00,0.00,0.01,0,0
vda,2.40,0.00,0.01,0,0
vda,61.20,0.00,0.25,0,1
vda,21.80,0.00,0.09,0,0
vda,1.20,0.00,0.00,0,0
vda,2.60,0.00,0.01,0,0
vda,0.40,0.00,0.00,0,0
vda,3.00,0.00,0.02,0,0
vda,4.20,0.00,0.02,0,0
vda,17.40,0.00,0.07,0,0
vda,3.40,0.00,0.01,0,0
vda,1.40,0.00,0.00,0,0
vda,35.40,0.00,0.14,0,0
vda,0.60,0.00,0.00,0,0
vda,1.20,0.00,0.00,0,0
vda,14.00,0.00,0.06,0,0
vda,1.20,0.00,0.00,0,0
vda,13.60,0.00,0.05,0,0
