vda,0.80,0.01,0.00,0,0
vda,39.40,0.15,0.01,0,0
vda,42.40,0.16,0.00,0,0
vda,2.20,0.00,0.01,0,0
vda,0.60,0.00,0.00,0,0
vda,5.00,0.00,0.02,0,0
vda,228.80,10.66,0.01,53,0
vda,115.00,5.35,0.08,26,0
vda,44.40,0.10,0.15,0,0
vda,10.80,0.00,0.05,0,0
vda,0.00,0.00,0.00,0,0
vda,35.00,0.00,1.42,0,7
vda,10.20,0.00,0.04,0,0
vda,0.60,0.00,0.00,0,0
vda,1.20,0.00,0.00,0,0
vda,2.20,0.00,0.01,0,0
vda,0.00,0.00,0.00,0,0
vda,56.80,0.00,0.23,0,1
vda,2.40,0.00,0.01,0,0
vda,0.20,0.00,0.00,0,0
vda,41.80,0.00,0.18,0,0
vda,2.40,0.00,0.01,0,0
vda,0.60,0.00,0.00,0,0
vda,35.00,0.00,0.15,0,0
vda,2.40,0.00,0.01,0,0
vda,0.80,0.00,0.00,0,0
vda,40.80,0.00,0.17,0,0
vda,2.40,0.00,0.01,0,0
vda,3.20,0.00,0.01,0,0
vda,1.40,0.00,0.00,0,0
vda,2.20,0.00,0.01,0,0
vda,0.00,0.00,0.00,0,0
vda,1.40,0.00,0.01,0,0
vda,47.40,0.00,0.19,0,0
vda,8.80,0.00,0.04,0,0
vda,1.20,0.00,0.00,0,0
vda,1.20,0.00,0.00,0,0
vda,44.80,0.00,0.19,0,0
vda,1.00,0.00,0.00,0,0
vda,2.20,0.00,0.01,0,0
vda,49.00,0.00,0.20,0,1
vda,11.00,0.00,0.04,0,0
vda,4.80,0.00,0.02,0,0
vda,0.00,0.00,0.00,0,0
vda,1.20,0.00,0.00,0,0
vda,2.20,0.00,0.01,0,0
vda,2.60,0.00,0.01,0,0
vda,14.20,0.00,0.06,0,0
vda,25.00,0.00,0.10,0,0
vda,1.20,0.00,0.00,0,0
