16224256.0,40328.0,1776.0
15731248.0,123360.8,2961.6
15402576.0,178716.0,3752.0
15402576.0,178716.0,3752.0
15073986.667,212180.0,3856.0
14909692.0,228912.0,3908.0
14909692.0,228912.0,3908.0
14908732.8,228917.86667,3966.6666667
14908384.0,228920.0,3988.0
14905183.733,228969.86667,4040.8
14904020.0,228988.0,4060.0
14904020.0,228988.0,4060.0
14902430.133,228988.0,4101.0666667
14901852.0,228988.0,4116.0
14901852.0,228988.0,4116.0
14753624.8,228991.2,4160.8
14716568.0,228992.0,4172.0
14716568.0,228992.0,4172.0
14716568.0,228992.0,4172.0
14716568.0,228992.0,4172.0
14716568.0,228992.0,4172.0
14716568.0,228992.0,4172.0
14716568.0,228992.0,4172.0
14716620.0,229005.86667,4317.6
14716628.0,229008.0,4340.0
14712378.4,229001.6,4378.4
14711316.0,229000.0,4388.0
14711316.0,229000.0,4388.0
14712391.2,229016.0,4432.8
14712660.0,229020.0,4444.0
14712660.0,229020.0,4444.0
14712660.0,229020.0,4444.0
14712660.0,229020.0,4444.0
14688671.2,229034.66667,4520.2666667
14679948.0,229040.0,4548.0
14679948.0,229040.0,4548.0
14679948.0,229040.0,4548.0
14679948.0,229040.0,4548.0
14679948.0,229040.0,4548.0
14679948.0,229040.0,4548.0
14679948.0,229040.0,4548.0
14679948.0,229040.0,4548.0
14679948.0,229040.0,4548.0
14679948.0,229040.0,4548.0
14679948.0,229040.0,4548.0
14679808.8,229064.0,4682.4
14677745.333,230528.0,5046.6666667
14676760.0,231252.0,5184.0
14676760.0,231252.0,5184.0
14543312.8,231288.0,5222.4
14454348.0,231312.0,5248.0
14454348.0,231312.0,5248.0
14454348.0,231312.0,5248.0
14454348.0,231312.0,5248.0
14454348.0,231312.0,5248.0
14454348.0,231312.0,5248.0
14454348.0,231312.0,5248.0
14454348.0,231312.0,5248.0
14454348.0,231312.0,5248.0
14454348.0,231312.0,5248.0
15507094.667,227034.66667,5402.6666667
