7988024.0,46340.0,1992.0
7785770.6667,77939.466667,2244.8
6471124.0,283336.0,3888.0
6471124.0,283336.0,3888.0
6470609.6,283352.8,3904.0
6468552.0,283420.0,3968.0
6468552.0,283420.0,3968.0
6468552.0,283420.0,3968.0
6468552.0,283420.0,3968.0
6468552.0,283420.0,3968.0
6468552.0,283420.0,3968.0
6468552.0,283420.0,3968.0
6468552.0,283420.0,3968.0
6468552.0,283420.0,3968.0
6468552.0,283420.0,3968.0
6468552.0,283420.0,3968.0
6468185.0667,283640.8,4064.0
6466604.8,284675.2,4411.2
6464320.0,286384.0,4744.0
6464320.0,286384.0,4744.0
6464320.0,286384.0,4744.0
6464320.0,286384.0,4744.0
6464320.0,286384.0,4744.0
6464320.0,286384.0,4744.0
6464320.0,286384.0,4744.0
6464320.0,286384.0,4744.0
6464320.0,286384.0,4744.0
6464320.0,286384.0,4744.0
6464320.0,286384.0,4744.0
6464320.0,286384.0,4744.0
6463985.3333,286389.33333,4826.6666667
6463316.0,286400.0,4992.0
6463316.0,286400.0,4992.0
6463316.0,286400.0,4992.0
6463316.0,286400.0,4992.0
6463316.0,286400.0,4992.0
6463316.0,286400.0,4992.0
6463316.0,286400.0,4992.0
6463316.0,286400.0,4992.0
6453000.0,286406.66667,5074.6666667
6432368.0,286420.0,5240.0
6432368.0,286420.0,5240.0
6432368.0,286420.0,5240.0
6432368.0,286420.0,5240.0
6432368.0,286420.0,5240.0
6432368.0,286420.0,5240.0
6432368.0,286420.0,5240.0
6432368.0,286420.0,5240.0
6432368.0,286420.0,5240.0
6432368.0,286420.0,5240.0
6432368.0,286420.0,5240.0
6431684.8,286423.2,5329.6
6430660.0,286428.0,5464.0
6430660.0,286428.0,5464.0
6430660.0,286428.0,5464.0
6430660.0,286428.0,5464.0
6430660.0,286428.0,5464.0
6430660.0,286428.0,5464.0
6958676.0,283852.0,5540.8
