7434668.0,155994.4,3192.0
7065764.0,229396.0,3904.0
7065764.0,229396.0,3904.0
6945051.2,231476.8,3937.6
6864576.0,232864.0,3960.0
6864576.0,232864.0,3960.0
6816505.6,233286.4,4073.0666667
6774444.0,233656.0,4172.0
6774444.0,233656.0,4172.0
6774444.0,233656.0,4172.0
6774444.0,233656.0,4172.0
6774444.0,233656.0,4172.0
6774444.0,233656.0,4172.0
6774444.0,233656.0,4172.0
6774444.0,233656.0,4172.0
6774444.0,233656.0,4172.0
6724276.5333,233662.4,4304.2666667
6680380.0,233668.0,4420.0
6680380.0,233668.0,4420.0
6680380.0,233668.0,4420.0
6680380.0,233668.0,4420.0
6680380.0,233668.0,4420.0
6680380.0,233668.0,4420.0
6680380.0,233668.0,4420.0
6678941.6,233677.6,4500.0
6676784.0,233692.0,4620.0
6676784.0,233692.0,4620.0
6673901.3333,233694.66667,4638.6666667
6668136.0,233700.0,4676.0
6667600.0,233713.33333,4694.6666667
6666528.0,233740.0,4732.0
6666528.0,233740.0,4732.0
6666528.0,233740.0,4732.0
6666528.0,233740.0,4732.0
6666528.0,233740.0,4732.0
6666528.0,233740.0,4732.0
6666528.0,233740.0,4732.0
6666528.0,233740.0,4732.0
6666528.0,233740.0,4732.0
6666528.0,233740.0,4732.0
6661682.1333,233777.33333,4851.4666667
6656144.0,233820.0,4988.0
6656144.0,233820.0,4988.0
6655664.2667,233820.0,5014.1333333
6655116.0,233820.0,5044.0
6655116.0,233820.0,5044.0
7114085.6,231196.0,5063.2
