vda,24.20,0.09,0.01,0,0
vda,5.60,0.02,0.00,0,0
vda,77.60,0.48,0.00,2,0
vda,12.20,0.10,0.02,0,0
vda,1.00,0.00,0.00,0,0
vda,23.40,0.00,0.09,0,0
vda,226.00,8.78,0.11,43,0
vda,103.80,12.12,0.00,60,0
vda,98.40,11.74,0.00,58,0
vda,98.00,11.28,0.00,56,0
vda,83.80,10.17,0.01,50,0
vda,110.80,13.70,0.00,68,0
vda,127.40,11.04,1.43,55,7
vda,27.00,0.00,0.11,0,0
vda,1.20,0.00,0.00,0,0
vda,0.00,0.00,0.00,0,0
vda,2.20,0.00,0.01,0,0
vda,1.20,0.00,0.00,0,0
vda,1.80,0.00,0.01,0,0
vda,8.60,0.00,0.04,0,0
vda,4.20,0.00,0.02,0,0
vda,52.40,0.00,0.21,0,1
vda,0.20,0.00,0.00,0,0
vda,2.60,0.00,0.01,0,0
vda,0.20,0.00,0.00,0,0
vda,2.80,0.00,0.01,0,0
vda,1.20,0.00,0.00,0,0
vda,1.80,0.00,0.01,0,0
vda,13.20,0.00,0.06,0,0
vda,8.20,0.00,0.03,0,0
vda,23.20,0.00,0.10,0,0
vda,18.20,0.13,0.01,0,0
vda,8.60,0.02,0.01,0,0
vda,10.40,0.02,0.02,0,0
vda,1.40,0.00,0.01,0,0
vda,2.00,0.00,0.01,0,0
vda,24.40,0.00,0.10,0,0
vda,14.20,0.00,0.06,0,0
vda,1.80,0.00,0.01,0,0
vda,45.60,0.00,0.18,0,0
vda,2.20,0.00,0.01,0,0
vda,1.40,0.00,0.01,0,0
vda,9.00,0.00,0.04,0,0
vda,35.80,0.46,0.01,2,0
vda,18.40,0.00,0.07,0,0
vda,35.60,0.00,0.19,0,0
vda,1.20,0.00,0.00,0,0
vda,36.00,0.00,0.14,0,0
vda,1.80,0.00,0.01,0,0
vda,2.60,0.00,0.01,0,0
vda,0.20,0.00,0.00,0,0
