vda,107.60,0.61,0.00,3,0
vda,24.40,0.15,0.01,0,0
vda,7.40,0.02,0.01,0,0
vda,2.20,0.00,0.01,0,0
vda,0.00,0.00,0.00,0,0
vda,3.20,0.00,0.02,0,0
vda,232.80,8.89,0.15,44,0
vda,104.60,11.50,0.05,57,0
vda,103.60,10.91,0.01,54,0
vda,101.60,12.46,0.00,62,0
vda,70.60,8.62,0.01,43,0
vda,18.20,2.12,0.00,10,0
vda,8.60,0.00,1.30,0,6
vda,6.80,0.00,0.03,0,0
vda,24.00,0.00,0.10,0,0
vda,30.60,0.00,0.12,0,0
vda,0.00,0.00,0.00,0,0
vda,1.20,0.00,0.00,0,0
vda,7.80,0.00,0.04,0,0
vda,2.60,0.00,0.01,0,0
vda,3.60,0.00,0.02,0,0
vda,19.80,0.00,0.08,0,0
vda,1.60,0.00,0.01,0,0
vda,1.40,0.00,0.01,0,0
vda,36.20,0.00,0.15,0,0
vda,1.40,0.00,0.01,0,0
vda,8.40,0.00,0.03,0,0
vda,2.80,0.00,0.01,0,0
vda,12.00,0.00,0.05,0,0
vda,4.00,0.00,0.02,0,0
vda,0.40,0.00,0.00,0,0
vda,2.20,0.00,0.01,0,0
vda,2.40,0.00,0.01,0,0
vda,36.60,0.00,0.15,0,0
vda,2.40,0.00,0.01,0,0
vda,136.00,1.32,0.07,6,0
vda,22.60,0.00,0.09,0,0
