7961820.0,68196.0,3388.0
7961820.0,68196.0,3388.0
6423344.0,376380.0,4056.0
6423344.0,376380.0,4056.0
4617120.0,847280.0,4268.0
4617120.0,847280.0,4268.0
4617120.0,847280.0,4268.0
4329085.8667,851588.26667,4327.7333333
4308512.0,851896.0,4332.0
4305962.1333,853796.26667,4735.2
4305780.0,853932.0,4764.0
4305780.0,853932.0,4764.0
4305780.0,853932.0,4764.0
4305780.0,853932.0,4764.0
4305780.0,853932.0,4764.0
4155237.0667,853935.73333,4887.2
4144484.0,853936.0,4896.0
4141908.0,853947.2,4948.2666667
4141724.0,853948.0,4952.0
4141724.0,853948.0,4952.0
4141724.0,853948.0,4952.0
4141724.0,853948.0,4952.0
4141724.0,853948.0,4952.0
4141724.0,853948.0,4952.0
4141724.0,853948.0,4952.0
4141724.0,853948.0,4952.0
4141724.0,853948.0,4952.0
4141724.0,853948.0,4952.0
4117922.9333,854068.26667,5092.8
4109268.0,854112.0,5144.0
4109268.0,854112.0,5144.0
4109268.0,854112.0,5144.0
4109268.0,854112.0,5144.0
4109268.0,854112.0,5144.0
4109268.0,854112.0,5144.0
4109268.0,854112.0,5144.0
4109268.0,854112.0,5144.0
4109268.0,854112.0,5144.0
4109268.0,854112.0,5144.0
4109268.0,854112.0,5144.0
4108585.3333,854117.33333,5309.3333333
4108244.0,854120.0,5392.0
4108244.0,854120.0,5392.0
4108244.0,854120.0,5392.0
4108244.0,854120.0,5392.0
4108244.0,854120.0,5392.0
4093521.3333,854144.0,5509.3333333
4086160.0,854156.0,5568.0
4086160.0,854156.0,5568.0
4085248.0,854165.6,5599.2
4084640.0,854172.0,5620.0
4084640.0,854172.0,5620.0
4084640.0,854172.0,5620.0
4084640.0,854172.0,5620.0
4084640.0,854172.0,5620.0
4084640.0,854172.0,5620.0
4084640.0,854172.0,5620.0
4084640.0,854172.0,5620.0
4084640.0,854172.0,5620.0
4084640.0,854172.0,5620.0
4084640.0,854172.0,5620.0
4084229.6,854172.0,5778.4
4083956.0,854172.0,5884.0
4083956.0,854172.0,5884.0
4083956.0,854172.0,5884.0
4083956.0,854172.0,5884.0
4083956.0,854172.0,5884.0
4083956.0,854172.0,5884.0
4083956.0,854172.0,5884.0
4083956.0,854172.0,5884.0
4083956.0,854172.0,5884.0
4083956.0,854172.0,5884.0
4083956.0,854172.0,5884.0
4083721.3333,854192.53333,6071.7333333
4083636.0,854200.0,6140.0
4083636.0,854200.0,6140.0
4083636.0,854200.0,6140.0
4083636.0,854200.0,6140.0
4083636.0,854200.0,6140.0
4083636.0,854200.0,6140.0
4083636.0,854200.0,6140.0
4083636.0,854200.0,6140.0
4083636.0,854200.0,6140.0
4083636.0,854200.0,6140.0
4083636.0,854200.0,6140.0
4083546.4,854286.4,6341.6
4083524.0,854308.0,6392.0
4083524.0,854308.0,6392.0
4083524.0,854308.0,6392.0
4083524.0,854308.0,6392.0
4083524.0,854308.0,6392.0
4083524.0,854308.0,6392.0
4083524.0,854308.0,6392.0
4083524.0,854308.0,6392.0
4083524.0,854308.0,6392.0
4083524.0,854308.0,6392.0
4083524.0,854308.0,6392.0
4083216.8,854384.8,6566.9333333
4082948.0,854452.0,6720.0
4082948.0,854452.0,6720.0
4082948.0,854452.0,6720.0
4082948.0,854452.0,6720.0
4082948.0,854452.0,6720.0
4082948.0,854452.0,6720.0
4082948.0,854452.0,6720.0
4082948.0,854452.0,6720.0
4082948.0,854452.0,6720.0
4082948.0,854452.0,6720.0
4080567.2,854464.8,6848.0
4078484.0,854476.0,6960.0
5730682.4,850968.8,6989.8666667
