16190936.0,61212.0,1576.0
15607492.8,163548.0,2356.8
14732328.0,317052.0,3528.0
14732328.0,317052.0,3528.0
13961246.4,501840.8,3553.6
12804624.0,779024.0,3592.0
12223732.8,961081.6,3620.8
11352396.0,1234168.0,3664.0
11352396.0,1234168.0,3664.0
10928685.333,1360301.3333,3685.3333333
10081264.0,1612568.0,3728.0
10081264.0,1612568.0,3728.0
9507658.6667,1771590.6667,3749.3333333
8360448.0,2089636.0,3792.0
8100423.4667,2090164.0,3938.1333333
7385356.0,2091616.0,4340.0
7385356.0,2091616.0,4340.0
7385356.0,2091616.0,4340.0
7385356.0,2091616.0,4340.0
7385356.0,2091616.0,4340.0
7385356.0,2091616.0,4340.0
7385356.0,2091616.0,4340.0
7385356.0,2091616.0,4340.0
7385356.0,2091616.0,4340.0
7385356.0,2091616.0,4340.0
7384530.4,2091656.5333,4406.1333333
7382260.0,2091768.0,4588.0
7382260.0,2091768.0,4588.0
7382260.0,2091768.0,4588.0
7382260.0,2091768.0,4588.0
7382260.0,2091768.0,4588.0
7382260.0,2091768.0,4588.0
7382260.0,2091768.0,4588.0
7382260.0,2091768.0,4588.0
7382260.0,2091768.0,4588.0
7382260.0,2091768.0,4588.0
7382260.0,2091768.0,4588.0
7382476.0,2091780.8,4693.6
7382800.0,2091800.0,4852.0
7382800.0,2091800.0,4852.0
7382800.0,2091800.0,4852.0
7381746.6667,2091805.3333,4889.3333333
7379640.0,2091816.0,4964.0
7379640.0,2091816.0,4964.0
7379640.0,2091816.0,4964.0
7379640.0,2091816.0,4964.0
7379640.0,2091816.0,4964.0
7379640.0,2091816.0,4964.0
7379640.0,2091816.0,4964.0
7379640.0,2091816.0,4964.0
7379640.0,2091816.0,4964.0
7379640.0,2091816.0,4964.0
7379640.0,2091816.0,4964.0
7379190.1333,2091827.2,5068.5333333
7378676.0,2091840.0,5188.0
7378676.0,2091840.0,5188.0
7378676.0,2091840.0,5188.0
7378676.0,2091840.0,5188.0
7378676.0,2091840.0,5188.0
7378676.0,2091840.0,5188.0
7378676.0,2091840.0,5188.0
7378676.0,2091840.0,5188.0
7378676.0,2091840.0,5188.0
7378676.0,2091840.0,5188.0
7378676.0,2091840.0,5188.0
7378449.3333,2091904.0,5408.0
7377996.0,2092032.0,5848.0
7377996.0,2092032.0,5848.0
7398197.3333,2094349.3333,6192.0
7438600.0,2098984.0,6880.0
7438600.0,2098984.0,6880.0
7438600.0,2098984.0,6880.0
7438600.0,2098984.0,6880.0
7438600.0,2098984.0,6880.0
7438600.0,2098984.0,6880.0
7438600.0,2098984.0,6880.0
7438600.0,2098984.0,6880.0
7438600.0,2098984.0,6880.0
7438600.0,2098984.0,6880.0
7438600.0,2098984.0,6880.0
7438578.6667,2098996.0,6956.0
7459770.6667,2099021.3333,7126.6666667
7502240.0,2099024.0,7164.0
7502240.0,2099024.0,7164.0
7525527.4667,2099028.2667,7181.0666667
7589568.0,2099040.0,7228.0
7590125.3333,2099041.3333,7249.3333333
7591240.0,2099044.0,7292.0
7591240.0,2099044.0,7292.0
7591240.0,2099044.0,7292.0
7591240.0,2099044.0,7292.0
7591240.0,2099044.0,7292.0
7591240.0,2099044.0,7292.0
7591240.0,2099044.0,7292.0
7591240.0,2099044.0,7292.0
7591240.0,2099044.0,7292.0
7591240.0,2099044.0,7292.0
7609072.5333,2099086.6667,7363.4666667
7658112.0,2099204.0,7560.0
7658112.0,2099204.0,7560.0
7674041.6,2099206.4,7573.6
7737760.0,2099216.0,7628.0
7737760.0,2099216.0,7628.0
7737760.0,2099216.0,7628.0
7737760.0,2099216.0,7628.0
7737760.0,2099216.0,7628.0
7737760.0,2099216.0,7628.0
7737760.0,2099216.0,7628.0
7737760.0,2099216.0,7628.0
7737760.0,2099216.0,7628.0
7737342.4,2099223.2,7672.0
7735672.0,2099252.0,7848.0
7735672.0,2099252.0,7848.0
7743357.3333,2099254.1333,7856.5333333
7793312.0,2099268.0,7912.0
7793312.0,2099268.0,7912.0
7802187.2,2099268.0,7920.5333333
7859876.0,2099268.0,7976.0
7859876.0,2099268.0,7976.0
7859876.0,2099268.0,7976.0
7859876.0,2099268.0,7976.0
7859876.0,2099268.0,7976.0
7859876.0,2099268.0,7976.0
7859876.0,2099268.0,7976.0
7859876.0,2099268.0,7976.0
7859876.0,2099268.0,7976.0
7859876.0,2099268.0,7976.0
7859876.0,2099268.0,7976.0
7859866.4,2099271.2,8027.2
7869971.2,2099284.8,8244.8
7910544.0,2099288.0,8296.0
7910544.0,2099288.0,8296.0
7910544.0,2099288.0,8296.0
7910544.0,2099288.0,8296.0
7910544.0,2099288.0,8296.0
7910544.0,2099288.0,8296.0
7910544.0,2099288.0,8296.0
7910544.0,2099288.0,8296.0
7910544.0,2099288.0,8296.0
7910544.0,2099288.0,8296.0
7910544.0,2099288.0,8296.0
7910545.6,2099288.5333,8312.5333333
7910568.0,2099296.0,8544.0
7910568.0,2099296.0,8544.0
7910568.0,2099296.0,8544.0
7910568.0,2099296.0,8544.0
7910568.0,2099296.0,8544.0
7910568.0,2099296.0,8544.0
7910568.0,2099296.0,8544.0
7910568.0,2099296.0,8544.0
7910568.0,2099296.0,8544.0
7910568.0,2099296.0,8544.0
7910568.0,2099296.0,8544.0
7910568.0,2099296.0,8544.0
7908528.0,2099420.0,8864.0
7908528.0,2099420.0,8864.0
7910118.4,2099423.7333,8923.7333333
7910232.0,2099424.0,8928.0
7910232.0,2099424.0,8928.0
7910232.0,2099424.0,8928.0
7910232.0,2099424.0,8928.0
7910232.0,2099424.0,8928.0
7910232.0,2099424.0,8928.0
7910232.0,2099424.0,8928.0
7910232.0,2099424.0,8928.0
7910232.0,2099424.0,8928.0
7910232.0,2099424.0,8928.0
7910232.0,2099424.0,8928.0
7910443.4667,2099503.7333,9170.6666667
7910476.0,2099516.0,9208.0
7908012.0,2099519.7333,9260.2666667
7907836.0,2099520.0,9264.0
7909828.0,2099528.0,9328.0
7909828.0,2099528.0,9328.0
7909828.0,2099528.0,9328.0
7909828.0,2099528.0,9328.0
7909828.0,2099528.0,9328.0
7909828.0,2099528.0,9328.0
7909828.0,2099528.0,9328.0
7909828.0,2099528.0,9328.0
13738927.733,2093453.8667,9499.7333333
