7966776.0,64316.0,3828.0
7966776.0,64316.0,3828.0
7187244.0,207300.0,5616.0
7187244.0,207300.0,5616.0
7187244.0,207300.0,5616.0
7187244.0,207300.0,5616.0
7187244.0,207300.0,5616.0
7187244.0,207300.0,5616.0
7016914.4,207326.13333,5735.4666667
7004748.0,207328.0,5744.0
7002754.4,207398.93333,5796.2666667
7002612.0,207404.0,5800.0
7002612.0,207404.0,5800.0
6999714.9333,207411.46667,5882.1333333
6999508.0,207412.0,5888.0
6999508.0,207412.0,5888.0
6999508.0,207412.0,5888.0
6999508.0,207412.0,5888.0
6999508.0,207412.0,5888.0
6999508.0,207412.0,5888.0
6999508.0,207412.0,5888.0
6892559.2,207430.66667,6044.8
6884920.0,207432.0,6056.0
6884920.0,207432.0,6056.0
6884920.0,207432.0,6056.0
6884920.0,207432.0,6056.0
6883633.8667,207432.0,6139.2
6883436.0,207432.0,6152.0
6883436.0,207432.0,6152.0
6883436.0,207432.0,6152.0
6883436.0,207432.0,6152.0
6883436.0,207432.0,6152.0
6883436.0,207432.0,6152.0
6883436.0,207432.0,6152.0
6883436.0,207432.0,6152.0
6883436.0,207432.0,6152.0
6883436.0,207432.0,6152.0
6883436.0,207432.0,6152.0
6883170.9333,208197.33333,6357.3333333
6883152.0,208252.0,6372.0
6883152.0,208252.0,6372.0
6883152.0,208252.0,6372.0
6883152.0,208252.0,6372.0
6883152.0,208252.0,6372.0
6883152.0,208252.0,6372.0
6881686.4,208261.6,6506.4
6881320.0,208264.0,6540.0
6881320.0,208264.0,6540.0
6881320.0,208264.0,6540.0
6881320.0,208264.0,6540.0
6881320.0,208264.0,6540.0
6881320.0,208264.0,6540.0
6881320.0,208264.0,6540.0
