vda,61.20,0.23,0.01,1,0
vda,2.20,0.01,0.00,0,0
vda,56.60,0.02,0.21,0,1
vda,1.60,0.00,0.01,0,0
vda,65.20,0.43,0.01,2,0
vda,45.80,0.10,0.16,0,0
vda,209.60,9.79,0.02,48,0
vda,87.80,10.62,0.01,53,0
vda,124.40,9.75,0.99,48,4
vda,4.80,0.00,0.49,0,2
vda,3.00,0.00,0.01,0,0
vda,7.00,0.02,0.00,0,0
vda,2.20,0.00,0.01,0,0
vda,51.80,0.00,0.21,0,1
vda,3.20,0.00,0.01,0,0
vda,2.60,0.00,0.01,0,0
vda,44.20,0.00,0.18,0,0
vda,0.80,0.00,0.00,0,0
vda,2.20,0.00,0.01,0,0
vda,0.00,0.00,0.00,0,0
vda,1.20,0.00,0.00,0,0
vda,2.20,0.00,0.01,0,0
vda,0.40,0.00,0.00,0,0
vda,4.60,0.00,0.02,0,0
vda,51.20,0.00,0.20,0,1
vda,2.60,0.00,0.01,0,0
vda,0.00,0.00,0.00,0,0
vda,21.80,0.00,0.09,0,0
vda,31.20,0.00,0.12,0,0
vda,1.20,0.00,0.00,0,0
vda,37.00,0.00,0.15,0,0
vda,0.00,0.00,0.00,0,0
vda,3.00,0.00,0.01,0,0
vda,2.60,0.00,0.01,0,0
vda,0.00,0.00,0.00,0,0
vda,0.60,0.00,0.00,0,0
vda,3.00,0.00,0.01,0,0
vda,20.00,0.00,0.08,0,0
vda,0.20,0.00,0.00,0,0
vda,42.40,0.00,0.17,0,0
vda,2.40,0.00,0.01,0,0
vda,0.00,0.00,0.00,0,0
vda,36.20,0.00,0.15,0,0
vda,4.20,0.00,0.02,0,0
vda,1.60,0.00,0.01,0,0
vda,42.80,0.00,0.18,0,0
vda,2.40,0.00,0.01,0,0
vda,40.40,0.00,0.16,0,0
vda,1.60,0.00,0.01,0,0
vda,2.20,0.00,0.01,0,0
vda,0.00,0.00,0.00,0,0
vda,1.40,0.00,0.01,0,0
vda,2.60,0.00,0.01,0,0
vda,1.60,0.00,0.01,0,0
vda,55.60,0.00,0.23,0,1
vda,2.80,0.00,0.01,0,0
vda,1.40,0.00,0.00,0,0
vda,37.20,0.00,0.15,0,0
vda,2.80,0.00,0.01,0,0
vda,0.20,0.00,0.00,0,0
vda,42.60,0.00,0.17,0,0
vda,2.40,0.00,0.01,0,0
vda,1.60,0.00,0.01,0,0
vda,1.40,0.00,0.01,0,0
vda,2.60,0.00,0.01,0,0
vda,54.20,0.00,0.22,0,1
vda,1.40,0.00,0.01,0,0
vda,2.40,0.00,0.01,0,0
vda,34.80,0.00,0.14,0,0
vda,1.40,0.00,0.01,0,0
vda,13.00,0.11,0.01,0,0
vda,7.80,0.02,0.01,0,0
vda,60.20,0.00,0.25,0,1
vda,15.00,0.05,0.01,0,0
vda,0.00,0.00,0.00,0,0
vda,1.20,0.00,0.00,0,0
vda,52.60,0.00,0.21,0,1
vda,15.20,0.00,0.06,0,0
vda,1.20,0.00,0.00,0,0
vda,37.20,0.00,0.15,0,0
vda,0.00,0.00,0.00,0,0
vda,1.20,0.00,0.00,0,0
vda,80.60,0.45,0.19,2,0
vda,1.80,0.00,0.01,0,0
vda,0.00,0.00,0.00,0,0
vda,53.00,0.00,0.25,0,1
vda,32.20,0.00,0.13,0,0
vda,1.20,0.00,0.00,0,0
vda,1.20,0.00,0.00,0,0
vda,37.00,0.00,0.15,0,0
vda,1.40,0.00,0.01,0,0
vda,3.40,0.00,0.01,0,0
vda,44.40,0.00,0.18,0,0
vda,0.80,0.00,0.00,0,0
vda,2.20,0.00,0.01,0,0
vda,40.60,0.00,0.16,0,0
vda,1.40,0.00,0.01,0,0
vda,1.20,0.00,0.00,0,0
vda,48.00,0.00,0.19,0,0
vda,1.40,0.00,0.01,0,0
vda,1.40,0.00,0.00,0,0
vda,36.60,0.00,0.15,0,0
vda,2.60,0.00,0.01,0,0
vda,2.60,0.00,0.01,0,0
vda,0.00,0.00,0.00,0,0
vda,44.00,0.00,0.18,0,0
vda,1.00,0.00,0.00,0,0
vda,2.20,0.00,0.01,0,0
vda,42.20,0.00,0.17,0,0
vda,1.40,0.00,0.01,0,0
vda,48.00,0.00,0.19,0,0
vda,1.40,0.00,0.01,0,0
vda,4.00,0.00,0.02,0,0
vda,0.00,0.00,0.00,0,0
vda,45.00,0.00,0.18,0,0
vda,1.20,0.00,0.00,0,0
vda,2.20,0.00,0.01,0,0
vda,36.80,0.00,0.15,0,0
vda,1.40,0.00,0.01,0,0
vda,1.60,0.00,0.01,0,0
vda,42.20,0.00,0.17,0,0
vda,0.80,0.00,0.00,0,0
vda,12.80,0.00,0.05,0,0
vda,47.20,0.00,0.19,0,0
vda,0.80,0.00,0.00,0,0
vda,2.20,0.00,0.01,0,0
vda,36.60,0.00,0.15,0,0
vda,2.40,0.00,0.01,0,0
vda,34.80,0.00,0.14,0,0
vda,1.40,0.00,0.01,0,0
vda,1.80,0.00,0.01,0,0
vda,42.00,0.00,0.17,0,0
vda,3.00,0.00,0.01,0,0
vda,2.60,0.00,0.01,0,0
vda,50.20,0.00,0.20,0,1
vda,5.80,0.00,0.02,0,0
vda,2.20,0.00,0.01,0,0
vda,0.00,0.00,0.00,0,0
vda,36.60,0.00,0.15,0,0
vda,2.40,0.00,0.01,0,0
vda,0.00,0.00,0.00,0,0
vda,36.00,0.00,0.15,0,0
vda,3.80,0.00,0.01,0,0
vda,1.60,0.00,0.01,0,0
vda,0.00,0.00,0.00,0,0
vda,51.00,0.00,0.20,0,1
vda,12.20,0.00,0.05,0,0
vda,1.20,0.00,0.00,0,0
vda,0.60,0.00,0.00,0,0
vda,2.20,0.00,0.01,0,0
vda,1.20,0.00,0.00,0,0
vda,1.20,0.00,0.00,0,0
vda,17.00,0.00,0.07,0,0
vda,1.60,0.00,0.01,0,0
vda,22.40,0.00,0.09,0,0
vda,2.20,0.00,0.01,0,0
vda,1.40,0.00,0.01,0,0
vda,7.60,0.00,0.03,0,0
vda,2.80,0.00,0.01,0,0
vda,46.40,0.00,0.19,0,0
vda,10.40,0.00,0.04,0,0
vda,0.00,0.00,0.00,0,0
vda,2.80,0.00,0.01,0,0
vda,0.00,0.00,0.00,0,0
vda,2.60,0.00,0.01,0,0
vda,1.20,0.00,0.00,0,0
vda,29.14,0.00,0.12,0,0
vda,3.80,0.00,0.02,0,0
vda,8.20,0.00,0.03,0,0
vda,10.20,0.00,0.04,0,0
vda,0.00,0.00,0.00,0,0
vda,46.00,0.00,0.19,0,0
vda,3.60,0.00,0.01,0,0
vda,1.00,0.00,0.00,0,0
vda,1.20,0.00,0.00,0,0
vda,0.00,0.00,0.00,0,0
vda,2.20,0.00,0.01,0,0
vda,1.60,0.00,0.01,0,0
vda,33.20,0.00,0.13,0,0
vda,11.00,0.00,0.04,0,0
vda,1.20,0.00,0.00,0,0
vda,0.00,0.00,0.00,0,0
vda,3.40,0.00,0.01,0,0
vda,2.00,0.00,0.01,0,0
vda,0.00,0.00,0.00,0,0
vda,21.20,0.00,0.09,0,0
vda,1.20,0.00,0.00,0,0
vda,26.20,0.00,0.10,0,0
vda,17.00,0.00,0.07,0,0
vda,1.60,0.00,0.01,0,0
vda,0.00,0.00,0.00,0,0
vda,4.60,0.00,0.02,0,0
vda,14.80,0.00,0.06,0,0
vda,1.60,0.00,0.01,0,0
vda,25.40,0.00,0.10,0,0
vda,1.40,0.00,0.00,0,0
vda,46.00,0.00,0.18,0,0
vda,2.80,0.00,0.01,0,0
vda,13.80,0.00,0.06,0,0
vda,1.80,0.00,0.01,0,0
vda,31.80,0.00,0.13,0,0
vda,2.80,0.00,0.01,0,0
vda,2.00,0.00,0.01,0,0
vda,1.20,0.00,0.00,0,0
vda,51.20,0.00,0.21,0,1
vda,0.00,0.00,0.00,0,0
vda,1.20,0.00,0.00,0,0
vda,47.80,0.00,0.19,0,0
vda,1.80,0.00,0.01,0,0
vda,1.40,0.00,0.00,0,0
vda,36.20,0.00,0.15,0,0
vda,3.60,0.00,0.01,0,0
vda,1.00,0.00,0.00,0,0
vda,2.20,0.00,0.01,0,0
vda,42.60,0.00,0.18,0,0
vda,1.80,0.00,0.01,0,0
vda,2.20,0.00,0.01,0,0
vda,0.00,0.00,0.00,0,0
vda,1.20,0.00,0.00,0,0
vda,4.20,0.00,0.02,0,0
vda,3.60,0.00,0.01,0,0
vda,20.60,0.00,0.09,0,0
vda,1.60,0.00,0.01,0,0
vda,36.40,0.00,0.14,0,0
vda,0.00,0.00,0.00,0,0
vda,1.80,0.00,0.01,0,0
vda,2.20,0.00,0.01,0,0
