7950456.0,76372.0,2128.0
7526692.8,152065.33333,2973.6
7042392.0,238572.0,3940.0
7042392.0,238572.0,3940.0
7041475.4667,238572.0,3966.1333333
7040428.0,238572.0,3996.0
7040428.0,238572.0,3996.0
7040428.0,238572.0,3996.0
7040428.0,238572.0,3996.0
6994896.8,238576.8,4039.2
6926600.0,238584.0,4104.0
6926600.0,238584.0,4104.0
6926600.0,238584.0,4104.0
6926600.0,238584.0,4104.0
6882323.7333,238591.46667,4129.6
6760564.0,238612.0,4200.0
6760564.0,238612.0,4200.0
6759987.2,238627.2,4212.0
6757680.0,238688.0,4260.0
6757680.0,238688.0,4260.0
6757680.0,238688.0,4260.0
6757680.0,238688.0,4260.0
6757680.0,238688.0,4260.0
6757680.0,238688.0,4260.0
6757680.0,238688.0,4260.0
6757035.2,239091.73333,4349.0666667
6752844.0,241716.0,4928.0
6752844.0,241716.0,4928.0
6752844.0,241716.0,4928.0
6752844.0,241716.0,4928.0
6752844.0,241716.0,4928.0
6752844.0,241716.0,4928.0
6752844.0,241716.0,4928.0
6752844.0,241716.0,4928.0
6752844.0,241716.0,4928.0
6752844.0,241716.0,4928.0
6752029.6,241719.73333,4961.0666667
6746736.0,241744.0,5176.0
6746736.0,241744.0,5176.0
6746736.0,241744.0,5176.0
6746736.0,241744.0,5176.0
6746736.0,241744.0,5176.0
6746736.0,241744.0,5176.0
6746736.0,241744.0,5176.0
6746736.0,241744.0,5176.0
6746736.0,241744.0,5176.0
6746736.0,241744.0,5176.0
6746736.0,241744.0,5176.0
6746637.3333,241745.6,5209.0666667
6745003.2,241770.4,5436.8
6741032.0,241828.0,5488.0
6741032.0,241828.0,5488.0
6740378.9333,241828.26667,5491.2
6731236.0,241832.0,5536.0
6731236.0,241832.0,5536.0
6731236.0,241832.0,5536.0
6731236.0,241832.0,5536.0
6731236.0,241832.0,5536.0
6731236.0,241832.0,5536.0
6731236.0,241832.0,5536.0
6731236.0,241832.0,5536.0
6731236.0,241832.0,5536.0
6731236.0,241832.0,5536.0
6731236.0,241832.0,5536.0
6731325.6,241833.6,5577.6
6730039.2,241841.06667,5761.0666667
6725516.0,241844.0,5808.0
6725516.0,241844.0,5808.0
6725516.0,241844.0,5808.0
6725516.0,241844.0,5808.0
6725516.0,241844.0,5808.0
7079156.0,239657.33333,5845.3333333
7786436.0,235284.0,5920.0
