15209434.933,1029164.0,16496.8
16157164.0,90408.0,3516.0
14768300.0,327231.46667,3552.2666667
13553044.0,534452.0,3584.0
13553044.0,534452.0,3584.0
12415712.8,841215.2,3622.4
11657492.0,1045724.0,3648.0
11657492.0,1045724.0,3648.0
10749060.8,1311252.8,3691.2
10143440.0,1488272.0,3720.0
10143440.0,1488272.0,3720.0
9137007.2,1817847.2,3748.8
8466052.0,2037564.0,3768.0
7823207.2,2070739.2,3801.6
7394644.0,2092856.0,3824.0
7394644.0,2092856.0,3824.0
6922897.8667,2092856.0,3858.1333333
6510120.0,2092856.0,3888.0
6510120.0,2092856.0,3888.0
6507794.4,2092904.0,3926.4
6506244.0,2092936.0,3952.0
6506244.0,2092936.0,3952.0
6506244.0,2092936.0,3952.0
6506244.0,2092936.0,3952.0
6505185.3333,2093176.0,4037.3333333
6504656.0,2093296.0,4080.0
6504656.0,2093296.0,4080.0
6504656.0,2093296.0,4080.0
6504656.0,2093296.0,4080.0
6504656.0,2093296.0,4080.0
6504656.0,2093296.0,4080.0
6504656.0,2093296.0,4080.0
6504656.0,2093296.0,4080.0
6504656.0,2093296.0,4080.0
6504656.0,2093296.0,4080.0
6504656.0,2093296.0,4080.0
6504425.6,2093312.8,4233.6
6504272.0,2093324.0,4336.0
6504272.0,2093324.0,4336.0
6504272.0,2093324.0,4336.0
6504272.0,2093324.0,4336.0
6504272.0,2093324.0,4336.0
6504272.0,2093324.0,4336.0
6504272.0,2093324.0,4336.0
6504272.0,2093324.0,4336.0
6504272.0,2093324.0,4336.0
6504272.0,2093324.0,4336.0
6504272.0,2093324.0,4336.0
6503620.8,2093385.6,4564.8
6503384.0,2093408.0,4648.0
6503384.0,2093408.0,4648.0
6503384.0,2093408.0,4648.0
6503384.0,2093408.0,4648.0
6503384.0,2093408.0,4648.0
6503384.0,2093408.0,4648.0
6503384.0,2093408.0,4648.0
6503384.0,2093408.0,4648.0
6503384.0,2093408.0,4648.0
6503384.0,2093408.0,4648.0
6503384.0,2093408.0,4648.0
6502817.6,2093427.2,4846.4
6502676.0,2093432.0,4896.0
6502676.0,2093432.0,4896.0
6502676.0,2093432.0,4896.0
6502676.0,2093432.0,4896.0
6502676.0,2093432.0,4896.0
6502676.0,2093432.0,4896.0
6499668.0,2095595.2,5459.2
6498916.0,2096136.0,5600.0
6498916.0,2096136.0,5600.0
6498916.0,2096136.0,5600.0
6498916.0,2096136.0,5600.0
6498916.0,2096136.0,5600.0
6498916.0,2096136.0,5600.0
6498916.0,2096136.0,5600.0
6498916.0,2096136.0,5600.0
6498916.0,2096136.0,5600.0
6498916.0,2096136.0,5600.0
6498916.0,2096136.0,5600.0
6498795.7333,2096259.2,5764.2666667
6498752.0,2096304.0,5824.0
6498752.0,2096304.0,5824.0
6498752.0,2096304.0,5824.0
6498752.0,2096304.0,5824.0
6498752.0,2096304.0,5824.0
6498752.0,2096304.0,5824.0
6498752.0,2096304.0,5824.0
6498752.0,2096304.0,5824.0
6498752.0,2096304.0,5824.0
6498752.0,2096304.0,5824.0
6498752.0,2096304.0,5824.0
6498728.5333,2096368.5333,6058.6666667
6498720.0,2096392.0,6144.0
6498720.0,2096392.0,6144.0
6498720.0,2096392.0,6144.0
6498720.0,2096392.0,6144.0
6498720.0,2096392.0,6144.0
6498720.0,2096392.0,6144.0
6498720.0,2096392.0,6144.0
6498720.0,2096392.0,6144.0
6498720.0,2096392.0,6144.0
6498720.0,2096392.0,6144.0
6498720.0,2096392.0,6144.0
6498359.4667,2096404.8,6284.8
6497054.1333,2096418.1333,6437.8666667
6496188.0,2096420.0,6464.0
6496188.0,2096420.0,6464.0
6496188.0,2096420.0,6464.0
6496188.0,2096420.0,6464.0
6496188.0,2096420.0,6464.0
6496188.0,2096420.0,6464.0
6496188.0,2096420.0,6464.0
6496188.0,2096420.0,6464.0
6496188.0,2096420.0,6464.0
6496188.0,2096420.0,6464.0
6496188.0,2096420.0,6464.0
6497284.0,2096422.6667,6634.6666667
6497832.0,2096424.0,6720.0
6497832.0,2096424.0,6720.0
6497832.0,2096424.0,6720.0
6496650.6667,2096426.6667,6800.0
6496060.0,2096428.0,6840.0
6496060.0,2096428.0,6840.0
6496060.0,2096428.0,6840.0
6496060.0,2096428.0,6840.0
6496660.0,2096441.3333,6925.3333333
6496960.0,2096448.0,6968.0
6496960.0,2096448.0,6968.0
6496960.0,2096448.0,6968.0
6496960.0,2096448.0,6968.0
6496960.0,2096448.0,6968.0
6496960.0,2096448.0,6968.0
6496960.0,2096448.0,6968.0
6496960.0,2096448.0,6968.0
6496960.0,2096448.0,6968.0
6496960.0,2096448.0,6968.0
6496960.0,2096448.0,6968.0
6496898.6667,2096466.6667,7154.6666667
6496868.0,2096476.0,7248.0
6496868.0,2096476.0,7248.0
6496868.0,2096476.0,7248.0
6496868.0,2096476.0,7248.0
6496868.0,2096476.0,7248.0
6496868.0,2096476.0,7248.0
6496868.0,2096476.0,7248.0
6496868.0,2096476.0,7248.0
6496868.0,2096476.0,7248.0
6496868.0,2096476.0,7248.0
6496868.0,2096476.0,7248.0
6496421.6,2096526.4,7440.0
6496124.0,2096560.0,7568.0
6496124.0,2096560.0,7568.0
6496124.0,2096560.0,7568.0
6496124.0,2096560.0,7568.0
6496124.0,2096560.0,7568.0
6496124.0,2096560.0,7568.0
6496124.0,2096560.0,7568.0
6496124.0,2096560.0,7568.0
6496124.0,2096560.0,7568.0
6496124.0,2096560.0,7568.0
6496124.0,2096560.0,7568.0
6495962.6667,2096580.5333,7738.1333333
6495904.0,2096588.0,7800.0
6495904.0,2096588.0,7800.0
6495904.0,2096588.0,7800.0
6495904.0,2096588.0,7800.0
6495904.0,2096588.0,7800.0
6495904.0,2096588.0,7800.0
6495904.0,2096588.0,7800.0
6495904.0,2096588.0,7800.0
6495904.0,2096588.0,7800.0
6495904.0,2096588.0,7800.0
6495904.0,2096588.0,7800.0
6495904.0,2096588.0,7800.0
6496140.0,2096700.0,8112.0
6496140.0,2096700.0,8112.0
6496140.0,2096700.0,8112.0
6496140.0,2096700.0,8112.0
6496140.0,2096700.0,8112.0
6496140.0,2096700.0,8112.0
6496140.0,2096700.0,8112.0
6495789.6,2096700.0,8134.4
6493512.0,2096700.0,8280.0
6493512.0,2096700.0,8280.0
6493787.7333,2096701.0667,8288.5333333
6495580.0,2096708.0,8344.0
6495580.0,2096708.0,8344.0
6495580.0,2096708.0,8344.0
6495580.0,2096708.0,8344.0
6495580.0,2096708.0,8344.0
6495580.0,2096708.0,8344.0
6495580.0,2096708.0,8344.0
6495580.0,2096708.0,8344.0
6495580.0,2096708.0,8344.0
6495580.0,2096708.0,8344.0
6495580.0,2096708.0,8344.0
6495499.2,2096712.0,8390.4
6495176.0,2096728.0,8576.0
6495176.0,2096728.0,8576.0
6495176.0,2096728.0,8576.0
6495176.0,2096728.0,8576.0
6495176.0,2096728.0,8576.0
6495176.0,2096728.0,8576.0
6495176.0,2096728.0,8576.0
6495176.0,2096728.0,8576.0
6495176.0,2096728.0,8576.0
6495176.0,2096728.0,8576.0
6495176.0,2096728.0,8576.0
6495147.2,2096731.2,8617.6
6494960.0,2096752.0,8888.0
6494714.1333,2096752.5333,8895.4666667
6493116.0,2096756.0,8944.0
6493116.0,2096756.0,8944.0
6494035.4667,2096758.1333,8978.1333333
6494035.4667,2096758.1333,8978.1333333
6494840.0,2096760.0,9008.0
6494840.0,2096760.0,9008.0
6494840.0,2096760.0,9008.0
6494840.0,2096760.0,9008.0
6494840.0,2096760.0,9008.0
6494840.0,2096760.0,9008.0
6494840.0,2096760.0,9008.0
6494840.0,2096760.0,9008.0
6494840.0,2096760.0,9008.0
6494840.0,2096760.0,9008.0
6494802.6667,2096761.8667,9024.0
6494280.0,2096788.0,9248.0
6494280.0,2096788.0,9248.0
6494280.0,2096788.0,9248.0
6494280.0,2096788.0,9248.0
6494280.0,2096788.0,9248.0
6494280.0,2096788.0,9248.0
6494280.0,2096788.0,9248.0
6494280.0,2096788.0,9248.0
6494280.0,2096788.0,9248.0
6494280.0,2096788.0,9248.0
6494280.0,2096788.0,9248.0
6494292.0,2096809.6,9310.4
6494340.0,2096896.0,9560.0
6494340.0,2096896.0,9560.0
6494340.0,2096896.0,9560.0
6494340.0,2096896.0,9560.0
6494340.0,2096896.0,9560.0
6494340.0,2096896.0,9560.0
6494340.0,2096896.0,9560.0
6494340.0,2096896.0,9560.0
6494340.0,2096896.0,9560.0
6494340.0,2096896.0,9560.0
6494340.0,2096896.0,9560.0
6494287.2,2096898.6667,9595.2
6493944.0,2096916.0,9824.0
6493944.0,2096916.0,9824.0
6493944.0,2096916.0,9824.0
6493944.0,2096916.0,9824.0
6493944.0,2096916.0,9824.0
6493944.0,2096916.0,9824.0
6493944.0,2096916.0,9824.0
6493944.0,2096916.0,9824.0
6493944.0,2096916.0,9824.0
6493944.0,2096916.0,9824.0
6493944.0,2096916.0,9824.0
6493944.0,2096916.0,9824.0
6493764.8,2096953.3333,10130.133333
6493752.0,2096956.0,10152.0
6493752.0,2096956.0,10152.0
6493752.0,2096956.0,10152.0
6493752.0,2096956.0,10152.0
6493752.0,2096956.0,10152.0
6493752.0,2096956.0,10152.0
6493752.0,2096956.0,10152.0
6493752.0,2096956.0,10152.0
6493752.0,2096956.0,10152.0
6493752.0,2096956.0,10152.0
6493752.0,2096956.0,10152.0
6493591.4667,2096959.7333,10390.933333
6493580.0,2096960.0,10408.0
6493580.0,2096960.0,10408.0
6493580.0,2096960.0,10408.0
6493580.0,2096960.0,10408.0
6493580.0,2096960.0,10408.0
6493580.0,2096960.0,10408.0
6493580.0,2096960.0,10408.0
6493580.0,2096960.0,10408.0
6493580.0,2096960.0,10408.0
6493580.0,2096960.0,10408.0
6493580.0,2096960.0,10408.0
6493300.0,2097008.0,10744.0
6493300.0,2097008.0,10744.0
6493300.0,2097008.0,10744.0
6493300.0,2097008.0,10744.0
6493300.0,2097008.0,10744.0
6493300.0,2097008.0,10744.0
6493300.0,2097008.0,10744.0
6493300.0,2097008.0,10744.0
6493300.0,2097008.0,10744.0
6493300.0,2097008.0,10744.0
6493300.0,2097008.0,10744.0
6493300.0,2097008.0,10744.0
6493038.6667,2097026.6667,10975.466667
6493020.0,2097028.0,10992.0
6493020.0,2097028.0,10992.0
6493020.0,2097028.0,10992.0
6493020.0,2097028.0,10992.0
6493020.0,2097028.0,10992.0
6493020.0,2097028.0,10992.0
6493020.0,2097028.0,10992.0
6493020.0,2097028.0,10992.0
6491529.3333,2097166.6667,11200.0
6491300.0,2097188.0,11232.0
6491300.0,2097188.0,11232.0
6491300.0,2097188.0,11232.0
6491300.0,2097188.0,11232.0
6491300.0,2097188.0,11232.0
6491300.0,2097188.0,11232.0
6491300.0,2097188.0,11232.0
6491300.0,2097188.0,11232.0
6491300.0,2097188.0,11232.0
6491300.0,2097188.0,11232.0
6491300.0,2097188.0,11232.0
6492044.0,2097200.0,11456.0
6492044.0,2097200.0,11456.0
6492044.0,2097200.0,11456.0
6492044.0,2097200.0,11456.0
6489852.0,2097224.0,11568.0
6489852.0,2097224.0,11568.0
6489852.0,2097224.0,11568.0
6489852.0,2097224.0,11568.0
6489852.0,2097224.0,11568.0
6490988.0,2097232.0,11704.0
6490988.0,2097232.0,11704.0
6490988.0,2097232.0,11704.0
6490988.0,2097232.0,11704.0
6490988.0,2097232.0,11704.0
6490988.0,2097232.0,11704.0
6490988.0,2097232.0,11704.0
6490988.0,2097232.0,11704.0
6489637.6,2097251.2,11851.2
6489300.0,2097256.0,11888.0
6489300.0,2097256.0,11888.0
6489300.0,2097256.0,11888.0
6489300.0,2097256.0,11888.0
6489300.0,2097256.0,11888.0
6489300.0,2097256.0,11888.0
6489300.0,2097256.0,11888.0
6489300.0,2097256.0,11888.0
6489300.0,2097256.0,11888.0
6489300.0,2097256.0,11888.0
6489300.0,2097256.0,11888.0
6489989.3333,2097282.4,12069.866667
6490240.0,2097292.0,12136.0
6490240.0,2097292.0,12136.0
6490240.0,2097292.0,12136.0
6490240.0,2097292.0,12136.0
6490240.0,2097292.0,12136.0
6490240.0,2097292.0,12136.0
6490240.0,2097292.0,12136.0
6490240.0,2097292.0,12136.0
6490240.0,2097292.0,12136.0
6490240.0,2097292.0,12136.0
6490240.0,2097292.0,12136.0
6490046.4,2097318.4,12364.8
6489976.0,2097328.0,12448.0
6489976.0,2097328.0,12448.0
6489976.0,2097328.0,12448.0
6489976.0,2097328.0,12448.0
6489976.0,2097328.0,12448.0
6489976.0,2097328.0,12448.0
6489976.0,2097328.0,12448.0
6489976.0,2097328.0,12448.0
6489976.0,2097328.0,12448.0
6489976.0,2097328.0,12448.0
6489976.0,2097328.0,12448.0
6489673.8667,2097342.6667,12624.0
6489564.0,2097348.0,12688.0
6489564.0,2097348.0,12688.0
6489564.0,2097348.0,12688.0
6489564.0,2097348.0,12688.0
6489564.0,2097348.0,12688.0
6489564.0,2097348.0,12688.0
6489564.0,2097348.0,12688.0
6489564.0,2097348.0,12688.0
6489564.0,2097348.0,12688.0
6489002.4,2097360.0,12832.0
6488628.0,2097368.0,12928.0
6488628.0,2097368.0,12928.0
6488628.0,2097368.0,12928.0
6488628.0,2097368.0,12928.0
6488628.0,2097368.0,12928.0
6488628.0,2097368.0,12928.0
6488628.0,2097368.0,12928.0
6488628.0,2097368.0,12928.0
6488628.0,2097368.0,12928.0
6488628.0,2097368.0,12928.0
6488628.0,2097368.0,12928.0
6488577.3333,2097384.0,13082.666667
6488552.0,2097392.0,13160.0
6488552.0,2097392.0,13160.0
6488552.0,2097392.0,13160.0
6488552.0,2097392.0,13160.0
6488552.0,2097392.0,13160.0
6488552.0,2097392.0,13160.0
6488552.0,2097392.0,13160.0
6488552.0,2097392.0,13160.0
6488552.0,2097392.0,13160.0
6488552.0,2097392.0,13160.0
6488532.8,2097408.8,13352.0
6488520.0,2097420.0,13480.0
6488520.0,2097420.0,13480.0
6488520.0,2097420.0,13480.0
6488520.0,2097420.0,13480.0
6488520.0,2097420.0,13480.0
6488520.0,2097420.0,13480.0
6488520.0,2097420.0,13480.0
6488520.0,2097420.0,13480.0
6488520.0,2097420.0,13480.0
6488520.0,2097420.0,13480.0
6488520.0,2097420.0,13480.0
6488116.8,2097432.8,13620.8
6487764.0,2097444.0,13744.0
6487764.0,2097444.0,13744.0
6487764.0,2097444.0,13744.0
6487764.0,2097444.0,13744.0
6487764.0,2097444.0,13744.0
6487764.0,2097444.0,13744.0
6487764.0,2097444.0,13744.0
6487764.0,2097444.0,13744.0
6487764.0,2097444.0,13744.0
6487764.0,2097444.0,13744.0
6487764.0,2097444.0,13744.0
6487597.3333,2097461.3333,13853.333333
6487264.0,2097496.0,14072.0
6487264.0,2097496.0,14072.0
6487264.0,2097496.0,14072.0
6487264.0,2097496.0,14072.0
6487264.0,2097496.0,14072.0
6487264.0,2097496.0,14072.0
6487264.0,2097496.0,14072.0
6487264.0,2097496.0,14072.0
6487264.0,2097496.0,14072.0
6487264.0,2097496.0,14072.0
6487264.0,2097496.0,14072.0
6487210.6667,2097501.8667,14105.066667
6486864.0,2097540.0,14320.0
6486864.0,2097540.0,14320.0
6486864.0,2097540.0,14320.0
6486864.0,2097540.0,14320.0
6486864.0,2097540.0,14320.0
6486864.0,2097540.0,14320.0
6486864.0,2097540.0,14320.0
6486864.0,2097540.0,14320.0
6486685.8667,2097543.2,14353.066667
6485528.0,2097564.0,14568.0
6485528.0,2097564.0,14568.0
6485528.0,2097564.0,14568.0
6486836.0,2097568.0,14632.0
6486836.0,2097568.0,14632.0
6486836.0,2097568.0,14632.0
6486836.0,2097568.0,14632.0
6486836.0,2097568.0,14632.0
6486836.0,2097568.0,14632.0
6486836.0,2097568.0,14632.0
6486836.0,2097568.0,14632.0
6486836.0,2097568.0,14632.0
6486836.0,2097568.0,14632.0
6486836.0,2097568.0,14632.0
6484332.0,2097576.0,14904.0
6484332.0,2097576.0,14904.0
6486100.0,2097579.4667,14959.466667
6486372.0,2097580.0,14968.0
6486372.0,2097580.0,14968.0
6486372.0,2097580.0,14968.0
6486372.0,2097580.0,14968.0
6486372.0,2097580.0,14968.0
6486372.0,2097580.0,14968.0
6486372.0,2097580.0,14968.0
6486372.0,2097580.0,14968.0
6486372.0,2097580.0,14968.0
6486372.0,2097580.0,14968.0
6484942.1333,2097594.9333,15214.4
6484840.0,2097596.0,15232.0
6484840.0,2097596.0,15232.0
6486250.9333,2097606.4,15287.466667
6486468.0,2097608.0,15296.0
6486468.0,2097608.0,15296.0
6486468.0,2097608.0,15296.0
6486468.0,2097608.0,15296.0
6486468.0,2097608.0,15296.0
6486468.0,2097608.0,15296.0
6486468.0,2097608.0,15296.0
6486468.0,2097608.0,15296.0
6486468.0,2097608.0,15296.0
6486468.0,2097608.0,15296.0
6486468.0,2097608.0,15296.0
6486981.0667,2097628.8,15490.133333
6487060.0,2097632.0,15520.0
6487060.0,2097632.0,15520.0
6487060.0,2097632.0,15520.0
6487060.0,2097632.0,15520.0
6487060.0,2097632.0,15520.0
6487060.0,2097632.0,15520.0
6487060.0,2097632.0,15520.0
6487060.0,2097632.0,15520.0
6487060.0,2097632.0,15520.0
6487060.0,2097632.0,15520.0
6487060.0,2097632.0,15520.0
6486307.7333,2097680.5333,15762.666667
6486192.0,2097688.0,15800.0
6486192.0,2097688.0,15800.0
6486192.0,2097688.0,15800.0
6486192.0,2097688.0,15800.0
6484094.6667,2097712.2667,15890.133333
6483772.0,2097716.0,15904.0
6483772.0,2097716.0,15904.0
6486030.6667,2097719.7333,15963.733333
6486192.0,2097720.0,15968.0
6486192.0,2097720.0,15968.0
6486192.0,2097720.0,15968.0
6486192.0,2097720.0,15968.0
6486192.0,2097720.0,15968.0
6486192.0,2097720.0,15968.0
6486192.0,2097720.0,15968.0
6486192.0,2097720.0,15968.0
6486192.0,2097720.0,15968.0
6486192.0,2097720.0,15968.0
6486192.0,2097720.0,15968.0
6483989.3333,2097742.4,16221.866667
6483832.0,2097744.0,16240.0
6483832.0,2097744.0,16240.0
6483832.0,2097744.0,16240.0
6483832.0,2097744.0,16240.0
6483832.0,2097744.0,16240.0
6483832.0,2097744.0,16240.0
6483832.0,2097744.0,16240.0
6483832.0,2097744.0,16240.0
6483832.0,2097744.0,16240.0
6483832.0,2097744.0,16240.0
6483832.0,2097744.0,16240.0
6484612.0,2097768.2667,16503.466667
6484732.0,2097772.0,16544.0
6484732.0,2097772.0,16544.0
6484732.0,2097772.0,16544.0
6484732.0,2097772.0,16544.0
6484732.0,2097772.0,16544.0
6484732.0,2097772.0,16544.0
6484732.0,2097772.0,16544.0
6484732.0,2097772.0,16544.0
6484732.0,2097772.0,16544.0
6484732.0,2097772.0,16544.0
6484732.0,2097772.0,16544.0
6484159.2,2097788.0,16761.6
6484016.0,2097792.0,16816.0
6484016.0,2097792.0,16816.0
6484016.0,2097792.0,16816.0
6484016.0,2097792.0,16816.0
6484016.0,2097792.0,16816.0
6484016.0,2097792.0,16816.0
6484016.0,2097792.0,16816.0
6484016.0,2097792.0,16816.0
6484016.0,2097792.0,16816.0
6484016.0,2097792.0,16816.0
6484016.0,2097792.0,16816.0
6483329.0667,2097818.1333,17114.666667
6483280.0,2097820.0,17136.0
6483280.0,2097820.0,17136.0
6483280.0,2097820.0,17136.0
6483280.0,2097820.0,17136.0
6483280.0,2097820.0,17136.0
6483280.0,2097820.0,17136.0
6483280.0,2097820.0,17136.0
6483280.0,2097820.0,17136.0
6483280.0,2097820.0,17136.0
6483280.0,2097820.0,17136.0
6483280.0,2097820.0,17136.0
6483404.8,2097958.6667,17350.933333
6483424.0,2097980.0,17384.0
6483424.0,2097980.0,17384.0
6483424.0,2097980.0,17384.0
6483424.0,2097980.0,17384.0
6483424.0,2097980.0,17384.0
6483424.0,2097980.0,17384.0
6483424.0,2097980.0,17384.0
6483424.0,2097980.0,17384.0
6483424.0,2097980.0,17384.0
6483424.0,2097980.0,17384.0
6483424.0,2097980.0,17384.0
6483136.5333,2098009.8667,17660.266667
6483116.0,2098012.0,17680.0
6483116.0,2098012.0,17680.0
6483116.0,2098012.0,17680.0
6483116.0,2098012.0,17680.0
6483116.0,2098012.0,17680.0
6483116.0,2098012.0,17680.0
6483116.0,2098012.0,17680.0
6483116.0,2098012.0,17680.0
6483116.0,2098012.0,17680.0
6483116.0,2098012.0,17680.0
6483097.3333,2098013.0667,17698.666667
6482836.0,2098028.0,17960.0
6482836.0,2098028.0,17960.0
6482836.0,2098028.0,17960.0
6482836.0,2098028.0,17960.0
6482836.0,2098028.0,17960.0
6482836.0,2098028.0,17960.0
6482836.0,2098028.0,17960.0
6482836.0,2098028.0,17960.0
6482836.0,2098028.0,17960.0
6482836.0,2098028.0,17960.0
6482836.0,2098028.0,17960.0
6482833.8667,2098045.0667,18122.133333
6482833.8667,2098045.0667,18122.133333
6482832.0,2098060.0,18264.0
6482832.0,2098060.0,18264.0
6482832.0,2098060.0,18264.0
6482832.0,2098060.0,18264.0
6482832.0,2098060.0,18264.0
6482832.0,2098060.0,18264.0
6482832.0,2098060.0,18264.0
6472024.0,2105148.0,19944.0
6472024.0,2105148.0,19944.0
6472024.0,2105148.0,19944.0
6472024.0,2105148.0,19944.0
6472024.0,2105148.0,19944.0
6472024.0,2105148.0,19944.0
6472024.0,2105148.0,19944.0
6472024.0,2105148.0,19944.0
6472024.0,2105148.0,19944.0
6472024.0,2105148.0,19944.0
6605292.0,2105344.0,20736.0
6605292.0,2105344.0,20736.0
6817033.8667,2105344.0,20770.133333
6817033.8667,2105344.0,20770.133333
7002308.0,2105344.0,20800.0
7002308.0,2105344.0,20800.0
7002308.0,2105344.0,20800.0
7002308.0,2105344.0,20800.0
7002308.0,2105344.0,20800.0
7002308.0,2105344.0,20800.0
7002308.0,2105344.0,20800.0
7002308.0,2105344.0,20800.0
7002308.0,2105344.0,20800.0
7002308.0,2105344.0,20800.0
7002308.0,2105344.0,20800.0
7002882.9333,2105381.3333,21031.466667
7001927.2,2105395.2,21107.733333
7001856.0,2105396.0,21112.0
7001856.0,2105396.0,21112.0
7003218.6667,2105388.5333,21171.733333
7003316.0,2105388.0,21176.0
7003316.0,2105388.0,21176.0
7003316.0,2105388.0,21176.0
7003316.0,2105388.0,21176.0
7003316.0,2105388.0,21176.0
7003316.0,2105388.0,21176.0
7003316.0,2105388.0,21176.0
7003316.0,2105388.0,21176.0
7003316.0,2105388.0,21176.0
7003316.0,2105388.0,21176.0
7003316.0,2105388.0,21176.0
7002420.0,2105402.9333,21407.466667
7002356.0,2105404.0,21424.0
7002356.0,2105404.0,21424.0
7002356.0,2105404.0,21424.0
7002356.0,2105404.0,21424.0
7002356.0,2105404.0,21424.0
7002356.0,2105404.0,21424.0
7002356.0,2105404.0,21424.0
7002356.0,2105404.0,21424.0
7002356.0,2105404.0,21424.0
7002356.0,2105404.0,21424.0
7002356.0,2105404.0,21424.0
7001725.6,2105432.8,21673.6
7001568.0,2105440.0,21736.0
7001568.0,2105440.0,21736.0
7001568.0,2105440.0,21736.0
7001568.0,2105440.0,21736.0
7001568.0,2105440.0,21736.0
7001568.0,2105440.0,21736.0
7001568.0,2105440.0,21736.0
7001568.0,2105440.0,21736.0
7001568.0,2105440.0,21736.0
7001568.0,2105440.0,21736.0
7001568.0,2105440.0,21736.0
7001696.0,2105468.8,21934.4
7001728.0,2105476.0,21984.0
7001728.0,2105476.0,21984.0
7001728.0,2105476.0,21984.0
7001728.0,2105476.0,21984.0
7001728.0,2105476.0,21984.0
7001728.0,2105476.0,21984.0
7001728.0,2105476.0,21984.0
7001728.0,2105476.0,21984.0
7001728.0,2105476.0,21984.0
7001728.0,2105476.0,21984.0
7001728.0,2105476.0,21984.0
7000812.8,2105503.7333,22209.333333
7000672.0,2105508.0,22244.0
7000672.0,2105508.0,22244.0
7000672.0,2105508.0,22244.0
7000672.0,2105508.0,22244.0
7000672.0,2105508.0,22244.0
7000672.0,2105508.0,22244.0
7000672.0,2105508.0,22244.0
7000672.0,2105508.0,22244.0
7000672.0,2105508.0,22244.0
7000672.0,2105508.0,22244.0
7000672.0,2105508.0,22244.0
7001101.8667,2105525.3333,22417.333333
7001168.0,2105528.0,22444.0
7001168.0,2105528.0,22444.0
7001168.0,2105528.0,22444.0
7001168.0,2105528.0,22444.0
7001168.0,2105528.0,22444.0
7001168.0,2105528.0,22444.0
7001168.0,2105528.0,22444.0
7001168.0,2105528.0,22444.0
7001168.0,2105528.0,22444.0
7001168.0,2105528.0,22444.0
7001168.0,2105528.0,22444.0
7000963.4667,2105559.2,22655.466667
7000932.0,2105564.0,22688.0
7000932.0,2105564.0,22688.0
7000932.0,2105564.0,22688.0
7000932.0,2105564.0,22688.0
7000932.0,2105564.0,22688.0
7000932.0,2105564.0,22688.0
7000932.0,2105564.0,22688.0
7000932.0,2105564.0,22688.0
7000932.0,2105564.0,22688.0
7000932.0,2105564.0,22688.0
7000932.0,2105564.0,22688.0
7000407.2,2105573.6,22854.4
7000276.0,2105576.0,22896.0
7000276.0,2105576.0,22896.0
7000276.0,2105576.0,22896.0
6998916.0,2105579.2,22969.6
6998576.0,2105580.0,22988.0
6998576.0,2105580.0,22988.0
7000007.4667,2105591.7333,23017.333333
7000528.0,2105596.0,23028.0
7000528.0,2105596.0,23028.0
7000528.0,2105596.0,23028.0
7000528.0,2105596.0,23028.0
7000528.0,2105596.0,23028.0
7000528.0,2105596.0,23028.0
7000528.0,2105596.0,23028.0
7000528.0,2105596.0,23028.0
7000528.0,2105596.0,23028.0
7000528.0,2105596.0,23028.0
7000528.0,2105596.0,23028.0
7000275.7333,2105610.6667,23174.666667
7000184.0,2105616.0,23228.0
7000184.0,2105616.0,23228.0
7000184.0,2105616.0,23228.0
7000184.0,2105616.0,23228.0
7000184.0,2105616.0,23228.0
7000184.0,2105616.0,23228.0
7000184.0,2105616.0,23228.0
7000184.0,2105616.0,23228.0
7000184.0,2105616.0,23228.0
7000184.0,2105616.0,23228.0
7000184.0,2105616.0,23228.0
7000184.0,2105640.2667,23429.066667
7000184.0,2105644.0,23460.0
7000184.0,2105644.0,23460.0
7000184.0,2105644.0,23460.0
7000184.0,2105644.0,23460.0
7000184.0,2105644.0,23460.0
7000184.0,2105644.0,23460.0
7000184.0,2105644.0,23460.0
7000184.0,2105644.0,23460.0
7000184.0,2105644.0,23460.0
7000184.0,2105644.0,23460.0
7000184.0,2105644.0,23460.0
6999941.3333,2105668.2667,23609.066667
6999904.0,2105672.0,23632.0
6999904.0,2105672.0,23632.0
6999904.0,2105672.0,23632.0
6999904.0,2105672.0,23632.0
6999904.0,2105672.0,23632.0
6999904.0,2105672.0,23632.0
6999904.0,2105672.0,23632.0
6999904.0,2105672.0,23632.0
7153388.8,2105691.2,23750.4
7191760.0,2105696.0,23780.0
7191760.0,2105696.0,23780.0
7484550.4,2105705.6,23815.2
7557748.0,2105708.0,23824.0
7557748.0,2105708.0,23824.0
7557748.0,2105708.0,23824.0
7557748.0,2105708.0,23824.0
7557748.0,2105708.0,23824.0
7557748.0,2105708.0,23824.0
7557748.0,2105708.0,23824.0
7557748.0,2105708.0,23824.0
7557748.0,2105708.0,23824.0
7557748.0,2105708.0,23824.0
7557748.0,2105708.0,23824.0
7556549.6,2105737.8667,23980.8
7556464.0,2105740.0,23992.0
7556464.0,2105740.0,23992.0
7556464.0,2105740.0,23992.0
7556464.0,2105740.0,23992.0
7556464.0,2105740.0,23992.0
7556464.0,2105740.0,23992.0
7556464.0,2105740.0,23992.0
7556464.0,2105740.0,23992.0
7556464.0,2105740.0,23992.0
7556464.0,2105740.0,23992.0
7556464.0,2105740.0,23992.0
7555980.0,2105880.0,24224.0
7555980.0,2105880.0,24224.0
7555980.0,2105880.0,24224.0
7555980.0,2105880.0,24224.0
7555980.0,2105880.0,24224.0
7555980.0,2105880.0,24224.0
7555980.0,2105880.0,24224.0
7555980.0,2105880.0,24224.0
7555980.0,2105880.0,24224.0
7555980.0,2105880.0,24224.0
7555980.0,2105880.0,24224.0
7555980.0,2105880.0,24224.0
7556508.0,2105892.0,24412.0
7556508.0,2105892.0,24412.0
7556508.0,2105892.0,24412.0
7556508.0,2105892.0,24412.0
7556508.0,2105892.0,24412.0
7556508.0,2105892.0,24412.0
7556508.0,2105892.0,24412.0
7556508.0,2105892.0,24412.0
7556508.0,2105892.0,24412.0
7554656.2667,2105914.4,24594.933333
7554524.0,2105916.0,24608.0
7554524.0,2105916.0,24608.0
7555608.0,2105928.0,24660.0
7555608.0,2105928.0,24660.0
7555608.0,2105928.0,24660.0
7555608.0,2105928.0,24660.0
7555608.0,2105928.0,24660.0
7555608.0,2105928.0,24660.0
7555608.0,2105928.0,24660.0
7555608.0,2105928.0,24660.0
7555608.0,2105928.0,24660.0
7555608.0,2105928.0,24660.0
7555608.0,2105928.0,24660.0
7555608.0,2105928.0,24660.0
7555826.4,2105945.3333,24829.866667
7555860.0,2105948.0,24856.0
7555860.0,2105948.0,24856.0
7555860.0,2105948.0,24856.0
7555860.0,2105948.0,24856.0
7555860.0,2105948.0,24856.0
7555860.0,2105948.0,24856.0
7555860.0,2105948.0,24856.0
7555860.0,2105948.0,24856.0
7555860.0,2105948.0,24856.0
7555860.0,2105948.0,24856.0
7555860.0,2105948.0,24856.0
7554990.6667,2105972.0,25016.0
7554556.0,2105984.0,25096.0
7554556.0,2105984.0,25096.0
7554556.0,2105984.0,25096.0
7554556.0,2105984.0,25096.0
7554556.0,2105984.0,25096.0
7554556.0,2105984.0,25096.0
7554556.0,2105984.0,25096.0
7554556.0,2105984.0,25096.0
7554556.0,2105984.0,25096.0
7554556.0,2105984.0,25096.0
7554556.0,2105984.0,25096.0
7555079.2,2105998.4,25211.2
7555428.0,2106008.0,25288.0
7555428.0,2106008.0,25288.0
7555428.0,2106008.0,25288.0
7555428.0,2106008.0,25288.0
7555428.0,2106008.0,25288.0
7555428.0,2106008.0,25288.0
7555428.0,2106008.0,25288.0
7555428.0,2106008.0,25288.0
7555428.0,2106008.0,25288.0
7555428.0,2106008.0,25288.0
7555428.0,2106008.0,25288.0
7555179.7333,2106015.4667,25398.133333
7554896.0,2106024.0,25524.0
7554896.0,2106024.0,25524.0
7554896.0,2106024.0,25524.0
7554896.0,2106024.0,25524.0
7554896.0,2106024.0,25524.0
7554896.0,2106024.0,25524.0
7554896.0,2106024.0,25524.0
7554896.0,2106024.0,25524.0
7554896.0,2106024.0,25524.0
7554896.0,2106024.0,25524.0
7554896.0,2106024.0,25524.0
7554690.6667,2106041.6,25650.133333
7554616.0,2106048.0,25696.0
7554616.0,2106048.0,25696.0
7554616.0,2106048.0,25696.0
7554616.0,2106048.0,25696.0
7554616.0,2106048.0,25696.0
7554616.0,2106048.0,25696.0
7554616.0,2106048.0,25696.0
7554616.0,2106048.0,25696.0
7554616.0,2106048.0,25696.0
7554616.0,2106048.0,25696.0
7554616.0,2106048.0,25696.0
7554456.5333,2106197.0667,25904.0
7554432.0,2106220.0,25936.0
7554432.0,2106220.0,25936.0
7554432.0,2106220.0,25936.0
7554432.0,2106220.0,25936.0
7554432.0,2106220.0,25936.0
7554432.0,2106220.0,25936.0
7554432.0,2106220.0,25936.0
7554432.0,2106220.0,25936.0
7554432.0,2106220.0,25936.0
7554432.0,2106220.0,25936.0
7554260.2667,2106231.2,26096.533333
7554248.0,2106232.0,26108.0
7554248.0,2106232.0,26108.0
7554248.0,2106232.0,26108.0
7554248.0,2106232.0,26108.0
7554248.0,2106232.0,26108.0
7554248.0,2106232.0,26108.0
7554248.0,2106232.0,26108.0
7554248.0,2106232.0,26108.0
7554248.0,2106232.0,26108.0
7554248.0,2106232.0,26108.0
7554248.0,2106232.0,26108.0
7553579.7333,2106273.0667,26264.8
7553532.0,2106276.0,26276.0
7553532.0,2106276.0,26276.0
7553532.0,2106276.0,26276.0
7553532.0,2106276.0,26276.0
7553532.0,2106276.0,26276.0
7553532.0,2106276.0,26276.0
7553532.0,2106276.0,26276.0
7553532.0,2106276.0,26276.0
7703486.1333,2106307.2,26386.933333
7726556.0,2106312.0,26404.0
7726556.0,2106312.0,26404.0
8029127.7333,2106319.4667,26448.8
8050740.0,2106320.0,26452.0
8050740.0,2106320.0,26452.0
8050740.0,2106320.0,26452.0
8050740.0,2106320.0,26452.0
8050740.0,2106320.0,26452.0
8050740.0,2106320.0,26452.0
8050740.0,2106320.0,26452.0
8050740.0,2106320.0,26452.0
8050740.0,2106320.0,26452.0
8050740.0,2106320.0,26452.0
8050740.0,2106320.0,26452.0
8051090.9333,2106357.3333,26597.6
8051116.0,2106360.0,26608.0
8051116.0,2106360.0,26608.0
8051116.0,2106360.0,26608.0
8051116.0,2106360.0,26608.0
8051116.0,2106360.0,26608.0
8051116.0,2106360.0,26608.0
8051116.0,2106360.0,26608.0
8051116.0,2106360.0,26608.0
8051116.0,2106360.0,26608.0
8051116.0,2106360.0,26608.0
8051116.0,2106360.0,26608.0
8050738.9333,2106498.1333,26779.733333
8050712.0,2106508.0,26792.0
8050712.0,2106508.0,26792.0
8050712.0,2106508.0,26792.0
8050712.0,2106508.0,26792.0
8050712.0,2106508.0,26792.0
8050712.0,2106508.0,26792.0
8050712.0,2106508.0,26792.0
8050712.0,2106508.0,26792.0
8050712.0,2106508.0,26792.0
8050712.0,2106508.0,26792.0
8050709.8667,2106509.6,26804.266667
8050680.0,2106532.0,26976.0
8050680.0,2106532.0,26976.0
8050680.0,2106532.0,26976.0
8050680.0,2106532.0,26976.0
8050680.0,2106532.0,26976.0
8050680.0,2106532.0,26976.0
8050713.0667,2106533.3333,26984.0
8051176.0,2106552.0,27096.0
8051176.0,2106552.0,27096.0
8051176.0,2106552.0,27096.0
8051176.0,2106552.0,27096.0
8051176.0,2106552.0,27096.0
8051176.0,2106552.0,27096.0
8051176.0,2106552.0,27096.0
8051176.0,2106552.0,27096.0
8051176.0,2106552.0,27096.0
8051176.0,2106552.0,27096.0
8051176.0,2106552.0,27096.0
8051089.0667,2106555.2,27122.666667
8050524.0,2106576.0,27296.0
8050524.0,2106576.0,27296.0
8050524.0,2106576.0,27296.0
8050524.0,2106576.0,27296.0
8050524.0,2106576.0,27296.0
8050524.0,2106576.0,27296.0
8050524.0,2106576.0,27296.0
8050524.0,2106576.0,27296.0
8050524.0,2106576.0,27296.0
8050524.0,2106576.0,27296.0
8050524.0,2106576.0,27296.0
8050206.6667,2106609.6,27478.933333
8050184.0,2106612.0,27492.0
8050184.0,2106612.0,27492.0
8050184.0,2106612.0,27492.0
8050184.0,2106612.0,27492.0
8050184.0,2106612.0,27492.0
8050184.0,2106612.0,27492.0
8050184.0,2106612.0,27492.0
8050184.0,2106612.0,27492.0
8050184.0,2106612.0,27492.0
8050184.0,2106612.0,27492.0
8050184.0,2106612.0,27492.0
8051341.3333,2106641.8667,27667.466667
8051424.0,2106644.0,27680.0
8051424.0,2106644.0,27680.0
8051424.0,2106644.0,27680.0
8051424.0,2106644.0,27680.0
8051424.0,2106644.0,27680.0
8051424.0,2106644.0,27680.0
8051424.0,2106644.0,27680.0
8051424.0,2106644.0,27680.0
8051251.7333,2106670.6667,27700.8
8050132.0,2106844.0,27836.0
8050132.0,2106844.0,27836.0
8049880.8,2106845.0667,27842.4
8048248.0,2106852.0,27884.0
8048458.6667,2106852.5333,27890.933333
8049828.0,2106856.0,27936.0
8049828.0,2106856.0,27936.0
8049828.0,2106856.0,27936.0
8049828.0,2106856.0,27936.0
8049828.0,2106856.0,27936.0
8049828.0,2106856.0,27936.0
8049828.0,2106856.0,27936.0
8049828.0,2106856.0,27936.0
8049828.0,2106856.0,27936.0
8049828.0,2106856.0,27936.0
8049828.0,2106856.0,27936.0
8049733.3333,2106862.6667,27998.666667
8049544.0,2106876.0,28124.0
8049544.0,2106876.0,28124.0
8049544.0,2106876.0,28124.0
8049544.0,2106876.0,28124.0
8049544.0,2106876.0,28124.0
8049544.0,2106876.0,28124.0
8049544.0,2106876.0,28124.0
8049544.0,2106876.0,28124.0
8049544.0,2106876.0,28124.0
8049544.0,2106876.0,28124.0
8049544.0,2106876.0,28124.0
8049531.2,2106882.4,28168.0
8049480.0,2106908.0,28344.0
8049480.0,2106908.0,28344.0
8049480.0,2106908.0,28344.0
8049480.0,2106908.0,28344.0
8049480.0,2106908.0,28344.0
8049480.0,2106908.0,28344.0
8049480.0,2106908.0,28344.0
8049480.0,2106908.0,28344.0
8049480.0,2106908.0,28344.0
8049480.0,2106908.0,28344.0
8049480.0,2106908.0,28344.0
8049256.0,2106911.2,28379.2
8048360.0,2106924.0,28520.0
8048360.0,2106924.0,28520.0
8048360.0,2106924.0,28520.0
8048360.0,2106924.0,28520.0
8048360.0,2106924.0,28520.0
8048360.0,2106924.0,28520.0
8048360.0,2106924.0,28520.0
8048360.0,2106924.0,28520.0
8048360.0,2106924.0,28520.0
8048360.0,2106924.0,28520.0
8048360.0,2106924.0,28520.0
8048242.4,2106928.0,28567.2
8047772.0,2106944.0,28756.0
8047772.0,2106944.0,28756.0
8047772.0,2106944.0,28756.0
8047772.0,2106944.0,28756.0
8047772.0,2106944.0,28756.0
8047772.0,2106944.0,28756.0
8047772.0,2106944.0,28756.0
8047772.0,2106944.0,28756.0
8047772.0,2106944.0,28756.0
8047772.0,2106944.0,28756.0
8047772.0,2106944.0,28756.0
8047828.0,2106951.2,28788.8
8048052.0,2106980.0,28920.0
8159880.8,2106980.0,28932.0
8607196.0,2106980.0,28980.0
8607196.0,2106980.0,28980.0
8607196.0,2106980.0,28980.0
8607196.0,2106980.0,28980.0
8607196.0,2106980.0,28980.0
8607196.0,2106980.0,28980.0
8607196.0,2106980.0,28980.0
8607196.0,2106980.0,28980.0
8607196.0,2106980.0,28980.0
8607196.0,2106980.0,28980.0
8607196.0,2106980.0,28980.0
8607185.3333,2106986.6667,29037.333333
8607164.0,2107000.0,29152.0
8607164.0,2107000.0,29152.0
8607164.0,2107000.0,29152.0
8607164.0,2107000.0,29152.0
8607164.0,2107000.0,29152.0
8607164.0,2107000.0,29152.0
8607164.0,2107000.0,29152.0
8607164.0,2107000.0,29152.0
8607164.0,2107000.0,29152.0
8607164.0,2107000.0,29152.0
8607164.0,2107000.0,29152.0
8607028.0,2107009.6,29243.2
8606824.0,2107024.0,29380.0
8606824.0,2107024.0,29380.0
8606824.0,2107024.0,29380.0
8606824.0,2107024.0,29380.0
8606824.0,2107024.0,29380.0
8606824.0,2107024.0,29380.0
8606824.0,2107024.0,29380.0
8606824.0,2107024.0,29380.0
8606824.0,2107024.0,29380.0
8606824.0,2107024.0,29380.0
8606824.0,2107024.0,29380.0
8606804.0,2107036.0,29440.0
8606764.0,2107060.0,29560.0
8606764.0,2107060.0,29560.0
8606764.0,2107060.0,29560.0
8606764.0,2107060.0,29560.0
8606764.0,2107060.0,29560.0
8606764.0,2107060.0,29560.0
8606764.0,2107060.0,29560.0
8606764.0,2107060.0,29560.0
8606620.8,2107064.0,29596.0
8606048.0,2107080.0,29740.0
8606048.0,2107080.0,29740.0
8606048.0,2107080.0,29740.0
8606048.0,2107080.0,29740.0
8606048.0,2107080.0,29740.0
8606048.0,2107080.0,29740.0
8606048.0,2107080.0,29740.0
8606048.0,2107080.0,29740.0
8606048.0,2107080.0,29740.0
8606048.0,2107080.0,29740.0
8606048.0,2107080.0,29740.0
8606048.0,2107080.0,29740.0
8607228.0,2107096.0,29944.0
8607228.0,2107096.0,29944.0
8607228.0,2107096.0,29944.0
8607228.0,2107096.0,29944.0
8607228.0,2107096.0,29944.0
8607228.0,2107096.0,29944.0
8607228.0,2107096.0,29944.0
8607228.0,2107096.0,29944.0
8607228.0,2107096.0,29944.0
8607228.0,2107096.0,29944.0
8607228.0,2107096.0,29944.0
8607228.0,2107096.0,29944.0
8606929.8667,2107137.6,30127.733333
8606884.0,2107144.0,30156.0
8606884.0,2107144.0,30156.0
8606884.0,2107144.0,30156.0
8606884.0,2107144.0,30156.0
8606884.0,2107144.0,30156.0
8606884.0,2107144.0,30156.0
8606884.0,2107144.0,30156.0
8606884.0,2107144.0,30156.0
8606884.0,2107144.0,30156.0
8606884.0,2107144.0,30156.0
8606884.0,2107144.0,30156.0
8606589.0667,2107155.2,30316.533333
8606568.0,2107156.0,30328.0
8606568.0,2107156.0,30328.0
8606568.0,2107156.0,30328.0
8606568.0,2107156.0,30328.0
8606568.0,2107156.0,30328.0
8606568.0,2107156.0,30328.0
8606568.0,2107156.0,30328.0
8606568.0,2107156.0,30328.0
8606568.0,2107156.0,30328.0
8606568.0,2107156.0,30328.0
8606568.0,2107156.0,30328.0
8606149.8667,2107204.5333,30537.066667
8606120.0,2107208.0,30552.0
8606120.0,2107208.0,30552.0
8606120.0,2107208.0,30552.0
8606120.0,2107208.0,30552.0
8606120.0,2107208.0,30552.0
8606120.0,2107208.0,30552.0
8605008.5333,2107212.2667,30624.533333
8605008.5333,2107212.2667,30624.533333
8604036.0,2107216.0,30688.0
8604036.0,2107216.0,30688.0
8606100.0,2107228.0,30744.0
8606100.0,2107228.0,30744.0
8606100.0,2107228.0,30744.0
8606100.0,2107228.0,30744.0
8606100.0,2107228.0,30744.0
8606100.0,2107228.0,30744.0
8606100.0,2107228.0,30744.0
8606100.0,2107228.0,30744.0
8606100.0,2107228.0,30744.0
8606100.0,2107228.0,30744.0
8606100.0,2107228.0,30744.0
8606100.0,2107228.0,30744.0
8606516.0,2107244.0,30928.0
8606516.0,2107244.0,30928.0
8606516.0,2107244.0,30928.0
8606516.0,2107244.0,30928.0
8606516.0,2107244.0,30928.0
8606516.0,2107244.0,30928.0
8605212.0,2107260.0,31052.0
8605212.0,2107260.0,31052.0
8605212.0,2107260.0,31052.0
8605212.0,2107260.0,31052.0
8605212.0,2107260.0,31052.0
8605212.0,2107260.0,31052.0
8605212.0,2107260.0,31052.0
8605212.0,2107260.0,31052.0
8605212.0,2107260.0,31052.0
8605212.0,2107260.0,31052.0
8605212.0,2107260.0,31052.0
8605212.0,2107260.0,31052.0
8605254.4,2107267.2,31088.8
8605424.0,2107296.0,31236.0
8605424.0,2107296.0,31236.0
8605424.0,2107296.0,31236.0
8605424.0,2107296.0,31236.0
8605424.0,2107296.0,31236.0
8605129.6,2107297.0667,31253.066667
8603216.0,2107304.0,31364.0
8603216.0,2107304.0,31364.0
8603756.8,2107308.2667,31370.4
8605244.0,2107320.0,31388.0
8605244.0,2107320.0,31388.0
8605244.0,2107320.0,31388.0
8605244.0,2107320.0,31388.0
8605244.0,2107320.0,31388.0
8605244.0,2107320.0,31388.0
8605244.0,2107320.0,31388.0
8605244.0,2107320.0,31388.0
8605244.0,2107320.0,31388.0
8664398.1333,2107320.5333,31416.8
9048900.0,2107324.0,31604.0
9048900.0,2107324.0,31604.0
9048900.0,2107324.0,31604.0
9048900.0,2107324.0,31604.0
9048900.0,2107324.0,31604.0
9048900.0,2107324.0,31604.0
9048900.0,2107324.0,31604.0
9048900.0,2107324.0,31604.0
9048900.0,2107324.0,31604.0
9048900.0,2107324.0,31604.0
9048900.0,2107324.0,31604.0
9049009.3333,2107328.2667,31630.666667
9049720.0,2107356.0,31804.0
9049720.0,2107356.0,31804.0
9049720.0,2107356.0,31804.0
9049720.0,2107356.0,31804.0
9049720.0,2107356.0,31804.0
9049720.0,2107356.0,31804.0
9049720.0,2107356.0,31804.0
9049720.0,2107356.0,31804.0
9049720.0,2107356.0,31804.0
9049720.0,2107356.0,31804.0
9049720.0,2107356.0,31804.0
9049722.1333,2107366.1333,31818.4
9049752.0,2107508.0,32020.0
9049752.0,2107508.0,32020.0
9049752.0,2107508.0,32020.0
9049752.0,2107508.0,32020.0
9049752.0,2107508.0,32020.0
9049752.0,2107508.0,32020.0
9049752.0,2107508.0,32020.0
9049752.0,2107508.0,32020.0
9049752.0,2107508.0,32020.0
9049752.0,2107508.0,32020.0
9049752.0,2107508.0,32020.0
9049752.0,2107508.0,32020.0
9049388.2667,2107517.6,32065.866667
9048388.0,2107544.0,32192.0
9048388.0,2107544.0,32192.0
9048388.0,2107544.0,32192.0
9048388.0,2107544.0,32192.0
9048388.0,2107544.0,32192.0
9048388.0,2107544.0,32192.0
9048388.0,2107544.0,32192.0
9048388.0,2107544.0,32192.0
9048388.0,2107544.0,32192.0
9048388.0,2107544.0,32192.0
9048388.0,2107544.0,32192.0
9048409.6,2107547.2,32239.2
9048496.0,2107560.0,32428.0
9048065.6,2107561.6,32438.4
9046344.0,2107568.0,32480.0
9046344.0,2107568.0,32480.0
9046651.7333,2107569.0667,32485.333333
9048652.0,2107576.0,32520.0
9048652.0,2107576.0,32520.0
9048652.0,2107576.0,32520.0
9048652.0,2107576.0,32520.0
9048652.0,2107576.0,32520.0
9048652.0,2107576.0,32520.0
9048652.0,2107576.0,32520.0
9048652.0,2107576.0,32520.0
9048652.0,2107576.0,32520.0
9048652.0,2107576.0,32520.0
9048652.0,2107576.0,32520.0
9048630.4,2107579.2,32553.6
9048544.0,2107592.0,32688.0
9048544.0,2107592.0,32688.0
9048544.0,2107592.0,32688.0
9048544.0,2107592.0,32688.0
9048544.0,2107592.0,32688.0
9048544.0,2107592.0,32688.0
9048544.0,2107592.0,32688.0
9048544.0,2107592.0,32688.0
9048544.0,2107592.0,32688.0
9048544.0,2107592.0,32688.0
9048544.0,2107592.0,32688.0
9048458.6667,2107595.7333,32716.266667
9047904.0,2107620.0,32900.0
9047904.0,2107620.0,32900.0
9047904.0,2107620.0,32900.0
9047904.0,2107620.0,32900.0
9047904.0,2107620.0,32900.0
9047904.0,2107620.0,32900.0
9047904.0,2107620.0,32900.0
9047904.0,2107620.0,32900.0
9047904.0,2107620.0,32900.0
9047904.0,2107620.0,32900.0
9047904.0,2107620.0,32900.0
9047947.2,2107625.6,32938.4
9048120.0,2107648.0,33092.0
9048120.0,2107648.0,33092.0
9048120.0,2107648.0,33092.0
9048120.0,2107648.0,33092.0
9048120.0,2107648.0,33092.0
9048120.0,2107648.0,33092.0
9048120.0,2107648.0,33092.0
9048120.0,2107648.0,33092.0
9048120.0,2107648.0,33092.0
9048120.0,2107648.0,33092.0
9048120.0,2107648.0,33092.0
9048047.7333,2107650.6667,33108.533333
9047036.0,2107688.0,33340.0
9047036.0,2107688.0,33340.0
9047036.0,2107688.0,33340.0
9047036.0,2107688.0,33340.0
9047036.0,2107688.0,33340.0
9047036.0,2107688.0,33340.0
9047036.0,2107688.0,33340.0
9047036.0,2107688.0,33340.0
9047036.0,2107688.0,33340.0
9047036.0,2107688.0,33340.0
9047036.0,2107688.0,33340.0
9047036.0,2107688.0,33340.0
9047036.0,2107708.0,33532.0
9047036.0,2107708.0,33532.0
9047036.0,2107708.0,33532.0
9047036.0,2107708.0,33532.0
9046976.0,2107720.0,33620.0
9046976.0,2107720.0,33620.0
9046976.0,2107720.0,33620.0
9046976.0,2107720.0,33620.0
9046976.0,2107720.0,33620.0
9046976.0,2107720.0,33620.0
9046976.0,2107720.0,33620.0
9046976.0,2107720.0,33620.0
9046976.0,2107720.0,33620.0
9046976.0,2107720.0,33620.0
9046976.0,2107720.0,33620.0
9046976.0,2107720.0,33620.0
9046733.3333,2107740.8,33776.0
9047625.0667,2107740.5333,33831.2
9047768.0,2107740.0,33836.0
9047768.0,2107740.0,33836.0
9047768.0,2107740.0,33836.0
9047768.0,2107740.0,33836.0
9047768.0,2107740.0,33836.0
9047768.0,2107740.0,33836.0
9047768.0,2107740.0,33836.0
9047768.0,2107740.0,33836.0
9047768.0,2107740.0,33836.0
9047768.0,2107740.0,33836.0
9047768.0,2107740.0,33836.0
9047240.0,2107756.0,33960.0
9047240.0,2107756.0,33960.0
9047240.0,2107756.0,33960.0
9047240.0,2107756.0,33960.0
9047240.0,2107756.0,33960.0
9047240.0,2107756.0,33960.0
9047240.0,2107756.0,33960.0
9047240.0,2107756.0,33960.0
9047240.0,2107756.0,33960.0
9131507.7333,2107776.8,34088.266667
9144472.0,2107780.0,34108.0
9144472.0,2107780.0,34108.0
9431969.6,2107780.0,34132.266667
9476200.0,2107780.0,34136.0
9476200.0,2107780.0,34136.0
9476200.0,2107780.0,34136.0
9476200.0,2107780.0,34136.0
9476200.0,2107780.0,34136.0
9476200.0,2107780.0,34136.0
9476200.0,2107780.0,34136.0
9476200.0,2107780.0,34136.0
9476200.0,2107780.0,34136.0
9476200.0,2107780.0,34136.0
9476200.0,2107780.0,34136.0
9476279.7333,2107818.1333,34257.333333
9476292.0,2107824.0,34276.0
9476292.0,2107824.0,34276.0
9476292.0,2107824.0,34276.0
9476292.0,2107824.0,34276.0
9476292.0,2107824.0,34276.0
9476292.0,2107824.0,34276.0
9476292.0,2107824.0,34276.0
9476292.0,2107824.0,34276.0
9476292.0,2107824.0,34276.0
9476292.0,2107824.0,34276.0
9476292.0,2107824.0,34276.0
9476743.2,2107840.0,34410.4
9476856.0,2107844.0,34444.0
9476856.0,2107844.0,34444.0
9476856.0,2107844.0,34444.0
9476856.0,2107844.0,34444.0
9476856.0,2107844.0,34444.0
9476856.0,2107844.0,34444.0
9476856.0,2107844.0,34444.0
9477275.2,2107856.8,34511.2
9477380.0,2107860.0,34528.0
9477380.0,2107860.0,34528.0
9476061.6,2107866.4,34544.0
9475732.0,2107868.0,34548.0
9477024.8,2107874.4,34583.2
9477348.0,2107876.0,34592.0
9477348.0,2107876.0,34592.0
9477348.0,2107876.0,34592.0
9477348.0,2107876.0,34592.0
9477348.0,2107876.0,34592.0
9477348.0,2107876.0,34592.0
9477348.0,2107876.0,34592.0
9477348.0,2107876.0,34592.0
9477348.0,2107876.0,34592.0
9477348.0,2107876.0,34592.0
9477348.0,2107876.0,34592.0
9476881.6,2107905.3333,34697.6
9476712.0,2107916.0,34736.0
9476712.0,2107916.0,34736.0
9476712.0,2107916.0,34736.0
9476712.0,2107916.0,34736.0
9476712.0,2107916.0,34736.0
9476712.0,2107916.0,34736.0
9476712.0,2107916.0,34736.0
9476712.0,2107916.0,34736.0
9476712.0,2107916.0,34736.0
9476712.0,2107916.0,34736.0
9476712.0,2107916.0,34736.0
9476282.1333,2107954.1333,34888.533333
9476216.0,2107960.0,34912.0
9476216.0,2107960.0,34912.0
9476216.0,2107960.0,34912.0
9476216.0,2107960.0,34912.0
9476216.0,2107960.0,34912.0
9476216.0,2107960.0,34912.0
9476216.0,2107960.0,34912.0
9476216.0,2107960.0,34912.0
9476216.0,2107960.0,34912.0
9476216.0,2107960.0,34912.0
9476216.0,2107960.0,34912.0
9476216.0,2107960.0,34912.0
9475716.0,2107980.0,35068.0
9475716.0,2107980.0,35068.0
9475716.0,2107980.0,35068.0
9475716.0,2107980.0,35068.0
9475716.0,2107980.0,35068.0
9475716.0,2107980.0,35068.0
9475716.0,2107980.0,35068.0
9475716.0,2107980.0,35068.0
9475716.0,2107980.0,35068.0
9475716.0,2107980.0,35068.0
9475716.0,2107980.0,35068.0
9475696.0,2107982.4,35076.533333
9475416.0,2108016.0,35196.0
9475416.0,2108016.0,35196.0
9475416.0,2108016.0,35196.0
9475416.0,2108016.0,35196.0
9475416.0,2108016.0,35196.0
9475416.0,2108016.0,35196.0
9475416.0,2108016.0,35196.0
9475416.0,2108016.0,35196.0
9475416.0,2108016.0,35196.0
9475416.0,2108016.0,35196.0
9473848.0,2108172.0,35312.0
9473848.0,2108172.0,35312.0
9474502.9333,2108174.1333,35333.333333
9474502.9333,2108174.1333,35333.333333
9475076.0,2108176.0,35352.0
9475076.0,2108176.0,35352.0
9475076.0,2108176.0,35352.0
9475076.0,2108176.0,35352.0
9475076.0,2108176.0,35352.0
9475076.0,2108176.0,35352.0
9475093.8667,2108177.8667,35359.733333
9475344.0,2108204.0,35468.0
9475344.0,2108204.0,35468.0
9475344.0,2108204.0,35468.0
9475344.0,2108204.0,35468.0
9475344.0,2108204.0,35468.0
9475344.0,2108204.0,35468.0
9475344.0,2108204.0,35468.0
9475344.0,2108204.0,35468.0
9475344.0,2108204.0,35468.0
9475344.0,2108204.0,35468.0
9475344.0,2108204.0,35468.0
9475344.0,2108204.0,35468.0
9475403.7333,2108342.1333,35598.666667
9475408.0,2108352.0,35608.0
9475408.0,2108352.0,35608.0
9475408.0,2108352.0,35608.0
9475408.0,2108352.0,35608.0
9475408.0,2108352.0,35608.0
9475408.0,2108352.0,35608.0
9475408.0,2108352.0,35608.0
9475408.0,2108352.0,35608.0
9475408.0,2108352.0,35608.0
9475408.0,2108352.0,35608.0
9475437.0667,2108354.9333,35617.866667
9475844.0,2108396.0,35756.0
9475844.0,2108396.0,35756.0
9475620.5333,2108397.0667,35758.666667
9474168.0,2108404.0,35776.0
9474168.0,2108404.0,35776.0
9474168.0,2108404.0,35776.0
9474168.0,2108404.0,35776.0
9474168.0,2108404.0,35776.0
9474168.0,2108404.0,35776.0
9474168.0,2108404.0,35776.0
9474168.0,2108404.0,35776.0
9474168.0,2108404.0,35776.0
9474168.0,2108404.0,35776.0
9474168.0,2108404.0,35776.0
9474168.0,2108404.0,35776.0
9474132.0,2108424.0,35936.0
9474132.0,2108424.0,35936.0
9474132.0,2108424.0,35936.0
9474132.0,2108424.0,35936.0
9474132.0,2108424.0,35936.0
9474132.0,2108424.0,35936.0
9538022.6667,2108434.4,36026.133333
9547852.0,2108436.0,36040.0
9547852.0,2108436.0,36040.0
13510310.933,2102768.0,36074.666667
