vda,52.60,0.20,0.01,0,0
vda,5.80,0.02,0.00,0,0
vda,1.00,0.00,0.00,0,0
vda,0.00,0.00,0.00,0,0
vda,2.00,0.00,0.01,0,0
vda,1.00,0.00,0.00,0,0
vda,25.40,0.05,0.05,0,0
vda,45.60,0.06,0.15,0,0
vda,91.20,1.79,0.01,8,0
vda,19.20,0.53,0.02,2,0
vda,16.60,0.74,0.02,3,0
vda,33.60,0.42,0.02,2,0
vda,105.20,2.43,0.07,12,0
vda,94.40,9.26,0.01,46,0
vda,52.00,5.81,0.02,29,0
vda,35.80,0.00,0.14,0,0
vda,3.80,0.00,0.02,0,0
vda,27.00,0.00,0.93,0,4
vda,22.20,0.00,0.55,0,2
vda,0.00,0.00,0.00,0,0
vda,1.80,0.00,0.01,0,0
vda,2.00,0.00,0.01,0,0
vda,0.60,0.00,0.00,0,0
vda,39.80,0.00,0.16,0,0
vda,16.40,0.00,0.07,0,0
vda,0.80,0.00,0.00,0,0
vda,2.40,0.00,0.01,0,0
vda,2.60,0.00,0.01,0,0
vda,0.00,0.00,0.00,0,0
vda,1.20,0.00,0.01,0,0
vda,4.00,0.00,0.02,0,0
vda,1.00,0.00,0.00,0,0
vda,12.60,0.00,0.05,0,0
vda,30.20,0.00,0.13,0,0
vda,0.80,0.00,0.00,0,0
vda,26.80,0.00,0.11,0,0
vda,2.60,0.00,0.01,0,0
vda,25.80,0.00,0.10,0,0
vda,22.20,0.00,0.09,0,0
vda,2.00,0.00,0.01,0,0
vda,17.00,0.00,0.07,0,0
vda,10.20,0.00,0.04,0,0
vda,3.00,0.00,0.01,0,0
vda,1.80,0.00,0.01,0,0
vda,0.00,0.00,0.00,0,0
vda,8.80,0.00,0.04,0,0
vda,0.00,0.00,0.00,0,0
vda,17.20,0.00,0.07,0,0
vda,20.40,0.00,0.08,0,0
vda,0.00,0.00,0.00,0,0
vda,12.76,0.00,0.05,0,0
