vda,32.14,0.13,0.00,0,0
vda,2.60,0.00,0.01,0,0
vda,37.40,0.14,0.01,0,0
vda,72.60,0.53,0.01,2,0
vda,0.00,0.00,0.00,0,0
vda,3.60,0.00,0.02,0,0
vda,232.40,9.76,0.12,48,0
vda,50.00,5.82,0.01,29,0
vda,24.80,0.00,0.10,0,0
vda,0.00,0.00,0.00,0,0
vda,1.20,0.00,0.00,0,0
vda,13.20,0.05,0.00,0,0
vda,9.60,0.00,1.31,0,6
vda,21.00,0.00,0.08,0,0
vda,2.00,0.00,0.01,0,0
vda,0.00,0.00,0.00,0,0
vda,1.20,0.00,0.00,0,0
vda,35.00,0.00,0.14,0,0
vda,2.60,0.00,0.01,0,0
vda,9.80,0.00,0.04,0,0
vda,13.20,0.00,0.05,0,0
vda,2.20,0.00,0.01,0,0
vda,0.60,0.00,0.00,0,0
vda,3.40,0.00,0.01,0,0
vda,3.00,0.00,0.01,0,0
vda,1.80,0.00,0.01,0,0
vda,0.00,0.00,0.00,0,0
vda,36.40,0.00,0.15,0,0
vda,0.60,0.00,0.00,0,0
vda,18.60,0.00,0.07,0,0
vda,9.40,0.00,0.04,0,0
vda,0.80,0.00,0.01,0,0
vda,1.60,0.00,0.01,0,0
vda,2.20,0.00,0.01,0,0
vda,4.00,0.00,0.02,0,0
vda,2.80,0.00,0.01,0,0
vda,40.20,0.00,0.16,0,0
vda,0.40,0.00,0.00,0,0
vda,1.40,0.00,0.01,0,0
vda,2.40,0.00,0.01,0,0
vda,7.80,0.00,0.03,0,0
vda,4.40,0.00,0.02,0,0
vda,2.60,0.00,0.01,0,0
vda,2.20,0.00,0.01,0,0
vda,47.00,0.00,0.19,0,0
vda,0.00,0.00,0.00,0,0
vda,1.00,0.00,0.00,0,0
vda,2.20,0.00,0.01,0,0
vda,2.60,0.00,0.01,0,0
vda,8.20,0.00,0.03,0,0
vda,2.40,0.00,0.01,0,0
vda,18.40,0.00,0.07,0,0
vda,0.60,0.00,0.00,0,0
vda,36.80,0.00,0.15,0,0
vda,1.60,0.00,0.01,0,0
vda,0.60,0.00,0.00,0,0
vda,4.00,0.00,0.02,0,0
vda,1.20,0.00,0.00,0,0
vda,0.00,0.00,0.00,0,0
vda,21.00,0.00,0.08,0,0
vda,1.20,0.00,0.00,0,0
vda,3.20,0.00,0.01,0,0
vda,36.00,0.00,0.15,0,0
vda,1.40,0.00,0.01,0,0
vda,1.20,0.00,0.00,0,0
vda,2.40,0.00,0.01,0,0
vda,17.40,0.00,0.07,0,0
vda,1.80,0.00,0.01,0,0
vda,9.60,0.00,0.04,0,0
vda,1.60,0.00,0.01,0,0
vda,5.40,0.00,0.02,0,0
vda,21.80,0.00,0.09,0,0
vda,1.00,0.00,0.00,0,0
vda,1.60,0.00,0.01,0,0
vda,19.60,0.00,0.08,0,0
vda,0.00,0.00,0.00,0,0
vda,1.40,0.00,0.01,0,0
vda,10.80,0.00,0.05,0,0
vda,0.60,0.00,0.00,0,0
vda,4.80,0.00,0.02,0,0
vda,33.20,0.00,0.13,0,0
vda,1.00,0.00,0.00,0,0
vda,12.60,0.00,0.05,0,0
vda,14.40,0.11,0.02,0,0
vda,19.20,0.02,0.06,0,0
vda,14.80,0.05,0.02,0,0
vda,0.00,0.00,0.00,0,0
vda,2.20,0.00,0.01,0,0
vda,1.20,0.00,0.00,0,0
vda,72.80,0.00,0.29,0,1
vda,0.60,0.00,0.00,0,0
vda,2.40,0.00,0.01,0,0
vda,3.80,0.00,0.02,0,0
vda,0.60,0.00,0.00,0,0
vda,1.20,0.00,0.00,0,0
vda,35.80,0.45,0.01,2,0
vda,33.00,0.00,0.17,0,0
vda,20.60,0.00,0.08,0,0
vda,33.40,0.00,0.14,0,0
vda,2.60,0.00,0.01,0,0
vda,2.80,0.00,0.01,0,0
vda,0.00,0.00,0.00,0,0
vda,2.80,0.00,0.01,0,0
vda,2.40,0.00,0.01,0,0
vda,21.00,0.00,0.09,0,0
vda,0.80,0.00,0.00,0,0
vda,2.60,0.00,0.01,0,0
vda,37.40,0.00,0.15,0,0
vda,0.00,0.00,0.00,0,0
vda,1.60,0.00,0.01,0,0
vda,4.80,0.00,0.02,0,0
vda,0.20,0.00,0.00,0,0
vda,18.40,0.00,0.07,0,0
vda,8.20,0.00,0.03,0,0
vda,4.80,0.00,0.02,0,0
vda,2.60,0.00,0.01,0,0
vda,25.40,0.00,0.11,0,0
vda,0.00,0.00,0.00,0,0
