7970508.0,61692.0,1888.0
7432452.0,149588.0,3868.0
7432452.0,149588.0,3868.0
7432452.0,149588.0,3868.0
7430167.2,149834.4,3927.7333333
7430004.0,149852.0,3932.0
7430004.0,149852.0,3932.0
7430004.0,149852.0,3932.0
7430004.0,149852.0,3932.0
7425312.0,149864.0,4068.0
7425312.0,149864.0,4068.0
7425312.0,149864.0,4068.0
7334200.0,149872.0,4132.0
7334200.0,149872.0,4132.0
7334051.2,149872.53333,4140.5333333
7333084.0,149876.0,4196.0
7333084.0,149876.0,4196.0
7333084.0,149876.0,4196.0
7333084.0,149876.0,4196.0
7333084.0,149876.0,4196.0
7333084.0,149876.0,4196.0
7333084.0,149876.0,4196.0
7333084.0,149876.0,4196.0
7333084.0,149876.0,4196.0
7332787.7333,149878.93333,4211.2
7328640.0,149920.0,4424.0
7328640.0,149920.0,4424.0
7328640.0,149920.0,4424.0
7326868.0,150716.0,4644.0
7326868.0,150716.0,4644.0
7324204.0,152956.0,5072.0
7324204.0,152956.0,5072.0
7324204.0,152956.0,5072.0
7325788.0,152956.0,5132.0
7325788.0,152956.0,5132.0
7325788.0,152956.0,5132.0
