7969200.0,63964.0,2028.0
7771927.4667,102197.06667,2281.8666667
6489656.0,350712.0,3932.0
6489656.0,350712.0,3932.0
6489337.6,350724.26667,3941.6
6487268.0,350804.0,4004.0
6487268.0,350804.0,4004.0
6487268.0,350804.0,4004.0
6487268.0,350804.0,4004.0
6487268.0,350804.0,4004.0
6487268.0,350804.0,4004.0
6487268.0,350804.0,4004.0
6487268.0,350804.0,4004.0
6487268.0,350804.0,4004.0
6487268.0,350804.0,4004.0
6487268.0,350804.0,4004.0
6487107.2,350808.8,4047.2
6486464.0,350828.0,4220.0
6486464.0,350828.0,4220.0
6486464.0,350828.0,4220.0
6486464.0,350828.0,4220.0
6486464.0,350828.0,4220.0
6486464.0,350828.0,4220.0
6486464.0,350828.0,4220.0
6486464.0,350828.0,4220.0
6486171.2,350988.0,4296.8
6485000.0,351628.0,4604.0
6485000.0,351628.0,4604.0
6485000.0,351628.0,4604.0
6485000.0,351628.0,4604.0
6485000.0,351628.0,4604.0
6485000.0,351628.0,4604.0
6485000.0,351628.0,4604.0
6412578.4,351634.4,4637.6
6122892.0,351660.0,4772.0
6122892.0,351660.0,4772.0
6122660.5333,351662.13333,4779.4666667
6121156.0,351676.0,4828.0
6121156.0,351676.0,4828.0
6121156.0,351676.0,4828.0
6121156.0,351676.0,4828.0
6121156.0,351676.0,4828.0
6121156.0,351676.0,4828.0
6121156.0,351676.0,4828.0
6121156.0,351676.0,4828.0
6121156.0,351676.0,4828.0
6121156.0,351676.0,4828.0
6121156.0,351676.0,4828.0
6121090.9333,351679.2,4843.4666667
6120180.0,351724.0,5060.0
6120180.0,351724.0,5060.0
6120180.0,351724.0,5060.0
6120180.0,351724.0,5060.0
6120180.0,351724.0,5060.0
6120180.0,351724.0,5060.0
6120180.0,351724.0,5060.0
6120180.0,351724.0,5060.0
6120180.0,351724.0,5060.0
6120180.0,351724.0,5060.0
6120180.0,351724.0,5060.0
6120053.6,351731.46667,5094.6666667
6119232.0,351780.0,5320.0
6118141.3333,351780.53333,5328.5333333
6111052.0,351784.0,5384.0
6111052.0,351784.0,5384.0
6110601.3333,351785.6,5393.6
6107672.0,351796.0,5456.0
6107672.0,351796.0,5456.0
6107672.0,351796.0,5456.0
6107672.0,351796.0,5456.0
6107672.0,351796.0,5456.0
6107672.0,351796.0,5456.0
6107672.0,351796.0,5456.0
6107672.0,351796.0,5456.0
6107672.0,351796.0,5456.0
6107672.0,351796.0,5456.0
6107672.0,351796.0,5456.0
6107624.5333,351805.6,5471.4666667
6106960.0,351940.0,5688.0
6106960.0,351940.0,5688.0
6106960.0,351940.0,5688.0
6106960.0,351940.0,5688.0
6106960.0,351940.0,5688.0
6106960.0,351940.0,5688.0
6106960.0,351940.0,5688.0
6106960.0,351940.0,5688.0
6106913.3333,351941.06667,5705.0666667
6106260.0,351956.0,5944.0
6106260.0,351956.0,5944.0
6106260.0,351956.0,5944.0
6106260.0,351956.0,5944.0
6106260.0,351956.0,5944.0
6106260.0,351956.0,5944.0
6106260.0,351956.0,5944.0
6106260.0,351956.0,5944.0
6106260.0,351956.0,5944.0
6106260.0,351956.0,5944.0
6106260.0,351956.0,5944.0
6106363.4667,351958.13333,5976.0
6107036.0,351972.0,6184.0
6107036.0,351972.0,6184.0
6107036.0,351972.0,6184.0
6107036.0,351972.0,6184.0
6107036.0,351972.0,6184.0
6107036.0,351972.0,6184.0
6106294.4,352395.2,6300.0
6103328.0,354088.0,6764.0
6103328.0,354088.0,6764.0
6103328.0,354088.0,6764.0
6103328.0,354088.0,6764.0
6103328.0,354088.0,6764.0
6103328.0,354088.0,6764.0
6103328.0,354088.0,6764.0
6103328.0,354088.0,6764.0
6103328.0,354088.0,6764.0
6103328.0,354088.0,6764.0
6103328.0,354088.0,6764.0
6103187.2,354095.46667,6823.7333333
6102800.0,354116.0,6988.0
6102800.0,354116.0,6988.0
6102800.0,354116.0,6988.0
6102800.0,354116.0,6988.0
6102800.0,354116.0,6988.0
6102800.0,354116.0,6988.0
6102800.0,354116.0,6988.0
6102800.0,354116.0,6988.0
6102800.0,354116.0,6988.0
6102800.0,354116.0,6988.0
6102800.0,354116.0,6988.0
6102664.8,354123.2,7044.0
6102124.0,354152.0,7268.0
6102124.0,354152.0,7268.0
6102124.0,354152.0,7268.0
6102124.0,354152.0,7268.0
6102124.0,354152.0,7268.0
6102124.0,354152.0,7268.0
6102124.0,354152.0,7268.0
6102124.0,354152.0,7268.0
6102124.0,354152.0,7268.0
6102124.0,354152.0,7268.0
6102124.0,354152.0,7268.0
6101637.3333,354216.0,7342.6666667
6101056.0,354342.66667,7510.6666667
6101840.0,354340.0,7548.0
6101840.0,354340.0,7548.0
6101840.0,354340.0,7548.0
6101840.0,354340.0,7548.0
6101840.0,354340.0,7548.0
6101840.0,354340.0,7548.0
6101840.0,354340.0,7548.0
6101840.0,354340.0,7548.0
6101840.0,354340.0,7548.0
6101840.0,354340.0,7548.0
6098797.8667,354346.4,7614.1333333
6090432.0,354364.0,7796.0
6090432.0,354364.0,7796.0
6090432.0,354364.0,7796.0
6090432.0,354364.0,7796.0
6090432.0,354364.0,7796.0
6090432.0,354364.0,7796.0
6090432.0,354364.0,7796.0
6090432.0,354364.0,7796.0
6090432.0,354364.0,7796.0
6090432.0,354364.0,7796.0
6090432.0,354364.0,7796.0
6090246.4,354366.13333,7864.2666667
6089736.0,354372.0,8052.0
6089736.0,354372.0,8052.0
6089736.0,354372.0,8052.0
6089736.0,354372.0,8052.0
6089736.0,354372.0,8052.0
6089736.0,354372.0,8052.0
6089736.0,354372.0,8052.0
6089736.0,354372.0,8052.0
6089736.0,354372.0,8052.0
6089736.0,354372.0,8052.0
6089736.0,354372.0,8052.0
6090070.4,354391.2,8176.8
6090572.0,354420.0,8364.0
6090572.0,354420.0,8364.0
6090572.0,354420.0,8364.0
6090572.0,354420.0,8364.0
6090572.0,354420.0,8364.0
6090572.0,354420.0,8364.0
6090572.0,354420.0,8364.0
6090572.0,354420.0,8364.0
6090572.0,354420.0,8364.0
6090572.0,354420.0,8364.0
6090572.0,354420.0,8364.0
6089746.4,354434.4,8508.0
6089196.0,354444.0,8604.0
6089196.0,354444.0,8604.0
6089196.0,354444.0,8604.0
6089196.0,354444.0,8604.0
6089196.0,354444.0,8604.0
6089196.0,354444.0,8604.0
6089196.0,354444.0,8604.0
6089196.0,354444.0,8604.0
6089196.0,354444.0,8604.0
6089196.0,354444.0,8604.0
6089196.0,354444.0,8604.0
6089042.9333,354457.06667,8745.8666667
6088868.0,354472.0,8908.0
6088868.0,354472.0,8908.0
6088868.0,354472.0,8908.0
6088868.0,354472.0,8908.0
6088868.0,354472.0,8908.0
6088868.0,354472.0,8908.0
6088868.0,354472.0,8908.0
6088868.0,354472.0,8908.0
6088868.0,354472.0,8908.0
6088868.0,354472.0,8908.0
6074056.0,354473.86667,9027.4666667
6057128.0,354476.0,9164.0
6057128.0,354476.0,9164.0
6057128.0,354476.0,9164.0
6057128.0,354476.0,9164.0
6057128.0,354476.0,9164.0
6057128.0,354476.0,9164.0
6057128.0,354476.0,9164.0
6057128.0,354476.0,9164.0
6057128.0,354476.0,9164.0
6057128.0,354476.0,9164.0
6057128.0,354476.0,9164.0
6056820.8,354484.53333,9292.0
6056552.0,354492.0,9404.0
6056552.0,354492.0,9404.0
6056552.0,354492.0,9404.0
6056552.0,354492.0,9404.0
6056552.0,354492.0,9404.0
6056552.0,354492.0,9404.0
6056552.0,354492.0,9404.0
6056552.0,354492.0,9404.0
6056552.0,354492.0,9404.0
6056552.0,354492.0,9404.0
6056552.0,354492.0,9404.0
6056421.3333,354497.6,9553.3333333
6056272.0,354504.0,9724.0
6056272.0,354504.0,9724.0
6056272.0,354504.0,9724.0
6056272.0,354504.0,9724.0
6052012.2667,354509.6,9780.0
6047144.0,354516.0,9844.0
6047144.0,354516.0,9844.0
6046233.0667,354553.33333,9873.8666667
6045192.0,354596.0,9908.0
6045192.0,354596.0,9908.0
6045192.0,354596.0,9908.0
6045192.0,354596.0,9908.0
6044678.4,354626.4,9959.2
6043908.0,354672.0,10036.0
6043908.0,354672.0,10036.0
6043908.0,354672.0,10036.0
6043908.0,354672.0,10036.0
6043908.0,354672.0,10036.0
6043908.0,354672.0,10036.0
6043908.0,354672.0,10036.0
6043908.0,354672.0,10036.0
6043908.0,354672.0,10036.0
6043908.0,354672.0,10036.0
6043908.0,354672.0,10036.0
6044271.7333,354677.33333,10106.4
6045272.0,354692.0,10300.0
6045272.0,354692.0,10300.0
6045272.0,354692.0,10300.0
6044783.4667,354694.13333,10334.133333
6043440.0,354700.0,10428.0
6043440.0,354700.0,10428.0
6043950.6667,354704.0,10446.666667
6044972.0,354712.0,10484.0
6044972.0,354712.0,10484.0
6044972.0,354712.0,10484.0
6044972.0,354712.0,10484.0
6044972.0,354712.0,10484.0
6044972.0,354712.0,10484.0
6044972.0,354712.0,10484.0
6044972.0,354712.0,10484.0
6044972.0,354712.0,10484.0
6044972.0,354712.0,10484.0
6044972.0,354712.0,10484.0
6044856.8,354713.06667,10554.4
6044540.0,354716.0,10748.0
6044540.0,354716.0,10748.0
6044540.0,354716.0,10748.0
6044540.0,354716.0,10748.0
6044540.0,354716.0,10748.0
6044540.0,354716.0,10748.0
6044540.0,354716.0,10748.0
6044540.0,354716.0,10748.0
6044540.0,354716.0,10748.0
6044540.0,354716.0,10748.0
6044540.0,354716.0,10748.0
6044473.0667,354717.6,10768.8
6043536.0,354740.0,11060.0
6043536.0,354740.0,11060.0
6043536.0,354740.0,11060.0
6043536.0,354740.0,11060.0
6043536.0,354740.0,11060.0
6043536.0,354740.0,11060.0
6043536.0,354740.0,11060.0
6043536.0,354740.0,11060.0
6043536.0,354740.0,11060.0
6043536.0,354740.0,11060.0
7674464.0,348200.0,11284.0
