vda,29.00,0.11,0.01,0,0
vda,0.00,0.00,0.00,0,0
vda,36.00,0.14,0.00,0,0
vda,2.20,0.00,0.01,0,0
vda,64.00,0.43,0.00,2,0
vda,23.80,0.14,0.02,0,0
vda,244.40,9.64,0.12,48,0
vda,92.60,11.20,0.01,56,0
vda,120.00,10.55,0.14,52,0
vda,103.80,12.80,0.00,64,0
vda,71.40,8.92,0.00,44,0
vda,12.60,1.39,0.00,6,0
vda,9.80,0.00,1.31,0,6
vda,14.20,0.00,0.06,0,0
vda,2.80,0.00,0.01,0,0
vda,2.80,0.00,0.01,0,0
vda,0.00,0.00,0.00,0,0
vda,34.80,0.00,0.14,0,0
vda,1.80,0.00,0.01,0,0
vda,3.40,0.00,0.02,0,0
vda,26.80,0.00,0.11,0,0
vda,2.00,0.00,0.01,0,0
vda,1.40,0.00,0.01,0,0
vda,2.60,0.00,0.01,0,0
vda,2.60,0.00,0.01,0,0
vda,0.00,0.00,0.00,0,0
vda,0.60,0.00,0.00,0,0
vda,23.60,0.00,0.10,0,0
vda,14.80,0.00,0.06,0,0
vda,23.40,0.11,0.05,0,0
vda,21.00,0.07,0.01,0,0
vda,2.20,0.00,0.01,0,0
vda,1.20,0.00,0.00,0,0
vda,1.60,0.00,0.01,0,0
vda,48.60,0.00,0.19,0,0
vda,36.00,0.00,0.15,0,0
vda,4.00,0.00,0.02,0,0
vda,0.00,0.00,0.00,0,0
