14664112.0,1589780.0,10168.0
16216580.0,46768.0,3408.0
16216580.0,46768.0,3408.0
16216580.0,46768.0,3408.0
16180940.0,70160.0,3896.0
16180940.0,70160.0,3896.0
15964800.0,104412.0,3944.0
15964800.0,104412.0,3944.0
15964800.0,104412.0,3944.0
15313928.0,193396.0,3984.0
15313928.0,193396.0,3984.0
15313928.0,193396.0,3984.0
14926244.0,224884.0,4040.0
14926244.0,224884.0,4040.0
14905062.933,244073.33333,4135.2
14880856.0,266004.0,4244.0
14827243.2,283324.0,4264.8
14746824.0,309304.0,4296.0
14746824.0,309304.0,4296.0
14571732.8,337352.0,4320.0
14309096.0,379424.0,4356.0
14309096.0,379424.0,4356.0
14264392.0,381627.2,4364.0
14197336.0,384932.0,4376.0
14133292.8,388413.6,4385.6
14037228.0,393636.0,4400.0
14037228.0,393636.0,4400.0
14020879.2,410079.2,4414.4
13996356.0,434744.0,4436.0
13996356.0,434744.0,4436.0
13858364.533,466236.53333,4460.2666667
13700660.0,502228.0,4488.0
13605204.0,514095.2,4502.4
13462020.0,531896.0,4524.0
13462020.0,531896.0,4524.0
13422890.4,563440.0,4549.6
13364196.0,610756.0,4588.0
13364196.0,610756.0,4588.0
13098368.0,652486.66667,4609.3333333
12566712.0,735948.0,4652.0
12475804.8,773776.8,4672.8
12339444.0,830520.0,4704.0
12339444.0,830520.0,4704.0
12172818.4,868363.2,4724.8
11922880.0,925128.0,4756.0
11922880.0,925128.0,4756.0
11906212.0,941085.33333,4772.0
11872876.0,973000.0,4804.0
11758917.6,994249.6,4820.0
11587980.0,1026124.0,4844.0
11587980.0,1026124.0,4844.0
11572064.8,1041434.4,4856.8
11548192.0,1064400.0,4876.0
11548192.0,1064400.0,4876.0
11277801.6,1091400.0,4901.6
10872216.0,1131900.0,4940.0
10853688.0,1149348.0,4952.8
10825896.0,1175520.0,4972.0
10825896.0,1175520.0,4972.0
10697557.067,1230512.0,5237.0666667
10550884.0,1293360.0,5540.0
10550884.0,1293360.0,5540.0
10531683.467,1310621.0667,5922.6666667
10509740.0,1330348.0,6360.0
10509740.0,1330348.0,6360.0
10255476.533,1418625.3333,6385.6
10032996.0,1495868.0,6408.0
9509693.6,1538630.6667,6442.1333333
9051804.0,1576048.0,6472.0
9051804.0,1576048.0,6472.0
8852759.4667,1576048.0,6494.4
8625280.0,1576048.0,6520.0
8625280.0,1576048.0,6520.0
8625280.0,1576048.0,6520.0
8625280.0,1576048.0,6520.0
8625280.0,1576048.0,6520.0
8625280.0,1576048.0,6520.0
8625280.0,1576048.0,6520.0
8625280.0,1576048.0,6520.0
8625280.0,1576048.0,6520.0
8625280.0,1576048.0,6520.0
8625280.0,1576048.0,6520.0
8625227.2,1576056.0,6619.2
8624496.0,1576074.6667,6789.3333333
8623192.0,1576088.0,6832.0
8623192.0,1576088.0,6832.0
8623741.3333,1576088.0,6853.3333333
8624840.0,1576088.0,6896.0
8624840.0,1576088.0,6896.0
8624840.0,1576088.0,6896.0
8624840.0,1576088.0,6896.0
8624840.0,1576088.0,6896.0
8624840.0,1576088.0,6896.0
8624840.0,1576088.0,6896.0
8624840.0,1576088.0,6896.0
8624840.0,1576088.0,6896.0
8624840.0,1576088.0,6896.0
8624840.0,1576088.0,6896.0
8624696.0,1576089.0667,6957.8666667
8624300.0,1576092.0,7128.0
8624300.0,1576092.0,7128.0
8624300.0,1576092.0,7128.0
8624300.0,1576092.0,7128.0
8624300.0,1576092.0,7128.0
8624300.0,1576092.0,7128.0
8624300.0,1576092.0,7128.0
8624300.0,1576092.0,7128.0
8624300.0,1576092.0,7128.0
8624300.0,1576092.0,7128.0
8624300.0,1576092.0,7128.0
8624183.7333,1576098.4,7209.0666667
8623864.0,1576116.0,7432.0
8623864.0,1576116.0,7432.0
8623864.0,1576116.0,7432.0
8623864.0,1576116.0,7432.0
8623864.0,1576116.0,7432.0
8623864.0,1576116.0,7432.0
8623864.0,1576116.0,7432.0
8623864.0,1576116.0,7432.0
8623864.0,1576116.0,7432.0
8623010.6667,1576125.3333,7496.0
8621304.0,1576144.0,7624.0
8621304.0,1576144.0,7624.0
8621304.0,1576144.0,7624.0
8621304.0,1576144.0,7624.0
8621304.0,1576144.0,7624.0
8621304.0,1576144.0,7624.0
8621304.0,1576144.0,7624.0
8621304.0,1576144.0,7624.0
8621304.0,1576144.0,7624.0
8621304.0,1576144.0,7624.0
8621304.0,1576144.0,7624.0
8621260.8,1576147.2,7672.0
8621088.0,1576160.0,7864.0
8621088.0,1576160.0,7864.0
8621088.0,1576160.0,7864.0
8621088.0,1576160.0,7864.0
8621088.0,1576160.0,7864.0
8621088.0,1576160.0,7864.0
8621088.0,1576160.0,7864.0
8621088.0,1576160.0,7864.0
8621088.0,1576160.0,7864.0
8621088.0,1576160.0,7864.0
8621088.0,1576160.0,7864.0
8620906.4,1576192.0,7926.4
8620180.0,1576320.0,8176.0
8620180.0,1576320.0,8176.0
8620180.0,1576320.0,8176.0
8620180.0,1576320.0,8176.0
8620180.0,1576320.0,8176.0
8620180.0,1576320.0,8176.0
8620180.0,1576320.0,8176.0
8620180.0,1576320.0,8176.0
8620180.0,1576320.0,8176.0
8620180.0,1576320.0,8176.0
8620180.0,1576320.0,8176.0
8620162.4,1576336.0,8268.8
8620136.0,1576360.0,8408.0
8620136.0,1576360.0,8408.0
8620136.0,1576360.0,8408.0
8620136.0,1576360.0,8408.0
8620136.0,1576360.0,8408.0
8620136.0,1576360.0,8408.0
8620136.0,1576360.0,8408.0
8620136.0,1576360.0,8408.0
8620136.0,1576360.0,8408.0
8620136.0,1576360.0,8408.0
8620136.0,1576360.0,8408.0
8619888.0,1576372.0,8520.0
8619392.0,1576396.0,8744.0
8619392.0,1576396.0,8744.0
8619392.0,1576396.0,8744.0
8619392.0,1576396.0,8744.0
8619392.0,1576396.0,8744.0
8619392.0,1576396.0,8744.0
8619392.0,1576396.0,8744.0
8618627.2,1577050.4,8892.8
8617480.0,1578032.0,9116.0
8617480.0,1578032.0,9116.0
8617480.0,1578032.0,9116.0
8617480.0,1578032.0,9116.0
8617480.0,1578032.0,9116.0
8617480.0,1578032.0,9116.0
8617480.0,1578032.0,9116.0
8617480.0,1578032.0,9116.0
8617480.0,1578032.0,9116.0
8617480.0,1578032.0,9116.0
8617480.0,1578032.0,9116.0
8617752.0,1578040.0,9196.0
8618160.0,1578052.0,9316.0
8617662.4,1578055.2,9341.6
8616916.0,1578060.0,9380.0
8616916.0,1578060.0,9380.0
8616916.0,1578060.0,9380.0
8616916.0,1578060.0,9380.0
8616916.0,1578060.0,9380.0
8616916.0,1578060.0,9380.0
8616916.0,1578060.0,9380.0
8616916.0,1578060.0,9380.0
8616916.0,1578060.0,9380.0
8616916.0,1578060.0,9380.0
8616916.0,1578060.0,9380.0
8617082.4,1578064.2667,9448.2666667
8617540.0,1578076.0,9636.0
8617540.0,1578076.0,9636.0
8617540.0,1578076.0,9636.0
8617540.0,1578076.0,9636.0
8617540.0,1578076.0,9636.0
8617540.0,1578076.0,9636.0
8617540.0,1578076.0,9636.0
8617540.0,1578076.0,9636.0
8617540.0,1578076.0,9636.0
8617540.0,1578076.0,9636.0
8617540.0,1578076.0,9636.0
8617184.0,1578089.3333,9745.3333333
8616472.0,1578116.0,9964.0
8616472.0,1578116.0,9964.0
8616472.0,1578116.0,9964.0
8616472.0,1578116.0,9964.0
8616472.0,1578116.0,9964.0
8616472.0,1578116.0,9964.0
8616472.0,1578116.0,9964.0
8616472.0,1578116.0,9964.0
8616472.0,1578116.0,9964.0
8616472.0,1578116.0,9964.0
8616472.0,1578116.0,9964.0
8616249.3333,1578121.3333,10046.666667
8615804.0,1578132.0,10212.0
8615804.0,1578132.0,10212.0
8615804.0,1578132.0,10212.0
8615804.0,1578132.0,10212.0
8615804.0,1578132.0,10212.0
8615804.0,1578132.0,10212.0
8615804.0,1578132.0,10212.0
8615804.0,1578132.0,10212.0
8615804.0,1578132.0,10212.0
8615804.0,1578132.0,10212.0
8615804.0,1578132.0,10212.0
8615775.2,1578140.0,10271.2
8615660.0,1578172.0,10508.0
8615660.0,1578172.0,10508.0
8615660.0,1578172.0,10508.0
8615660.0,1578172.0,10508.0
8615660.0,1578172.0,10508.0
8615660.0,1578172.0,10508.0
8615660.0,1578172.0,10508.0
8615660.0,1578172.0,10508.0
8615660.0,1578172.0,10508.0
8615660.0,1578172.0,10508.0
8615660.0,1578172.0,10508.0
8615508.5333,1578208.2667,10572.0
8615092.0,1578308.0,10748.0
8615092.0,1578308.0,10748.0
8615092.0,1578308.0,10748.0
8615092.0,1578308.0,10748.0
8615092.0,1578308.0,10748.0
8615092.0,1578308.0,10748.0
8615092.0,1578308.0,10748.0
8615092.0,1578308.0,10748.0
8615092.0,1578308.0,10748.0
8615092.0,1578308.0,10748.0
8615092.0,1578308.0,10748.0
8615192.8,1578312.2667,10791.2
8615848.0,1578340.0,11072.0
8615848.0,1578340.0,11072.0
8615848.0,1578340.0,11072.0
8615848.0,1578340.0,11072.0
8615848.0,1578340.0,11072.0
8615848.0,1578340.0,11072.0
8615848.0,1578340.0,11072.0
8615848.0,1578340.0,11072.0
8615848.0,1578340.0,11072.0
8615848.0,1578340.0,11072.0
8615848.0,1578340.0,11072.0
8615822.9333,1578343.2,11105.066667
8615660.0,1578364.0,11320.0
8615660.0,1578364.0,11320.0
8615660.0,1578364.0,11320.0
8615660.0,1578364.0,11320.0
8615660.0,1578364.0,11320.0
8615660.0,1578364.0,11320.0
8615660.0,1578364.0,11320.0
8615660.0,1578364.0,11320.0
8615660.0,1578364.0,11320.0
8615660.0,1578364.0,11320.0
8615660.0,1578364.0,11320.0
8615615.7333,1578367.2,11357.333333
8615328.0,1578388.0,11600.0
8615328.0,1578388.0,11600.0
8615328.0,1578388.0,11600.0
8615328.0,1578388.0,11600.0
8615328.0,1578388.0,11600.0
8615328.0,1578388.0,11600.0
8615328.0,1578388.0,11600.0
8615328.0,1578388.0,11600.0
8615328.0,1578388.0,11600.0
8615328.0,1578388.0,11600.0
8615328.0,1578388.0,11600.0
8615237.8667,1578390.6667,11629.866667
8614652.0,1578408.0,11824.0
8614652.0,1578408.0,11824.0
8614652.0,1578408.0,11824.0
8614652.0,1578408.0,11824.0
8614652.0,1578408.0,11824.0
8614652.0,1578408.0,11824.0
8614652.0,1578408.0,11824.0
8614652.0,1578408.0,11824.0
8614652.0,1578408.0,11824.0
8614652.0,1578408.0,11824.0
8614652.0,1578408.0,11824.0
8614160.0,1578444.0,12112.0
8614160.0,1578444.0,12112.0
8614160.0,1578444.0,12112.0
8614160.0,1578444.0,12112.0
8614160.0,1578444.0,12112.0
8614160.0,1578444.0,12112.0
8614160.0,1578444.0,12112.0
8614160.0,1578444.0,12112.0
8614160.0,1578444.0,12112.0
8614160.0,1578444.0,12112.0
8614160.0,1578444.0,12112.0
8614160.0,1578444.0,12112.0
8613674.6667,1578444.0,12326.933333
8613600.0,1578444.0,12360.0
8613600.0,1578444.0,12360.0
8613600.0,1578444.0,12360.0
8611925.6,1578447.4667,12457.066667
8611668.0,1578448.0,12472.0
8611668.0,1578448.0,12472.0
8612881.3333,1578461.8667,12513.6
8613068.0,1578464.0,12520.0
8613068.0,1578464.0,12520.0
8613068.0,1578464.0,12520.0
8613068.0,1578464.0,12520.0
8613068.0,1578464.0,12520.0
8613068.0,1578464.0,12520.0
8613068.0,1578464.0,12520.0
8613068.0,1578464.0,12520.0
8613068.0,1578464.0,12520.0
8613068.0,1578464.0,12520.0
8613068.0,1578464.0,12520.0
8612988.0,1578492.0,12792.0
8612988.0,1578492.0,12792.0
8612988.0,1578492.0,12792.0
8612988.0,1578492.0,12792.0
8612988.0,1578492.0,12792.0
8612988.0,1578492.0,12792.0
8612988.0,1578492.0,12792.0
8612988.0,1578492.0,12792.0
8612988.0,1578492.0,12792.0
8612988.0,1578492.0,12792.0
8612988.0,1578492.0,12792.0
8612988.0,1578492.0,12792.0
8613472.0,1578516.0,13080.0
8613472.0,1578516.0,13080.0
8613472.0,1578516.0,13080.0
8613472.0,1578516.0,13080.0
8613472.0,1578516.0,13080.0
8613472.0,1578516.0,13080.0
8613472.0,1578516.0,13080.0
8613472.0,1578516.0,13080.0
8613472.0,1578516.0,13080.0
8613472.0,1578516.0,13080.0
8613472.0,1578516.0,13080.0
8613418.1333,1578516.8,13092.266667
8612664.0,1578528.0,13264.0
8612664.0,1578528.0,13264.0
8612664.0,1578528.0,13264.0
8612123.2,1578944.0,13317.333333
8608608.0,1581648.0,13664.0
8608608.0,1581648.0,13664.0
8608608.0,1581648.0,13664.0
8608608.0,1581648.0,13664.0
8608608.0,1581648.0,13664.0
8608608.0,1581648.0,13664.0
8608608.0,1581648.0,13664.0
8608608.0,1581648.0,13664.0
8608608.0,1581648.0,13664.0
8608608.0,1581648.0,13664.0
9417169.6,1580773.3333,13698.666667
