3646746.4,99170.4,2148.8
2860404.0,266108.0,4392.0
2860404.0,266108.0,4392.0
2542654.4,331921.6,4406.4
1271656.0,595176.0,4464.0
1271656.0,595176.0,4464.0
1268336.0,596950.4,4834.4
1255056.0,604048.0,6316.0
1254870.4,604870.4,6334.1333333
1254360.0,607132.0,6384.0
1254360.0,607132.0,6384.0
1254360.0,607132.0,6384.0
1254360.0,607132.0,6384.0
1254360.0,607132.0,6384.0
1254360.0,607132.0,6384.0
1254360.0,607132.0,6384.0
1254360.0,607132.0,6384.0
1254360.0,607132.0,6384.0
1254360.0,607132.0,6384.0
1253228.0,607589.33333,6605.3333333
1250964.0,608504.0,7048.0
1250964.0,608504.0,7048.0
1148840.2667,709000.0,7105.6
868000.0,985364.0,7264.0
769597.86667,1084062.6667,7281.0666667
498992.0,1355484.0,7328.0
498992.0,1355484.0,7328.0
434155.73333,1422179.4667,7340.8
255856.0,1605592.0,7376.0
255856.0,1605592.0,7376.0
255856.0,1605592.0,7376.0
255856.0,1605592.0,7376.0
255203.2,1605609.0667,7405.8666667
253408.0,1605656.0,7488.0
253408.0,1605656.0,7488.0
253408.0,1605656.0,7488.0
253408.0,1605656.0,7488.0
253408.0,1605656.0,7488.0
253408.0,1605656.0,7488.0
253408.0,1605656.0,7488.0
253408.0,1605656.0,7488.0
253408.0,1605656.0,7488.0
253408.0,1605656.0,7488.0
271641.33333,1605688.0,7570.6666667
308108.0,1605752.0,7736.0
308108.0,1605752.0,7736.0
306634.66667,1605758.6667,7754.6666667
303688.0,1605772.0,7792.0
304922.66667,1605780.0,7812.0
307392.0,1605796.0,7852.0
307392.0,1605796.0,7852.0
307392.0,1605796.0,7852.0
307392.0,1605796.0,7852.0
307392.0,1605796.0,7852.0
307392.0,1605796.0,7852.0
307392.0,1605796.0,7852.0
307392.0,1605796.0,7852.0
307392.0,1605796.0,7852.0
307392.0,1605796.0,7852.0
307392.0,1605796.0,7852.0
307392.0,1605796.0,7852.0
307374.4,1605834.4,7994.4
325265.33333,1605894.6667,8229.3333333
361100.0,1605900.0,8272.0
361100.0,1605900.0,8272.0
361100.0,1605900.0,8272.0
361100.0,1605900.0,8272.0
360780.0,1605910.6667,8313.3333333
360140.0,1605932.0,8396.0
360140.0,1605932.0,8396.0
360140.0,1605932.0,8396.0
360140.0,1605932.0,8396.0
360140.0,1605932.0,8396.0
360140.0,1605932.0,8396.0
360140.0,1605932.0,8396.0
360140.0,1605932.0,8396.0
360140.0,1605932.0,8396.0
360140.0,1605932.0,8396.0
394159.2,1605992.8,8485.6
445188.0,1606084.0,8620.0
445188.0,1606084.0,8620.0
445188.0,1606084.0,8620.0
445188.0,1606084.0,8620.0
445188.0,1606084.0,8620.0
445188.0,1606084.0,8620.0
445188.0,1606084.0,8620.0
442648.8,1606088.8,8693.6
438840.0,1606096.0,8804.0
438840.0,1606096.0,8804.0
440768.0,1606105.3333,8825.3333333
444624.0,1606124.0,8868.0
444624.0,1606124.0,8868.0
444624.0,1606124.0,8868.0
444624.0,1606124.0,8868.0
444624.0,1606124.0,8868.0
444624.0,1606124.0,8868.0
444624.0,1606124.0,8868.0
464226.66667,1606128.0,8921.3333333
503432.0,1606136.0,9028.0
503432.0,1606136.0,9028.0
503432.0,1606136.0,9028.0
503432.0,1606136.0,9028.0
503432.0,1606136.0,9028.0
503432.0,1606136.0,9028.0
503432.0,1606136.0,9028.0
503148.0,1606137.3333,9076.0
502580.0,1606140.0,9172.0
502580.0,1606140.0,9172.0
502580.0,1606140.0,9172.0
502580.0,1606140.0,9172.0
502580.0,1606140.0,9172.0
502580.0,1606140.0,9172.0
502580.0,1606140.0,9172.0
502580.0,1606140.0,9172.0
502580.0,1606140.0,9172.0
524932.0,1606149.6,9274.4
558460.0,1606164.0,9428.0
558460.0,1606164.0,9428.0
558460.0,1606164.0,9428.0
558460.0,1606164.0,9428.0
558460.0,1606164.0,9428.0
558460.0,1606164.0,9428.0
558460.0,1606164.0,9428.0
558024.8,1606453.0667,9527.2
556828.0,1607248.0,9800.0
556828.0,1607248.0,9800.0
556828.0,1607248.0,9800.0
556828.0,1607248.0,9800.0
556828.0,1607248.0,9800.0
557345.33333,1607256.0,9838.6666667
558380.0,1607272.0,9916.0
558380.0,1607272.0,9916.0
558380.0,1607272.0,9916.0
558380.0,1607272.0,9916.0
600624.0,1607274.6667,9956.0
685112.0,1607280.0,10036.0
685112.0,1607280.0,10036.0
685112.0,1607280.0,10036.0
685112.0,1607280.0,10036.0
685112.0,1607280.0,10036.0
685112.0,1607280.0,10036.0
685112.0,1607280.0,10036.0
685112.0,1607280.0,10036.0
685112.0,1607280.0,10036.0
685112.0,1607280.0,10036.0
685112.0,1607280.0,10036.0
684671.46667,1607293.0667,10136.8
684168.0,1607308.0,10252.0
684168.0,1607308.0,10252.0
684168.0,1607308.0,10252.0
683841.33333,1607315.4667,10300.533333
683468.0,1607324.0,10356.0
683468.0,1607324.0,10356.0
722932.53333,1607324.0,10385.866667
757464.0,1607324.0,10412.0
757464.0,1607324.0,10412.0
757464.0,1607324.0,10412.0
757464.0,1607324.0,10412.0
757464.0,1607324.0,10412.0
757464.0,1607324.0,10412.0
757464.0,1607324.0,10412.0
757464.0,1607324.0,10412.0
757464.0,1607324.0,10412.0
757464.0,1607324.0,10412.0
757464.0,1607324.0,10412.0
757371.2,1607335.2,10504.8
756800.0,1607355.2,10663.2
756152.0,1607360.0,10692.0
756152.0,1607360.0,10692.0
800965.06667,1607371.2,10714.4
852180.0,1607384.0,10740.0
852180.0,1607384.0,10740.0
852180.0,1607384.0,10740.0
852180.0,1607384.0,10740.0
852180.0,1607384.0,10740.0
852180.0,1607384.0,10740.0
852180.0,1607384.0,10740.0
852180.0,1607384.0,10740.0
852180.0,1607384.0,10740.0
852180.0,1607384.0,10740.0
852180.0,1607384.0,10740.0
852521.33333,1607386.1333,10855.2
852820.0,1607388.0,10956.0
852820.0,1607388.0,10956.0
852820.0,1607388.0,10956.0
852049.06667,1607473.8667,11008.266667
851168.0,1607572.0,11068.0
1520207.4667,1604523.7333,11090.4
2284824.0,1601040.0,11116.0
