16218980.0,43204.0,3280.0
15782472.0,106897.33333,3497.3333333
14909456.0,234284.0,3932.0
14642734.933,292577.33333,3946.9333333
13909252.0,452884.0,3988.0
13909252.0,452884.0,3988.0
13909252.0,452884.0,3988.0
13909252.0,452884.0,3988.0
13909252.0,452884.0,3988.0
13909252.0,452884.0,3988.0
13909252.0,452884.0,3988.0
13909252.0,452884.0,3988.0
13909252.0,452884.0,3988.0
13909252.0,452884.0,3988.0
13811395.2,452892.8,4036.0
13419968.0,452928.0,4228.0
13419968.0,452928.0,4228.0
13419748.0,452932.0,4239.2
13418868.0,452948.0,4284.0
13418868.0,452948.0,4284.0
13418868.0,452948.0,4284.0
13418868.0,452948.0,4284.0
13418868.0,452948.0,4284.0
13418868.0,452948.0,4284.0
13418868.0,452948.0,4284.0
13418868.0,452948.0,4284.0
13418868.0,452948.0,4284.0
13418868.0,452948.0,4284.0
13418868.0,452948.0,4284.0
13418765.333,452957.33333,4358.6666667
13418560.0,452976.0,4508.0
13418560.0,452976.0,4508.0
13418560.0,452976.0,4508.0
13418560.0,452976.0,4508.0
13418560.0,452976.0,4508.0
13418560.0,452976.0,4508.0
13418560.0,452976.0,4508.0
13418560.0,452976.0,4508.0
13418560.0,452976.0,4508.0
13418560.0,452976.0,4508.0
13418560.0,452976.0,4508.0
13418364.8,453138.4,4600.0
13417584.0,453788.0,4968.0
13417584.0,453788.0,4968.0
13417584.0,453788.0,4968.0
13417584.0,453788.0,4968.0
13417584.0,453788.0,4968.0
13417584.0,453788.0,4968.0
13417416.267,453789.33333,4980.8
13415068.0,453808.0,5160.0
13415068.0,453808.0,5160.0
13415175.467,453808.26667,5163.7333333
13416680.0,453812.0,5216.0
13416680.0,453812.0,5216.0
13416680.0,453812.0,5216.0
13416680.0,453812.0,5216.0
13416680.0,453812.0,5216.0
13416680.0,453812.0,5216.0
13416680.0,453812.0,5216.0
13416680.0,453812.0,5216.0
13416680.0,453812.0,5216.0
13416680.0,453812.0,5216.0
13416746.667,453821.06667,5250.1333333
13417180.0,453880.0,5472.0
13417180.0,453880.0,5472.0
13417180.0,453880.0,5472.0
13417180.0,453880.0,5472.0
13417180.0,453880.0,5472.0
13417180.0,453880.0,5472.0
13417180.0,453880.0,5472.0
13416801.867,453899.2,5494.4
13414344.0,454024.0,5640.0
13415491.733,454026.13333,5674.1333333
13415491.733,454026.13333,5674.1333333
13416496.0,454028.0,5704.0
13416496.0,454028.0,5704.0
13416496.0,454028.0,5704.0
13416496.0,454028.0,5704.0
13416496.0,454028.0,5704.0
13416496.0,454028.0,5704.0
13416496.0,454028.0,5704.0
13416496.0,454028.0,5704.0
13416496.0,454028.0,5704.0
13416496.0,454028.0,5704.0
13416496.0,454028.0,5704.0
13415948.267,454045.33333,5918.9333333
13415864.0,454048.0,5952.0
13415864.0,454048.0,5952.0
13415864.0,454048.0,5952.0
13415864.0,454048.0,5952.0
13415864.0,454048.0,5952.0
13415864.0,454048.0,5952.0
13415864.0,454048.0,5952.0
13415864.0,454048.0,5952.0
13415864.0,454048.0,5952.0
13415864.0,454048.0,5952.0
13415864.0,454048.0,5952.0
13413678.667,454077.33333,6163.2
13412884.0,454088.0,6240.0
13412884.0,454088.0,6240.0
13414092.0,454088.0,6277.3333333
13414696.0,454088.0,6296.0
