vda,21.80,0.10,0.00,0,0
vda,63.60,0.11,0.14,0,0
vda,7.60,0.02,0.01,0,0
vda,1.20,0.00,0.00,0,0
vda,1.40,0.00,0.00,0,0
vda,115.00,0.53,0.15,2,0
vda,213.60,9.88,0.04,49,0
vda,112.20,11.30,1.36,56,6
vda,92.20,10.82,0.00,54,0
vda,117.96,14.60,0.00,73,0
vda,109.60,12.12,0.00,60,0
vda,114.80,14.15,0.01,70,0
vda,159.60,13.10,0.23,65,1
vda,137.40,16.98,0.01,84,0
vda,124.60,15.35,0.01,76,0
vda,111.20,9.43,0.15,47,0
vda,118.40,14.30,0.02,71,0
vda,128.60,16.07,0.00,80,0
vda,110.60,8.40,0.18,42,0
vda,108.60,13.40,0.01,67,0
vda,114.80,13.42,0.01,67,0
vda,103.20,6.96,0.19,34,0
vda,14.20,0.05,0.01,0,0
vda,2.20,0.00,0.01,0,0
vda,56.00,0.00,0.23,0,1
vda,3.80,0.00,0.01,0,0
vda,3.80,0.00,0.01,0,0
vda,42.60,0.00,0.18,0,0
vda,0.00,0.00,0.00,0,0
vda,2.20,0.00,0.01,0,0
vda,36.80,0.00,0.15,0,0
vda,0.00,0.00,0.00,0,0
vda,2.20,0.00,0.01,0,0
vda,42.00,0.00,0.17,0,0
vda,2.40,0.00,0.01,0,0
vda,1.40,0.00,0.01,0,0
vda,1.60,0.00,0.01,0,0
vda,0.00,0.00,0.00,0,0
vda,2.20,0.00,0.01,0,0
vda,124.40,1.30,0.01,6,0
vda,51.80,0.02,0.23,0,1
vda,17.20,0.38,0.06,1,0
vda,1.40,0.00,0.01,0,0
vda,0.00,0.00,0.00,0,0
vda,2.20,0.00,0.01,0,0
vda,3.20,0.00,0.01,0,0
vda,1.00,0.00,0.00,0,0
vda,3.40,0.00,0.01,0,0
vda,18.40,0.00,0.07,0,0
vda,36.80,0.00,0.15,0,0
vda,0.60,0.00,0.00,0,0
vda,1.80,0.00,0.01,0,0
vda,19.40,0.00,0.08,0,0
vda,2.40,0.00,0.01,0,0
vda,2.60,0.00,0.01,0,0
vda,44.00,0.00,0.18,0,0
vda,0.00,0.00,0.00,0,0
vda,20.60,0.00,0.09,0,0
vda,1.20,0.00,0.00,0,0
vda,43.00,0.00,0.18,0,0
vda,1.40,0.00,0.01,0,0
vda,0.80,0.00,0.00,0,0
vda,36.53,0.00,0.15,0,0
vda,3.40,0.00,0.01,0,0
vda,2.60,0.00,0.01,0,0
vda,0.00,0.00,0.00,0,0
vda,43.40,0.00,0.18,0,0
vda,2.40,0.00,0.01,0,0
vda,0.00,0.00,0.00,0,0
vda,1.20,0.00,0.00,0,0
vda,0.00,0.00,0.00,0,0
vda,2.20,0.00,0.01,0,0
vda,3.20,0.00,0.01,0,0
vda,53.40,0.00,0.21,0,1
vda,1.40,0.00,0.01,0,0
vda,1.20,0.00,0.00,0,0
vda,9.80,0.00,0.04,0,0
vda,34.80,0.00,0.14,0,0
vda,1.40,0.00,0.01,0,0
vda,0.60,0.00,0.00,0,0
vda,36.60,0.00,0.15,0,0
vda,1.40,0.00,0.01,0,0
vda,4.60,0.00,0.02,0,0
vda,1.60,0.00,0.01,0,0
vda,0.00,0.00,0.00,0,0
vda,0.60,0.00,0.00,0,0
vda,2.60,0.00,0.01,0,0
vda,20.20,0.00,0.08,0,0
vda,40.00,0.00,0.16,0,0
vda,2.20,0.00,0.01,0,0
vda,1.20,0.00,0.00,0,0
vda,0.00,0.00,0.00,0,0
vda,4.60,0.00,0.02,0,0
vda,1.00,0.00,0.00,0,0
vda,18.40,0.00,0.07,0,0
vda,2.20,0.00,0.01,0,0
vda,1.20,0.00,0.00,0,0
vda,34.40,0.00,0.14,0,0
vda,9.20,0.00,0.04,0,0
vda,1.40,0.00,0.01,0,0
vda,47.80,0.02,0.24,0,1
vda,4.40,0.00,0.02,0,0
vda,11.80,0.02,0.07,0,0
vda,8.40,0.03,0.02,0,0
vda,46.60,0.00,0.20,0,0
vda,2.40,0.00,0.01,0,0
vda,51.40,0.00,0.20,0,1
vda,4.20,0.00,0.02,0,0
vda,1.20,0.00,0.00,0,0
vda,34.80,0.00,0.14,0,0
vda,2.40,0.00,0.01,0,0
vda,0.00,0.00,0.00,0,0
vda,1.40,0.00,0.00,0,0
vda,44.80,0.00,0.18,0,0
vda,1.60,0.00,0.01,0,0
vda,40.60,0.00,0.16,0,0
vda,2.80,0.00,0.01,0,0
vda,1.20,0.00,0.00,0,0
vda,52.00,0.00,0.23,0,1
vda,10.40,0.00,0.04,0,0
vda,3.40,0.00,0.01,0,0
vda,36.00,0.00,0.15,0,0
vda,3.00,0.00,0.01,0,0
vda,22.20,0.00,0.09,0,0
vda,32.40,0.00,0.13,0,0
vda,1.00,0.00,0.00,0,0
vda,12.20,0.00,0.05,0,0
vda,31.20,0.00,0.13,0,0
vda,1.60,0.00,0.01,0,0
vda,18.00,0.00,0.07,0,0
vda,42.60,0.00,0.17,0,0
vda,1.40,0.00,0.01,0,0
vda,0.00,0.00,0.00,0,0
vda,36.60,0.00,0.15,0,0
vda,2.80,0.00,0.01,0,0
vda,43.80,0.00,0.18,0,0
vda,2.60,0.00,0.01,0,0
vda,0.00,0.00,0.00,0,0
vda,13.40,0.00,0.06,0,0
vda,31.40,0.00,0.13,0,0
vda,1.40,0.00,0.01,0,0
vda,0.20,0.00,0.00,0,0
vda,12.40,0.00,0.05,0,0
vda,43.60,0.00,0.17,0,0
vda,36.40,0.00,0.15,0,0
vda,1.20,0.00,0.00,0,0
vda,22.00,0.00,0.09,0,0
vda,0.80,0.00,0.00,0,0
vda,36.40,0.00,0.15,0,0
vda,1.40,0.00,0.01,0,0
vda,0.60,0.00,0.00,0,0
vda,44.60,0.00,0.18,0,0
vda,2.00,0.00,0.01,0,0
vda,0.00,0.00,0.00,0,0
vda,46.00,0.00,0.19,0,0
vda,9.80,0.00,0.04,0,0
vda,1.20,0.00,0.00,0,0
vda,35.80,0.00,0.15,0,0
vda,1.40,0.00,0.01,0,0
vda,2.60,0.00,0.01,0,0
vda,44.40,0.00,0.18,0,0
vda,0.00,0.00,0.00,0,0
vda,35.40,0.00,0.14,0,0
vda,2.40,0.00,0.01,0,0
vda,8.60,0.00,0.04,0,0
vda,50.20,0.00,0.20,0,0
vda,5.00,0.00,0.02,0,0
vda,0.00,0.00,0.00,0,0
vda,35.40,0.00,0.14,0,0
vda,1.80,0.00,0.01,0,0
vda,21.60,0.00,0.09,0,0
vda,25.40,0.00,0.10,0,0
vda,3.00,0.00,0.01,0,0
vda,7.60,0.00,0.03,0,0
vda,35.60,0.00,0.14,0,0
vda,1.80,0.00,0.01,0,0
vda,19.56,0.00,0.08,0,0
vda,35.80,0.00,0.14,0,0
vda,1.80,0.00,0.01,0,0
vda,7.00,0.00,0.05,0,0
vda,37.00,0.00,0.15,0,0
vda,14.40,0.00,0.06,0,0
vda,1.20,0.00,0.00,0,0
vda,27.00,0.00,0.11,0,0
vda,10.60,0.00,0.04,0,0
vda,14.00,0.00,0.06,0,0
vda,0.00,0.00,0.00,0,0
vda,25.00,0.00,0.10,0,0
vda,1.60,0.00,0.01,0,0
vda,21.80,0.00,0.09,0,0
vda,44.00,0.00,0.18,0,0
vda,0.80,0.00,0.00,0,0
vda,0.00,0.00,0.00,0,0
vda,37.60,0.00,0.15,0,0
vda,1.40,0.00,0.01,0,0
vda,13.80,0.00,0.06,0,0
vda,24.40,0.00,0.10,0,0
vda,8.00,0.00,0.03,0,0
vda,1.60,0.00,0.01,0,0
vda,43.20,0.00,0.17,0,0
vda,1.60,0.00,0.01,0,0
vda,13.60,0.00,0.06,0,0
vda,57.60,0.00,0.23,0,1
vda,0.00,0.00,0.00,0,0
vda,0.60,0.00,0.00,0,0
vda,37.00,0.00,0.15,0,0
vda,1.40,0.00,0.01,0,0
vda,37.60,0.00,0.15,0,0
vda,2.00,0.00,0.01,0,0
vda,16.40,0.00,0.07,0,0
vda,1.80,0.00,0.01,0,0
vda,27.40,0.00,0.11,0,0
vda,14.80,0.00,0.06,0,0
vda,0.00,0.00,0.00,0,0
vda,45.20,0.00,0.18,0,0
vda,1.40,0.00,0.01,0,0
vda,0.60,0.00,0.00,0,0
vda,36.40,0.00,0.14,0,0
vda,2.80,0.00,0.01,0,0
vda,2.00,0.00,0.01,0,0
vda,43.80,0.00,0.18,0,0
vda,1.20,0.00,0.00,0,0
vda,0.20,0.00,0.00,0,0
vda,37.20,0.00,0.15,0,0
vda,1.60,0.00,0.01,0,0
vda,1.60,0.00,0.01,0,0
vda,51.40,0.00,0.21,0,1
vda,3.40,0.00,0.01,0,0
vda,2.80,0.00,0.01,0,0
vda,44.00,0.00,0.18,0,0
vda,9.60,0.00,0.07,0,0
vda,0.00,0.00,0.00,0,0
vda,2.20,0.00,0.01,0,0
vda,38.00,0.00,0.16,0,0
vda,2.40,0.00,0.01,0,0
vda,1.40,0.00,0.00,0,0
vda,42.40,0.00,0.17,0,0
vda,3.20,0.00,0.01,0,0
vda,1.60,0.00,0.01,0,0
vda,49.00,0.00,0.20,0,0
vda,0.00,0.00,0.00,0,0
vda,2.20,0.00,0.01,0,0
vda,36.20,0.00,0.15,0,0
vda,2.40,0.00,0.01,0,0
vda,0.00,0.00,0.00,0,0
vda,36.00,0.00,0.15,0,0
vda,0.80,0.00,0.00,0,0
vda,4.20,0.00,0.02,0,0
vda,36.20,0.00,0.15,0,0
vda,1.60,0.00,0.01,0,0
vda,2.20,0.00,0.01,0,0
vda,46.20,0.00,0.19,0,0
vda,8.40,0.00,0.03,0,0
vda,2.20,0.00,0.01,0,0
vda,35.80,0.00,0.15,0,0
vda,1.00,0.00,0.00,0,0
vda,2.20,0.00,0.01,0,0
vda,30.60,0.00,0.13,0,0
vda,4.60,0.00,0.02,0,0
vda,1.00,0.00,0.00,0,0
vda,43.80,0.00,0.18,0,0
vda,0.00,0.00,0.00,0,0
vda,60.00,0.00,0.24,0,1
vda,13.20,0.00,0.05,0,0
vda,0.60,0.00,0.00,0,0
vda,37.00,0.00,0.15,0,0
vda,1.40,0.00,0.01,0,0
vda,38.40,0.00,0.15,0,0
vda,2.80,0.00,0.01,0,0
vda,1.00,0.00,0.00,0,0
vda,41.80,0.00,0.17,0,0
vda,2.60,0.00,0.01,0,0
vda,1.20,0.00,0.00,0,0
vda,51.80,0.00,0.20,0,1
vda,3.00,0.00,0.01,0,0
vda,1.20,0.00,0.00,0,0
vda,36.00,0.00,0.14,0,0
vda,9.20,0.00,0.06,0,0
vda,3.80,0.00,0.01,0,0
vda,43.60,0.00,0.18,0,0
vda,3.00,0.00,0.01,0,0
vda,1.20,0.00,0.00,0,0
vda,35.40,0.00,0.14,0,0
vda,2.40,0.00,0.01,0,0
vda,1.20,0.00,0.00,0,0
vda,62.80,0.00,0.25,0,1
vda,1.60,0.00,0.01,0,0
vda,0.00,0.00,0.00,0,0
vda,43.31,0.00,0.18,0,0
vda,1.60,0.00,0.01,0,0
vda,1.20,0.00,0.00,0,0
vda,37.00,0.00,0.15,0,0
vda,0.00,0.00,0.00,0,0
vda,1.20,0.00,0.00,0,0
vda,37.00,0.00,0.15,0,0
vda,2.00,0.00,0.01,0,0
vda,16.20,0.00,0.07,0,0
vda,0.00,0.00,0.00,0,0
vda,53.80,0.00,0.22,0,1
vda,1.60,0.00,0.01,0,0
vda,9.40,0.00,0.07,0,0
vda,39.40,0.00,0.16,0,0
vda,0.00,0.00,0.00,0,0
vda,1.60,0.00,0.01,0,0
vda,2.40,0.00,0.01,0,0
vda,1.60,0.00,0.01,0,0
vda,0.00,0.00,0.00,0,0
vda,2.80,0.00,0.01,0,0
vda,5.00,0.00,0.02,0,0
vda,53.20,0.00,0.21,0,1
vda,7.20,0.00,0.03,0,0
vda,2.20,0.00,0.01,0,0
vda,2.00,0.00,0.01,0,0
vda,0.40,0.00,0.00,0,0
vda,3.60,0.00,0.02,0,0
vda,3.20,0.00,0.01,0,0
vda,0.00,0.00,0.00,0,0
vda,34.80,0.00,0.14,0,0
vda,8.20,0.00,0.03,0,0
vda,1.80,0.00,0.01,0,0
vda,1.60,0.00,0.01,0,0
vda,1.60,0.00,0.01,0,0
vda,3.00,0.00,0.02,0,0
vda,2.40,0.00,0.01,0,0
vda,53.00,0.00,0.21,0,1
vda,1.60,0.00,0.01,0,0
vda,2.60,0.00,0.01,0,0
vda,0.00,0.00,0.00,0,0
vda,9.40,0.00,0.04,0,0
vda,35.00,0.00,0.14,0,0
vda,2.40,0.00,0.01,0,0
vda,8.40,0.00,0.04,0,0
vda,46.80,0.00,0.19,0,0
vda,11.20,0.00,0.04,0,0
vda,1.40,0.00,0.01,0,0
vda,44.40,0.00,0.18,0,0
vda,0.00,0.00,0.00,0,0
vda,1.40,0.00,0.01,0,0
vda,35.80,0.00,0.14,0,0
vda,1.80,0.00,0.01,0,0
vda,8.40,0.00,0.04,0,0
vda,37.00,0.00,0.14,0,0
vda,0.00,0.00,0.00,0,0
vda,3.40,0.00,0.01,0,0
vda,31.80,0.00,0.13,0,0
vda,32.80,0.00,0.13,0,0
vda,0.80,0.00,0.00,0,0
vda,35.60,0.00,0.14,0,0
vda,2.40,0.00,0.01,0,0
vda,1.20,0.00,0.00,0,0
vda,36.80,0.00,0.14,0,0
vda,0.20,0.00,0.00,0,0
vda,2.80,0.00,0.01,0,0
vda,0.00,0.00,0.00,0,0
vda,44.60,0.00,0.18,0,0
vda,1.40,0.00,0.01,0,0
vda,38.20,0.00,0.15,0,0
vda,17.00,0.00,0.07,0,0
vda,1.20,0.00,0.00,0,0
vda,32.60,0.00,0.13,0,0
vda,5.00,0.00,0.02,0,0
vda,1.40,0.00,0.01,0,0
vda,0.20,0.00,0.00,0,0
vda,38.60,0.00,0.15,0,0
vda,1.60,0.00,0.01,0,0
vda,0.00,0.00,0.00,0,0
vda,2.20,0.00,0.01,0,0
vda,1.20,0.00,0.00,0,0
vda,0.80,0.00,0.00,0,0
vda,2.80,0.00,0.01,0,0
vda,26.60,0.00,0.11,0,0
vda,1.20,0.00,0.00,0,0
vda,35.60,0.00,0.14,0,0
vda,1.20,0.00,0.00,0,0
vda,2.80,0.00,0.01,0,0
vda,3.20,0.00,0.01,0,0
vda,0.40,0.00,0.00,0,0
vda,14.40,0.00,0.06,0,0
vda,2.20,0.00,0.01,0,0
vda,7.20,0.00,0.06,0,0
vda,9.40,0.00,0.07,0,0
vda,55.20,0.00,0.22,0,1
vda,0.20,0.00,0.00,0,0
vda,4.20,0.00,0.02,0,0
vda,2.40,0.00,0.01,0,0
vda,25.00,0.00,0.10,0,0
vda,1.80,0.00,0.01,0,0
vda,44.60,0.00,0.18,0,0
vda,1.60,0.00,0.01,0,0
vda,1.20,0.00,0.00,0,0
vda,36.93,0.00,0.15,0,0
vda,1.40,0.00,0.01,0,0
vda,3.60,0.00,0.01,0,0
vda,8.60,0.00,0.04,0,0
vda,1.20,0.00,0.00,0,0
vda,52.80,0.00,0.21,0,1
vda,3.00,0.00,0.01,0,0
vda,1.20,0.00,0.00,0,0
vda,34.60,0.00,0.14,0,0
vda,1.80,0.00,0.01,0,0
vda,1.20,0.00,0.00,0,0
vda,31.00,0.00,0.13,0,0
vda,2.40,0.00,0.01,0,0
vda,3.80,0.00,0.01,0,0
vda,45.00,0.00,0.18,0,0
vda,0.00,0.00,0.00,0,0
vda,1.40,0.00,0.01,0,0
vda,54.00,0.00,0.22,0,1
vda,2.20,0.00,0.01,0,0
vda,0.00,0.00,0.00,0,0
vda,36.40,0.00,0.15,0,0
vda,1.80,0.00,0.01,0,0
vda,36.40,0.00,0.15,0,0
vda,1.40,0.00,0.01,0,0
vda,46.40,0.00,0.19,0,0
vda,1.20,0.00,0.00,0,0
vda,1.60,0.00,0.01,0,0
vda,54.40,0.00,0.21,0,1
vda,0.60,0.00,0.00,0,0
vda,1.20,0.00,0.00,0,0
vda,36.60,0.00,0.15,0,0
vda,1.40,0.00,0.01,0,0
vda,3.20,0.00,0.01,0,0
vda,2.60,0.00,0.01,0,0
vda,0.00,0.00,0.00,0,0
vda,1.20,0.00,0.00,0,0
vda,2.80,0.00,0.01,0,0
vda,1.80,0.00,0.01,0,0
vda,19.60,0.00,0.08,0,0
vda,35.80,0.00,0.14,0,0
vda,1.20,0.00,0.00,0,0
vda,3.40,0.00,0.01,0,0
vda,3.20,0.00,0.01,0,0
vda,0.00,0.00,0.00,0,0
vda,50.80,0.00,0.20,0,1
vda,3.00,0.00,0.01,0,0
vda,0.00,0.00,0.00,0,0
vda,37.00,0.00,0.15,0,0
vda,0.80,0.00,0.00,0,0
vda,2.20,0.00,0.01,0,0
vda,44.80,0.00,0.21,0,1
vda,3.00,0.00,0.01,0,0
vda,1.20,0.00,0.00,0,0
vda,53.40,0.00,0.21,0,1
vda,13.60,0.00,0.05,0,0
vda,0.00,0.00,0.00,0,0
vda,33.60,0.00,0.14,0,0
vda,2.40,0.00,0.01,0,0
vda,0.00,0.00,0.00,0,0
vda,36.60,0.00,0.15,0,0
vda,2.60,0.00,0.01,0,0
vda,1.40,0.00,0.01,0,0
vda,43.60,0.00,0.18,0,0
vda,2.60,0.00,0.01,0,0
vda,0.00,0.00,0.00,0,0
vda,52.20,0.00,0.21,0,1
vda,3.20,0.00,0.01,0,0
vda,2.20,0.00,0.01,0,0
vda,35.80,0.00,0.14,0,0
vda,0.00,0.00,0.00,0,0
vda,2.20,0.00,0.01,0,0
vda,37.20,0.00,0.15,0,0
vda,4.00,0.00,0.01,0,0
vda,8.20,0.00,0.03,0,0
vda,37.20,0.00,0.15,0,0
vda,0.00,0.00,0.00,0,0
vda,2.20,0.00,0.01,0,0
vda,54.20,0.00,0.22,0,1
vda,1.40,0.00,0.01,0,0
vda,37.00,0.00,0.15,0,0
vda,1.40,0.00,0.01,0,0
vda,1.40,0.00,0.00,0,0
vda,37.00,0.00,0.15,0,0
vda,3.60,0.00,0.01,0,0
vda,9.60,0.00,0.07,0,0
vda,0.00,0.00,0.00,0,0
vda,46.00,0.00,0.19,0,0
vda,5.20,0.01,0.02,0,0
vda,54.00,0.00,0.22,0,1
vda,1.40,0.00,0.01,0,0
vda,1.20,0.00,0.00,0,0
vda,36.80,0.00,0.15,0,0
vda,3.40,0.00,0.01,0,0
vda,0.00,0.00,0.00,0,0
vda,2.00,0.00,0.01,0,0
vda,44.60,0.00,0.18,0,0
vda,2.80,0.00,0.01,0,0
vda,37.60,0.00,0.15,0,0
vda,2.00,0.00,0.01,0,0
vda,53.40,0.00,0.21,0,1
vda,3.00,0.00,0.01,0,0
vda,3.20,0.00,0.01,0,0
vda,46.00,0.00,0.19,0,0
vda,1.40,0.00,0.01,0,0
vda,0.00,0.00,0.00,0,0
vda,36.60,0.00,0.14,0,0
vda,2.40,0.00,0.01,0,0
vda,0.00,0.00,0.00,0,0
vda,36.60,0.00,0.14,0,0
vda,2.00,0.00,0.01,0,0
vda,1.20,0.00,0.00,0,0
vda,3.59,0.00,0.01,0,0
vda,1.60,0.00,0.01,0,0
vda,0.00,0.00,0.00,0,0
vda,7.40,0.00,0.06,0,0
vda,30.00,0.00,0.12,0,0
vda,0.80,0.00,0.00,0,0
vda,53.20,0.00,0.21,0,1
vda,2.40,0.00,0.01,0,0
vda,1.20,0.00,0.00,0,0
vda,0.40,0.00,0.00,0,0
vda,4.60,0.00,0.02,0,0
vda,2.00,0.00,0.01,0,0
vda,21.00,0.00,0.08,0,0
vda,0.00,0.00,0.00,0,0
vda,1.20,0.00,0.00,0,0
vda,35.80,0.00,0.14,0,0
vda,8.00,0.00,0.03,0,0
vda,1.20,0.00,0.00,0,0
vda,1.60,0.00,0.01,0,0
vda,14.80,0.00,0.06,0,0
vda,1.20,0.00,0.00,0,0
vda,4.00,0.00,0.02,0,0
vda,1.80,0.00,0.01,0,0
vda,0.00,0.00,0.00,0,0
vda,35.40,0.00,0.14,0,0
vda,2.00,0.00,0.01,0,0
vda,20.00,0.00,0.08,0,0
vda,9.40,0.00,0.04,0,0
vda,1.40,0.00,0.01,0,0
vda,35.40,0.00,0.14,0,0
vda,3.80,0.00,0.01,0,0
vda,1.60,0.00,0.01,0,0
vda,8.40,0.00,0.04,0,0
vda,2.20,0.00,0.01,0,0
vda,0.00,0.00,0.00,0,0
vda,37.80,0.00,0.15,0,0
vda,2.40,0.00,0.01,0,0
vda,0.00,0.00,0.00,0,0
vda,1.40,0.00,0.00,0,0
vda,38.60,0.00,0.15,0,0
vda,20.00,0.00,0.08,0,0
vda,1.00,0.00,0.00,0,0
vda,2.20,0.00,0.01,0,0
vda,0.00,0.00,0.00,0,0
vda,44.20,0.00,0.18,0,0
vda,2.00,0.00,0.01,0,0
vda,1.60,0.00,0.01,0,0
vda,43.00,0.00,0.17,0,0
vda,3.20,0.00,0.01,0,0
vda,1.60,0.00,0.01,0,0
vda,0.00,0.00,0.00,0,0
vda,2.20,0.00,0.01,0,0
vda,0.60,0.00,0.00,0,0
vda,1.80,0.00,0.01,0,0
vda,44.80,0.00,0.18,0,0
vda,12.20,0.00,0.05,0,0
vda,1.40,0.00,0.00,0,0
vda,1.20,0.00,0.00,0,0
vda,3.60,0.00,0.01,0,0
vda,2.00,0.00,0.01,0,0
vda,2.40,0.00,0.01,0,0
vda,0.20,0.00,0.00,0,0
vda,20.00,0.00,0.08,0,0
vda,48.00,0.00,0.22,0,1
vda,3.20,0.00,0.01,0,0
vda,1.60,0.00,0.01,0,0
vda,38.80,0.00,0.16,0,0
vda,7.00,0.00,0.03,0,0
vda,0.00,0.00,0.00,0,0
vda,1.60,0.00,0.01,0,0
vda,1.60,0.00,0.01,0,0
vda,1.20,0.00,0.00,0,0
vda,2.20,0.00,0.01,0,0
vda,27.40,0.00,0.11,0,0
vda,1.80,0.00,0.01,0,0
vda,36.40,0.00,0.14,0,0
