3834212.0,62620.0,1740.0
3834212.0,62620.0,1740.0
2609230.6667,287975.2,4771.4666667
2521732.0,304072.0,4988.0
2520675.4667,304176.53333,5551.7333333
2520600.0,304184.0,5592.0
2520600.0,304184.0,5592.0
2518341.3333,306170.13333,5920.5333333
2518180.0,306312.0,5944.0
2518180.0,306312.0,5944.0
2515432.2667,307764.26667,6097.0666667
2515236.0,307868.0,6108.0
2515236.0,307868.0,6108.0
2515236.0,307868.0,6108.0
2515236.0,307868.0,6108.0
2511689.3333,308065.86667,6809.8666667
2511436.0,308080.0,6860.0
2511436.0,308080.0,6860.0
2511436.0,308080.0,6860.0
2511436.0,308080.0,6860.0
2511436.0,308080.0,6860.0
2511436.0,308080.0,6860.0
2511436.0,308080.0,6860.0
2501192.0,318456.0,7788.0
2501192.0,318456.0,7788.0
2501192.0,318456.0,7788.0
2499974.9333,318452.26667,7862.6666667
2499888.0,318452.0,7868.0
2499888.0,318452.0,7868.0
2499888.0,318452.0,7868.0
2499888.0,318452.0,7868.0
2499888.0,318452.0,7868.0
2499888.0,318452.0,7868.0
2499888.0,318452.0,7868.0
2499888.0,318452.0,7868.0
2499888.0,318452.0,7868.0
2496781.8667,318549.06667,8099.4666667
2496560.0,318556.0,8116.0
2496560.0,318556.0,8116.0
2497724.0,318880.0,8192.0
2497724.0,318880.0,8192.0
2497724.0,318880.0,8192.0
2497724.0,318880.0,8192.0
2497724.0,318880.0,8192.0
2497724.0,318880.0,8192.0
2497724.0,318880.0,8192.0
2497724.0,318880.0,8192.0
2497724.0,318880.0,8192.0
2497724.0,318880.0,8192.0
2497724.0,318880.0,8192.0
2497724.0,318880.0,8192.0
2497888.0,318912.0,8452.0
2497888.0,318912.0,8452.0
2497888.0,318912.0,8452.0
2497888.0,318912.0,8452.0
2497888.0,318912.0,8452.0
2497888.0,318912.0,8452.0
2497888.0,318912.0,8452.0
2497888.0,318912.0,8452.0
2497888.0,318912.0,8452.0
2497888.0,318912.0,8452.0
2497888.0,318912.0,8452.0
2497888.0,318912.0,8452.0
2497368.0,319040.0,8912.0
2497368.0,319040.0,8912.0
2496658.1333,319041.06667,8915.2
2486720.0,319056.0,8960.0
2486720.0,319056.0,8960.0
2486720.0,319056.0,8960.0
2486720.0,319056.0,8960.0
2486720.0,319056.0,8960.0
2486720.0,319056.0,8960.0
2486720.0,319056.0,8960.0
2486720.0,319056.0,8960.0
2486720.0,319056.0,8960.0
2486720.0,319056.0,8960.0
2486720.0,319056.0,8960.0
2486720.0,319056.0,8960.0
2485737.8667,319277.33333,9180.0
2484644.0,319296.0,9236.0
2484644.0,319296.0,9236.0
2484644.0,319296.0,9236.0
2484644.0,319296.0,9236.0
2484644.0,319296.0,9236.0
2484644.0,319296.0,9236.0
2484644.0,319296.0,9236.0
2484644.0,319296.0,9236.0
2484644.0,319296.0,9236.0
2484644.0,319296.0,9236.0
2484443.4667,319299.73333,9264.8
2483140.0,319324.0,9452.0
2483140.0,319324.0,9452.0
2483140.0,319324.0,9452.0
2483140.0,319324.0,9452.0
2483036.0,319324.0,9460.0
2481580.0,319324.0,9572.0
2481580.0,319324.0,9572.0
2481580.0,319324.0,9572.0
2482796.0,319340.0,9628.0
2482796.0,319340.0,9628.0
2483820.0,319416.0,9684.0
2483820.0,319416.0,9684.0
2483820.0,319416.0,9684.0
2483820.0,319416.0,9684.0
2483820.0,319416.0,9684.0
2483820.0,319416.0,9684.0
2483820.0,319416.0,9684.0
2483820.0,319416.0,9684.0
2483820.0,319416.0,9684.0
2483820.0,319416.0,9684.0
2483820.0,319416.0,9684.0
2483820.0,319416.0,9684.0
2483688.0,319508.0,10084.0
2483688.0,319508.0,10084.0
2483688.0,319508.0,10084.0
2483688.0,319508.0,10084.0
2474078.4,319526.66667,10188.533333
2473392.0,319528.0,10196.0
2473392.0,319528.0,10196.0
2473392.0,319528.0,10196.0
2473392.0,319528.0,10196.0
2473392.0,319528.0,10196.0
2473392.0,319528.0,10196.0
2473392.0,319528.0,10196.0
2473392.0,319528.0,10196.0
2473392.0,319528.0,10196.0
2473392.0,319528.0,10196.0
3427553.8667,313863.46667,10390.133333
3574348.0,312992.0,10420.0
