vda,83.60,0.51,0.00,2,0
vda,84.20,0.24,0.18,1,0
vda,7.40,0.02,0.01,0,0
vda,0.00,0.00,0.00,0,0
vda,31.00,0.00,0.12,0,0
vda,5.60,0.00,0.02,0,0
vda,221.20,9.73,0.07,48,0
vda,31.40,0.00,1.40,0,6
vda,11.60,0.02,0.02,0,0
vda,1.20,0.00,0.00,0,0
vda,12.80,0.05,0.00,0,0
vda,57.00,0.00,0.24,0,1
vda,0.00,0.00,0.00,0,0
vda,1.60,0.00,0.01,0,0
vda,42.20,0.00,0.18,0,0
vda,1.40,0.00,0.01,0,0
vda,0.00,0.00,0.00,0,0
vda,36.20,0.00,0.15,0,0
vda,1.40,0.00,0.01,0,0
vda,35.60,0.00,0.15,0,0
vda,1.40,0.00,0.01,0,0
vda,19.00,0.00,0.08,0,0
vda,49.20,0.00,0.21,0,1
vda,3.40,0.00,0.01,0,0
vda,1.20,0.00,0.00,0,0
vda,42.00,0.00,0.17,0,0
vda,2.60,0.00,0.01,0,0
vda,1.20,0.00,0.00,0,0
vda,29.80,0.00,0.12,0,0
vda,1.60,0.00,0.01,0,0
vda,1.20,0.00,0.00,0,0
