7950664.0,78748.0,3376.0
7950664.0,78748.0,3376.0
6307855.4667,344692.0,3984.5333333
6190512.0,363688.0,4028.0
6190512.0,363688.0,4028.0
6188832.0,364483.2,4210.9333333
6188712.0,364540.0,4224.0
6188712.0,364540.0,4224.0
6188712.0,364540.0,4224.0
6188712.0,364540.0,4224.0
6188712.0,364540.0,4224.0
6188712.0,364540.0,4224.0
6188712.0,364540.0,4224.0
6188712.0,364540.0,4224.0
6188712.0,364540.0,4224.0
6186073.8667,364605.86667,4435.4666667
6185668.0,364616.0,4468.0
6185668.0,364616.0,4468.0
6186895.2,364626.4,4516.5333333
6187084.0,364628.0,4524.0
6187084.0,364628.0,4524.0
6185868.0,364631.2,4568.8
6185564.0,364632.0,4580.0
6185564.0,364632.0,4580.0
6185564.0,364632.0,4580.0
6185564.0,364632.0,4580.0
6185564.0,364632.0,4580.0
6185564.0,364632.0,4580.0
6185564.0,364632.0,4580.0
6185564.0,364632.0,4580.0
6185564.0,364632.0,4580.0
6185564.0,364632.0,4580.0
6185564.0,364632.0,4580.0
6185235.4667,364629.06667,4767.7333333
6176001.3333,364628.0,4878.6666667
6171444.0,364628.0,4900.0
6171444.0,364628.0,4900.0
6170515.2,364640.0,4933.6
6169896.0,364648.0,4956.0
6169896.0,364648.0,4956.0
6169896.0,364648.0,4956.0
6169896.0,364648.0,4956.0
6169896.0,364648.0,4956.0
6169896.0,364648.0,4956.0
6169896.0,364648.0,4956.0
6169896.0,364648.0,4956.0
6169896.0,364648.0,4956.0
6169896.0,364648.0,4956.0
6169896.0,364648.0,4956.0
6169573.8667,364680.0,5079.7333333
6169292.0,364708.0,5188.0
6169292.0,364708.0,5188.0
6169292.0,364708.0,5188.0
6169292.0,364708.0,5188.0
6169292.0,364708.0,5188.0
6169292.0,364708.0,5188.0
6169292.0,364708.0,5188.0
6169292.0,364708.0,5188.0
6169292.0,364708.0,5188.0
6169292.0,364708.0,5188.0
6169154.4,364740.0,5306.4
6168948.0,364788.0,5484.0
6168948.0,364788.0,5484.0
6168189.6,364784.8,5506.4
6167052.0,364780.0,5540.0
6167052.0,364780.0,5540.0
6164468.0,364789.6,5567.2
6160592.0,364804.0,5608.0
6160046.4,364805.6,5630.4
6159228.0,364808.0,5664.0
6159228.0,364808.0,5664.0
6159228.0,364808.0,5664.0
6159228.0,364808.0,5664.0
6159228.0,364808.0,5664.0
6159228.0,364808.0,5664.0
6159228.0,364808.0,5664.0
6159228.0,364808.0,5664.0
6159228.0,364808.0,5664.0
6159228.0,364808.0,5664.0
6158537.3333,364856.0,5749.3333333
6157156.0,364952.0,5920.0
6157156.0,364952.0,5920.0
6157620.0,364953.33333,5941.3333333
6158548.0,364956.0,5984.0
6158548.0,364956.0,5984.0
6158548.0,364956.0,5984.0
6158548.0,364956.0,5984.0
6157536.8,365864.8,6174.4
6156020.0,367228.0,6460.0
6156020.0,367228.0,6460.0
6156020.0,367228.0,6460.0
6156020.0,367228.0,6460.0
6155413.3333,367228.0,6505.3333333
6154200.0,367228.0,6596.0
6154200.0,367228.0,6596.0
6154478.4,367230.13333,6613.0666667
6155244.0,367236.0,6660.0
6155244.0,367236.0,6660.0
6138181.6,367239.2,6674.9333333
6091260.0,367248.0,6716.0
6090782.1333,367246.93333,6733.0666667
6089468.0,367244.0,6780.0
6089468.0,367244.0,6780.0
6089468.0,367244.0,6780.0
6089468.0,367244.0,6780.0
6089468.0,367244.0,6780.0
6089468.0,367244.0,6780.0
6089468.0,367244.0,6780.0
6089468.0,367244.0,6780.0
6089468.0,367244.0,6780.0
6089468.0,367244.0,6780.0
6088837.0667,367260.8,6892.0
6088116.0,367280.0,7020.0
6088116.0,367280.0,7020.0
6084382.6667,367287.46667,7049.8666667
6080116.0,367296.0,7084.0
6080116.0,367296.0,7084.0
6080116.0,367296.0,7084.0
6080116.0,367296.0,7084.0
6079175.2,367299.73333,7136.2666667
6078100.0,367304.0,7196.0
6078100.0,367304.0,7196.0
6078100.0,367304.0,7196.0
6078100.0,367304.0,7196.0
6078673.0667,367337.6,7240.8
6079328.0,367376.0,7292.0
6079328.0,367376.0,7292.0
6079328.0,367376.0,7292.0
6079328.0,367376.0,7292.0
6079328.0,367376.0,7292.0
6079328.0,367376.0,7292.0
6079328.0,367376.0,7292.0
6079328.0,367376.0,7292.0
6079328.0,367376.0,7292.0
6079328.0,367376.0,7292.0
6079328.0,367376.0,7292.0
6079169.3333,367413.33333,7411.4666667
6078988.0,367456.0,7548.0
6078988.0,367456.0,7548.0
6078988.0,367456.0,7548.0
6078186.4,367454.4,7602.4
6076984.0,367452.0,7684.0
6076984.0,367452.0,7684.0
6053852.2667,367453.86667,7713.8666667
6027416.0,367456.0,7748.0
6027416.0,367456.0,7748.0
6026605.8667,367459.73333,7777.8666667
6025680.0,367464.0,7812.0
6025680.0,367464.0,7812.0
6025680.0,367464.0,7812.0
6025680.0,367464.0,7812.0
6025680.0,367464.0,7812.0
6025680.0,367464.0,7812.0
6025680.0,367464.0,7812.0
6025680.0,367464.0,7812.0
6025680.0,367464.0,7812.0
6025680.0,367464.0,7812.0
6025680.0,367464.0,7812.0
6025261.8667,367478.93333,7924.0
6790074.4,364468.26667,8081.8666667
7664692.0,361008.0,8116.0
