vda,68.60,0.26,0.01,1,0
vda,5.40,0.02,0.00,0,0
vda,1.20,0.00,0.00,0,0
vda,48.60,0.00,0.20,0,0
vda,3.80,0.00,0.01,0,0
vda,86.60,0.58,0.01,2,0
vda,214.60,10.44,0.02,52,0
vda,109.40,13.68,0.00,68,0
vda,112.80,14.00,0.00,70,0
vda,99.40,12.25,0.00,61,0
vda,128.20,15.05,0.01,75,0
vda,101.80,9.15,0.12,45,0
vda,118.20,14.75,0.00,73,0
vda,157.80,14.93,1.43,74,7
vda,57.00,6.65,0.01,33,0
vda,125.80,15.60,0.00,78,0
vda,125.80,15.40,0.01,77,0
vda,135.60,16.78,0.01,83,0
vda,131.40,16.18,0.01,80,0
vda,17.20,0.43,0.06,2,0
vda,137.00,16.07,0.03,80,0
vda,71.40,8.91,0.00,44,0
vda,24.80,0.00,0.10,0,0
vda,1.20,0.00,0.00,0,0
vda,2.00,0.00,0.01,0,0
vda,3.00,0.00,0.01,0,0
vda,20.00,0.00,0.08,0,0
vda,0.20,0.00,0.00,0,0
vda,2.20,0.00,0.01,0,0
vda,1.20,0.00,0.00,0,0
vda,7.60,0.00,0.03,0,0
vda,36.00,0.00,0.15,0,0
vda,1.80,0.00,0.01,0,0
vda,4.60,0.00,0.02,0,0
vda,12.80,0.00,0.05,0,0
vda,0.00,0.00,0.00,0,0
vda,1.00,0.00,0.00,0,0
vda,2.60,0.00,0.01,0,0
vda,1.60,0.00,0.01,0,0
vda,0.80,0.00,0.00,0,0
vda,44.00,0.00,0.18,0,0
vda,18.40,0.00,0.07,0,0
vda,1.40,0.00,0.01,0,0
vda,3.20,0.00,0.01,0,0
vda,1.20,0.00,0.00,0,0
vda,0.20,0.00,0.00,0,0
vda,2.20,0.00,0.01,0,0
vda,1.20,0.00,0.00,0,0
vda,9.00,0.00,0.04,0,0
vda,53.00,0.00,0.21,0,1
vda,1.40,0.00,0.01,0,0
vda,4.20,0.00,0.02,0,0
vda,0.20,0.00,0.00,0,0
vda,1.60,0.00,0.01,0,0
vda,0.20,0.00,0.00,0,0
vda,4.40,0.00,0.02,0,0
vda,12.80,0.00,0.05,0,0
vda,1.60,0.00,0.01,0,0
vda,29.60,0.00,0.12,0,0
vda,1.60,0.00,0.01,0,0
vda,1.00,0.00,0.00,0,0
vda,3.99,0.00,0.02,0,0
vda,2.80,0.00,0.01,0,0
vda,2.20,0.00,0.01,0,0
vda,17.00,0.00,0.07,0,0
vda,9.60,0.00,0.04,0,0
vda,35.40,0.00,0.14,0,0
vda,0.40,0.00,0.00,0,0
vda,1.40,0.00,0.01,0,0
vda,1.60,0.00,0.01,0,0
vda,3.80,0.00,0.01,0,0
vda,18.40,0.00,0.07,0,0
vda,2.60,0.00,0.01,0,0
vda,0.20,0.00,0.00,0,0
vda,1.60,0.00,0.01,0,0
vda,33.80,0.00,0.14,0,0
vda,3.60,0.00,0.02,0,0
vda,8.00,0.00,0.03,0,0
vda,12.20,0.00,0.05,0,0
vda,2.20,0.00,0.01,0,0
vda,1.80,0.00,0.01,0,0
vda,0.80,0.00,0.00,0,0
vda,3.40,0.00,0.01,0,0
vda,3.00,0.00,0.02,0,0
vda,0.00,0.00,0.00,0,0
vda,52.00,0.00,0.21,0,1
vda,1.60,0.00,0.01,0,0
vda,3.20,0.00,0.01,0,0
vda,6.60,0.00,0.03,0,0
vda,1.20,0.00,0.00,0,0
vda,1.60,0.00,0.01,0,0
vda,2.20,0.00,0.01,0,0
vda,13.80,0.00,0.05,0,0
vda,23.40,0.00,0.10,0,0
vda,7.20,0.02,0.01,0,0
vda,12.80,0.05,0.00,0,0
vda,2.20,0.00,0.01,0,0
vda,0.00,0.00,0.00,0,0
vda,9.80,0.00,0.05,0,0
vda,24.80,0.00,0.10,0,0
vda,1.40,0.00,0.00,0,0
vda,2.20,0.00,0.01,0,0
vda,47.00,0.00,0.19,0,0
vda,0.20,0.00,0.00,0,0
vda,1.60,0.00,0.01,0,0
vda,14.60,0.00,0.06,0,0
vda,0.00,0.00,0.00,0,0
vda,1.20,0.00,0.00,0,0
vda,9.00,0.00,0.04,0,0
vda,1.20,0.00,0.00,0,0
vda,1.60,0.00,0.01,0,0
vda,34.60,0.00,0.14,0,0
vda,3.20,0.00,0.02,0,0
vda,18.60,0.00,0.07,0,0
vda,2.20,0.00,0.01,0,0
vda,0.40,0.00,0.00,0,0
vda,2.00,0.00,0.01,0,0
vda,2.40,0.00,0.01,0,0
vda,6.80,0.00,0.03,0,0
vda,2.80,0.00,0.02,0,0
vda,51.40,0.00,0.21,0,1
vda,1.20,0.00,0.00,0,0
vda,4.00,0.00,0.01,0,0
vda,2.60,0.00,0.01,0,0
vda,0.00,0.00,0.00,0,0
vda,1.40,0.00,0.00,0,0
vda,3.20,0.00,0.01,0,0
vda,0.00,0.00,0.00,0,0
vda,19.40,0.00,0.08,0,0
vda,24.20,0.00,0.10,0,0
vda,2.40,0.00,0.01,0,0
vda,2.80,0.00,0.01,0,0
vda,1.40,0.00,0.01,0,0
vda,2.40,0.00,0.01,0,0
vda,0.40,0.00,0.00,0,0
vda,19.40,0.00,0.08,0,0
vda,0.80,0.00,0.00,0,0
vda,8.20,0.00,0.03,0,0
vda,35.00,0.00,0.14,0,0
vda,0.00,0.00,0.00,0,0
vda,3.00,0.00,0.01,0,0
vda,3.60,0.00,0.01,0,0
vda,1.00,0.00,0.00,0,0
vda,20.00,0.00,0.08,0,0
vda,1.20,0.00,0.00,0,0
vda,0.00,0.00,0.00,0,0
vda,1.60,0.00,0.01,0,0
vda,43.00,0.00,0.18,0,0
vda,1.20,0.00,0.00,0,0
vda,2.20,0.00,0.01,0,0
vda,13.20,0.00,0.05,0,0
vda,1.00,0.00,0.00,0,0
vda,2.00,0.00,0.01,0,0
vda,2.40,0.00,0.01,0,0
vda,1.40,0.00,0.01,0,0
vda,22.60,0.00,0.09,0,0
vda,2.20,0.00,0.01,0,0
vda,7.00,0.00,0.03,0,0
vda,18.60,0.00,0.07,0,0
vda,3.80,0.00,0.01,0,0
vda,1.80,0.00,0.01,0,0
vda,1.20,0.00,0.01,0,0
vda,35.13,0.00,0.14,0,0
vda,0.60,0.00,0.00,0,0
vda,1.60,0.00,0.01,0,0
vda,20.20,0.00,0.08,0,0
vda,0.60,0.00,0.00,0,0
vda,1.40,0.00,0.00,0,0
vda,4.20,0.00,0.02,0,0
vda,1.60,0.00,0.01,0,0
vda,2.60,0.00,0.01,0,0
vda,33.40,0.00,0.13,0,0
vda,18.00,0.00,0.07,0,0
vda,1.20,0.00,0.00,0,0
vda,9.20,0.00,0.04,0,0
vda,2.20,0.00,0.01,0,0
vda,1.60,0.00,0.01,0,0
vda,2.40,0.00,0.01,0,0
vda,2.80,0.00,0.01,0,0
vda,34.40,0.00,0.14,0,0
vda,19.20,0.00,0.07,0,0
vda,1.20,0.00,0.00,0,0
vda,1.60,0.00,0.01,0,0
vda,2.40,0.00,0.01,0,0
vda,7.60,0.00,0.03,0,0
vda,1.40,0.00,0.01,0,0
vda,2.20,0.00,0.01,0,0
vda,11.80,0.00,0.05,0,0
vda,24.00,0.00,0.10,0,0
vda,3.60,0.00,0.02,0,0
vda,1.00,0.00,0.00,0,0
vda,11.20,0.00,0.04,0,0
vda,0.20,0.00,0.00,0,0
vda,0.60,0.00,0.00,0,0
vda,1.60,0.00,0.01,0,0
vda,19.40,0.00,0.08,0,0
vda,3.00,0.00,0.01,0,0
vda,36.00,0.00,0.14,0,0
vda,1.60,0.00,0.01,0,0
vda,0.20,0.00,0.00,0,0
vda,1.60,0.00,0.01,0,0
vda,2.40,0.00,0.01,0,0
vda,17.60,0.00,0.07,0,0
vda,10.40,0.00,0.05,0,0
vda,1.40,0.00,0.01,0,0
vda,0.00,0.00,0.00,0,0
vda,36.00,0.00,0.14,0,0
vda,2.60,0.00,0.01,0,0
vda,1.60,0.00,0.01,0,0
vda,2.20,0.00,0.01,0,0
vda,11.20,0.00,0.04,0,0
vda,2.20,0.00,0.01,0,0
vda,2.60,0.00,0.01,0,0
vda,8.60,0.00,0.04,0,0
vda,0.00,0.00,0.00,0,0
vda,46.20,0.00,0.18,0,0
vda,3.40,0.00,0.01,0,0
vda,24.80,0.00,0.10,0,0
vda,1.60,0.00,0.01,0,0
vda,2.40,0.00,0.01,0,0
vda,0.20,0.00,0.00,0,0
vda,1.20,0.00,0.00,0,0
vda,9.20,0.00,0.04,0,0
vda,1.20,0.00,0.00,0,0
vda,21.80,0.00,0.09,0,0
vda,14.60,0.00,0.06,0,0
vda,2.40,0.00,0.01,0,0
vda,2.80,0.00,0.01,0,0
vda,0.00,0.00,0.00,0,0
vda,0.60,0.00,0.00,0,0
vda,1.60,0.00,0.01,0,0
vda,2.40,0.00,0.01,0,0
vda,24.00,0.00,0.10,0,0
vda,36.00,0.00,0.15,0,0
vda,2.60,0.00,0.01,0,0
vda,2.80,0.00,0.01,0,0
vda,1.80,0.00,0.01,0,0
vda,2.80,0.00,0.01,0,0
vda,0.20,0.00,0.00,0,0
vda,1.20,0.00,0.00,0,0
vda,21.60,0.00,0.09,0,0
vda,1.60,0.00,0.01,0,0
vda,39.80,0.00,0.16,0,0
vda,2.00,0.00,0.01,0,0
vda,1.20,0.00,0.00,0,0
vda,2.20,0.00,0.01,0,0
vda,0.00,0.00,0.00,0,0
vda,15.20,0.00,0.06,0,0
vda,2.40,0.00,0.01,0,0
vda,1.80,0.00,0.01,0,0
vda,1.40,0.00,0.00,0,0
vda,35.40,0.00,0.14,0,0
vda,6.60,0.00,0.03,0,0
vda,1.40,0.00,0.01,0,0
vda,21.60,0.00,0.09,0,0
vda,1.60,0.00,0.01,0,0
vda,2.80,0.00,0.01,0,0
vda,1.00,0.00,0.00,0,0
vda,1.40,0.00,0.01,0,0
vda,1.60,0.00,0.01,0,0
vda,24.20,0.00,0.10,0,0
vda,12.40,0.00,0.05,0,0
vda,1.60,0.00,0.01,0,0
vda,9.80,0.00,0.04,0,0
vda,1.20,0.00,0.00,0,0
vda,0.00,0.00,0.00,0,0
vda,1.60,0.00,0.01,0,0
vda,4.59,0.00,0.02,0,0
vda,20.00,0.00,0.08,0,0
vda,34.60,0.00,0.14,0,0
vda,0.00,0.00,0.00,0,0
vda,1.20,0.00,0.00,0,0
vda,2.60,0.00,0.01,0,0
vda,8.00,0.00,0.03,0,0
vda,1.20,0.00,0.00,0,0
vda,0.80,0.00,0.00,0,0
vda,19.00,0.00,0.07,0,0
vda,2.80,0.00,0.01,0,0
vda,35.80,0.00,0.14,0,0
vda,1.40,0.00,0.01,0,0
vda,0.00,0.00,0.00,0,0
vda,1.20,0.00,0.00,0,0
vda,3.60,0.00,0.02,0,0
vda,18.40,0.00,0.07,0,0
vda,1.80,0.00,0.01,0,0
vda,2.40,0.00,0.01,0,0
vda,0.00,0.00,0.00,0,0
vda,34.40,0.00,0.14,0,0
vda,3.80,0.00,0.01,0,0
vda,1.00,0.00,0.00,0,0
vda,4.60,0.00,0.02,0,0
vda,18.40,0.00,0.07,0,0
vda,0.00,0.00,0.00,0,0
vda,1.20,0.00,0.00,0,0
vda,9.00,0.00,0.04,0,0
vda,1.40,0.00,0.00,0,0
vda,24.20,0.00,0.10,0,0
vda,3.00,0.00,0.01,0,0
vda,18.60,0.00,0.07,0,0
vda,0.00,0.00,0.00,0,0
vda,1.60,0.00,0.01,0,0
vda,1.20,0.00,0.00,0,0
vda,8.40,0.00,0.04,0,0
vda,1.80,0.00,0.01,0,0
vda,2.20,0.00,0.01,0,0
vda,34.80,0.00,0.14,0,0
vda,15.00,0.00,0.06,0,0
vda,1.60,0.00,0.01,0,0
vda,0.40,0.00,0.00,0,0
vda,1.80,0.00,0.01,0,0
vda,1.40,0.00,0.00,0,0
vda,3.60,0.00,0.02,0,0
vda,7.20,0.00,0.03,0,0
vda,18.60,0.00,0.07,0,0
vda,35.60,0.00,0.14,0,0
vda,1.40,0.00,0.01,0,0
vda,0.00,0.00,0.00,0,0
vda,12.00,0.00,0.05,0,0
vda,0.40,0.00,0.00,0,0
vda,3.60,0.00,0.02,0,0
vda,2.60,0.00,0.01,0,0
vda,12.80,0.00,0.05,0,0
vda,0.00,0.00,0.00,0,0
vda,41.20,0.00,0.17,0,0
vda,1.20,0.00,0.00,0,0
vda,0.20,0.00,0.00,0,0
vda,4.80,0.00,0.02,0,0
vda,1.80,0.00,0.01,0,0
vda,17.20,0.00,0.07,0,0
vda,1.20,0.00,0.00,0,0
vda,2.20,0.00,0.01,0,0
vda,0.00,0.00,0.00,0,0
vda,30.00,0.00,0.12,0,0
vda,3.40,0.00,0.02,0,0
vda,1.40,0.00,0.00,0,0
vda,2.60,0.00,0.01,0,0
vda,25.00,0.00,0.10,0,0
vda,1.60,0.00,0.01,0,0
vda,2.60,0.00,0.01,0,0
vda,1.60,0.00,0.01,0,0
vda,1.40,0.00,0.01,0,0
vda,52.80,0.00,0.21,0,1
vda,1.80,0.00,0.01,0,0
vda,13.00,0.00,0.05,0,0
vda,2.60,0.00,0.01,0,0
vda,2.80,0.00,0.01,0,0
vda,2.60,0.00,0.01,0,0
vda,1.80,0.00,0.01,0,0
vda,1.60,0.00,0.01,0,0
vda,1.20,0.00,0.00,0,0
vda,35.80,0.00,0.14,0,0
vda,25.40,0.00,0.10,0,0
vda,0.00,0.00,0.00,0,0
vda,1.60,0.00,0.01,0,0
vda,3.00,0.00,0.02,0,0
vda,0.00,0.00,0.00,0,0
vda,3.80,0.00,0.01,0,0
vda,1.80,0.00,0.01,0,0
vda,17.60,0.00,0.07,0,0
vda,34.20,0.00,0.14,0,0
vda,2.40,0.00,0.01,0,0
vda,7.80,0.00,0.03,0,0
vda,3.60,0.00,0.01,0,0
vda,0.80,0.00,0.00,0,0
vda,0.00,0.00,0.00,0,0
vda,1.20,0.00,0.00,0,0
vda,14.80,0.00,0.06,0,0
vda,2.80,0.00,0.01,0,0
vda,21.80,0.00,0.09,0,0
vda,2.80,0.00,0.02,0,0
vda,0.00,0.00,0.00,0,0
vda,2.20,0.00,0.01,0,0
vda,8.20,0.00,0.03,0,0
vda,17.20,0.00,0.07,0,0
vda,2.99,0.00,0.01,0,0
vda,2.00,0.00,0.01,0,0
vda,33.40,0.00,0.13,0,0
vda,14.20,0.00,0.06,0,0
vda,0.00,0.00,0.00,0,0
vda,0.80,0.00,0.00,0,0
vda,14.00,0.00,0.05,0,0
vda,1.60,0.00,0.01,0,0
vda,0.00,0.00,0.00,0,0
vda,2.20,0.00,0.01,0,0
vda,0.80,0.00,0.01,0,0
vda,34.20,0.00,0.14,0,0
vda,2.60,0.00,0.01,0,0
vda,19.00,0.00,0.07,0,0
vda,2.00,0.00,0.01,0,0
vda,2.60,0.00,0.01,0,0
vda,0.00,0.00,0.00,0,0
vda,2.20,0.00,0.01,0,0
vda,2.60,0.00,0.01,0,0
vda,8.20,0.00,0.03,0,0
vda,50.80,0.00,0.20,0,1
vda,2.40,0.00,0.01,0,0
vda,1.20,0.00,0.00,0,0
vda,0.00,0.00,0.00,0,0
vda,4.80,0.00,0.02,0,0
vda,1.80,0.00,0.01,0,0
vda,0.00,0.00,0.00,0,0
vda,13.60,0.00,0.05,0,0
vda,2.20,0.00,0.01,0,0
vda,21.60,0.00,0.09,0,0
vda,9.60,0.00,0.04,0,0
vda,2.40,0.00,0.01,0,0
vda,3.00,0.00,0.01,0,0
vda,1.60,0.00,0.01,0,0
vda,0.00,0.00,0.00,0,0
vda,18.40,0.00,0.07,0,0
vda,2.60,0.00,0.01,0,0
vda,1.40,0.00,0.01,0,0
vda,20.80,0.00,0.08,0,0
vda,22.00,0.00,0.09,0,0
vda,0.00,0.00,0.00,0,0
vda,1.40,0.00,0.00,0,0
vda,2.80,0.00,0.01,0,0
vda,14.40,0.00,0.06,0,0
vda,1.20,0.00,0.00,0,0
vda,3.80,0.00,0.02,0,0
vda,0.00,0.00,0.00,0,0
vda,34.40,0.00,0.14,0,0
vda,9.20,0.00,0.04,0,0
vda,1.80,0.00,0.01,0,0
vda,19.40,0.00,0.07,0,0
vda,0.20,0.00,0.00,0,0
vda,0.60,0.00,0.00,0,0
vda,4.40,0.00,0.02,0,0
vda,3.00,0.00,0.01,0,0
vda,0.00,0.00,0.00,0,0
vda,28.80,0.00,0.11,0,0
vda,9.20,0.00,0.04,0,0
vda,0.00,0.00,0.00,0,0
vda,25.20,0.00,0.10,0,0
vda,2.20,0.00,0.01,0,0
vda,2.00,0.00,0.01,0,0
vda,4.20,0.00,0.02,0,0
vda,1.20,0.00,0.00,0,0
vda,0.00,0.00,0.00,0,0
vda,1.20,0.00,0.00,0,0
vda,35.20,0.00,0.14,0,0
vda,1.00,0.00,0.01,0,0
vda,2.40,0.00,0.01,0,0
vda,9.00,0.00,0.04,0,0
vda,0.20,0.00,0.00,0,0
vda,1.40,0.00,0.00,0,0
vda,3.80,0.00,0.01,0,0
vda,27.40,0.00,0.11,0,0
vda,0.00,0.00,0.00,0,0
vda,37.00,0.00,0.15,0,0
vda,0.60,0.00,0.00,0,0
vda,1.40,0.00,0.01,0,0
vda,2.20,0.00,0.01,0,0
vda,0.40,0.00,0.00,0,0
vda,12.80,0.00,0.05,0,0
vda,2.20,0.00,0.01,0,0
vda,0.00,0.00,0.00,0,0
vda,4.40,0.00,0.02,0,0
vda,47.40,0.00,0.19,0,0
vda,2.00,0.00,0.01,0,0
vda,1.20,0.00,0.00,0,0
vda,25.20,0.00,0.10,0,0
vda,0.00,0.00,0.00,0,0
vda,1.40,0.00,0.00,0,0
vda,10.00,0.00,0.04,0,0
vda,0.60,0.00,0.00,0,0
vda,48.40,0.54,0.03,2,0
vda,34.60,0.00,0.14,0,0
vda,2.00,0.00,0.01,0,0
vda,19.80,0.00,0.08,0,0
vda,0.00,0.00,0.00,0,0
vda,4.80,0.00,0.03,0,0
vda,1.60,0.00,0.01,0,0
vda,31.40,0.00,0.17,0,0
vda,0.00,0.00,0.00,0,0
vda,1.20,0.00,0.00,0,0
vda,35.20,0.00,0.14,0,0
vda,0.40,0.00,0.00,0,0
vda,2.40,0.00,0.01,0,0
vda,3.60,0.00,0.01,0,0
vda,1.60,0.00,0.01,0,0
vda,51.80,0.00,0.21,0,1
vda,9.60,0.00,0.04,0,0
vda,0.80,0.00,0.00,0,0
vda,1.20,0.00,0.00,0,0
vda,2.20,0.00,0.01,0,0
vda,0.00,0.00,0.00,0,0
vda,1.60,0.00,0.01,0,0
vda,35.60,0.00,0.14,0,0
vda,1.60,0.00,0.01,0,0
vda,4.00,0.00,0.02,0,0
vda,1.60,0.00,0.01,0,0
vda,0.00,0.00,0.00,0,0
vda,1.80,0.00,0.01,0,0
vda,2.40,0.00,0.01,0,0
vda,2.00,0.00,0.01,0,0
vda,25.60,0.00,0.10,0,0
vda,35.40,0.00,0.14,0,0
vda,2.60,0.00,0.01,0,0
vda,2.60,0.00,0.01,0,0
vda,43.00,0.00,0.18,0,0
vda,0.00,0.00,0.00,0,0
vda,1.40,0.00,0.00,0,0
vda,53.80,0.00,0.21,0,1
vda,0.00,0.00,0.00,0,0
vda,1.20,0.00,0.00,0,0
vda,2.20,0.00,0.01,0,0
vda,0.00,0.00,0.00,0,0
vda,35.00,0.00,0.14,0,0
vda,1.60,0.00,0.01,0,0
vda,0.00,0.00,0.00,0,0
vda,1.20,0.00,0.00,0,0
vda,2.20,0.00,0.01,0,0
vda,41.40,0.00,0.17,0,0
vda,1.40,0.00,0.01,0,0
vda,2.20,0.00,0.01,0,0
vda,30.20,0.00,0.12,0,0
vda,13.40,0.00,0.05,0,0
vda,0.00,0.00,0.00,0,0
vda,48.40,0.00,0.19,0,0
vda,2.40,0.00,0.01,0,0
vda,1.20,0.00,0.00,0,0
vda,34.80,0.00,0.14,0,0
vda,1.40,0.00,0.01,0,0
vda,36.80,0.00,0.14,0,0
vda,1.40,0.00,0.01,0,0
vda,0.20,0.00,0.00,0,0
vda,54.60,0.00,0.22,0,1
vda,4.00,0.00,0.02,0,0
vda,0.00,0.00,0.00,0,0
vda,34.00,0.00,0.14,0,0
vda,1.60,0.00,0.01,0,0
vda,0.20,0.00,0.00,0,0
vda,37.80,0.00,0.15,0,0
vda,1.40,0.00,0.01,0,0
vda,0.00,0.00,0.00,0,0
vda,26.80,0.00,0.11,0,0
vda,1.00,0.00,0.00,0,0
vda,3.00,0.00,0.01,0,0
vda,1.60,0.00,0.01,0,0
vda,48.20,0.00,0.20,0,0
vda,1.60,0.00,0.01,0,0
vda,2.20,0.00,0.01,0,0
vda,46.80,0.00,0.19,0,0
vda,2.00,0.00,0.01,0,0
vda,2.20,0.00,0.01,0,0
vda,35.60,0.00,0.14,0,0
vda,1.40,0.00,0.01,0,0
vda,3.40,0.00,0.01,0,0
vda,1.60,0.00,0.01,0,0
vda,42.40,0.00,0.17,0,0
vda,2.40,0.00,0.01,0,0
vda,18.40,0.00,0.08,0,0
vda,1.40,0.00,0.01,0,0
vda,49.00,0.00,0.20,0,0
vda,1.00,0.00,0.00,0,0
vda,2.40,0.00,0.01,0,0
vda,43.80,0.00,0.18,0,0
vda,1.60,0.00,0.01,0,0
vda,0.00,0.00,0.00,0,0
vda,44.40,0.00,0.18,0,0
vda,1.00,0.00,0.00,0,0
vda,8.20,0.00,0.03,0,0
vda,2.40,0.00,0.01,0,0
vda,51.60,0.00,0.21,0,1
vda,2.40,0.00,0.01,0,0
vda,2.40,0.00,0.01,0,0
vda,43.40,0.00,0.18,0,0
vda,2.00,0.00,0.01,0,0
vda,0.00,0.00,0.00,0,0
vda,42.80,0.00,0.17,0,0
vda,1.60,0.00,0.01,0,0
vda,2.20,0.00,0.01,0,0
vda,35.00,0.00,0.14,0,0
vda,2.40,0.00,0.01,0,0
vda,2.20,0.00,0.01,0,0
vda,1.40,0.00,0.01,0,0
vda,1.60,0.00,0.01,0,0
vda,2.20,0.00,0.01,0,0
vda,0.40,0.00,0.00,0,0
vda,48.80,0.00,0.19,0,0
vda,25.40,0.00,0.10,0,0
vda,6.80,0.00,0.03,0,0
vda,1.40,0.00,0.00,0,0
vda,2.40,0.00,0.01,0,0
vda,1.80,0.00,0.01,0,0
vda,2.80,0.00,0.01,0,0
vda,9.00,0.00,0.04,0,0
vda,19.20,0.00,0.08,0,0
vda,36.20,0.00,0.14,0,0
vda,1.40,0.00,0.00,0,0
vda,0.40,0.00,0.00,0,0
vda,36.40,0.00,0.14,0,0
vda,4.60,0.00,0.02,0,0
vda,1.60,0.00,0.01,0,0
vda,42.00,0.00,0.17,0,0
vda,1.80,0.00,0.01,0,0
vda,1.20,0.00,0.00,0,0
vda,36.80,0.00,0.14,0,0
vda,0.00,0.00,0.00,0,0
vda,1.20,0.00,0.00,0,0
vda,54.20,0.00,0.21,0,1
vda,2.40,0.00,0.01,0,0
vda,12.80,0.00,0.05,0,0
vda,3.60,0.00,0.01,0,0
vda,43.40,0.00,0.18,0,0
vda,0.00,0.00,0.00,0,0
vda,2.20,0.00,0.01,0,0
vda,35.20,0.00,0.14,0,0
vda,1.40,0.00,0.01,0,0
vda,2.20,0.00,0.01,0,0
vda,40.40,0.00,0.16,0,0
vda,1.40,0.00,0.01,0,0
vda,3.00,0.00,0.01,0,0
vda,51.60,0.00,0.21,0,1
vda,4.80,0.00,0.02,0,0
vda,2.20,0.00,0.01,0,0
vda,34.60,0.00,0.14,0,0
vda,1.40,0.00,0.01,0,0
vda,2.20,0.00,0.01,0,0
vda,34.60,0.00,0.14,0,0
vda,3.20,0.00,0.01,0,0
vda,2.00,0.00,0.01,0,0
vda,48.20,0.00,0.19,0,0
vda,1.40,0.00,0.01,0,0
vda,2.20,0.00,0.01,0,0
vda,46.20,0.00,0.18,0,0
vda,1.40,0.00,0.01,0,0
vda,31.20,0.00,0.12,0,0
vda,1.40,0.00,0.01,0,0
vda,12.40,0.00,0.05,0,0
vda,27.40,0.00,0.11,0,0
vda,2.80,0.00,0.01,0,0
vda,42.80,0.00,0.17,0,0
vda,2.60,0.00,0.01,0,0
vda,0.00,0.00,0.00,0,0
vda,52.80,0.00,0.21,0,1
vda,3.00,0.00,0.01,0,0
vda,1.20,0.00,0.00,0,0
vda,34.40,0.00,0.13,0,0
vda,4.00,0.00,0.02,0,0
vda,20.80,0.00,0.09,0,0
vda,2.40,0.00,0.01,0,0
vda,0.00,0.00,0.00,0,0
vda,35.80,0.00,0.14,0,0
vda,1.40,0.00,0.01,0,0
vda,32.00,0.00,0.13,0,0
vda,1.80,0.00,0.01,0,0
vda,51.80,0.00,0.20,0,1
vda,2.40,0.00,0.01,0,0
vda,0.60,0.00,0.00,0,0
vda,3.40,0.00,0.01,0,0
vda,43.80,0.00,0.18,0,0
vda,2.00,0.00,0.01,0,0
vda,0.20,0.00,0.00,0,0
vda,2.20,0.00,0.01,0,0
vda,0.00,0.00,0.00,0,0
vda,1.20,0.00,0.00,0,0
vda,2.60,0.00,0.01,0,0
vda,19.80,0.00,0.08,0,0
vda,36.80,0.00,0.14,0,0
vda,2.00,0.00,0.01,0,0
vda,0.20,0.00,0.00,0,0
vda,43.40,0.00,0.17,0,0
vda,2.60,0.00,0.01,0,0
vda,0.00,0.00,0.00,0,0
vda,36.00,0.00,0.14,0,0
vda,2.40,0.00,0.01,0,0
vda,0.00,0.00,0.00,0,0
vda,35.80,0.00,0.14,0,0
vda,3.20,0.00,0.01,0,0
vda,1.60,0.00,0.01,0,0
vda,0.20,0.00,0.00,0,0
vda,44.40,0.00,0.18,0,0
vda,9.60,0.00,0.04,0,0
vda,9.40,0.00,0.04,0,0
vda,2.20,0.00,0.01,0,0
vda,0.60,0.00,0.00,0,0
vda,1.40,0.00,0.00,0,0
vda,3.40,0.00,0.01,0,0
vda,2.40,0.00,0.01,0,0
vda,11.00,0.00,0.04,0,0
vda,25.60,0.00,0.10,0,0
vda,0.60,0.00,0.00,0,0
vda,1.20,0.00,0.00,0,0
vda,8.80,0.00,0.04,0,0
vda,1.40,0.00,0.01,0,0
vda,2.00,0.00,0.01,0,0
vda,21.00,0.00,0.08,0,0
vda,1.00,0.00,0.00,0,0
vda,1.20,0.00,0.00,0,0
vda,36.20,0.00,0.14,0,0
vda,0.40,0.00,0.00,0,0
vda,1.60,0.00,0.01,0,0
vda,8.80,0.00,0.04,0,0
vda,2.40,0.00,0.01,0,0
vda,23.80,0.00,0.09,0,0
vda,2.20,0.00,0.01,0,0
vda,56.00,0.00,0.22,0,1
vda,1.60,0.00,0.01,0,0
vda,1.60,0.00,0.01,0,0
vda,42.00,0.00,0.17,0,0
vda,1.40,0.00,0.01,0,0
vda,2.20,0.00,0.01,0,0
vda,35.40,0.00,0.14,0,0
vda,1.40,0.00,0.01,0,0
vda,2.20,0.00,0.01,0,0
vda,1.80,0.00,0.01,0,0
vda,49.20,0.00,0.20,0,0
vda,2.20,0.00,0.01,0,0
vda,0.00,0.00,0.00,0,0
vda,1.20,0.00,0.00,0,0
vda,2.20,0.00,0.01,0,0
vda,1.20,0.00,0.00,0,0
vda,1.00,0.00,0.00,0,0
vda,49.00,0.00,0.20,0,0
vda,3.40,0.00,0.01,0,0
vda,2.60,0.00,0.01,0,0
vda,42.40,0.00,0.17,0,0
vda,1.40,0.00,0.01,0,0
vda,19.80,0.00,0.08,0,0
vda,2.20,0.00,0.01,0,0
vda,46.20,0.00,0.18,0,0
vda,1.60,0.00,0.01,0,0
vda,2.20,0.00,0.01,0,0
vda,35.00,0.00,0.14,0,0
vda,1.40,0.00,0.01,0,0
vda,3.80,0.00,0.01,0,0
vda,1.60,0.00,0.01,0,0
vda,0.00,0.00,0.00,0,0
vda,2.20,0.00,0.01,0,0
vda,1.00,0.00,0.00,0,0
vda,3.00,0.00,0.02,0,0
vda,59.80,0.00,0.24,0,1
vda,0.80,0.00,0.00,0,0
vda,1.20,0.00,0.00,0,0
vda,44.40,0.00,0.18,0,0
vda,1.80,0.00,0.01,0,0
vda,0.00,0.00,0.00,0,0
vda,43.60,0.00,0.18,0,0
vda,1.20,0.00,0.00,0,0
vda,2.00,0.00,0.01,0,0
vda,35.80,0.00,0.14,0,0
vda,0.00,0.00,0.00,0,0
vda,1.20,0.00,0.00,0,0
vda,53.80,0.00,0.21,0,1
vda,4.00,0.00,0.02,0,0
vda,0.20,0.00,0.00,0,0
vda,45.20,0.00,0.18,0,0
vda,1.20,0.00,0.00,0,0
vda,1.40,0.00,0.00,0,0
vda,36.40,0.00,0.14,0,0
vda,0.00,0.00,0.00,0,0
vda,1.20,0.00,0.00,0,0
vda,36.60,0.00,0.15,0,0
vda,1.00,0.00,0.00,0,0
vda,3.80,0.00,0.01,0,0
vda,60.40,0.00,0.24,0,1
vda,0.00,0.00,0.00,0,0
vda,1.20,0.00,0.00,0,0
vda,37.20,0.00,0.15,0,0
vda,1.40,0.00,0.01,0,0
vda,0.00,0.00,0.00,0,0
vda,36.73,0.00,0.15,0,0
vda,0.80,0.00,0.00,0,0
vda,1.20,0.00,0.00,0,0
vda,36.60,0.00,0.15,0,0
vda,3.40,0.00,0.01,0,0
vda,57.20,0.00,0.23,0,1
vda,5.40,0.00,0.02,0,0
vda,0.00,0.00,0.00,0,0
vda,37.40,0.00,0.15,0,0
vda,1.40,0.00,0.01,0,0
vda,0.20,0.00,0.00,0,0
vda,2.20,0.00,0.01,0,0
vda,35.80,0.00,0.14,0,0
vda,1.60,0.00,0.01,0,0
vda,3.40,0.00,0.01,0,0
vda,44.40,0.00,0.18,0,0
vda,1.40,0.00,0.01,0,0
vda,53.60,0.00,0.21,0,1
vda,1.20,0.00,0.00,0,0
vda,0.00,0.00,0.00,0,0
vda,36.80,0.00,0.15,0,0
vda,1.40,0.00,0.01,0,0
vda,14.80,0.00,0.06,0,0
vda,2.60,0.00,0.01,0,0
vda,8.00,0.00,0.03,0,0
vda,0.00,0.00,0.00,0,0
vda,37.60,0.00,0.15,0,0
vda,1.40,0.00,0.01,0,0
vda,0.00,0.00,0.00,0,0
vda,2.20,0.00,0.01,0,0
vda,53.20,0.00,0.21,0,1
vda,1.00,0.00,0.00,0,0
vda,38.80,0.00,0.16,0,0
vda,1.40,0.00,0.01,0,0
vda,1.40,0.00,0.01,0,0
vda,2.00,0.00,0.01,0,0
vda,43.60,0.00,0.18,0,0
vda,0.00,0.00,0.00,0,0
vda,37.40,0.00,0.15,0,0
vda,2.00,0.00,0.01,0,0
vda,0.60,0.00,0.00,0,0
vda,54.80,0.00,0.22,0,1
vda,2.80,0.00,0.01,0,0
vda,2.60,0.00,0.01,0,0
vda,42.00,0.00,0.17,0,0
vda,1.40,0.00,0.01,0,0
vda,0.60,0.00,0.00,0,0
vda,36.80,0.00,0.15,0,0
vda,1.40,0.00,0.01,0,0
vda,0.60,0.00,0.00,0,0
vda,35.60,0.00,0.14,0,0
vda,2.40,0.00,0.01,0,0
vda,3.00,0.00,0.01,0,0
vda,2.40,0.00,0.01,0,0
vda,1.00,0.00,0.00,0,0
vda,0.20,0.00,0.00,0,0
vda,2.60,0.00,0.01,0,0
vda,25.60,0.00,0.10,0,0
vda,7.40,0.00,0.03,0,0
vda,48.00,0.00,0.19,0,0
vda,1.20,0.00,0.00,0,0
vda,2.60,0.00,0.01,0,0
vda,2.40,0.00,0.01,0,0
vda,43.00,0.00,0.17,0,0
vda,1.40,0.00,0.01,0,0
vda,2.20,0.00,0.01,0,0
vda,0.00,0.00,0.00,0,0
vda,0.60,0.00,0.00,0,0
vda,2.20,0.00,0.01,0,0
vda,1.80,0.00,0.01,0,0
vda,21.20,0.00,0.09,0,0
vda,35.60,0.00,0.14,0,0
vda,0.00,0.00,0.00,0,0
vda,0.60,0.00,0.00,0,0
vda,2.20,0.00,0.01,0,0
vda,43.20,0.00,0.17,0,0
vda,1.60,0.00,0.01,0,0
vda,2.20,0.00,0.01,0,0
vda,49.20,0.00,0.20,0,0
vda,3.80,0.00,0.01,0,0
vda,4.80,0.00,0.02,0,0
vda,43.80,0.00,0.18,0,0
vda,0.20,0.00,0.00,0,0
vda,2.20,0.00,0.01,0,0
vda,36.20,0.00,0.14,0,0
vda,2.40,0.00,0.01,0,0
vda,0.00,0.00,0.00,0,0
vda,1.20,0.00,0.00,0,0
vda,52.20,0.00,0.21,0,1
vda,2.40,0.00,0.01,0,0
vda,1.20,0.00,0.00,0,0
vda,44.40,0.00,0.18,0,0
vda,4.40,0.00,0.02,0,0
vda,7.40,0.00,0.03,0,0
vda,34.80,0.00,0.14,0,0
vda,2.40,0.00,0.01,0,0
vda,8.40,0.00,0.04,0,0
vda,1.60,0.00,0.01,0,0
vda,37.00,0.00,0.15,0,0
vda,1.40,0.00,0.01,0,0
vda,48.00,0.00,0.19,0,0
vda,8.80,0.00,0.03,0,0
vda,1.00,0.00,0.00,0,0
vda,41.00,0.00,0.16,0,0
vda,2.40,0.00,0.01,0,0
vda,1.20,0.00,0.00,0,0
vda,34.80,0.00,0.14,0,0
vda,2.40,0.00,0.01,0,0
vda,1.20,0.00,0.00,0,0
vda,0.60,0.00,0.00,0,0
vda,3.60,0.00,0.01,0,0
vda,1.60,0.00,0.01,0,0
vda,0.60,0.00,0.00,0,0
vda,20.60,0.00,0.08,0,0
vda,1.20,0.00,0.00,0,0
vda,34.40,0.00,0.13,0,0
vda,9.20,0.00,0.04,0,0
vda,1.40,0.00,0.01,0,0
vda,34.60,0.00,0.14,0,0
vda,3.60,0.00,0.01,0,0
vda,1.60,0.00,0.01,0,0
vda,0.00,0.00,0.00,0,0
vda,43.60,0.00,0.18,0,0
vda,1.60,0.00,0.01,0,0
vda,42.20,0.00,0.16,0,0
vda,13.20,0.00,0.05,0,0
vda,1.20,0.00,0.00,0,0
vda,39.20,0.00,0.15,0,0
vda,6.20,0.00,0.02,0,0
vda,1.60,0.00,0.01,0,0
vda,14.40,0.00,0.06,0,0
vda,28.80,0.00,0.11,0,0
vda,1.20,0.00,0.00,0,0
vda,0.60,0.00,0.00,0,0
vda,36.60,0.00,0.15,0,0
vda,1.40,0.00,0.01,0,0
vda,4.00,0.00,0.01,0,0
vda,1.40,0.00,0.01,0,0
vda,1.00,0.00,0.00,0,0
vda,0.00,0.00,0.00,0,0
vda,2.60,0.00,0.01,0,0
vda,19.60,0.00,0.08,0,0
vda,0.60,0.00,0.00,0,0
vda,42.80,0.00,0.17,0,0
vda,1.40,0.00,0.01,0,0
vda,0.60,0.00,0.00,0,0
vda,45.20,0.00,0.18,0,0
vda,1.60,0.00,0.01,0,0
vda,0.20,0.00,0.00,0,0
vda,53.60,0.00,0.22,0,1
vda,9.00,0.00,0.04,0,0
vda,0.00,0.00,0.00,0,0
vda,2.20,0.00,0.01,0,0
vda,1.20,0.00,0.00,0,0
vda,0.80,0.00,0.00,0,0
vda,4.20,0.00,0.02,0,0
vda,13.60,0.00,0.05,0,0
vda,31.20,0.00,0.13,0,0
vda,2.60,0.00,0.01,0,0
vda,1.20,0.00,0.00,0,0
vda,0.00,0.00,0.00,0,0
vda,55.60,0.00,0.22,0,1
vda,1.20,0.00,0.00,0,0
vda,0.00,0.00,0.00,0,0
vda,37.20,0.00,0.15,0,0
vda,2.40,0.00,0.01,0,0
vda,2.00,0.00,0.01,0,0
vda,2.00,0.00,0.01,0,0
vda,43.40,0.00,0.17,0,0
vda,0.00,0.00,0.00,0,0
vda,37.00,0.00,0.15,0,0
vda,1.40,0.00,0.01,0,0
vda,0.60,0.00,0.00,0,0
vda,2.20,0.00,0.01,0,0
vda,55.60,0.00,0.22,0,1
vda,17.00,0.00,0.07,0,0
vda,2.60,0.00,0.01,0,0
vda,1.20,0.00,0.00,0,0
vda,41.80,0.00,0.17,0,0
vda,2.40,0.00,0.01,0,0
vda,1.20,0.00,0.00,0,0
vda,34.80,0.00,0.14,0,0
vda,3.00,0.00,0.01,0,0
vda,2.60,0.00,0.01,0,0
vda,45.00,0.00,0.18,0,0
vda,0.00,0.00,0.00,0,0
vda,1.20,0.00,0.00,0,0
vda,51.80,0.00,0.20,0,1
vda,3.80,0.00,0.02,0,0
vda,1.20,0.00,0.00,0,0
vda,29.60,0.00,0.12,0,0
vda,2.40,0.00,0.01,0,0
vda,1.20,0.00,0.00,0,0
vda,1.80,0.00,0.01,0,0
vda,2.60,0.00,0.01,0,0
vda,1.20,0.00,0.00,0,0
vda,0.40,0.00,0.00,0,0
vda,54.80,0.00,0.22,0,1
vda,1.20,0.00,0.00,0,0
vda,7.20,0.00,0.03,0,0
vda,2.20,0.00,0.01,0,0
vda,1.20,0.00,0.00,0,0
vda,1.00,0.00,0.00,0,0
vda,2.40,0.00,0.01,0,0
vda,14.80,0.00,0.06,0,0
vda,1.00,0.00,0.00,0,0
vda,24.60,0.00,0.10,0,0
vda,1.20,0.00,0.00,0,0
vda,0.40,0.00,0.00,0,0
vda,2.40,0.00,0.01,0,0
vda,8.20,0.00,0.03,0,0
vda,2.00,0.00,0.01,0,0
vda,19.60,0.00,0.08,0,0
vda,1.20,0.00,0.00,0,0
vda,2.80,0.00,0.01,0,0
vda,36.80,0.00,0.14,0,0
vda,1.20,0.00,0.00,0,0
vda,0.00,0.00,0.00,0,0
vda,4.60,0.00,0.02,0,0
vda,11.60,0.00,0.05,0,0
vda,8.80,0.00,0.04,0,0
vda,2.60,0.00,0.01,0,0
vda,0.60,0.00,0.00,0,0
vda,1.40,0.00,0.00,0,0
vda,37.60,0.00,0.15,0,0
vda,1.80,0.00,0.01,0,0
vda,10.20,0.00,0.04,0,0
vda,19.20,0.00,0.07,0,0
vda,0.00,0.00,0.00,0,0
vda,1.40,0.00,0.00,0,0
vda,37.00,0.00,0.15,0,0
vda,0.80,0.00,0.00,0,0
vda,3.80,0.00,0.01,0,0
vda,1.40,0.00,0.01,0,0
vda,1.60,0.00,0.01,0,0
vda,0.00,0.00,0.00,0,0
vda,2.60,0.00,0.01,0,0
vda,18.80,0.00,0.08,0,0
vda,1.40,0.00,0.00,0,0
vda,43.00,0.00,0.17,0,0
vda,0.60,0.00,0.00,0,0
vda,1.60,0.00,0.00,0,0
vda,4.20,0.00,0.02,0,0
vda,44.20,0.00,0.18,0,0
vda,0.00,0.00,0.00,0,0
vda,2.20,0.00,0.01,0,0
vda,0.80,0.00,0.00,0,0
vda,1.20,0.00,0.00,0,0
vda,2.20,0.00,0.01,0,0
vda,1.00,0.00,0.00,0,0
vda,3.20,0.00,0.01,0,0
vda,53.00,0.00,0.21,0,1
vda,2.00,0.00,0.01,0,0
vda,2.00,0.00,0.01,0,0
vda,1.20,0.00,0.00,0,0
vda,0.40,0.00,0.00,0,0
vda,1.60,0.00,0.01,0,0
vda,2.40,0.00,0.01,0,0
vda,24.80,0.00,0.10,0,0
vda,35.20,0.00,0.14,0,0
vda,3.60,0.00,0.01,0,0
vda,2.40,0.00,0.01,0,0
vda,0.00,0.00,0.00,0,0
vda,43.80,0.00,0.18,0,0
vda,1.00,0.00,0.00,0,0
vda,2.20,0.00,0.01,0,0
vda,1.20,0.00,0.00,0,0
vda,0.60,0.00,0.00,0,0
vda,2.20,0.00,0.01,0,0
vda,1.60,0.00,0.01,0,0
vda,19.40,0.00,0.08,0,0
vda,35.20,0.00,0.14,0,0
vda,3.60,0.00,0.01,0,0
vda,1.60,0.00,0.01,0,0
vda,0.00,0.00,0.00,0,0
vda,44.40,0.00,0.18,0,0
vda,1.40,0.00,0.01,0,0
vda,0.60,0.00,0.00,0,0
vda,36.80,0.00,0.15,0,0
vda,1.40,0.00,0.01,0,0
vda,3.80,0.00,0.01,0,0
vda,1.00,0.00,0.00,0,0
vda,52.80,0.00,0.21,0,1
vda,8.20,0.00,0.03,0,0
vda,2.20,0.00,0.01,0,0
vda,1.20,0.00,0.00,0,0
vda,35.00,0.00,0.14,0,0
vda,2.40,0.00,0.01,0,0
vda,1.20,0.00,0.00,0,0
vda,46.60,0.00,0.19,0,0
vda,1.40,0.00,0.01,0,0
vda,1.20,0.00,0.00,0,0
vda,55.20,0.00,0.21,0,1
vda,18.20,0.00,0.07,0,0
vda,1.20,0.00,0.00,0,0
vda,0.60,0.00,0.00,0,0
vda,37.20,0.00,0.15,0,0
vda,3.00,0.00,0.01,0,0
vda,2.40,0.00,0.01,0,0
vda,44.80,0.00,0.18,0,0
vda,1.40,0.00,0.01,0,0
vda,0.20,0.00,0.00,0,0
vda,37.20,0.00,0.15,0,0
vda,1.40,0.00,0.01,0,0
vda,0.80,0.00,0.00,0,0
vda,2.20,0.00,0.01,0,0
vda,52.60,0.00,0.21,0,1
vda,1.40,0.00,0.01,0,0
vda,2.20,0.00,0.01,0,0
vda,44.20,0.00,0.18,0,0
vda,1.40,0.00,0.01,0,0
vda,2.20,0.00,0.01,0,0
vda,36.60,0.00,0.15,0,0
vda,0.00,0.00,0.00,0,0
vda,2.20,0.00,0.01,0,0
vda,36.20,0.00,0.15,0,0
vda,2.40,0.00,0.01,0,0
vda,0.00,0.00,0.00,0,0
vda,2.60,0.00,0.01,0,0
vda,61.60,0.00,0.24,0,1
vda,0.00,0.00,0.00,0,0
vda,1.20,0.00,0.00,0,0
vda,0.60,0.00,0.00,0,0
vda,2.20,0.00,0.01,0,0
vda,37.00,0.00,0.15,0,0
vda,1.80,0.00,0.01,0,0
vda,2.20,0.00,0.01,0,0
vda,1.20,0.00,0.00,0,0
vda,55.00,0.00,0.22,0,1
vda,10.40,0.00,0.04,0,0
vda,1.20,0.00,0.00,0,0
vda,0.00,0.00,0.00,0,0
vda,37.40,0.00,0.15,0,0
vda,1.40,0.00,0.01,0,0
vda,0.60,0.00,0.00,0,0
vda,37.00,0.00,0.15,0,0
vda,1.40,0.00,0.01,0,0
vda,2.60,0.00,0.01,0,0
vda,2.00,0.00,0.01,0,0
vda,1.20,0.00,0.00,0,0
vda,0.00,0.00,0.00,0,0
vda,2.60,0.00,0.01,0,0
vda,2.40,0.00,0.01,0,0
vda,58.20,0.00,0.23,0,1
vda,2.20,0.00,0.01,0,0
vda,1.20,0.00,0.00,0,0
vda,3.80,0.00,0.01,0,0
vda,2.00,0.00,0.01,0,0
vda,1.80,0.00,0.01,0,0
vda,0.40,0.00,0.00,0,0
vda,13.40,0.00,0.05,0,0
vda,1.40,0.00,0.01,0,0
vda,41.20,0.00,0.16,0,0
vda,2.80,0.00,0.01,0,0
vda,2.20,0.00,0.01,0,0
vda,0.60,0.00,0.00,0,0
vda,4.40,0.00,0.02,0,0
vda,10.00,0.00,0.04,0,0
vda,17.20,0.00,0.07,0,0
vda,2.60,0.00,0.01,0,0
vda,1.40,0.00,0.01,0,0
vda,22.60,0.00,0.09,0,0
vda,4.00,0.00,0.02,0,0
vda,1.40,0.00,0.01,0,0
vda,0.20,0.00,0.00,0,0
vda,28.60,0.00,0.12,0,0
vda,28.20,0.00,0.11,0,0
vda,8.80,0.00,0.04,0,0
vda,2.20,0.00,0.01,0,0
vda,37.00,0.00,0.15,0,0
vda,0.00,0.00,0.00,0,0
vda,2.20,0.00,0.01,0,0
vda,1.20,0.00,0.00,0,0
vda,0.60,0.00,0.00,0,0
vda,2.20,0.00,0.01,0,0
vda,1.60,0.00,0.01,0,0
vda,3.80,0.00,0.02,0,0
vda,53.20,0.00,0.21,0,1
vda,1.20,0.00,0.00,0,0
vda,0.00,0.00,0.00,0,0
vda,44.60,0.00,0.18,0,0
vda,1.40,0.00,0.01,0,0
vda,0.20,0.00,0.00,0,0
vda,37.40,0.00,0.15,0,0
vda,2.00,0.00,0.01,0,0
vda,1.60,0.00,0.01,0,0
vda,44.80,0.00,0.18,0,0
vda,1.40,0.00,0.01,0,0
vda,0.00,0.00,0.00,0,0
vda,52.60,0.00,0.21,0,1
vda,3.80,0.00,0.01,0,0
vda,0.60,0.00,0.00,0,0
vda,37.20,0.00,0.15,0,0
vda,1.40,0.00,0.01,0,0
vda,1.40,0.00,0.00,0,0
vda,38.80,0.00,0.16,0,0
vda,1.00,0.00,0.00,0,0
vda,0.00,0.00,0.00,0,0
vda,2.20,0.00,0.01,0,0
vda,43.80,0.00,0.18,0,0
vda,1.20,0.00,0.00,0,0
vda,2.20,0.00,0.01,0,0
vda,53.40,0.00,0.21,0,1
vda,0.60,0.00,0.00,0,0
vda,2.20,0.00,0.01,0,0
vda,44.60,0.00,0.18,0,0
vda,2.00,0.00,0.01,0,0
vda,2.20,0.00,0.01,0,0
vda,35.80,0.00,0.14,0,0
vda,0.80,0.00,0.00,0,0
vda,2.20,0.00,0.01,0,0
vda,1.20,0.00,0.00,0,0
vda,47.80,0.00,0.19,0,0
vda,3.00,0.00,0.01,0,0
vda,2.40,0.00,0.01,0,0
vda,1.80,0.00,0.01,0,0
vda,2.20,0.00,0.01,0,0
vda,56.00,0.00,0.22,0,1
vda,11.00,0.00,0.04,0,0
vda,2.40,0.00,0.01,0,0
vda,34.80,0.00,0.14,0,0
vda,0.20,0.00,0.00,0,0
vda,2.20,0.00,0.01,0,0
vda,1.20,0.00,0.00,0,0
vda,75.60,0.00,0.34,0,1
vda,9.60,0.00,0.04,0,0
vda,0.00,0.00,0.00,0,0
vda,49.20,0.00,0.20,0,0
vda,2.40,0.00,0.01,0,0
vda,30.80,0.00,0.12,0,0
vda,0.00,0.00,0.00,0,0
vda,37.60,0.00,0.15,0,0
vda,1.40,0.00,0.01,0,0
vda,0.00,0.00,0.00,0,0
vda,39.00,0.00,0.15,0,0
vda,1.40,0.00,0.01,0,0
vda,1.80,0.00,0.01,0,0
vda,51.80,0.00,0.21,0,1
vda,10.60,0.00,0.04,0,0
vda,1.20,0.00,0.00,0,0
vda,0.00,0.00,0.00,0,0
vda,2.20,0.00,0.01,0,0
vda,0.00,0.00,0.00,0,0
vda,1.60,0.00,0.01,0,0
vda,14.80,0.00,0.06,0,0
vda,1.80,0.00,0.01,0,0
vda,25.00,0.00,0.10,0,0
vda,1.60,0.00,0.01,0,0
vda,0.00,0.00,0.00,0,0
vda,1.20,0.00,0.00,0,0
vda,2.60,0.00,0.01,0,0
vda,19.00,0.00,0.07,0,0
vda,8.20,0.00,0.04,0,0
vda,2.20,0.00,0.01,0,0
vda,1.40,0.00,0.00,0,0
vda,37.20,0.00,0.15,0,0
vda,1.40,0.00,0.01,0,0
vda,1.40,0.00,0.01,0,0
vda,2.40,0.00,0.01,0,0
vda,12.80,0.00,0.05,0,0
vda,1.20,0.00,0.00,0,0
vda,9.00,0.00,0.04,0,0
vda,0.40,0.00,0.00,0,0
vda,0.80,0.00,0.00,0,0
vda,38.20,0.00,0.15,0,0
vda,1.20,0.00,0.00,0,0
vda,26.00,0.00,0.11,0,0
vda,2.40,0.00,0.01,0,0
vda,1.20,0.00,0.00,0,0
vda,0.20,0.00,0.00,0,0
vda,2.20,0.00,0.01,0,0
vda,1.20,0.00,0.00,0,0
vda,0.60,0.00,0.00,0,0
vda,39.20,0.00,0.16,0,0
vda,19.40,0.00,0.08,0,0
vda,1.40,0.00,0.00,0,0
vda,0.20,0.00,0.00,0,0
vda,2.20,0.00,0.01,0,0
vda,42.80,0.00,0.17,0,0
vda,1.40,0.00,0.01,0,0
vda,2.20,0.00,0.01,0,0
vda,36.80,0.00,0.15,0,0
vda,2.40,0.00,0.01,0,0
vda,1.60,0.00,0.01,0,0
vda,1.20,0.00,0.00,0,0
vda,53.40,0.00,0.21,0,1
vda,9.20,0.00,0.04,0,0
vda,1.20,0.00,0.00,0,0
vda,0.60,0.00,0.00,0,0
vda,38.00,0.00,0.15,0,0
vda,1.40,0.00,0.01,0,0
vda,3.60,0.00,0.01,0,0
vda,1.00,0.00,0.00,0,0
vda,1.20,0.00,0.00,0,0
vda,9.80,0.00,0.04,0,0
vda,0.40,0.00,0.00,0,0
vda,20.40,0.00,0.08,0,0
vda,35.80,0.00,0.14,0,0
vda,2.40,0.00,0.01,0,0
vda,1.20,0.00,0.00,0,0
vda,39.00,0.00,0.15,0,0
vda,2.00,0.00,0.01,0,0
vda,1.60,0.00,0.01,0,0
vda,0.00,0.00,0.00,0,0
vda,45.80,0.00,0.19,0,0
vda,1.60,0.00,0.01,0,0
vda,0.00,0.00,0.00,0,0
vda,2.40,0.00,0.01,0,0
vda,1.20,0.00,0.00,0,0
vda,0.60,0.00,0.00,0,0
vda,4.60,0.00,0.02,0,0
vda,19.40,0.00,0.08,0,0
vda,37.80,0.00,0.15,0,0
vda,0.80,0.00,0.00,0,0
vda,1.40,0.00,0.01,0,0
vda,0.00,0.00,0.00,0,0
vda,9.20,0.00,0.04,0,0
vda,1.00,0.00,0.00,0,0
vda,37.80,0.00,0.15,0,0
vda,3.20,0.00,0.01,0,0
vda,1.60,0.00,0.01,0,0
vda,2.20,0.00,0.01,0,0
vda,0.00,0.00,0.00,0,0
vda,1.20,0.00,0.00,0,0
vda,2.80,0.00,0.01,0,0
vda,8.60,0.00,0.04,0,0
vda,18.60,0.00,0.07,0,0
vda,36.60,0.00,0.14,0,0
vda,1.20,0.00,0.00,0,0
vda,2.60,0.00,0.01,0,0
vda,0.40,0.00,0.00,0,0
vda,46.40,0.00,0.19,0,0
vda,2.00,0.00,0.01,0,0
vda,0.00,0.00,0.00,0,0
vda,2.20,0.00,0.01,0,0
vda,0.80,0.00,0.00,0,0
vda,2.20,0.00,0.01,0,0
vda,1.60,0.00,0.01,0,0
vda,24.80,0.00,0.10,0,0
vda,50.00,0.00,0.20,0,0
vda,1.00,0.00,0.00,0,0
vda,0.00,0.00,0.00,0,0
vda,1.20,0.00,0.00,0,0
vda,2.60,0.00,0.01,0,0
vda,1.40,0.00,0.01,0,0
vda,24.40,0.00,0.10,0,0
vda,3.40,0.00,0.02,0,0
vda,1.20,0.00,0.00,0,0
vda,35.00,0.00,0.14,0,0
vda,4.00,0.00,0.02,0,0
vda,1.80,0.00,0.01,0,0
vda,0.00,0.00,0.00,0,0
vda,2.40,0.00,0.01,0,0
vda,13.80,0.00,0.06,0,0
vda,0.00,0.00,0.00,0,0
vda,9.20,0.00,0.04,0,0
vda,1.60,0.00,0.01,0,0
vda,36.00,0.00,0.14,0,0
vda,1.20,0.00,0.00,0,0
vda,2.79,0.00,0.01,0,0
vda,30.60,0.00,0.13,0,0
vda,1.00,0.00,0.00,0,0
vda,1.40,0.00,0.01,0,0
vda,0.20,0.00,0.00,0,0
vda,2.20,0.00,0.01,0,0
vda,1.20,0.00,0.00,0,0
vda,23.00,0.00,0.09,0,0
vda,3.00,0.00,0.01,0,0
vda,18.80,0.00,0.07,0,0
vda,3.60,0.00,0.01,0,0
vda,2.00,0.00,0.01,0,0
vda,56.40,0.00,0.23,0,1
vda,2.60,0.00,0.01,0,0
vda,0.00,0.00,0.00,0,0
vda,36.80,0.00,0.15,0,0
vda,0.80,0.00,0.00,0,0
vda,2.20,0.00,0.01,0,0
vda,37.00,0.00,0.15,0,0
vda,1.00,0.00,0.00,0,0
vda,2.20,0.00,0.01,0,0
vda,2.60,0.00,0.01,0,0
vda,2.60,0.00,0.01,0,0
vda,0.00,0.00,0.00,0,0
vda,1.60,0.00,0.01,0,0
vda,55.80,0.00,0.22,0,1
vda,1.20,0.00,0.00,0,0
vda,6.80,0.00,0.03,0,0
vda,0.80,0.00,0.00,0,0
vda,2.40,0.00,0.01,0,0
vda,1.60,0.00,0.01,0,0
vda,3.40,0.00,0.01,0,0
vda,20.20,0.00,0.08,0,0
vda,1.20,0.00,0.00,0,0
vda,34.60,0.00,0.14,0,0
vda,2.40,0.00,0.01,0,0
vda,8.60,0.00,0.04,0,0
vda,1.00,0.00,0.00,0,0
vda,3.40,0.00,0.02,0,0
vda,1.40,0.00,0.01,0,0
vda,14.60,0.00,0.06,0,0
vda,2.00,0.00,0.01,0,0
vda,1.60,0.00,0.01,0,0
vda,25.40,0.00,0.10,0,0
vda,0.00,0.00,0.00,0,0
vda,2.60,0.00,0.01,0,0
vda,7.80,0.00,0.03,0,0
vda,19.80,0.00,0.08,0,0
vda,1.60,0.00,0.01,0,0
vda,0.80,0.00,0.00,0,0
vda,3.40,0.00,0.01,0,0
vda,1.60,0.00,0.01,0,0
vda,34.60,0.00,0.14,0,0
vda,4.00,0.00,0.02,0,0
vda,2.20,0.00,0.01,0,0
vda,12.40,0.00,0.05,0,0
vda,9.00,0.00,0.04,0,0
vda,1.40,0.00,0.01,0,0
vda,0.60,0.00,0.00,0,0
vda,2.20,0.00,0.01,0,0
vda,4.00,0.00,0.02,0,0
vda,35.80,0.00,0.14,0,0
vda,20.00,0.00,0.08,0,0
vda,1.40,0.00,0.01,0,0
vda,0.00,0.00,0.00,0,0
vda,2.20,0.00,0.01,0,0
vda,10.40,0.00,0.04,0,0
vda,3.20,0.00,0.01,0,0
vda,2.20,0.00,0.01,0,0
vda,1.20,0.00,0.00,0,0
vda,38.20,0.00,0.15,0,0
vda,26.20,0.00,0.10,0,0
vda,1.80,0.00,0.01,0,0
vda,1.00,0.00,0.00,0,0
