7805570.1333,169227.2,3536.0
7849232.0,105592.0,2928.0
7849232.0,105592.0,2928.0
6647797.3333,284578.13333,3678.9333333
6210912.0,349664.0,3952.0
6209148.8,349664.0,3996.8
6208708.0,349664.0,4008.0
6208708.0,349664.0,4008.0
6208708.0,349664.0,4008.0
6208708.0,349664.0,4008.0
6208708.0,349664.0,4008.0
6208708.0,349664.0,4008.0
6208708.0,349664.0,4008.0
6208708.0,349664.0,4008.0
6208708.0,349664.0,4008.0
6208708.0,349664.0,4008.0
6208708.0,349664.0,4008.0
6207546.4,349757.6,4171.2
6206772.0,349820.0,4280.0
6201787.2,349832.0,4308.8
6198464.0,349840.0,4328.0
6198464.0,349840.0,4328.0
6198464.0,349840.0,4328.0
6198464.0,349840.0,4328.0
6198464.0,349840.0,4328.0
6198464.0,349840.0,4328.0
6198464.0,349840.0,4328.0
6195733.3333,350260.26667,4500.8
6193344.0,350628.0,4652.0
6193344.0,350628.0,4652.0
6193344.0,350628.0,4652.0
6193344.0,350628.0,4652.0
6193344.0,350628.0,4652.0
6193344.0,350628.0,4652.0
6193344.0,350628.0,4652.0
6193344.0,350628.0,4652.0
6193344.0,350628.0,4652.0
6193344.0,350628.0,4652.0
6193344.0,350628.0,4652.0
6193196.8,350638.66667,4797.0666667
6190833.6,350650.4,4957.6
6189344.0,350652.0,4980.0
6189344.0,350652.0,4980.0
6189344.0,350652.0,4980.0
6189344.0,350652.0,4980.0
6189344.0,350652.0,4980.0
6189344.0,350652.0,4980.0
6189344.0,350652.0,4980.0
6189344.0,350652.0,4980.0
6189344.0,350652.0,4980.0
6189344.0,350652.0,4980.0
6189344.0,350652.0,4980.0
6188973.3333,350668.0,5145.3333333
6188788.0,350676.0,5228.0
6188788.0,350676.0,5228.0
6188788.0,350676.0,5228.0
6172634.4,350695.2,5294.1333333
6158500.0,350712.0,5352.0
6158500.0,350712.0,5352.0
6158500.0,350712.0,5352.0
6158500.0,350712.0,5352.0
6158500.0,350712.0,5352.0
6158500.0,350712.0,5352.0
6158500.0,350712.0,5352.0
6158500.0,350712.0,5352.0
6158500.0,350712.0,5352.0
6158500.0,350712.0,5352.0
6158500.0,350712.0,5352.0
6158464.5333,350719.46667,5458.4
6156876.5333,350724.26667,5606.1333333
6155108.0,350720.0,5636.0
6155108.0,350720.0,5636.0
6155108.0,350720.0,5636.0
6155108.0,350720.0,5636.0
6155108.0,350720.0,5636.0
6155108.0,350720.0,5636.0
6155108.0,350720.0,5636.0
6970583.2,347336.53333,5729.8666667
7684124.0,344376.0,5812.0
