vda,25.20,0.09,0.01,0,0
vda,102.60,0.44,0.15,2,0
vda,16.60,0.12,0.01,0,0
vda,2.60,0.00,0.01,0,0
vda,0.00,0.00,0.00,0,0
vda,41.40,0.00,0.17,0,0
vda,229.00,11.80,0.01,59,0
vda,111.80,13.51,0.01,67,0
vda,59.20,0.07,1.42,0,7
vda,3.40,0.00,0.03,0,0
vda,0.00,0.00,0.00,0,0
vda,4.80,0.00,0.02,0,0
vda,51.60,0.00,0.21,0,1
vda,9.80,0.00,0.04,0,0
vda,1.80,0.00,0.01,0,0
vda,2.20,0.00,0.01,0,0
vda,1.20,0.00,0.00,0,0
vda,0.60,0.00,0.00,0,0
vda,2.60,0.00,0.01,0,0
vda,13.00,0.00,0.06,0,0
vda,25.00,0.01,0.10,0,0
vda,62.40,0.00,0.25,0,1
vda,1.60,0.00,0.01,0,0
vda,0.00,0.00,0.00,0,0
vda,43.20,0.00,0.18,0,0
vda,1.40,0.00,0.01,0,0
vda,0.60,0.00,0.00,0,0
vda,36.40,0.00,0.15,0,0
vda,0.80,0.00,0.00,0,0
vda,1.20,0.00,0.00,0,0
vda,3.60,0.00,0.01,0,0
vda,0.00,0.00,0.00,0,0
vda,35.80,0.21,0.01,1,0
vda,3.40,0.00,0.01,0,0
vda,25.40,0.00,0.10,0,0
vda,47.60,0.00,0.19,0,0
vda,1.40,0.00,0.01,0,0
vda,11.60,0.00,0.05,0,0
vda,1.60,0.00,0.01,0,0
vda,35.80,0.00,0.15,0,0
vda,2.20,0.00,0.01,0,0
vda,39.80,0.00,0.17,0,0
vda,2.00,0.00,0.01,0,0
vda,0.00,0.00,0.00,0,0
vda,1.20,0.00,0.00,0,0
vda,2.20,0.00,0.01,0,0
vda,1.60,0.00,0.01,0,0
vda,0.40,0.00,0.00,0,0
vda,19.80,0.00,0.08,0,0
vda,2.00,0.00,0.01,0,0
vda,35.80,0.00,0.14,0,0
vda,1.60,0.00,0.01,0,0
vda,8.80,0.00,0.04,0,0
vda,0.40,0.00,0.00,0,0
vda,2.40,0.00,0.01,0,0
vda,12.40,0.00,0.05,0,0
vda,2.40,0.00,0.01,0,0
vda,2.20,0.00,0.01,0,0
vda,2.20,0.00,0.01,0,0
vda,34.80,0.00,0.14,0,0
vda,2.80,0.00,0.01,0,0
vda,1.20,0.00,0.00,0,0
vda,0.40,0.00,0.00,0,0
vda,21.00,0.00,0.09,0,0
vda,1.40,0.00,0.01,0,0
vda,7.80,0.00,0.04,0,0
vda,2.60,0.00,0.01,0,0
vda,1.20,0.00,0.00,0,0
vda,49.80,0.00,0.20,0,0
vda,0.00,0.00,0.00,0,0
vda,1.60,0.00,0.01,0,0
vda,47.60,0.00,0.19,0,0
vda,2.40,0.00,0.01,0,0
vda,1.20,0.00,0.00,0,0
vda,33.80,0.00,0.14,0,0
vda,2.40,0.00,0.01,0,0
vda,1.20,0.00,0.00,0,0
vda,3.60,0.00,0.01,0,0
vda,43.60,0.00,0.18,0,0
vda,1.20,0.00,0.00,0,0
vda,51.80,0.00,0.21,0,1
vda,2.40,0.00,0.01,0,0
vda,1.20,0.00,0.00,0,0
vda,33.80,0.00,0.14,0,0
vda,2.40,0.00,0.01,0,0
vda,1.20,0.00,0.00,0,0
vda,0.00,0.00,0.00,0,0
vda,36.40,0.00,0.15,0,0
vda,2.60,0.00,0.01,0,0
vda,25.60,0.00,0.10,0,0
vda,2.60,0.00,0.01,0,0
vda,29.40,0.00,0.12,0,0
vda,0.20,0.00,0.00,0,0
vda,53.00,0.00,0.21,0,1
vda,1.20,0.00,0.00,0,0
vda,0.60,0.00,0.00,0,0
vda,38.00,0.01,0.15,0,0
