7478441.3333,136458.66667,3064.0
7222676.0,182236.0,3744.0
7222676.0,182236.0,3744.0
7221274.4,182572.0,3792.0
7220924.0,182656.0,3804.0
7220924.0,182656.0,3804.0
7045292.2667,182763.46667,3859.4666667
7018272.0,182780.0,3868.0
7018272.0,182780.0,3868.0
7017318.6667,182984.53333,3923.4666667
7017172.0,183016.0,3932.0
6955908.0,183542.4,4249.3333333
6951532.0,183580.0,4272.0
6951532.0,183580.0,4272.0
6917801.3333,183643.46667,4324.2666667
6915392.0,183648.0,4328.0
6915392.0,183648.0,4328.0
6911786.6667,183651.46667,4376.5333333
6911232.0,183652.0,4384.0
6899974.4,183655.2,4435.2
6897160.0,183656.0,4448.0
6897160.0,183656.0,4448.0
6897160.0,183656.0,4448.0
6897160.0,183656.0,4448.0
6897160.0,183656.0,4448.0
6894212.8,183662.4,4531.2
6893476.0,183664.0,4552.0
7661981.6,178403.2,4590.4
7854108.0,177088.0,4600.0
