vda,112.20,0.60,0.01,2,0
vda,48.40,0.13,0.53,0,2
vda,21.40,0.05,0.43,0,2
vda,13.80,0.05,0.40,0,1
vda,31.60,0.00,0.13,0,0
vda,24.60,0.00,0.49,0,2
vda,108.40,3.05,0.52,15,2
vda,64.60,1.63,0.40,8,2
vda,72.00,4.10,0.06,20,0
vda,18.20,0.00,1.71,0,8
vda,3.20,0.00,0.40,0,2
vda,2.00,0.00,0.40,0,1
vda,3.20,0.00,0.40,0,1
vda,36.60,0.00,0.18,0,0
vda,12.60,0.00,0.44,0,2
vda,2.00,0.00,0.39,0,1
vda,28.60,0.00,0.50,0,2
vda,24.60,0.00,0.10,0,0
vda,0.80,0.00,0.39,0,1
vda,30.40,0.00,0.51,0,2
vda,19.20,0.00,0.47,0,2
vda,33.40,0.00,0.13,0,0
vda,2.00,0.00,0.40,0,1
vda,0.80,0.00,0.39,0,1
vda,27.80,0.00,0.50,0,2
vda,11.20,0.00,0.43,0,2
vda,1.40,0.00,0.00,0,0
vda,37.60,0.00,0.54,0,2
