16223528.0,40644.0,1692.0
15888888.0,104561.33333,3196.0
15721568.0,136520.0,3948.0
15721568.0,136520.0,3948.0
15180586.667,197728.0,3985.3333333
14910096.0,228332.0,4004.0
14910096.0,228332.0,4004.0
14910096.0,228332.0,4004.0
14910096.0,228332.0,4004.0
14910096.0,228332.0,4004.0
14910096.0,228332.0,4004.0
14910096.0,228332.0,4004.0
14907786.667,228334.66667,4121.3333333
14906632.0,228336.0,4180.0
14906632.0,228336.0,4180.0
14906632.0,228336.0,4180.0
14906632.0,228336.0,4180.0
14906632.0,228336.0,4180.0
14906632.0,228336.0,4180.0
14906632.0,228336.0,4180.0
14793764.8,228816.0,4379.2
14718520.0,229136.0,4512.0
14717464.0,229143.2,4560.0
14716760.0,229148.0,4592.0
14716760.0,229148.0,4592.0
14716760.0,229148.0,4592.0
14716760.0,229148.0,4592.0
14716760.0,229148.0,4592.0
14716760.0,229148.0,4592.0
14716760.0,229148.0,4592.0
14716760.0,229148.0,4592.0
14716760.0,229148.0,4592.0
14716760.0,229148.0,4592.0
14715768.0,229162.93333,4724.2666667
14714900.0,229176.0,4840.0
14714900.0,229176.0,4840.0
14714204.533,229178.13333,4861.3333333
14713596.0,229180.0,4880.0
14713596.0,229180.0,4880.0
14700849.6,229182.4,4913.6
14692352.0,229184.0,4936.0
14691531.2,229184.0,4974.4
14690984.0,229184.0,5000.0
14690984.0,229184.0,5000.0
14690984.0,229184.0,5000.0
14690984.0,229184.0,5000.0
14690984.0,229184.0,5000.0
14665317.333,229192.0,5085.3333333
14652484.0,229196.0,5128.0
14652484.0,229196.0,5128.0
14652484.0,229196.0,5128.0
14652484.0,229196.0,5128.0
14652484.0,229196.0,5128.0
14652484.0,229196.0,5128.0
14652484.0,229196.0,5128.0
14652484.0,229196.0,5128.0
14652484.0,229196.0,5128.0
14652484.0,229196.0,5128.0
14652484.0,229196.0,5128.0
14652030.667,229212.0,5298.6666667
14651804.0,229220.0,5384.0
14651804.0,229220.0,5384.0
14651804.0,229220.0,5384.0
14650361.333,230721.33333,5701.3333333
14649640.0,231472.0,5860.0
14649640.0,231472.0,5860.0
14649640.0,231472.0,5860.0
14649640.0,231472.0,5860.0
14648024.0,231484.8,5956.0
14647620.0,231488.0,5980.0
14647620.0,231488.0,5980.0
14647620.0,231488.0,5980.0
14647620.0,231488.0,5980.0
14469823.733,231495.46667,6092.0
14457124.0,231496.0,6100.0
14457124.0,231496.0,6100.0
14457124.0,231496.0,6100.0
14457124.0,231496.0,6100.0
14457124.0,231496.0,6100.0
14457124.0,231496.0,6100.0
14457124.0,231496.0,6100.0
14457124.0,231496.0,6100.0
14457124.0,231496.0,6100.0
14457124.0,231496.0,6100.0
14457124.0,231496.0,6100.0
14457124.0,231496.0,6100.0
14456265.333,231634.13333,6286.6666667
14456204.0,231644.0,6300.0
14456204.0,231644.0,6300.0
14456204.0,231644.0,6300.0
16034136.0,225092.0,6428.0
