3710221.3333,81026.4,1711.7333333
2882936.0,259844.0,5428.0
2844806.4,265826.4,5504.2666667
2596964.0,304712.0,6000.0
2596964.0,304712.0,6000.0
2596839.7333,304852.8,6030.4
2596032.0,305768.0,6228.0
2596032.0,305768.0,6228.0
2586459.2,305769.6,6236.5333333
2524236.0,305780.0,6292.0
2524102.9333,305780.0,6295.7333333
2522240.0,305780.0,6348.0
2522240.0,305780.0,6348.0
2516770.4,305780.53333,6351.7333333
2440196.0,305788.0,6404.0
2440196.0,305788.0,6404.0
2440076.2667,305788.53333,6408.2666667
2438400.0,305796.0,6468.0
2436936.5333,305796.0,6472.2666667
2416448.0,305796.0,6532.0
2416448.0,305796.0,6532.0
2416317.8667,305805.06667,6549.3333333
2414496.0,305932.0,6792.0
2414496.0,305932.0,6792.0
2414496.0,305932.0,6792.0
2414496.0,305932.0,6792.0
2414496.0,305932.0,6792.0
2414496.0,305932.0,6792.0
2414496.0,305932.0,6792.0
2411652.0,305937.06667,6840.8
2371836.0,306008.0,7524.0
2371836.0,306008.0,7524.0
2372156.0,306009.6,7531.4666667
2374236.0,306020.0,7580.0
2374122.4,306044.53333,7717.0666667
2373384.0,306204.0,8608.0
2373384.0,306204.0,8608.0
2373384.0,306204.0,8608.0
2373384.0,306204.0,8608.0
2373384.0,306204.0,8608.0
2371181.3333,306207.73333,8623.4666667
2356864.0,306232.0,8724.0
2356604.0,306232.8,8735.2
2355564.0,306236.0,8780.0
2355564.0,306236.0,8780.0
2355564.0,306236.0,8780.0
2355564.0,306236.0,8780.0
2355564.0,306236.0,8780.0
2355564.0,306236.0,8780.0
2355564.0,306236.0,8780.0
2355482.1333,306237.86667,8791.2
2354336.0,306264.0,8948.0
2354336.0,306264.0,8948.0
2354336.0,306264.0,8948.0
2354336.0,306264.0,8948.0
2354336.0,306264.0,8948.0
3500726.9333,300137.6,9060.0
3582612.0,299700.0,9068.0
