vda,20.60,0.09,0.00,0,0
vda,49.20,0.18,0.01,0,0
vda,7.40,0.02,0.01,0,0
vda,1.20,0.00,0.00,0,0
vda,1.40,0.00,0.00,0,0
vda,5.60,0.00,0.03,0,0
vda,269.40,10.07,0.05,50,0
vda,143.40,10.75,0.16,53,0
vda,119.60,14.73,0.01,73,0
vda,0.00,0.00,0.00,0,0
vda,2.40,0.00,0.01,0,0
vda,7.40,0.02,0.01,0,0
vda,15.40,0.00,1.34,0,6
vda,3.20,0.00,0.01,0,0
vda,18.60,0.00,0.07,0,0
vda,4.00,0.00,0.02,0,0
vda,31.40,0.00,0.13,0,0
vda,4.40,0.00,0.02,0,0
vda,3.80,0.00,0.01,0,0
vda,4.40,0.00,0.02,0,0
vda,2.00,0.00,0.01,0,0
vda,19.60,0.00,0.08,0,0
vda,2.40,0.00,0.01,0,0
vda,0.40,0.00,0.00,0,0
vda,1.20,0.00,0.00,0,0
vda,36.60,0.00,0.14,0,0
