16214780.0,46624.0,3008.0
16181108.0,53245.333333,3058.6666667
15709700.0,145944.0,3768.0
15709700.0,145944.0,3768.0
15549376.267,176708.0,3772.2666667
13304844.0,607404.0,3832.0
13088242.4,659293.6,3840.5333333
11680332.0,996576.0,3896.0
11680332.0,996576.0,3896.0
11356186.4,1037744.8,3907.2
10059604.0,1202420.0,3952.0
10059604.0,1202420.0,3952.0
10089293.6,1202420.5333,3959.4666667
10282276.0,1202424.0,4008.0
10282276.0,1202424.0,4008.0
10282276.0,1202424.0,4008.0
10282276.0,1202424.0,4008.0
10282276.0,1202424.0,4008.0
10282276.0,1202424.0,4008.0
10282276.0,1202424.0,4008.0
10281148.533,1202637.3333,4098.6666667
10278048.0,1203224.0,4348.0
10278013.6,1203568.0,4396.8
10277876.0,1204944.0,4592.0
10277876.0,1204944.0,4592.0
10277876.0,1204944.0,4592.0
10277876.0,1204944.0,4592.0
10277876.0,1204944.0,4592.0
10277876.0,1204944.0,4592.0
10277876.0,1204944.0,4592.0
10277876.0,1204944.0,4592.0
10277876.0,1204944.0,4592.0
10277876.0,1204944.0,4592.0
10277876.0,1204944.0,4592.0
10277345.333,1204953.3333,4666.6666667
10276284.0,1204972.0,4816.0
10276284.0,1204972.0,4816.0
10276284.0,1204972.0,4816.0
10276284.0,1204972.0,4816.0
10276284.0,1204972.0,4816.0
10276284.0,1204972.0,4816.0
10276284.0,1204972.0,4816.0
10276284.0,1204972.0,4816.0
10276284.0,1204972.0,4816.0
10275796.0,1204983.2,4905.6
10275064.0,1205000.0,5040.0
10275064.0,1205000.0,5040.0
10275064.0,1205000.0,5040.0
10275064.0,1205000.0,5040.0
10275064.0,1205000.0,5040.0
10275064.0,1205000.0,5040.0
10275064.0,1205000.0,5040.0
10275064.0,1205000.0,5040.0
10275064.0,1205000.0,5040.0
10275064.0,1205000.0,5040.0
10275064.0,1205000.0,5040.0
10275029.867,1205076.8,5168.0
10275000.0,1205144.0,5280.0
10275000.0,1205144.0,5280.0
10275000.0,1205144.0,5280.0
10275000.0,1205144.0,5280.0
10275000.0,1205144.0,5280.0
10275000.0,1205144.0,5280.0
10275000.0,1205144.0,5280.0
10275000.0,1205144.0,5280.0
10275000.0,1205144.0,5280.0
10275000.0,1205144.0,5280.0
10275000.0,1205144.0,5280.0
10275153.067,1205168.2667,5431.2
10275328.0,1205196.0,5604.0
10275328.0,1205196.0,5604.0
10275328.0,1205196.0,5604.0
10275328.0,1205196.0,5604.0
10275328.0,1205196.0,5604.0
10275328.0,1205196.0,5604.0
10275328.0,1205196.0,5604.0
10267063.467,1205198.1333,5697.8666667
10259832.0,1205200.0,5780.0
10259832.0,1205200.0,5780.0
10259832.0,1205200.0,5780.0
10259832.0,1205200.0,5780.0
10259832.0,1205200.0,5780.0
10259832.0,1205200.0,5780.0
10259832.0,1205200.0,5780.0
10259832.0,1205200.0,5780.0
10259832.0,1205200.0,5780.0
10259832.0,1205200.0,5780.0
10258276.8,1205204.8,5933.6
10257240.0,1205208.0,6036.0
10257240.0,1205208.0,6036.0
10257240.0,1205208.0,6036.0
10257240.0,1205208.0,6036.0
10257880.0,1205208.0,6121.3333333
10258200.0,1205208.0,6164.0
10258200.0,1205208.0,6164.0
10258200.0,1205208.0,6164.0
10258200.0,1205208.0,6164.0
10258200.0,1205208.0,6164.0
10258200.0,1205208.0,6164.0
10258200.0,1205208.0,6164.0
10258200.0,1205208.0,6164.0
10258200.0,1205208.0,6164.0
10258200.0,1205208.0,6164.0
10258200.0,1205208.0,6164.0
10258338.667,1205216.5333,6292.0
10258460.0,1205224.0,6404.0
10258460.0,1205224.0,6404.0
10258460.0,1205224.0,6404.0
10258460.0,1205224.0,6404.0
10258460.0,1205224.0,6404.0
10258460.0,1205224.0,6404.0
10258460.0,1205224.0,6404.0
10258460.0,1205224.0,6404.0
10258460.0,1205224.0,6404.0
10258460.0,1205224.0,6404.0
10258460.0,1205224.0,6404.0
10257180.0,1205234.6667,6617.3333333
10256540.0,1205240.0,6724.0
10256540.0,1205240.0,6724.0
10256540.0,1205240.0,6724.0
10256540.0,1205240.0,6724.0
10256540.0,1205240.0,6724.0
10256540.0,1205240.0,6724.0
10256540.0,1205240.0,6724.0
10256540.0,1205240.0,6724.0
10256540.0,1205240.0,6724.0
10256540.0,1205240.0,6724.0
10256540.0,1205240.0,6724.0
10256540.0,1205240.0,6724.0
10254919.733,1205277.3333,6955.4666667
10254804.0,1205280.0,6972.0
10254804.0,1205280.0,6972.0
10254804.0,1205280.0,6972.0
10254804.0,1205280.0,6972.0
10254804.0,1205280.0,6972.0
10254804.0,1205280.0,6972.0
10254804.0,1205280.0,6972.0
10254804.0,1205280.0,6972.0
10254804.0,1205280.0,6972.0
10254804.0,1205280.0,6972.0
10254804.0,1205280.0,6972.0
10254740.0,1205320.0,7264.0
10254740.0,1205320.0,7264.0
10254740.0,1205320.0,7264.0
10254740.0,1205320.0,7264.0
10254740.0,1205320.0,7264.0
10254740.0,1205320.0,7264.0
10254740.0,1205320.0,7264.0
10254740.0,1205320.0,7264.0
10254740.0,1205320.0,7264.0
10254740.0,1205320.0,7264.0
10254740.0,1205320.0,7264.0
10254218.4,1205323.2,7456.0
10254088.0,1205324.0,7504.0
10254088.0,1205324.0,7504.0
10254088.0,1205324.0,7504.0
10254088.0,1205324.0,7504.0
10254088.0,1205324.0,7504.0
10254088.0,1205324.0,7504.0
10254088.0,1205324.0,7504.0
10254088.0,1205324.0,7504.0
10254088.0,1205324.0,7504.0
10254088.0,1205324.0,7504.0
10254088.0,1205324.0,7504.0
10254088.0,1205324.0,7504.0
10254115.733,1205351.7333,7739.7333333
10254120.0,1205356.0,7776.0
10254120.0,1205356.0,7776.0
10254120.0,1205356.0,7776.0
10254120.0,1205356.0,7776.0
10254120.0,1205356.0,7776.0
10254120.0,1205356.0,7776.0
10254120.0,1205356.0,7776.0
10254120.0,1205356.0,7776.0
10254120.0,1205356.0,7776.0
10254120.0,1205356.0,7776.0
10254120.0,1205356.0,7776.0
10253720.533,1205356.0,8014.9333333
10253692.0,1205356.0,8032.0
10253692.0,1205356.0,8032.0
10253692.0,1205356.0,8032.0
10253692.0,1205356.0,8032.0
10253692.0,1205356.0,8032.0
10253692.0,1205356.0,8032.0
10253692.0,1205356.0,8032.0
10253692.0,1205356.0,8032.0
10253692.0,1205356.0,8032.0
10253692.0,1205356.0,8032.0
10253692.0,1205356.0,8032.0
10251941.067,1205389.6,8315.7333333
10251816.0,1205392.0,8336.0
10253201.067,1205388.2667,8403.2
10253300.0,1205388.0,8408.0
10253300.0,1205388.0,8408.0
10253300.0,1205388.0,8408.0
10253300.0,1205388.0,8408.0
10253300.0,1205388.0,8408.0
10253300.0,1205388.0,8408.0
10253300.0,1205388.0,8408.0
10253300.0,1205388.0,8408.0
10253300.0,1205388.0,8408.0
10253300.0,1205388.0,8408.0
10237606.4,1205422.6667,8609.0666667
10235192.0,1205428.0,8640.0
10235192.0,1205428.0,8640.0
10235192.0,1205428.0,8640.0
10235192.0,1205428.0,8640.0
10235192.0,1205428.0,8640.0
10235192.0,1205428.0,8640.0
10235192.0,1205428.0,8640.0
10235192.0,1205428.0,8640.0
10235192.0,1205428.0,8640.0
10235192.0,1205428.0,8640.0
10235192.0,1205428.0,8640.0
10234301.067,1205459.2,8868.8
10234164.0,1205464.0,8904.0
10234164.0,1205464.0,8904.0
10234164.0,1205464.0,8904.0
10234164.0,1205464.0,8904.0
10234164.0,1205464.0,8904.0
10234164.0,1205464.0,8904.0
10234164.0,1205464.0,8904.0
10234164.0,1205464.0,8904.0
10234164.0,1205464.0,8904.0
10234164.0,1205464.0,8904.0
10234164.0,1205464.0,8904.0
10234618.4,1205483.2,9115.2
10234732.0,1205488.0,9168.0
10234732.0,1205488.0,9168.0
10234732.0,1205488.0,9168.0
10234732.0,1205488.0,9168.0
10234732.0,1205488.0,9168.0
10234732.0,1205488.0,9168.0
10234732.0,1205488.0,9168.0
10234732.0,1205488.0,9168.0
10234732.0,1205488.0,9168.0
10234732.0,1205488.0,9168.0
10234732.0,1205488.0,9168.0
10234526.667,1205509.3333,9338.6666667
10234424.0,1205520.0,9424.0
10234424.0,1205520.0,9424.0
10234424.0,1205520.0,9424.0
10234424.0,1205520.0,9424.0
10234424.0,1205520.0,9424.0
10234424.0,1205520.0,9424.0
10234424.0,1205520.0,9424.0
10234424.0,1205520.0,9424.0
10233560.0,1205541.6,9563.2
10232984.0,1205556.0,9656.0
10232984.0,1205556.0,9656.0
10232984.0,1205556.0,9656.0
10232984.0,1205556.0,9656.0
10232984.0,1205556.0,9656.0
10232984.0,1205556.0,9656.0
10232984.0,1205556.0,9656.0
10232984.0,1205556.0,9656.0
10232984.0,1205556.0,9656.0
10232984.0,1205556.0,9656.0
10232984.0,1205556.0,9656.0
10233142.4,1205580.0,9800.0
10233248.0,1205596.0,9896.0
10233248.0,1205596.0,9896.0
10233248.0,1205596.0,9896.0
10233248.0,1205596.0,9896.0
10233248.0,1205596.0,9896.0
10233248.0,1205596.0,9896.0
10233248.0,1205596.0,9896.0
10233248.0,1205596.0,9896.0
10232103.2,1205610.4,10054.4
10231340.0,1205620.0,10160.0
10231340.0,1205620.0,10160.0
10231340.0,1205620.0,10160.0
10231340.0,1205620.0,10160.0
10231340.0,1205620.0,10160.0
10231340.0,1205620.0,10160.0
10231340.0,1205620.0,10160.0
10231340.0,1205620.0,10160.0
10231340.0,1205620.0,10160.0
10231340.0,1205620.0,10160.0
10231340.0,1205620.0,10160.0
10231420.267,1205625.6,10283.2
10231512.0,1205632.0,10424.0
10231512.0,1205632.0,10424.0
10231512.0,1205632.0,10424.0
10231512.0,1205632.0,10424.0
10231512.0,1205632.0,10424.0
10231512.0,1205632.0,10424.0
10231512.0,1205632.0,10424.0
10231512.0,1205632.0,10424.0
10231512.0,1205632.0,10424.0
10231512.0,1205632.0,10424.0
10231512.0,1205632.0,10424.0
10231821.867,1205654.4,10562.133333
10232176.0,1205680.0,10720.0
10232176.0,1205680.0,10720.0
10232176.0,1205680.0,10720.0
10232176.0,1205680.0,10720.0
10232176.0,1205680.0,10720.0
10232176.0,1205680.0,10720.0
10232176.0,1205680.0,10720.0
10232176.0,1205680.0,10720.0
10232176.0,1205680.0,10720.0
10232176.0,1205680.0,10720.0
10232176.0,1205680.0,10720.0
10231964.0,1205685.3333,10802.666667
10231540.0,1205696.0,10968.0
10231540.0,1205696.0,10968.0
10231540.0,1205696.0,10968.0
10231540.0,1205696.0,10968.0
10231540.0,1205696.0,10968.0
10231540.0,1205696.0,10968.0
10230780.533,1205698.1333,11061.866667
10230116.0,1205700.0,11144.0
10230116.0,1205700.0,11144.0
10230116.0,1205700.0,11144.0
10230116.0,1205700.0,11144.0
10230116.0,1205700.0,11144.0
10230116.0,1205700.0,11144.0
10230116.0,1205700.0,11144.0
10230116.0,1205700.0,11144.0
10230116.0,1205700.0,11144.0
10230116.0,1205700.0,11144.0
10230116.0,1205700.0,11144.0
10230548.0,1205712.0,11292.8
10230836.0,1205720.0,11392.0
10230836.0,1205720.0,11392.0
10230836.0,1205720.0,11392.0
10230836.0,1205720.0,11392.0
10230836.0,1205720.0,11392.0
10230836.0,1205720.0,11392.0
10230836.0,1205720.0,11392.0
10230836.0,1205720.0,11392.0
10230836.0,1205720.0,11392.0
10226284.0,1205733.3333,11541.333333
10224008.0,1205740.0,11616.0
10223257.067,1205781.0667,11662.933333
10222984.0,1205796.0,11680.0
10222984.0,1205796.0,11680.0
10222984.0,1205796.0,11680.0
10222984.0,1205796.0,11680.0
10222984.0,1205796.0,11680.0
10222984.0,1205796.0,11680.0
10222984.0,1205796.0,11680.0
10222984.0,1205796.0,11680.0
10222984.0,1205796.0,11680.0
10222984.0,1205796.0,11680.0
10222984.0,1205796.0,11680.0
10222738.667,1205806.6667,11808.0
10222616.0,1205812.0,11872.0
10222616.0,1205812.0,11872.0
10222616.0,1205812.0,11872.0
10222616.0,1205812.0,11872.0
10222616.0,1205812.0,11872.0
10222616.0,1205812.0,11872.0
10222616.0,1205812.0,11872.0
10222616.0,1205812.0,11872.0
10222616.0,1205812.0,11872.0
10222616.0,1205812.0,11872.0
10222616.0,1205812.0,11872.0
10221067.2,1205831.2,12096.0
10220680.0,1205836.0,12152.0
10220680.0,1205836.0,12152.0
10220680.0,1205836.0,12152.0
10220680.0,1205836.0,12152.0
10220680.0,1205836.0,12152.0
10220680.0,1205836.0,12152.0
10220680.0,1205836.0,12152.0
10220680.0,1205836.0,12152.0
10220680.0,1205836.0,12152.0
10220680.0,1205836.0,12152.0
10220680.0,1205836.0,12152.0
10220191.2,1205853.3333,12353.066667
10220116.0,1205856.0,12384.0
10222026.133,1205859.4667,12446.4
10222320.0,1205860.0,12456.0
10222320.0,1205860.0,12456.0
10222320.0,1205860.0,12456.0
10222320.0,1205860.0,12456.0
10222320.0,1205860.0,12456.0
10222320.0,1205860.0,12456.0
10222320.0,1205860.0,12456.0
10222320.0,1205860.0,12456.0
10222320.0,1205860.0,12456.0
10222320.0,1205860.0,12456.0
10222320.0,1205860.0,12456.0
10222043.733,1205871.2,12650.133333
10222024.0,1205872.0,12664.0
10222024.0,1205872.0,12664.0
10222024.0,1205872.0,12664.0
10222024.0,1205872.0,12664.0
10222024.0,1205872.0,12664.0
10222024.0,1205872.0,12664.0
10222024.0,1205872.0,12664.0
10222024.0,1205872.0,12664.0
10222024.0,1205872.0,12664.0
10222024.0,1205872.0,12664.0
10222024.0,1205872.0,12664.0
10221854.4,1205884.8,12881.6
10221812.0,1205888.0,12936.0
10209238.4,1206005.8667,12991.466667
10207304.0,1206024.0,13000.0
10207304.0,1206024.0,13000.0
10207304.0,1206024.0,13000.0
10207304.0,1206024.0,13000.0
10207304.0,1206024.0,13000.0
10207304.0,1206024.0,13000.0
10207304.0,1206024.0,13000.0
10207304.0,1206024.0,13000.0
10207304.0,1206024.0,13000.0
10207304.0,1206024.0,13000.0
10207304.0,1206024.0,13000.0
10206643.2,1206038.9333,13231.466667
10206596.0,1206040.0,13248.0
10206596.0,1206040.0,13248.0
10206596.0,1206040.0,13248.0
10206596.0,1206040.0,13248.0
10206596.0,1206040.0,13248.0
10206596.0,1206040.0,13248.0
10206596.0,1206040.0,13248.0
10206596.0,1206040.0,13248.0
10206596.0,1206040.0,13248.0
10206596.0,1206040.0,13248.0
10206596.0,1206040.0,13248.0
10206453.867,1206095.4667,13497.6
10206432.0,1206104.0,13536.0
10206432.0,1206104.0,13536.0
10206432.0,1206104.0,13536.0
10206432.0,1206104.0,13536.0
10206432.0,1206104.0,13536.0
10206432.0,1206104.0,13536.0
10206432.0,1206104.0,13536.0
10206432.0,1206104.0,13536.0
10206432.0,1206104.0,13536.0
10206432.0,1206104.0,13536.0
10206432.0,1206104.0,13536.0
10206432.0,1206104.0,13536.0
10205360.533,1206111.4667,13782.4
10205284.0,1206112.0,13800.0
10205284.0,1206112.0,13800.0
10205284.0,1206112.0,13800.0
10205284.0,1206112.0,13800.0
10205284.0,1206112.0,13800.0
10205284.0,1206112.0,13800.0
10205284.0,1206112.0,13800.0
10205284.0,1206112.0,13800.0
10205284.0,1206112.0,13800.0
10205284.0,1206112.0,13800.0
10205616.267,1206168.0,14091.2
10205640.0,1206172.0,14112.0
10205640.0,1206172.0,14112.0
10205640.0,1206172.0,14112.0
10205640.0,1206172.0,14112.0
10205640.0,1206172.0,14112.0
10205640.0,1206172.0,14112.0
10205640.0,1206172.0,14112.0
10205640.0,1206172.0,14112.0
10205640.0,1206172.0,14112.0
10205640.0,1206172.0,14112.0
10205640.0,1206172.0,14112.0
10205006.4,1206197.6,14310.4
10204848.0,1206204.0,14360.0
10204848.0,1206204.0,14360.0
10204848.0,1206204.0,14360.0
10204848.0,1206204.0,14360.0
10204848.0,1206204.0,14360.0
10204848.0,1206204.0,14360.0
10204848.0,1206204.0,14360.0
10204848.0,1206204.0,14360.0
10204848.0,1206204.0,14360.0
10204848.0,1206204.0,14360.0
10204848.0,1206204.0,14360.0
10205090.667,1206339.2,14637.333333
10205128.0,1206360.0,14680.0
10205128.0,1206360.0,14680.0
10205128.0,1206360.0,14680.0
10205128.0,1206360.0,14680.0
10205128.0,1206360.0,14680.0
10205128.0,1206360.0,14680.0
10205128.0,1206360.0,14680.0
10205128.0,1206360.0,14680.0
10205128.0,1206360.0,14680.0
10205128.0,1206360.0,14680.0
10205128.0,1206360.0,14680.0
10204571.2,1206376.0,14865.6
10204432.0,1206380.0,14912.0
10204432.0,1206380.0,14912.0
10204432.0,1206380.0,14912.0
10204432.0,1206380.0,14912.0
10204432.0,1206380.0,14912.0
10204432.0,1206380.0,14912.0
10203458.133,1206388.8,15017.6
10203104.0,1206392.0,15056.0
10203104.0,1206392.0,15056.0
10203104.0,1206392.0,15056.0
10203104.0,1206392.0,15056.0
10204469.867,1206409.3333,15160.0
10204680.0,1206412.0,15176.0
10204680.0,1206412.0,15176.0
10204680.0,1206412.0,15176.0
10204680.0,1206412.0,15176.0
10204680.0,1206412.0,15176.0
10204680.0,1206412.0,15176.0
10204680.0,1206412.0,15176.0
10204680.0,1206412.0,15176.0
10204680.0,1206412.0,15176.0
10204680.0,1206412.0,15176.0
10204680.0,1206412.0,15176.0
10204680.0,1206412.0,15176.0
10203650.4,1206418.9333,15394.4
10203492.0,1206420.0,15428.0
10203492.0,1206420.0,15428.0
10203492.0,1206420.0,15428.0
10203492.0,1206420.0,15428.0
10203492.0,1206420.0,15428.0
10203492.0,1206420.0,15428.0
10203492.0,1206420.0,15428.0
10203492.0,1206420.0,15428.0
10203492.0,1206420.0,15428.0
10203492.0,1206420.0,15428.0
10203492.0,1206420.0,15428.0
10203238.133,1206476.0,15734.133333
10203220.0,1206480.0,15756.0
10203220.0,1206480.0,15756.0
10203220.0,1206480.0,15756.0
10203220.0,1206480.0,15756.0
10203220.0,1206480.0,15756.0
10203220.0,1206480.0,15756.0
10203220.0,1206480.0,15756.0
10190433.333,1206487.4667,15927.733333
10189520.0,1206488.0,15940.0
10188097.6,1206499.2,15992.266667
10187996.0,1206500.0,15996.0
10187996.0,1206500.0,15996.0
10187996.0,1206500.0,15996.0
10187996.0,1206500.0,15996.0
10187996.0,1206500.0,15996.0
10187996.0,1206500.0,15996.0
10187996.0,1206500.0,15996.0
10187996.0,1206500.0,15996.0
10187996.0,1206500.0,15996.0
10187996.0,1206500.0,15996.0
10187996.0,1206500.0,15996.0
10187039.733,1206511.7333,16172.0
10186692.0,1206516.0,16236.0
10186692.0,1206516.0,16236.0
10186692.0,1206516.0,16236.0
10186692.0,1206516.0,16236.0
10186692.0,1206516.0,16236.0
10186692.0,1206516.0,16236.0
10186692.0,1206516.0,16236.0
10186692.0,1206516.0,16236.0
10186692.0,1206516.0,16236.0
10186692.0,1206516.0,16236.0
10186692.0,1206516.0,16236.0
10186961.867,1206539.4667,16441.333333
10187060.0,1206548.0,16516.0
10187060.0,1206548.0,16516.0
10186233.333,1206548.0,16553.333333
10185820.0,1206548.0,16572.0
10185820.0,1206548.0,16572.0
10185820.0,1206548.0,16572.0
10185820.0,1206548.0,16572.0
10185820.0,1206548.0,16572.0
10185820.0,1206548.0,16572.0
10185820.0,1206548.0,16572.0
10185820.0,1206548.0,16572.0
10185820.0,1206548.0,16572.0
10185820.0,1206548.0,16572.0
10185820.0,1206548.0,16572.0
10186518.4,1206557.6,16720.8
10186984.0,1206564.0,16820.0
10186984.0,1206564.0,16820.0
10186984.0,1206564.0,16820.0
10186984.0,1206564.0,16820.0
10186984.0,1206564.0,16820.0
10186034.667,1206574.6667,16922.4
10185204.0,1206584.0,17012.0
10185204.0,1206584.0,17012.0
10185204.0,1206584.0,17012.0
10185204.0,1206584.0,17012.0
10185204.0,1206584.0,17012.0
10185204.0,1206584.0,17012.0
10185204.0,1206584.0,17012.0
10185204.0,1206584.0,17012.0
10185204.0,1206584.0,17012.0
10185204.0,1206584.0,17012.0
10185204.0,1206584.0,17012.0
10185213.6,1206593.6,17114.4
10185228.0,1206608.0,17268.0
10185228.0,1206608.0,17268.0
10185228.0,1206608.0,17268.0
10185228.0,1206608.0,17268.0
10185228.0,1206608.0,17268.0
10185228.0,1206608.0,17268.0
10185228.0,1206608.0,17268.0
10185228.0,1206608.0,17268.0
10185217.333,1206608.0,17353.333333
10185196.0,1206608.0,17524.0
10185196.0,1206608.0,17524.0
10185196.0,1206608.0,17524.0
10185196.0,1206608.0,17524.0
10185196.0,1206608.0,17524.0
10185196.0,1206608.0,17524.0
10185196.0,1206608.0,17524.0
10185196.0,1206608.0,17524.0
10185196.0,1206608.0,17524.0
10185196.0,1206608.0,17524.0
10185196.0,1206608.0,17524.0
10185234.4,1206610.1333,17594.4
10185340.0,1206616.0,17788.0
10185340.0,1206616.0,17788.0
10185340.0,1206616.0,17788.0
10185340.0,1206616.0,17788.0
10185340.0,1206616.0,17788.0
10185340.0,1206616.0,17788.0
10185340.0,1206616.0,17788.0
10185340.0,1206616.0,17788.0
10185340.0,1206616.0,17788.0
10185340.0,1206616.0,17788.0
10185340.0,1206616.0,17788.0
10185352.533,1206618.1333,17807.733333
10185528.0,1206648.0,18084.0
10185528.0,1206648.0,18084.0
10185528.0,1206648.0,18084.0
10185528.0,1206648.0,18084.0
10185528.0,1206648.0,18084.0
10185528.0,1206648.0,18084.0
10185528.0,1206648.0,18084.0
10185528.0,1206648.0,18084.0
10184542.4,1206677.8667,18233.333333
10184472.0,1206680.0,18244.0
10184472.0,1206680.0,18244.0
10184472.0,1206680.0,18244.0
10184472.0,1206680.0,18244.0
10184472.0,1206680.0,18244.0
10184472.0,1206680.0,18244.0
10184472.0,1206680.0,18244.0
10184472.0,1206680.0,18244.0
10184472.0,1206680.0,18244.0
10184472.0,1206680.0,18244.0
10184472.0,1206680.0,18244.0
10185140.267,1206706.1333,18445.6
10183735.733,1206708.0,18504.8
10183632.0,1206708.0,18508.0
10183632.0,1206708.0,18508.0
10184763.2,1206711.7333,18582.666667
10184844.0,1206712.0,18588.0
10184844.0,1206712.0,18588.0
10184844.0,1206712.0,18588.0
10184844.0,1206712.0,18588.0
10184844.0,1206712.0,18588.0
10184844.0,1206712.0,18588.0
10184844.0,1206712.0,18588.0
10184844.0,1206712.0,18588.0
10184844.0,1206712.0,18588.0
10184844.0,1206712.0,18588.0
10184823.467,1206713.6,18603.466667
12776006.933,1203243.7333,18845.6
12776006.933,1203243.7333,18845.6
15043544.0,1200188.0,18868.0
