vda,26.40,0.11,0.00,0,0
vda,37.40,0.14,0.01,0,0
vda,1.60,0.00,0.01,0,0
vda,44.40,0.20,0.00,0,0
vda,31.80,0.31,0.01,1,0
vda,11.60,0.00,0.05,0,0
vda,251.60,9.62,0.11,48,0
vda,101.80,6.21,0.12,31,0
vda,18.20,0.00,0.07,0,0
vda,1.20,0.00,0.00,0,0
vda,1.20,0.00,0.00,0,0
vda,1.60,0.00,0.01,0,0
vda,1.20,0.00,0.00,0,0
vda,20.40,0.00,1.36,0,6
vda,1.60,0.00,0.01,0,0
vda,11.40,0.00,0.05,0,0
vda,1.20,0.00,0.00,0,0
vda,23.40,0.00,0.09,0,0
vda,1.40,0.00,0.00,0,0
vda,2.60,0.00,0.01,0,0
vda,9.80,0.00,0.05,0,0
vda,1.20,0.00,0.00,0,0
vda,20.60,0.00,0.08,0,0
vda,0.00,0.00,0.00,0,0
vda,1.60,0.00,0.01,0,0
vda,36.00,0.00,0.15,0,0
vda,0.00,0.00,0.00,0,0
vda,2.80,0.00,0.02,0,0
vda,1.40,0.00,0.01,0,0
vda,11.40,0.00,0.05,0,0
vda,12.80,0.00,0.05,0,0
vda,11.60,0.00,0.05,0,0
vda,33.20,0.00,0.13,0,0
vda,33.20,0.15,0.00,0,0
vda,6.20,0.00,0.03,0,0
vda,0.60,0.00,0.00,0,0
vda,1.60,0.00,0.01,0,0
