vda,54.60,0.22,0.00,1,0
vda,62.20,0.36,0.01,1,0
vda,2.00,0.00,0.01,0,0
vda,96.20,0.54,0.00,2,0
vda,5.60,0.08,0.02,0,0
vda,4.00,0.00,0.02,0,0
vda,359.00,13.13,0.42,65,2
vda,125.40,14.77,0.03,73,0
vda,84.20,10.27,0.01,51,0
vda,133.33,16.67,0.00,83,0
vda,77.20,9.38,0.01,46,0
vda,130.60,16.18,0.00,80,0
vda,109.20,13.53,0.01,67,0
vda,102.00,7.98,1.43,39,7
vda,13.40,1.35,0.01,6,0
vda,0.00,0.00,0.00,0,0
vda,53.00,0.00,0.21,0,1
vda,1.20,0.00,0.00,0,0
vda,0.60,0.00,0.00,0,0
vda,2.40,0.00,0.01,0,0
vda,1.60,0.00,0.01,0,0
vda,2.40,0.00,0.02,0,0
vda,13.20,0.00,0.05,0,0
vda,2.60,0.00,0.01,0,0
vda,157.20,2.08,0.07,10,0
vda,33.80,0.00,0.14,0,0
vda,7.60,0.60,0.01,2,0
vda,1.20,0.00,0.00,0,0
vda,81.20,0.00,0.33,0,1
vda,2.60,0.00,0.01,0,0
vda,0.80,0.00,0.00,0,0
vda,48.80,0.00,0.20,0,1
vda,1.40,0.00,0.01,0,0
vda,0.60,0.00,0.00,0,0
vda,49.20,0.00,0.20,0,1
vda,1.60,0.00,0.01,0,0
vda,0.00,0.00,0.00,0,0
vda,55.60,0.00,0.23,0,1
vda,1.60,0.00,0.01,0,0
vda,0.00,0.00,0.00,0,0
vda,71.20,0.00,0.29,0,1
vda,0.80,0.00,0.00,0,0
vda,1.20,0.00,0.00,0,0
vda,49.40,0.00,0.20,0,1
vda,0.00,0.00,0.00,0,0
vda,1.60,0.00,0.01,0,0
vda,55.20,0.00,0.22,0,1
vda,0.40,0.00,0.00,0,0
vda,1.20,0.00,0.00,0,0
vda,2.20,0.00,0.01,0,0
vda,0.80,0.00,0.00,0,0
vda,1.20,0.00,0.00,0,0
vda,2.60,0.00,0.01,0,0
vda,20.20,0.01,0.08,0,0
vda,3.20,0.00,0.01,0,0
vda,53.40,0.00,0.21,0,1
vda,0.00,0.00,0.00,0,0
vda,1.20,0.00,0.00,0,0
vda,56.80,0.00,0.23,0,1
vda,0.00,0.00,0.00,0,0
vda,1.20,0.00,0.00,0,0
vda,61.80,0.05,0.20,0,0
vda,3.20,0.03,0.01,0,0
vda,1.80,0.02,0.00,0,0
vda,83.80,0.23,0.29,1,1
vda,18.40,0.40,0.01,1,0
vda,75.00,8.83,0.01,44,0
vda,90.60,11.18,0.00,55,0
vda,89.40,11.18,0.00,55,0
vda,90.00,11.10,0.00,55,0
vda,91.80,11.12,0.01,55,0
vda,109.40,11.07,0.09,55,0
vda,98.00,7.90,0.14,39,0
vda,24.40,2.62,0.01,13,0
vda,77.40,9.45,0.01,47,0
vda,156.60,10.40,0.29,52,1
vda,88.20,10.88,0.00,54,0
vda,74.60,9.32,0.00,46,0
vda,91.00,11.20,0.00,56,0
vda,80.00,9.72,0.01,48,0
vda,67.40,8.43,0.00,42,0
vda,89.80,11.00,0.01,55,0
vda,108.40,10.85,0.09,54,0
vda,82.40,10.15,0.00,50,0
vda,128.80,9.68,0.24,48,1
vda,70.80,8.29,0.02,41,0
vda,2.60,0.00,0.01,0,0
vda,64.40,0.00,0.27,0,1
vda,0.00,0.00,0.00,0,0
vda,1.20,0.00,0.00,0,0
vda,64.80,0.00,0.26,0,1
vda,2.40,0.00,0.01,0,0
vda,1.20,0.00,0.00,0,0
vda,45.40,0.00,0.19,0,0
vda,2.40,0.00,0.01,0,0
vda,3.20,0.00,0.01,0,0
vda,57.00,0.00,0.23,0,1
vda,0.00,0.00,0.00,0,0
vda,53.40,0.00,0.22,0,1
vda,1.00,0.00,0.00,0,0
vda,2.20,0.00,0.01,0,0
vda,64.40,0.00,0.26,0,1
vda,0.40,0.00,0.00,0,0
vda,4.20,0.00,0.02,0,0
vda,53.40,0.00,0.22,0,1
vda,0.20,0.00,0.00,0,0
vda,2.20,0.00,0.01,0,0
vda,47.40,0.00,0.19,0,0
vda,0.00,0.00,0.00,0,0
vda,2.20,0.00,0.01,0,0
vda,52.40,0.00,0.22,0,1
vda,1.00,0.00,0.00,0,0
vda,2.20,0.00,0.01,0,0
vda,65.80,0.00,0.27,0,1
vda,2.60,0.00,0.01,0,0
vda,0.00,0.00,0.00,0,0
vda,54.60,0.00,0.22,0,1
vda,1.40,0.00,0.01,0,0
vda,2.20,0.00,0.01,0,0
vda,47.40,0.00,0.20,0,0
vda,0.80,0.00,0.00,0,0
vda,2.40,0.00,0.01,0,0
vda,68.20,0.00,0.28,0,1
vda,5.20,0.00,0.02,0,0
vda,84.40,0.00,0.34,0,1
vda,1.20,0.00,0.00,0,0
vda,0.00,0.00,0.00,0,0
vda,48.60,0.00,0.20,0,0
vda,1.40,0.00,0.01,0,0
vda,0.60,0.00,0.00,0,0
vda,48.00,0.00,0.20,0,0
vda,1.40,0.00,0.01,0,0
vda,46.20,0.00,0.19,0,0
vda,3.80,0.00,0.01,0,0
vda,1.60,0.00,0.01,0,0
vda,79.80,0.00,0.31,0,1
vda,0.00,0.00,0.00,0,0
vda,1.20,0.00,0.00,0,0
vda,45.80,0.00,0.18,0,0
vda,2.40,0.00,0.01,0,0
vda,1.20,0.00,0.00,0,0
vda,45.60,0.00,0.18,0,0
vda,2.60,0.00,0.01,0,0
vda,3.20,0.00,0.01,0,0
vda,8.20,0.00,0.06,0,0
vda,4.20,0.00,0.02,0,0
vda,61.40,0.00,0.25,0,1
vda,2.80,0.00,0.01,0,0
vda,61.40,0.00,0.25,0,1
vda,2.20,0.00,0.01,0,0
vda,0.00,0.00,0.00,0,0
vda,48.80,0.00,0.20,0,1
vda,3.40,0.00,0.01,0,0
vda,2.60,0.00,0.01,0,0
vda,53.40,0.00,0.22,0,1
vda,1.40,0.00,0.01,0,0
vda,0.00,0.00,0.00,0,0
vda,48.00,0.00,0.20,0,0
vda,1.40,0.00,0.01,0,0
vda,0.60,0.00,0.00,0,0
vda,71.40,0.00,0.29,0,1
vda,2.80,0.00,0.01,0,0
vda,2.60,0.00,0.01,0,0
vda,53.60,0.00,0.22,0,1
vda,1.40,0.00,0.01,0,0
vda,0.20,0.00,0.00,0,0
vda,47.80,0.00,0.20,0,0
vda,1.40,0.00,0.01,0,0
vda,0.60,0.00,0.00,0,0
vda,47.80,0.00,0.20,0,0
vda,1.40,0.00,0.01,0,0
vda,3.40,0.00,0.01,0,0
vda,78.80,0.00,0.32,0,1
vda,2.20,0.00,0.01,0,0
vda,0.00,0.00,0.00,0,0
vda,49.20,0.00,0.20,0,1
vda,1.40,0.00,0.01,0,0
vda,0.00,0.00,0.00,0,0
vda,54.60,0.03,0.20,0,0
vda,1.40,0.00,0.01,0,0
vda,4.80,0.00,0.02,0,0
vda,55.60,0.00,0.23,0,1
vda,0.40,0.00,0.00,0,0
vda,2.00,0.00,0.01,0,0
vda,70.80,0.00,0.29,0,1
vda,1.40,0.00,0.01,0,0
vda,0.00,0.00,0.00,0,0
vda,2.20,0.00,0.01,0,0
vda,47.20,0.00,0.19,0,0
vda,2.20,0.00,0.01,0,0
vda,2.60,0.00,0.01,0,0
vda,55.20,0.00,0.23,0,1
vda,2.60,0.00,0.01,0,0
vda,0.00,0.00,0.00,0,0
vda,1.20,0.00,0.00,0,0
vda,0.20,0.00,0.00,0,0
vda,71.60,0.00,0.29,0,1
vda,1.40,0.00,0.01,0,0
vda,0.00,0.00,0.00,0,0
vda,3.40,0.00,0.01,0,0
vda,55.00,0.00,0.23,0,1
vda,3.00,0.00,0.01,0,0
vda,0.00,0.00,0.00,0,0
vda,2.40,0.00,0.01,0,0
vda,0.00,0.00,0.00,0,0
vda,56.60,0.00,0.26,0,1
vda,4.80,0.00,0.02,0,0
vda,4.40,0.00,0.02,0,0
vda,80.00,0.00,0.33,0,1
vda,0.20,0.00,0.00,0,0
vda,0.80,0.00,0.00,0,0
vda,48.40,0.00,0.20,0,0
vda,1.40,0.00,0.01,0,0
vda,0.20,0.00,0.00,0,0
vda,47.80,0.00,0.20,0,0
vda,1.40,0.00,0.01,0,0
vda,0.00,0.00,0.00,0,0
vda,48.20,0.00,0.20,0,0
vda,3.00,0.00,0.01,0,0
vda,2.60,0.00,0.01,0,0
vda,76.80,0.00,0.31,0,1
vda,1.60,0.00,0.01,0,0
vda,0.00,0.00,0.00,0,0
vda,48.20,0.00,0.20,0,0
vda,1.40,0.00,0.01,0,0
vda,0.60,0.00,0.00,0,0
vda,48.00,0.00,0.20,0,0
vda,1.40,0.00,0.01,0,0
vda,3.20,0.00,0.01,0,0
vda,55.60,0.00,0.23,0,1
vda,2.00,0.00,0.01,0,0
vda,2.20,0.00,0.01,0,0
vda,69.60,0.00,0.28,0,1
vda,1.40,0.00,0.01,0,0
vda,2.00,0.00,0.01,0,0
vda,46.80,0.00,0.19,0,0
vda,1.40,0.00,0.01,0,0
vda,2.00,0.00,0.01,0,0
vda,46.80,0.00,0.19,0,0
vda,3.00,0.00,0.01,0,0
vda,2.60,0.00,0.01,0,0
vda,66.40,0.00,0.27,0,1
vda,1.40,0.00,0.01,0,0
vda,0.00,0.00,0.00,0,0
vda,92.20,0.00,0.37,0,1
vda,1.60,0.00,0.01,0,0
vda,2.00,0.00,0.01,0,0
vda,53.60,0.00,0.22,0,1
vda,2.60,0.00,0.01,0,0
vda,2.60,0.00,0.01,0,0
vda,52.60,0.00,0.21,0,1
vda,1.40,0.00,0.01,0,0
vda,2.20,0.00,0.01,0,0
vda,0.00,0.00,0.00,0,0
vda,52.80,0.00,0.21,0,1
vda,1.60,0.00,0.01,0,0
vda,65.20,0.00,0.26,0,1
vda,2.60,0.00,0.01,0,0
vda,2.60,0.00,0.01,0,0
vda,0.00,0.00,0.00,0,0
vda,55.00,0.00,0.22,0,1
vda,3.00,0.00,0.01,0,0
vda,0.60,0.00,0.00,0,0
vda,1.60,0.00,0.00,0,0
vda,2.20,0.00,0.01,0,0
vda,10.80,0.00,0.07,0,0
vda,35.00,0.00,0.14,0,0
vda,14.00,0.00,0.06,0,0
vda,18.40,0.00,0.07,0,0
vda,0.20,0.00,0.00,0,0
vda,60.80,0.00,0.25,0,1
vda,2.40,0.00,0.01,0,0
vda,0.00,0.00,0.00,0,0
vda,3.40,0.00,0.01,0,0
vda,55.80,0.00,0.23,0,1
vda,1.20,0.00,0.00,0,0
vda,2.20,0.00,0.01,0,0
vda,0.00,0.00,0.00,0,0
vda,53.40,0.00,0.21,0,1
vda,2.40,0.00,0.01,0,0
vda,0.00,0.00,0.00,0,0
vda,1.20,0.00,0.00,0,0
vda,2.20,0.00,0.01,0,0
vda,2.00,0.00,0.01,0,0
vda,1.40,0.00,0.01,0,0
vda,54.60,0.00,0.22,0,1
vda,12.60,0.00,0.05,0,0
vda,0.00,0.00,0.00,0,0
vda,1.20,0.00,0.00,0,0
vda,8.80,0.00,0.04,0,0
vda,1.60,0.00,0.01,0,0
vda,2.60,0.00,0.01,0,0
vda,79.80,0.00,0.32,0,1
vda,1.40,0.00,0.01,0,0
vda,2.20,0.00,0.01,0,0
vda,46.20,0.00,0.19,0,0
vda,1.40,0.00,0.01,0,0
vda,2.40,0.00,0.01,0,0
vda,45.80,0.00,0.19,0,0
vda,1.40,0.00,0.01,0,0
vda,2.20,0.00,0.01,0,0
vda,51.60,0.00,0.21,0,1
vda,3.20,0.00,0.01,0,0
vda,2.60,0.00,0.01,0,0
vda,71.00,0.00,0.29,0,1
vda,1.40,0.00,0.01,0,0
vda,2.20,0.00,0.01,0,0
vda,45.80,0.00,0.19,0,0
vda,1.40,0.00,0.01,0,0
vda,2.20,0.00,0.01,0,0
vda,45.80,0.00,0.19,0,0
vda,2.60,0.00,0.01,0,0
vda,2.80,0.00,0.01,0,0
vda,59.00,0.00,0.24,0,1
vda,1.60,0.00,0.01,0,0
vda,0.00,0.00,0.00,0,0
vda,65.80,0.00,0.26,0,1
vda,2.20,0.00,0.01,0,0
vda,2.20,0.00,0.01,0,0
vda,46.40,0.00,0.19,0,0
vda,1.40,0.00,0.01,0,0
vda,3.00,0.00,0.01,0,0
vda,54.80,0.00,0.22,0,1
vda,1.40,0.00,0.01,0,0
vda,2.20,0.00,0.01,0,0
vda,5.60,0.00,0.05,0,0
vda,74.60,0.00,0.30,0,1
vda,3.20,0.00,0.01,0,0
vda,0.80,0.00,0.00,0,0
vda,1.20,0.00,0.00,0,0
vda,55.49,0.00,0.22,0,1
vda,1.60,0.00,0.01,0,0
vda,0.20,0.00,0.00,0,0
vda,55.20,0.00,0.23,0,1
vda,1.80,0.00,0.01,0,0
vda,1.20,0.00,0.00,0,0
vda,47.40,0.00,0.19,0,0
vda,0.20,0.00,0.00,0,0
vda,1.20,0.00,0.00,0,0
vda,70.40,0.00,0.28,0,1
vda,3.60,0.00,0.01,0,0
vda,1.20,0.00,0.00,0,0
vda,55.20,0.00,0.22,0,1
vda,0.20,0.00,0.00,0,0
vda,1.20,0.00,0.00,0,0
vda,47.60,0.00,0.20,0,0
vda,1.40,0.00,0.01,0,0
vda,1.20,0.00,0.00,0,0
vda,47.80,0.00,0.20,0,0
vda,0.80,0.00,0.00,0,0
vda,1.40,0.00,0.01,0,0
vda,72.20,0.00,0.29,0,1
vda,0.00,0.00,0.00,0,0
vda,1.80,0.00,0.01,0,0
vda,55.00,0.00,0.22,0,1
vda,1.00,0.00,0.00,0,0
vda,1.20,0.00,0.00,0,0
vda,47.20,0.00,0.19,0,0
vda,0.80,0.00,0.00,0,0
vda,1.20,0.00,0.00,0,0
vda,46.00,0.00,0.18,0,0
vda,4.40,0.00,0.02,0,0
vda,1.60,0.00,0.01,0,0
vda,41.20,0.00,0.17,0,0
vda,0.00,0.00,0.00,0,0
vda,1.20,0.00,0.00,0,0
vda,83.40,0.00,0.33,0,1
vda,0.20,0.00,0.00,0,0
vda,1.20,0.00,0.00,0,0
vda,45.20,0.00,0.18,0,0
vda,2.40,0.00,0.01,0,0
vda,2.00,0.00,0.01,0,0
vda,2.60,0.00,0.01,0,0
vda,22.20,0.22,0.00,1,0
vda,1.80,0.00,0.01,0,0
vda,2.80,0.00,0.01,0,0
vda,51.60,0.00,0.21,0,1
vda,50.80,0.00,0.24,0,1
vda,1.60,0.00,0.01,0,0
vda,2.20,0.00,0.01,0,0
vda,4.00,0.00,0.01,0,0
vda,3.20,0.00,0.01,0,0
vda,0.00,0.00,0.00,0,0
vda,3.80,0.00,0.02,0,0
vda,12.80,0.00,0.05,0,0
vda,40.60,0.00,0.19,0,0
vda,4.00,0.00,0.02,0,0
vda,10.20,0.00,0.04,0,0
vda,0.00,0.00,0.00,0,0
vda,1.20,0.00,0.00,0,0
vda,4.60,0.00,0.02,0,0
vda,2.40,0.00,0.01,0,0
vda,35.40,0.00,0.14,0,0
vda,2.80,0.00,0.01,0,0
vda,34.40,0.00,0.14,0,0
vda,1.20,0.00,0.00,0,0
vda,9.40,0.00,0.04,0,0
vda,2.20,0.00,0.01,0,0
vda,3.00,0.00,0.01,0,0
vda,35.80,0.00,0.14,0,0
vda,8.80,0.00,0.04,0,0
vda,47.80,0.00,0.19,0,0
vda,2.00,0.00,0.01,0,0
vda,2.00,0.00,0.01,0,0
vda,47.20,0.00,0.19,0,0
vda,2.60,0.00,0.01,0,0
vda,0.00,0.00,0.00,0,0
vda,2.60,0.00,0.01,0,0
vda,3.00,0.00,0.01,0,0
vda,1.60,0.00,0.01,0,0
vda,0.40,0.00,0.00,0,0
vda,68.80,0.00,0.27,0,1
vda,3.00,0.00,0.01,0,0
vda,0.00,0.00,0.00,0,0
vda,8.20,0.00,0.03,0,0
vda,2.20,0.00,0.01,0,0
vda,0.40,0.00,0.00,0,0
vda,4.00,0.00,0.02,0,0
vda,11.60,0.00,0.05,0,0
vda,2.60,0.00,0.02,0,0
vda,33.80,0.00,0.14,0,0
vda,2.00,0.00,0.01,0,0
vda,1.60,0.00,0.01,0,0
vda,1.40,0.00,0.01,0,0
vda,9.20,0.00,0.04,0,0
vda,1.60,0.00,0.01,0,0
vda,19.60,0.00,0.08,0,0
vda,2.60,0.00,0.01,0,0
vda,1.60,0.00,0.01,0,0
vda,52.20,0.00,0.21,0,1
vda,0.00,0.00,0.00,0,0
vda,1.20,0.00,0.00,0,0
vda,2.60,0.00,0.01,0,0
vda,10.00,0.00,0.05,0,0
vda,18.60,0.00,0.07,0,0
vda,2.40,0.00,0.01,0,0
vda,2.60,0.00,0.01,0,0
vda,0.00,0.00,0.00,0,0
vda,52.60,0.00,0.21,0,1
vda,0.80,0.00,0.00,0,0
vda,3.40,0.00,0.01,0,0
vda,13.40,0.00,0.05,0,0
vda,0.00,0.00,0.00,0,0
vda,8.40,0.00,0.04,0,0
vda,2.40,0.00,0.01,0,0
vda,6.20,0.00,0.05,0,0
vda,57.20,0.00,0.24,0,1
vda,4.00,0.00,0.02,0,0
vda,1.60,0.00,0.01,0,0
vda,72.40,0.00,0.29,0,1
vda,2.20,0.00,0.01,0,0
vda,0.00,0.00,0.00,0,0
vda,46.20,0.00,0.19,0,0
vda,2.40,0.00,0.01,0,0
vda,0.00,0.00,0.00,0,0
vda,46.40,0.00,0.19,0,0
vda,2.40,0.00,0.01,0,0
vda,2.20,0.00,0.01,0,0
vda,1.60,0.00,0.01,0,0
vda,2.00,0.00,0.01,0,0
vda,0.00,0.00,0.00,0,0
vda,1.60,0.00,0.01,0,0
vda,69.80,0.00,0.28,0,1
vda,9.60,0.00,0.04,0,0
vda,2.20,0.00,0.01,0,0
vda,0.00,0.00,0.00,0,0
vda,1.20,0.00,0.00,0,0
vda,13.40,0.00,0.05,0,0
vda,0.00,0.00,0.00,0,0
vda,1.40,0.00,0.01,0,0
vda,53.40,0.00,0.22,0,1
vda,2.40,0.00,0.01,0,0
vda,0.00,0.00,0.00,0,0
vda,63.60,0.00,0.26,0,1
vda,3.60,0.00,0.01,0,0
vda,1.60,0.00,0.01,0,0
vda,1.60,0.00,0.01,0,0
vda,2.20,0.00,0.01,0,0
vda,0.00,0.00,0.00,0,0
vda,1.60,0.00,0.01,0,0
vda,47.00,0.00,0.19,0,0
vda,7.80,0.00,0.03,0,0
vda,2.00,0.00,0.01,0,0
vda,2.20,0.00,0.01,0,0
vda,100.40,0.00,0.40,0,2
vda,5.00,0.00,0.02,0,0
vda,1.60,0.00,0.01,0,0
vda,0.00,0.00,0.00,0,0
vda,1.40,0.00,0.00,0,0
vda,2.20,0.00,0.01,0,0
vda,0.40,0.00,0.00,0,0
vda,22.36,0.00,0.09,0,0
vda,36.00,0.00,0.14,0,0
vda,0.80,0.00,0.00,0,0
vda,1.20,0.00,0.00,0,0
vda,2.20,0.00,0.01,0,0
vda,70.60,0.00,0.29,0,1
vda,0.20,0.00,0.00,0,0
vda,2.40,0.00,0.01,0,0
vda,54.40,0.00,0.22,0,1
vda,1.40,0.00,0.01,0,0
vda,2.20,0.00,0.01,0,0
vda,45.20,0.00,0.19,0,0
vda,1.40,0.00,0.01,0,0
vda,2.20,0.00,0.01,0,0
vda,54.60,0.00,0.22,0,1
vda,9.80,0.00,0.07,0,0
vda,0.00,0.00,0.00,0,0
vda,78.60,0.00,0.32,0,1
vda,2.20,0.00,0.01,0,0
vda,2.20,0.00,0.01,0,0
vda,46.00,0.00,0.19,0,0
vda,1.40,0.00,0.01,0,0
vda,2.20,0.00,0.01,0,0
vda,54.60,0.00,0.22,0,1
vda,1.00,0.00,0.00,0,0
vda,2.20,0.00,0.01,0,0
vda,58.80,0.00,0.24,0,1
vda,2.00,0.00,0.01,0,0
vda,2.20,0.00,0.01,0,0
vda,63.20,0.00,0.25,0,1
vda,1.40,0.00,0.01,0,0
vda,2.60,0.00,0.01,0,0
vda,1.00,0.00,0.00,0,0
vda,54.60,0.00,0.22,0,1
vda,2.40,0.00,0.01,0,0
vda,45.40,0.00,0.18,0,0
vda,1.40,0.00,0.01,0,0
vda,0.00,0.00,0.00,0,0
vda,53.40,0.00,0.21,0,1
vda,1.40,0.00,0.01,0,0
vda,3.00,0.00,0.01,0,0
vda,71.40,0.00,0.29,0,1
vda,0.00,0.00,0.00,0,0
vda,3.60,0.00,0.01,0,0
vda,0.00,0.00,0.00,0,0
vda,47.00,0.00,0.19,0,0
vda,2.40,0.00,0.01,0,0
vda,45.00,0.00,0.18,0,0
vda,1.40,0.00,0.01,0,0
vda,3.80,0.00,0.01,0,0
vda,59.80,0.00,0.24,0,1
vda,0.20,0.00,0.00,0,0
vda,2.00,0.00,0.01,0,0
vda,64.40,0.00,0.26,0,1
vda,2.20,0.00,0.01,0,0
vda,2.20,0.00,0.01,0,0
vda,45.80,0.00,0.19,0,0
vda,1.40,0.00,0.01,0,0
vda,3.00,0.00,0.01,0,0
vda,49.00,0.00,0.20,0,1
vda,0.00,0.00,0.00,0,0
vda,2.00,0.00,0.01,0,0
vda,47.00,0.00,0.19,0,0
vda,1.80,0.00,0.01,0,0
vda,2.00,0.00,0.01,0,0
vda,69.60,0.00,0.28,0,1
vda,4.60,0.02,0.02,0,0
vda,8.80,0.00,0.05,0,0
vda,51.40,0.00,0.21,0,1
vda,5.40,0.00,0.02,0,0
vda,0.00,0.00,0.00,0,0
vda,61.00,0.00,0.28,0,1
vda,4.60,0.00,0.02,0,0
vda,0.00,0.00,0.00,0,0
vda,48.80,0.00,0.20,0,1
vda,13.00,0.00,0.09,0,0
vda,8.80,0.00,0.05,0,0
vda,71.80,0.00,0.30,0,1
vda,1.80,0.00,0.01,0,0
vda,4.80,0.00,0.02,0,0
vda,0.00,0.00,0.00,0,0
vda,1.00,0.00,0.00,0,0
vda,55.00,0.00,0.22,0,1
vda,1.80,0.00,0.01,0,0
vda,0.80,0.00,0.00,0,0
