vda,94.40,0.61,0.01,3,0
vda,6.80,0.02,0.00,0,0
vda,79.60,0.14,0.19,0,0
vda,0.00,0.00,0.00,0,0
vda,1.80,0.00,0.01,0,0
vda,0.00,0.00,0.00,0,0
vda,237.20,8.71,0.15,43,0
vda,102.20,12.20,0.02,61,0
vda,57.40,4.42,1.36,22,6
vda,1.00,0.01,0.00,0,0
vda,7.80,0.02,0.01,0,0
vda,13.20,0.05,0.01,0,0
vda,2.20,0.00,0.01,0,0
vda,0.20,0.00,0.00,0,0
vda,1.40,0.00,0.01,0,0
vda,37.80,0.00,0.16,0,0
vda,25.00,0.00,0.10,0,0
vda,1.40,0.00,0.00,0,0
vda,2.20,0.00,0.01,0,0
vda,2.40,0.00,0.01,0,0
vda,2.60,0.00,0.01,0,0
vda,0.00,0.00,0.00,0,0
vda,1.60,0.00,0.01,0,0
vda,19.20,0.00,0.08,0,0
vda,34.80,0.00,0.14,0,0
vda,1.20,0.00,0.00,0,0
vda,8.40,0.00,0.04,0,0
vda,1.80,0.00,0.01,0,0
vda,1.20,0.00,0.00,0,0
vda,3.80,0.00,0.01,0,0
vda,13.60,0.00,0.06,0,0
vda,0.00,0.00,0.00,0,0
vda,1.60,0.00,0.01,0,0
vda,24.00,0.00,0.10,0,0
vda,0.00,0.00,0.00,0,0
vda,1.20,0.00,0.00,0,0
vda,9.60,0.00,0.04,0,0
vda,17.80,0.00,0.08,0,0
vda,1.60,0.00,0.01,0,0
vda,3.80,0.00,0.01,0,0
vda,1.00,0.00,0.00,0,0
vda,2.20,0.00,0.01,0,0
vda,33.20,0.00,0.13,0,0
vda,1.40,0.00,0.01,0,0
vda,13.60,0.00,0.06,0,0
vda,9.00,0.00,0.04,0,0
vda,1.40,0.00,0.01,0,0
vda,2.20,0.00,0.01,0,0
vda,0.00,0.00,0.00,0,0
vda,10.80,0.00,0.04,0,0
vda,1.60,0.00,0.01,0,0
vda,53.00,0.00,0.21,0,1
vda,0.60,0.00,0.00,0,0
vda,2.20,0.00,0.01,0,0
vda,33.20,0.00,0.14,0,0
vda,1.40,0.00,0.01,0,0
vda,1.20,0.00,0.00,0,0
vda,37.40,0.00,0.16,0,0
vda,1.40,0.00,0.01,0,0
vda,57.80,0.00,0.23,0,1
vda,5.20,0.00,0.02,0,0
vda,6.80,0.00,0.03,0,0
vda,1.40,0.00,0.01,0,0
vda,35.80,0.00,0.14,0,0
vda,0.80,0.00,0.00,0,0
vda,2.20,0.00,0.01,0,0
vda,42.40,0.00,0.18,0,0
vda,0.00,0.00,0.00,0,0
vda,1.60,0.00,0.01,0,0
vda,43.20,0.00,0.18,0,0
vda,17.40,0.14,0.00,0,0
vda,14.80,0.05,0.01,0,0
vda,0.00,0.00,0.00,0,0
vda,1.20,0.00,0.00,0,0
vda,1.20,0.00,0.00,0,0
vda,4.00,0.00,0.02,0,0
vda,0.20,0.00,0.00,0,0
vda,82.20,0.00,0.33,0,1
vda,2.60,0.00,0.01,0,0
vda,1.20,0.00,0.00,0,0
vda,1.20,0.00,0.00,0,0
vda,2.60,0.00,0.01,0,0
vda,0.80,0.00,0.00,0,0
vda,2.40,0.00,0.01,0,0
vda,18.16,0.00,0.07,0,0
vda,4.20,0.01,0.01,0,0
vda,35.80,0.00,0.14,0,0
vda,0.40,0.00,0.00,0,0
vda,1.40,0.00,0.01,0,0
vda,1.20,0.00,0.00,0,0
vda,2.00,0.00,0.01,0,0
vda,10.00,0.00,0.05,0,0
vda,12.60,0.00,0.05,0,0
vda,2.00,0.00,0.01,0,0
vda,38.60,0.00,0.16,0,0
vda,2.60,0.00,0.01,0,0
vda,0.00,0.00,0.00,0,0
vda,55.60,0.00,0.23,0,1
vda,9.40,0.00,0.04,0,0
vda,2.00,0.00,0.01,0,0
vda,30.00,0.00,0.12,0,0
vda,2.40,0.00,0.01,0,0
vda,39.40,0.00,0.16,0,0
vda,2.60,0.00,0.01,0,0
vda,2.60,0.00,0.01,0,0
