7888328.0,132063.73333,4358.6666667
7925224.0,80516.0,3964.0
7925224.0,80516.0,3964.0
7596436.8,128246.66667,3992.0
7220680.0,182796.0,4024.0
7129700.5333,182799.73333,4050.1333333
7025724.0,182804.0,4080.0
7025724.0,182804.0,4080.0
7024999.7333,182805.86667,4106.1333333
7024172.0,182808.0,4136.0
7024172.0,182808.0,4136.0
7024172.0,182808.0,4136.0
7024172.0,182808.0,4136.0
6980004.0,182804.8,4180.8
6913752.0,182800.0,4248.0
6913752.0,182800.0,4248.0
6913752.0,182800.0,4248.0
6913752.0,182800.0,4248.0
6913752.0,182800.0,4248.0
6912826.1333,182806.4,4316.2666667
6912016.0,182812.0,4376.0
6912016.0,182812.0,4376.0
6912016.0,182812.0,4376.0
6912016.0,182812.0,4376.0
6909861.3333,183236.53333,4514.6666667
6907976.0,183608.0,4636.0
6907976.0,183608.0,4636.0
6907976.0,183608.0,4636.0
6907976.0,183608.0,4636.0
6907976.0,183608.0,4636.0
6907976.0,183608.0,4636.0
6907976.0,183608.0,4636.0
7475859.2,179744.0,4741.6
