7145136.0,634952.0,10712.0
7513820.0,154152.0,3856.0
7513820.0,154152.0,3856.0
6129852.0,495896.0,3904.0
5437868.0,666768.0,3928.0
5437868.0,666768.0,3928.0
4075950.6667,1022546.1333,3969.0666667
3580708.0,1151920.0,3984.0
2831056.5333,1477886.6667,4025.0666667
2558456.0,1596420.0,4040.0
2558456.0,1596420.0,4040.0
2557563.2,1596423.2,4091.2
2557340.0,1596424.0,4104.0
2557340.0,1596424.0,4104.0
2557340.0,1596424.0,4104.0
2557340.0,1596424.0,4104.0
2556021.6,1596430.4,4206.4
2555692.0,1596432.0,4232.0
2555692.0,1596432.0,4232.0
2555692.0,1596432.0,4232.0
2555692.0,1596432.0,4232.0
2555692.0,1596432.0,4232.0
2555692.0,1596432.0,4232.0
2555692.0,1596432.0,4232.0
2555692.0,1596432.0,4232.0
2555692.0,1596432.0,4232.0
2555692.0,1596432.0,4232.0
2555692.0,1596432.0,4232.0
2555841.6,1596449.6,4390.4
2555896.0,1596456.0,4448.0
2555896.0,1596456.0,4448.0
2555896.0,1596456.0,4448.0
2555896.0,1596456.0,4448.0
2555896.0,1596456.0,4448.0
2555896.0,1596456.0,4448.0
2555896.0,1596456.0,4448.0
2555896.0,1596456.0,4448.0
2555896.0,1596456.0,4448.0
2555896.0,1596456.0,4448.0
2555896.0,1596456.0,4448.0
2553065.3333,1598509.3333,5031.7333333
2552036.0,1599256.0,5244.0
2552036.0,1599256.0,5244.0
2551235.2,1599258.9333,5290.9333333
2550944.0,1599260.0,5308.0
2550944.0,1599260.0,5308.0
2550944.0,1599260.0,5308.0
2550944.0,1599260.0,5308.0
2550944.0,1599260.0,5308.0
2550944.0,1599260.0,5308.0
2550944.0,1599260.0,5308.0
2550944.0,1599260.0,5308.0
2550944.0,1599260.0,5308.0
2550944.0,1599260.0,5308.0
2550944.0,1599260.0,5308.0
2551152.0,1599348.0,5452.0
2551256.0,1599392.0,5524.0
2551256.0,1599392.0,5524.0
2551256.0,1599392.0,5524.0
2551256.0,1599392.0,5524.0
2551256.0,1599392.0,5524.0
2551256.0,1599392.0,5524.0
2551256.0,1599392.0,5524.0
2551256.0,1599392.0,5524.0
2551256.0,1599392.0,5524.0
2551256.0,1599392.0,5524.0
2551256.0,1599392.0,5524.0
2550954.6667,1599421.3333,5740.0
2550804.0,1599436.0,5848.0
2550804.0,1599436.0,5848.0
2550804.0,1599436.0,5848.0
2550804.0,1599436.0,5848.0
2550804.0,1599436.0,5848.0
2550804.0,1599436.0,5848.0
2550804.0,1599436.0,5848.0
2550804.0,1599436.0,5848.0
2550804.0,1599436.0,5848.0
2550804.0,1599436.0,5848.0
2550804.0,1599436.0,5848.0
2550387.7333,1599441.6,5948.8
2549912.0,1599448.0,6064.0
2549912.0,1599448.0,6064.0
2549912.0,1599448.0,6064.0
2549912.0,1599448.0,6064.0
2549912.0,1599448.0,6064.0
2549912.0,1599448.0,6064.0
2549912.0,1599448.0,6064.0
2549912.0,1599448.0,6064.0
2549912.0,1599448.0,6064.0
2549912.0,1599448.0,6064.0
2549912.0,1599448.0,6064.0
2549434.1333,1599526.4,6198.4
2548888.0,1599616.0,6352.0
2548888.0,1599616.0,6352.0
2548888.0,1599616.0,6352.0
2548888.0,1599616.0,6352.0
2548888.0,1599616.0,6352.0
2548888.0,1599616.0,6352.0
2548888.0,1599616.0,6352.0
2548292.8,1599617.6,6422.4
2547400.0,1599620.0,6528.0
2547905.3333,1599620.0,6549.3333333
2548916.0,1599620.0,6592.0
2548916.0,1599620.0,6592.0
2548916.0,1599620.0,6592.0
2548916.0,1599620.0,6592.0
2548916.0,1599620.0,6592.0
2548916.0,1599620.0,6592.0
2548916.0,1599620.0,6592.0
2548916.0,1599620.0,6592.0
2548916.0,1599620.0,6592.0
2548916.0,1599620.0,6592.0
2547997.3333,1599634.6667,6664.0
2546160.0,1599664.0,6808.0
2546160.0,1599664.0,6808.0
2546160.0,1599664.0,6808.0
2546160.0,1599664.0,6808.0
2546160.0,1599664.0,6808.0
2546160.0,1599664.0,6808.0
2546160.0,1599664.0,6808.0
2546160.0,1599664.0,6808.0
2546160.0,1599664.0,6808.0
2546160.0,1599664.0,6808.0
2546160.0,1599664.0,6808.0
2546081.3333,1599693.3333,6886.6666667
2545924.0,1599752.0,7044.0
2545924.0,1599752.0,7044.0
2545924.0,1599752.0,7044.0
2545924.0,1599752.0,7044.0
2545924.0,1599752.0,7044.0
2545924.0,1599752.0,7044.0
2545924.0,1599752.0,7044.0
2545924.0,1599752.0,7044.0
2545924.0,1599752.0,7044.0
2545924.0,1599752.0,7044.0
2545924.0,1599752.0,7044.0
2545825.3333,1599754.1333,7080.2666667
2545184.0,1599768.0,7316.0
2545184.0,1599768.0,7316.0
2545184.0,1599768.0,7316.0
2545184.0,1599768.0,7316.0
2545184.0,1599768.0,7316.0
2545184.0,1599768.0,7316.0
2545184.0,1599768.0,7316.0
2545184.0,1599768.0,7316.0
2545184.0,1599768.0,7316.0
2545184.0,1599768.0,7316.0
2545184.0,1599768.0,7316.0
2545266.6667,1599770.6667,7346.9333333
2545804.0,1599788.0,7548.0
2545804.0,1599788.0,7548.0
2545804.0,1599788.0,7548.0
2545804.0,1599788.0,7548.0
2545804.0,1599788.0,7548.0
2545804.0,1599788.0,7548.0
2545804.0,1599788.0,7548.0
2545804.0,1599788.0,7548.0
2545804.0,1599788.0,7548.0
2545804.0,1599788.0,7548.0
2545804.0,1599788.0,7548.0
2545584.0,1599806.4,7600.0
2544704.0,1599880.0,7808.0
2544704.0,1599880.0,7808.0
2544704.0,1599880.0,7808.0
2544704.0,1599880.0,7808.0
2544704.0,1599880.0,7808.0
2544704.0,1599880.0,7808.0
2544704.0,1599880.0,7808.0
2544529.0667,1599901.3333,7848.5333333
2544048.0,1599960.0,7960.0
2544048.0,1599960.0,7960.0
2544048.0,1599960.0,7960.0
2544048.0,1599960.0,7960.0
2544048.0,1599960.0,7960.0
2544048.0,1599960.0,7960.0
2544048.0,1599960.0,7960.0
2544048.0,1599960.0,7960.0
2544048.0,1599960.0,7960.0
2544048.0,1599960.0,7960.0
2544048.0,1599960.0,7960.0
2544142.6667,1600089.3333,8034.6666667
2544332.0,1600348.0,8184.0
2544332.0,1600348.0,8184.0
2544332.0,1600348.0,8184.0
2544332.0,1600348.0,8184.0
2544332.0,1600348.0,8184.0
2544332.0,1600348.0,8184.0
2544332.0,1600348.0,8184.0
2544332.0,1600348.0,8184.0
2544332.0,1600348.0,8184.0
2544332.0,1600348.0,8184.0
2544332.0,1600348.0,8184.0
2544138.4,1600353.6,8243.2
2543364.0,1600376.0,8480.0
2543364.0,1600376.0,8480.0
2543364.0,1600376.0,8480.0
2543364.0,1600376.0,8480.0
2543364.0,1600376.0,8480.0
2543364.0,1600376.0,8480.0
2543364.0,1600376.0,8480.0
2543364.0,1600376.0,8480.0
2543364.0,1600376.0,8480.0
2543364.0,1600376.0,8480.0
2543364.0,1600376.0,8480.0
2543272.0,1600384.0,8552.0
2543088.0,1600400.0,8696.0
2543088.0,1600400.0,8696.0
2543088.0,1600400.0,8696.0
2543088.0,1600400.0,8696.0
2543088.0,1600400.0,8696.0
2543088.0,1600400.0,8696.0
2543088.0,1600400.0,8696.0
2543088.0,1600400.0,8696.0
2542603.7333,1600403.2,8762.1333333
2541272.0,1600412.0,8944.0
2541272.0,1600412.0,8944.0
2541272.0,1600412.0,8944.0
2541272.0,1600412.0,8944.0
2541272.0,1600412.0,8944.0
2541272.0,1600412.0,8944.0
2541272.0,1600412.0,8944.0
2541272.0,1600412.0,8944.0
2541272.0,1600412.0,8944.0
2541272.0,1600412.0,8944.0
2541272.0,1600412.0,8944.0
2541272.0,1600412.0,8944.0
2541096.0,1600418.6667,9018.6666667
2540744.0,1600432.0,9168.0
2540744.0,1600432.0,9168.0
2540744.0,1600432.0,9168.0
2540744.0,1600432.0,9168.0
2540744.0,1600432.0,9168.0
2540744.0,1600432.0,9168.0
2540744.0,1600432.0,9168.0
2540744.0,1600432.0,9168.0
2540744.0,1600432.0,9168.0
2540744.0,1600432.0,9168.0
2540714.4,1600456.8,9227.2
2540596.0,1600556.0,9464.0
2540596.0,1600556.0,9464.0
2540596.0,1600556.0,9464.0
2540596.0,1600556.0,9464.0
2540596.0,1600556.0,9464.0
2540596.0,1600556.0,9464.0
2540596.0,1600556.0,9464.0
2540564.8,1600557.6,9492.8
2540440.0,1600564.0,9608.0
2540440.0,1600564.0,9608.0
2540440.0,1600564.0,9608.0
2540440.0,1600564.0,9608.0
2540440.0,1600564.0,9608.0
2540440.0,1600564.0,9608.0
2540440.0,1600564.0,9608.0
2540440.0,1600564.0,9608.0
2540440.0,1600564.0,9608.0
2540440.0,1600564.0,9608.0
2540440.0,1600564.0,9608.0
2540403.2,1600572.0,9654.4
2540256.0,1600604.0,9840.0
2540256.0,1600604.0,9840.0
2540256.0,1600604.0,9840.0
2540256.0,1600604.0,9840.0
2540256.0,1600604.0,9840.0
2540256.0,1600604.0,9840.0
2538400.0,1602008.8,10134.4
2530976.0,1607628.0,11312.0
2530976.0,1607628.0,11312.0
2530976.0,1607628.0,11312.0
2530976.0,1607628.0,11312.0
2530976.0,1607628.0,11312.0
2530976.0,1607628.0,11312.0
2530976.0,1607628.0,11312.0
2530976.0,1607628.0,11312.0
2530976.0,1607628.0,11312.0
2530976.0,1607628.0,11312.0
2530976.0,1607628.0,11312.0
2531025.6,1607644.8,11360.0
2531224.0,1607712.0,11552.0
2531224.0,1607712.0,11552.0
2531224.0,1607712.0,11552.0
2531224.0,1607712.0,11552.0
2531224.0,1607712.0,11552.0
2531224.0,1607712.0,11552.0
2531224.0,1607712.0,11552.0
2531224.0,1607712.0,11552.0
2531224.0,1607712.0,11552.0
2531224.0,1607712.0,11552.0
2531224.0,1607712.0,11552.0
2531056.0,1607732.8,11616.8
2530384.0,1607816.0,11876.0
2530384.0,1607816.0,11876.0
2530384.0,1607816.0,11876.0
2530384.0,1607816.0,11876.0
2530384.0,1607816.0,11876.0
2530384.0,1607816.0,11876.0
2530384.0,1607816.0,11876.0
2530384.0,1607816.0,11876.0
2530384.0,1607816.0,11876.0
2530384.0,1607816.0,11876.0
2530384.0,1607816.0,11876.0
2530458.6667,1607842.6667,11956.0
2530608.0,1607896.0,12116.0
2530608.0,1607896.0,12116.0
2530608.0,1607896.0,12116.0
2530608.0,1607896.0,12116.0
2530608.0,1607896.0,12116.0
2530608.0,1607896.0,12116.0
2530608.0,1607896.0,12116.0
2530608.0,1607896.0,12116.0
2530608.0,1607896.0,12116.0
2530608.0,1607896.0,12116.0
2530608.0,1607896.0,12116.0
2529763.2,1607912.0,12221.6
2528496.0,1607936.0,12380.0
2528496.0,1607936.0,12380.0
2529179.2,1607937.6,12405.6
2530204.0,1607940.0,12444.0
2530204.0,1607940.0,12444.0
2530204.0,1607940.0,12444.0
2530204.0,1607940.0,12444.0
2530204.0,1607940.0,12444.0
2530204.0,1607940.0,12444.0
2530204.0,1607940.0,12444.0
2530204.0,1607940.0,12444.0
2530204.0,1607940.0,12444.0
2530204.0,1607940.0,12444.0
2530204.0,1607940.0,12444.0
2529893.3333,1608009.3333,12516.0
2529272.0,1608148.0,12660.0
2529272.0,1608148.0,12660.0
2529272.0,1608148.0,12660.0
2529337.0667,1608152.2667,12685.6
2529516.0,1608164.0,12756.0
2529516.0,1608164.0,12756.0
2529516.0,1608164.0,12756.0
2529516.0,1608164.0,12756.0
2529516.0,1608164.0,12756.0
2529516.0,1608164.0,12756.0
2529516.0,1608164.0,12756.0
2529516.0,1608164.0,12756.0
2529516.0,1608164.0,12756.0
2529516.0,1608164.0,12756.0
2529516.0,1608164.0,12756.0
2529326.1333,1608191.7333,12817.866667
2528804.0,1608268.0,12988.0
2528804.0,1608268.0,12988.0
2528804.0,1608268.0,12988.0
2528804.0,1608268.0,12988.0
2528804.0,1608268.0,12988.0
2528804.0,1608268.0,12988.0
2528804.0,1608268.0,12988.0
2528804.0,1608268.0,12988.0
2528804.0,1608268.0,12988.0
2528804.0,1608268.0,12988.0
2528804.0,1608268.0,12988.0
2528816.8,1608265.6,13042.4
2528868.0,1608256.0,13260.0
2528868.0,1608256.0,13260.0
2528868.0,1608256.0,13260.0
2528868.0,1608256.0,13260.0
2528868.0,1608256.0,13260.0
2528868.0,1608256.0,13260.0
2528868.0,1608256.0,13260.0
2528868.0,1608256.0,13260.0
2528868.0,1608256.0,13260.0
2528868.0,1608256.0,13260.0
2528868.0,1608256.0,13260.0
2528892.8,1608259.2,13308.0
2528992.0,1608272.0,13500.0
2528992.0,1608272.0,13500.0
2528992.0,1608272.0,13500.0
2528992.0,1608272.0,13500.0
2528992.0,1608272.0,13500.0
2528992.0,1608272.0,13500.0
2528992.0,1608272.0,13500.0
2528992.0,1608272.0,13500.0
2528992.0,1608272.0,13500.0
2528992.0,1608272.0,13500.0
2528992.0,1608272.0,13500.0
2528992.0,1608272.0,13500.0
2528163.4667,1608289.3333,13770.4
2528036.0,1608292.0,13812.0
2528036.0,1608292.0,13812.0
2528036.0,1608292.0,13812.0
2528036.0,1608292.0,13812.0
2528036.0,1608292.0,13812.0
2528036.0,1608292.0,13812.0
2528036.0,1608292.0,13812.0
2528036.0,1608292.0,13812.0
2528036.0,1608292.0,13812.0
2528036.0,1608292.0,13812.0
2527831.4667,1608330.1333,14013.066667
2527800.0,1608336.0,14044.0
2527800.0,1608336.0,14044.0
2527800.0,1608336.0,14044.0
2527800.0,1608336.0,14044.0
2527800.0,1608336.0,14044.0
2527800.0,1608336.0,14044.0
2527800.0,1608336.0,14044.0
2527800.0,1608336.0,14044.0
2527800.0,1608336.0,14044.0
2527800.0,1608336.0,14044.0
2527800.0,1608336.0,14044.0
2528163.7333,1608353.6,14266.933333
2528296.0,1608360.0,14348.0
2528296.0,1608360.0,14348.0
2528296.0,1608360.0,14348.0
2528296.0,1608360.0,14348.0
2528296.0,1608360.0,14348.0
2528296.0,1608360.0,14348.0
2528296.0,1608360.0,14348.0
2646834.4,1608372.0,14468.0
2725860.0,1608380.0,14548.0
2725860.0,1608380.0,14548.0
2725860.0,1608380.0,14548.0
2725860.0,1608380.0,14548.0
2725860.0,1608380.0,14548.0
2725860.0,1608380.0,14548.0
2725860.0,1608380.0,14548.0
2725860.0,1608380.0,14548.0
2725860.0,1608380.0,14548.0
2725860.0,1608380.0,14548.0
2725860.0,1608380.0,14548.0
2726470.1333,1608377.0667,14729.866667
2726692.0,1608376.0,14796.0
2725501.6,1608382.4,14847.2
2725204.0,1608384.0,14860.0
2725954.9333,1608439.7333,14906.933333
2726228.0,1608460.0,14924.0
2726228.0,1608460.0,14924.0
2726228.0,1608460.0,14924.0
2726228.0,1608460.0,14924.0
2726228.0,1608460.0,14924.0
2726228.0,1608460.0,14924.0
2726228.0,1608460.0,14924.0
2726228.0,1608460.0,14924.0
2726228.0,1608460.0,14924.0
2726228.0,1608460.0,14924.0
2726228.0,1608460.0,14924.0
2725764.0,1608470.6667,15089.333333
2725532.0,1608476.0,15172.0
2725532.0,1608476.0,15172.0
2725532.0,1608476.0,15172.0
2725532.0,1608476.0,15172.0
2725532.0,1608476.0,15172.0
2725532.0,1608476.0,15172.0
2725532.0,1608476.0,15172.0
2725532.0,1608476.0,15172.0
2725532.0,1608476.0,15172.0
2725532.0,1608476.0,15172.0
2725532.0,1608476.0,15172.0
2725532.0,1608476.0,15172.0
2724776.2667,1608496.8,15414.666667
2724660.0,1608500.0,15452.0
2724660.0,1608500.0,15452.0
2724660.0,1608500.0,15452.0
2724660.0,1608500.0,15452.0
2724660.0,1608500.0,15452.0
2724660.0,1608500.0,15452.0
2724660.0,1608500.0,15452.0
2724660.0,1608500.0,15452.0
2724660.0,1608500.0,15452.0
2724660.0,1608500.0,15452.0
2724660.0,1608500.0,15452.0
2725339.4667,1608541.0667,15638.666667
2725388.0,1608544.0,15652.0
2725388.0,1608544.0,15652.0
2725388.0,1608544.0,15652.0
2725388.0,1608544.0,15652.0
2725388.0,1608544.0,15652.0
2725388.0,1608544.0,15652.0
2725388.0,1608544.0,15652.0
2725388.0,1608544.0,15652.0
2725388.0,1608544.0,15652.0
2725388.0,1608544.0,15652.0
2725065.8667,1608561.0667,15814.133333
2725065.8667,1608561.0667,15814.133333
2724784.0,1608576.0,15956.0
2724784.0,1608576.0,15956.0
2724784.0,1608576.0,15956.0
2724784.0,1608576.0,15956.0
2724784.0,1608576.0,15956.0
2724784.0,1608576.0,15956.0
2724784.0,1608576.0,15956.0
2724784.0,1608576.0,15956.0
2724784.0,1608576.0,15956.0
2724784.0,1608576.0,15956.0
2724730.1333,1608576.0,15985.866667
2724380.0,1608576.0,16180.0
2724380.0,1608576.0,16180.0
2724380.0,1608576.0,16180.0
2724380.0,1608576.0,16180.0
2724380.0,1608576.0,16180.0
2724380.0,1608576.0,16180.0
2724380.0,1608576.0,16180.0
2724380.0,1608576.0,16180.0
2724380.0,1608576.0,16180.0
2724380.0,1608576.0,16180.0
2724380.0,1608576.0,16180.0
2724541.6,1608577.6,16244.0
2725188.0,1608584.0,16500.0
2725188.0,1608584.0,16500.0
2725021.6,1608584.5333,16506.4
2723940.0,1608588.0,16548.0
2723940.0,1608588.0,16548.0
2723940.0,1608588.0,16548.0
2723940.0,1608588.0,16548.0
2723940.0,1608588.0,16548.0
2723940.0,1608588.0,16548.0
2723940.0,1608588.0,16548.0
2771310.6667,1608607.2,16641.866667
2771310.6667,1608607.2,16641.866667
2812760.0,1608624.0,16724.0
3030476.0,1608628.0,16780.0
3030476.0,1608628.0,16780.0
3030476.0,1608628.0,16780.0
3030476.0,1608628.0,16780.0
3030476.0,1608628.0,16780.0
3030476.0,1608628.0,16780.0
3030476.0,1608628.0,16780.0
3030476.0,1608628.0,16780.0
3030476.0,1608628.0,16780.0
3030476.0,1608628.0,16780.0
3030476.0,1608628.0,16780.0
3030476.0,1608628.0,16780.0
3030527.2,1608650.4,16952.8
3030540.0,1608656.0,16996.0
3030540.0,1608656.0,16996.0
3030540.0,1608656.0,16996.0
3029384.8,1608707.2,17085.6
3029096.0,1608720.0,17108.0
3029096.0,1608720.0,17108.0
3029096.0,1608720.0,17108.0
3029096.0,1608720.0,17108.0
3029096.0,1608720.0,17108.0
3029096.0,1608720.0,17108.0
3029096.0,1608720.0,17108.0
3029096.0,1608720.0,17108.0
3029096.0,1608720.0,17108.0
3029096.0,1608720.0,17108.0
3029096.0,1608720.0,17108.0
3029755.2,1608739.2,17293.6
3029920.0,1608744.0,17340.0
3029920.0,1608744.0,17340.0
3029920.0,1608744.0,17340.0
3029920.0,1608744.0,17340.0
3029920.0,1608744.0,17340.0
3029920.0,1608744.0,17340.0
3029920.0,1608744.0,17340.0
3029920.0,1608744.0,17340.0
3029920.0,1608744.0,17340.0
3029920.0,1608744.0,17340.0
3029920.0,1608744.0,17340.0
3029968.0,1608865.6,17583.2
3029980.0,1608896.0,17644.0
3029980.0,1608896.0,17644.0
3029980.0,1608896.0,17644.0
3029980.0,1608896.0,17644.0
3029980.0,1608896.0,17644.0
3029980.0,1608896.0,17644.0
3029980.0,1608896.0,17644.0
3029980.0,1608896.0,17644.0
3029980.0,1608896.0,17644.0
3029980.0,1608896.0,17644.0
3029980.0,1608896.0,17644.0
3029474.4,1608905.6,17816.8
3029348.0,1608908.0,17860.0
3029348.0,1608908.0,17860.0
3029348.0,1608908.0,17860.0
3029348.0,1608908.0,17860.0
3029348.0,1608908.0,17860.0
3029348.0,1608908.0,17860.0
3029348.0,1608908.0,17860.0
3029348.0,1608908.0,17860.0
3029348.0,1608908.0,17860.0
3029348.0,1608908.0,17860.0
3029348.0,1608908.0,17860.0
3029012.0,1608930.4,18113.866667
3028988.0,1608932.0,18132.0
3028988.0,1608932.0,18132.0
3028988.0,1608932.0,18132.0
3028988.0,1608932.0,18132.0
3028988.0,1608932.0,18132.0
3028988.0,1608932.0,18132.0
3028988.0,1608932.0,18132.0
3028988.0,1608932.0,18132.0
3028988.0,1608932.0,18132.0
3028988.0,1608932.0,18132.0
3028988.0,1608932.0,18132.0
3029338.1333,1608952.8,18333.066667
3029392.0,1608956.0,18364.0
3029392.0,1608956.0,18364.0
3029392.0,1608956.0,18364.0
3029392.0,1608956.0,18364.0
3029392.0,1608956.0,18364.0
3029392.0,1608956.0,18364.0
3029392.0,1608956.0,18364.0
3029392.0,1608956.0,18364.0
3029392.0,1608956.0,18364.0
3029392.0,1608956.0,18364.0
3029392.0,1608956.0,18364.0
3028615.4667,1608997.6,18641.333333
3028496.0,1609004.0,18684.0
3028496.0,1609004.0,18684.0
3028496.0,1609004.0,18684.0
3028496.0,1609004.0,18684.0
3028496.0,1609004.0,18684.0
3028496.0,1609004.0,18684.0
3028496.0,1609004.0,18684.0
3028496.0,1609004.0,18684.0
3028496.0,1609004.0,18684.0
3028496.0,1609004.0,18684.0
3206953.0667,1609011.4667,18893.066667
3219700.0,1609012.0,18908.0
3219700.0,1609012.0,18908.0
3219700.0,1609012.0,18908.0
3219700.0,1609012.0,18908.0
3219700.0,1609012.0,18908.0
3219700.0,1609012.0,18908.0
3219700.0,1609012.0,18908.0
3219700.0,1609012.0,18908.0
3219700.0,1609012.0,18908.0
3219700.0,1609012.0,18908.0
3219700.0,1609012.0,18908.0
3219862.9333,1609043.2,19129.866667
3219888.0,1609048.0,19164.0
3219888.0,1609048.0,19164.0
3219888.0,1609048.0,19164.0
3219888.0,1609048.0,19164.0
3219888.0,1609048.0,19164.0
3219888.0,1609048.0,19164.0
3219888.0,1609048.0,19164.0
3219888.0,1609048.0,19164.0
3219888.0,1609048.0,19164.0
3219888.0,1609048.0,19164.0
3219888.0,1609048.0,19164.0
3219513.6,1609060.8,19375.2
3219420.0,1609064.0,19428.0
3219420.0,1609064.0,19428.0
3219420.0,1609064.0,19428.0
3219420.0,1609064.0,19428.0
3219420.0,1609064.0,19428.0
3219420.0,1609064.0,19428.0
3219420.0,1609064.0,19428.0
3219420.0,1609064.0,19428.0
3219420.0,1609064.0,19428.0
3219420.0,1609064.0,19428.0
3219420.0,1609064.0,19428.0
3219329.0667,1609119.7333,19621.6
3219296.0,1609140.0,19692.0
3219296.0,1609140.0,19692.0
3219296.0,1609140.0,19692.0
3219296.0,1609140.0,19692.0
3219296.0,1609140.0,19692.0
3219296.0,1609140.0,19692.0
3219296.0,1609140.0,19692.0
3219296.0,1609140.0,19692.0
3219296.0,1609140.0,19692.0
3219296.0,1609140.0,19692.0
3219296.0,1609140.0,19692.0
3218674.6667,1609164.0,19894.666667
3218364.0,1609176.0,19996.0
3218364.0,1609176.0,19996.0
3218364.0,1609176.0,19996.0
3218364.0,1609176.0,19996.0
3218364.0,1609176.0,19996.0
3218364.0,1609176.0,19996.0
3218364.0,1609176.0,19996.0
3218364.0,1609176.0,19996.0
3218364.0,1609176.0,19996.0
3218364.0,1609176.0,19996.0
3218364.0,1609176.0,19996.0
3219141.3333,1609176.0,20172.0
3219424.0,1609176.0,20236.0
3219424.0,1609176.0,20236.0
3219424.0,1609176.0,20236.0
3219424.0,1609176.0,20236.0
3219424.0,1609176.0,20236.0
3219424.0,1609176.0,20236.0
3219424.0,1609176.0,20236.0
3219424.0,1609176.0,20236.0
3219424.0,1609176.0,20236.0
3219424.0,1609176.0,20236.0
3219424.0,1609176.0,20236.0
3217398.4,1609195.2,20460.0
3216892.0,1609200.0,20516.0
3217834.9333,1609203.4667,20578.4
3217980.0,1609204.0,20588.0
3217980.0,1609204.0,20588.0
3217980.0,1609204.0,20588.0
3217980.0,1609204.0,20588.0
3217980.0,1609204.0,20588.0
3217980.0,1609204.0,20588.0
3217980.0,1609204.0,20588.0
3217980.0,1609204.0,20588.0
3217980.0,1609204.0,20588.0
3217980.0,1609204.0,20588.0
3217980.0,1609204.0,20588.0
3217980.0,1609204.0,20588.0
3217946.4,1609215.2,20804.533333
3217944.0,1609216.0,20820.0
3217944.0,1609216.0,20820.0
3217944.0,1609216.0,20820.0
3217944.0,1609216.0,20820.0
3217944.0,1609216.0,20820.0
3217944.0,1609216.0,20820.0
3217944.0,1609216.0,20820.0
3217944.0,1609216.0,20820.0
3217944.0,1609216.0,20820.0
3217944.0,1609216.0,20820.0
3231052.5333,1609218.1333,20838.133333
3414572.0,1609248.0,21092.0
3414572.0,1609248.0,21092.0
3414572.0,1609248.0,21092.0
3414572.0,1609248.0,21092.0
3414572.0,1609248.0,21092.0
3414572.0,1609248.0,21092.0
3414572.0,1609248.0,21092.0
3414572.0,1609248.0,21092.0
3414572.0,1609248.0,21092.0
3414572.0,1609248.0,21092.0
3414572.0,1609248.0,21092.0
3414585.0667,1609249.0667,21106.4
3414768.0,1609264.0,21308.0
3414768.0,1609264.0,21308.0
3414768.0,1609264.0,21308.0
3414768.0,1609264.0,21308.0
3414768.0,1609264.0,21308.0
3414768.0,1609264.0,21308.0
3414768.0,1609264.0,21308.0
3414768.0,1609264.0,21308.0
3414768.0,1609264.0,21308.0
3414768.0,1609264.0,21308.0
3414768.0,1609264.0,21308.0
3414647.4667,1609268.2667,21347.466667
3413864.0,1609296.0,21604.0
3413864.0,1609296.0,21604.0
3413864.0,1609296.0,21604.0
3413864.0,1609296.0,21604.0
3413864.0,1609296.0,21604.0
3413864.0,1609296.0,21604.0
3413864.0,1609296.0,21604.0
3413864.0,1609296.0,21604.0
3413864.0,1609296.0,21604.0
3413864.0,1609296.0,21604.0
3413864.0,1609296.0,21604.0
3413682.6667,1609299.2,21670.133333
3413184.0,1609308.0,21852.0
3413184.0,1609308.0,21852.0
3413184.0,1609308.0,21852.0
3413184.0,1609308.0,21852.0
3413184.0,1609308.0,21852.0
3413184.0,1609308.0,21852.0
3413184.0,1609308.0,21852.0
3413184.0,1609308.0,21852.0
3413184.0,1609308.0,21852.0
3413184.0,1609308.0,21852.0
3413184.0,1609308.0,21852.0
3413175.2,1609312.8,21902.4
3413140.0,1609332.0,22104.0
3413140.0,1609332.0,22104.0
3413140.0,1609332.0,22104.0
3413140.0,1609332.0,22104.0
3413140.0,1609332.0,22104.0
3413140.0,1609332.0,22104.0
3413140.0,1609332.0,22104.0
3413140.0,1609332.0,22104.0
3413140.0,1609332.0,22104.0
3413140.0,1609332.0,22104.0
3413140.0,1609332.0,22104.0
3413121.6,1609334.4,22114.666667
3412864.0,1609368.0,22264.0
3412864.0,1609368.0,22264.0
3412864.0,1609368.0,22264.0
3412864.0,1609368.0,22264.0
3412864.0,1609368.0,22264.0
3412864.0,1609368.0,22264.0
3412864.0,1609368.0,22264.0
3412864.0,1609368.0,22264.0
3412864.0,1609368.0,22264.0
3412864.0,1609368.0,22264.0
3412864.0,1609368.0,22264.0
3412864.0,1609368.0,22264.0
3412596.0,1609492.0,22488.0
3412596.0,1609492.0,22488.0
3412596.0,1609492.0,22488.0
3412596.0,1609492.0,22488.0
3412596.0,1609492.0,22488.0
3412596.0,1609492.0,22488.0
3412596.0,1609492.0,22488.0
3412596.0,1609492.0,22488.0
3412596.0,1609492.0,22488.0
3412596.0,1609492.0,22488.0
3412596.0,1609492.0,22488.0
3412497.6,1609496.0,22518.4
3412104.0,1609512.0,22640.0
3412104.0,1609512.0,22640.0
3412104.0,1609512.0,22640.0
3412104.0,1609512.0,22640.0
3412104.0,1609512.0,22640.0
3412104.0,1609512.0,22640.0
3411480.0,1609536.0,22756.0
3411480.0,1609536.0,22756.0
3411642.1333,1609536.5333,22762.4
3412696.0,1609540.0,22804.0
3412696.0,1609540.0,22804.0
3412696.0,1609540.0,22804.0
3412696.0,1609540.0,22804.0
3454654.4,1609540.0,22855.2
3454654.4,1609540.0,22855.2
3491368.0,1609540.0,22900.0
3491368.0,1609540.0,22900.0
3554768.0,1609552.0,22948.0
3554768.0,1609552.0,22948.0
3554768.0,1609552.0,22948.0
3554768.0,1609552.0,22948.0
3554768.0,1609552.0,22948.0
3554768.0,1609552.0,22948.0
3554768.0,1609552.0,22948.0
3554768.0,1609552.0,22948.0
3554768.0,1609552.0,22948.0
3554768.0,1609552.0,22948.0
3554768.0,1609552.0,22948.0
3554768.0,1609552.0,22948.0
3553928.0,1609568.0,23112.0
3553928.0,1609568.0,23112.0
3553928.0,1609568.0,23112.0
3553928.0,1609568.0,23112.0
3553928.0,1609568.0,23112.0
3553928.0,1609568.0,23112.0
3553928.0,1609568.0,23112.0
3553928.0,1609568.0,23112.0
3553928.0,1609568.0,23112.0
3553928.0,1609568.0,23112.0
3553928.0,1609568.0,23112.0
3553928.0,1609568.0,23112.0
3554013.8667,1609597.8667,23306.133333
3554020.0,1609600.0,23320.0
3554020.0,1609600.0,23320.0
3554020.0,1609600.0,23320.0
3554020.0,1609600.0,23320.0
3554020.0,1609600.0,23320.0
3554020.0,1609600.0,23320.0
3554020.0,1609600.0,23320.0
3554020.0,1609600.0,23320.0
3554020.0,1609600.0,23320.0
3554020.0,1609600.0,23320.0
3554020.0,1609600.0,23320.0
3553912.5333,1609617.3333,23493.333333
3553896.0,1609620.0,23520.0
3553896.0,1609620.0,23520.0
3553896.0,1609620.0,23520.0
3553896.0,1609620.0,23520.0
3553896.0,1609620.0,23520.0
3553896.0,1609620.0,23520.0
3553896.0,1609620.0,23520.0
3553896.0,1609620.0,23520.0
3553896.0,1609620.0,23520.0
3553896.0,1609620.0,23520.0
3553896.0,1609620.0,23520.0
3553773.3333,1609636.0,23653.333333
3553712.0,1609644.0,23720.0
3553712.0,1609644.0,23720.0
3553712.0,1609644.0,23720.0
3553712.0,1609644.0,23720.0
3553712.0,1609644.0,23720.0
3553712.0,1609644.0,23720.0
3553712.0,1609644.0,23720.0
3553712.0,1609644.0,23720.0
3553712.0,1609644.0,23720.0
3553712.0,1609644.0,23720.0
3553728.0,1609652.0,23786.666667
3553728.0,1609652.0,23786.666667
3551996.0,1609668.0,23840.0
3551996.0,1609668.0,23840.0
3551996.0,1609668.0,23840.0
3553328.0,1609672.0,23880.0
3553328.0,1609672.0,23880.0
3553328.0,1609672.0,23880.0
3553328.0,1609672.0,23880.0
3553328.0,1609672.0,23880.0
3553328.0,1609672.0,23880.0
3553328.0,1609672.0,23880.0
3553328.0,1609672.0,23880.0
3553328.0,1609672.0,23880.0
3553328.0,1609672.0,23880.0
3553328.0,1609672.0,23880.0
3551588.0,1609700.0,24076.0
3552234.4,1609702.1333,24088.8
3552234.4,1609702.1333,24088.8
3552800.0,1609704.0,24100.0
3552800.0,1609704.0,24100.0
3552800.0,1609704.0,24100.0
3552800.0,1609704.0,24100.0
3552800.0,1609704.0,24100.0
3552800.0,1609704.0,24100.0
3552800.0,1609704.0,24100.0
3552800.0,1609704.0,24100.0
3552800.0,1609704.0,24100.0
3552800.0,1609704.0,24100.0
3552785.6,1609705.6,24119.733333
3552692.0,1609716.0,24248.0
3552692.0,1609716.0,24248.0
3552692.0,1609716.0,24248.0
3552692.0,1609716.0,24248.0
3552692.0,1609716.0,24248.0
3552692.0,1609716.0,24248.0
3552692.0,1609716.0,24248.0
3552692.0,1609716.0,24248.0
3552692.0,1609716.0,24248.0
3559478.9333,1609717.6,24261.333333
3654496.0,1609740.0,24448.0
3654496.0,1609740.0,24448.0
3654496.0,1609740.0,24448.0
3654496.0,1609740.0,24448.0
3654496.0,1609740.0,24448.0
3654496.0,1609740.0,24448.0
3654496.0,1609740.0,24448.0
3654496.0,1609740.0,24448.0
3654496.0,1609740.0,24448.0
3654496.0,1609740.0,24448.0
3654496.0,1609740.0,24448.0
3654533.8667,1609740.0,24477.333333
3654780.0,1609740.0,24668.0
3654780.0,1609740.0,24668.0
3654780.0,1609740.0,24668.0
3654780.0,1609740.0,24668.0
3654780.0,1609740.0,24668.0
3654780.0,1609740.0,24668.0
3654780.0,1609740.0,24668.0
3654780.0,1609740.0,24668.0
3654780.0,1609740.0,24668.0
3654780.0,1609740.0,24668.0
3654780.0,1609740.0,24668.0
3654513.3333,1609746.4,24733.066667
3653780.0,1609764.0,24912.0
3653780.0,1609764.0,24912.0
3653780.0,1609764.0,24912.0
3653780.0,1609764.0,24912.0
3653780.0,1609764.0,24912.0
3653780.0,1609764.0,24912.0
3653780.0,1609764.0,24912.0
3653780.0,1609764.0,24912.0
3653780.0,1609764.0,24912.0
3653780.0,1609764.0,24912.0
3653780.0,1609764.0,24912.0
3653748.0,1609767.2,24963.2
3653660.0,1609776.0,25104.0
3653660.0,1609776.0,25104.0
3653660.0,1609776.0,25104.0
3653660.0,1609776.0,25104.0
3653660.0,1609776.0,25104.0
3653660.0,1609776.0,25104.0
3653660.0,1609776.0,25104.0
3653660.0,1609776.0,25104.0
3653660.0,1609776.0,25104.0
3653660.0,1609776.0,25104.0
3653660.0,1609776.0,25104.0
3653598.4,1609786.4,25147.2
3653352.0,1609828.0,25320.0
3653352.0,1609828.0,25320.0
3653352.0,1609828.0,25320.0
3653352.0,1609828.0,25320.0
3653352.0,1609828.0,25320.0
3653352.0,1609828.0,25320.0
3653352.0,1609828.0,25320.0
3653352.0,1609828.0,25320.0
3653352.0,1609828.0,25320.0
3653352.0,1609828.0,25320.0
3653352.0,1609828.0,25320.0
3653516.2667,1609834.4,25413.866667
3653516.2667,1609834.4,25413.866667
3653660.0,1609840.0,25496.0
3653660.0,1609840.0,25496.0
3653660.0,1609840.0,25496.0
3653660.0,1609840.0,25496.0
3653660.0,1609840.0,25496.0
3653660.0,1609840.0,25496.0
3653660.0,1609840.0,25496.0
3653660.0,1609840.0,25496.0
3653660.0,1609840.0,25496.0
3653660.0,1609840.0,25496.0
3653653.8667,1609842.1333,25508.8
3653568.0,1609872.0,25688.0
3653568.0,1609872.0,25688.0
3653568.0,1609872.0,25688.0
3653568.0,1609872.0,25688.0
3653568.0,1609872.0,25688.0
3653568.0,1609872.0,25688.0
3653568.0,1609872.0,25688.0
3653568.0,1609872.0,25688.0
3653568.0,1609872.0,25688.0
3653568.0,1609872.0,25688.0
3653568.0,1609872.0,25688.0
3653456.8,1609874.4,25727.2
3653012.0,1609884.0,25884.0
3653012.0,1609884.0,25884.0
3653012.0,1609884.0,25884.0
3653012.0,1609884.0,25884.0
3653012.0,1609884.0,25884.0
3653012.0,1609884.0,25884.0
3653012.0,1609884.0,25884.0
3653012.0,1609884.0,25884.0
3653012.0,1609884.0,25884.0
3653012.0,1609884.0,25884.0
3653012.0,1609884.0,25884.0
3652770.9333,1609890.4,25948.0
3652108.0,1609908.0,26124.0
3652108.0,1609908.0,26124.0
3652108.0,1609908.0,26124.0
3652108.0,1609908.0,26124.0
4384495.2,1608194.9333,26150.666667
6398560.0,1603484.0,26224.0
