vda,24.40,0.09,0.40,0,2
vda,39.20,0.09,0.07,0,0
vda,103.00,0.50,0.46,2,2
vda,24.80,0.10,0.48,0,2
vda,36.00,0.00,0.54,0,2
vda,24.20,0.02,0.07,0,0
vda,70.20,2.68,0.40,13,1
vda,46.80,0.38,0.47,1,2
vda,28.60,0.01,0.11,0,0
vda,92.60,2.25,0.46,11,2
vda,78.00,3.56,1.30,17,6
vda,21.00,0.00,0.94,0,4
vda,3.40,0.00,0.40,0,2
vda,0.00,0.00,0.00,0,0
vda,3.00,0.00,0.40,0,1
vda,37.60,0.00,0.55,0,2
vda,4.60,0.00,0.41,0,2
vda,20.40,0.00,0.08,0,0
vda,21.56,0.00,0.47,0,2
vda,8.60,0.00,0.42,0,2
vda,31.20,0.00,0.51,0,2
vda,20.40,0.00,0.09,0,0
vda,0.80,0.00,0.39,0,1
vda,2.80,0.00,0.01,0,0
vda,27.60,0.00,0.50,0,2
vda,31.20,0.00,0.51,0,2
vda,1.40,0.00,0.01,0,0
vda,0.80,0.00,0.39,0,1
vda,35.40,0.00,0.53,0,2
vda,29.00,0.00,0.51,0,2
vda,3.20,0.00,0.40,0,2
vda,29.20,0.00,0.12,0,0
vda,27.80,0.00,0.50,0,2
vda,1.00,0.00,0.39,0,1
vda,14.80,0.00,0.45,0,2
vda,23.60,0.00,0.10,0,0
vda,0.80,0.00,0.39,0,1
vda,12.80,0.00,0.44,0,2
vda,26.20,0.00,0.49,0,2
vda,1.60,0.00,0.39,0,1
vda,6.60,0.00,0.03,0,0
vda,51.80,0.00,0.61,0,3
vda,0.80,0.00,0.39,0,1
vda,2.20,0.00,0.40,0,1
vda,39.80,0.00,0.16,0,0
vda,10.00,0.00,0.43,0,2
vda,2.00,0.00,0.40,0,1
vda,36.80,0.00,0.54,0,2
