7528841.6,492627.2,10503.2
7959696.0,69392.0,3812.0
7439068.8,181618.13333,3882.4
6007344.0,490240.0,4076.0
6007344.0,490240.0,4076.0
5823479.4667,519809.06667,4090.9333333
5317852.0,601124.0,4132.0
5317852.0,601124.0,4132.0
5317852.0,601124.0,4132.0
5317852.0,601124.0,4132.0
5317852.0,601124.0,4132.0
5317852.0,601124.0,4132.0
5317852.0,601124.0,4132.0
5317687.2,601282.4,4196.8
5317028.0,601916.0,4456.0
5317028.0,601916.0,4456.0
5317028.0,601916.0,4456.0
5317028.0,601916.0,4456.0
5317028.0,601916.0,4456.0
5317028.0,601916.0,4456.0
5317028.0,601916.0,4456.0
5317028.0,601916.0,4456.0
5317028.0,601916.0,4456.0
5317028.0,601916.0,4456.0
5317028.0,601916.0,4456.0
5317028.0,601916.0,4456.0
5316102.1333,601949.6,4687.4666667
5316036.0,601952.0,4704.0
5316036.0,601952.0,4704.0
5316036.0,601952.0,4704.0
5316036.0,601952.0,4704.0
5316036.0,601952.0,4704.0
5316036.0,601952.0,4704.0
5316036.0,601952.0,4704.0
5316036.0,601952.0,4704.0
5316036.0,601952.0,4704.0
5316036.0,601952.0,4704.0
5316036.0,601952.0,4704.0
5316056.0,601988.0,5000.0
5316056.0,601988.0,5000.0
5316056.0,601988.0,5000.0
5316056.0,601988.0,5000.0
5316056.0,601988.0,5000.0
5316056.0,601988.0,5000.0
5316056.0,601988.0,5000.0
5316056.0,601988.0,5000.0
5306864.5333,608924.53333,6314.1333333
5306208.0,609420.0,6408.0
5306208.0,609420.0,6408.0
5306208.0,609420.0,6408.0
5306208.0,609420.0,6408.0
5306208.0,609420.0,6408.0
5306208.0,609420.0,6408.0
5306208.0,609420.0,6408.0
5306208.0,609420.0,6408.0
5306208.0,609420.0,6408.0
5306208.0,609420.0,6408.0
5306208.0,609420.0,6408.0
5306197.6,609489.33333,6633.3333333
5306196.0,609500.0,6668.0
5306196.0,609500.0,6668.0
5306196.0,609500.0,6668.0
5306196.0,609500.0,6668.0
5306196.0,609500.0,6668.0
5303508.0,609636.0,6852.0
5303508.0,609636.0,6852.0
5303508.0,609636.0,6852.0
5307060.0,609656.0,6912.0
5307060.0,609656.0,6912.0
5307060.0,609656.0,6912.0
5307060.0,609656.0,6912.0
5307060.0,609656.0,6912.0
5307060.0,609656.0,6912.0
5307060.0,609656.0,6912.0
5307060.0,609656.0,6912.0
5307060.0,609656.0,6912.0
5307060.0,609656.0,6912.0
5307060.0,609656.0,6912.0
5307045.6,609658.66667,6946.1333333
5306952.0,609676.0,7168.0
5306952.0,609676.0,7168.0
5306952.0,609676.0,7168.0
5284489.6,609682.4,7195.2
5194640.0,609708.0,7304.0
5194640.0,609708.0,7304.0
5194112.8,609708.8,7318.4
5192004.0,609712.0,7376.0
5192004.0,609712.0,7376.0
5192004.0,609712.0,7376.0
5192004.0,609712.0,7376.0
5192004.0,609712.0,7376.0
5192004.0,609712.0,7376.0
5192004.0,609712.0,7376.0
5192004.0,609712.0,7376.0
5192004.0,609712.0,7376.0
5192004.0,609712.0,7376.0
5191594.4,609976.53333,7435.2
5188932.0,611696.0,7820.0
5188932.0,611696.0,7820.0
5188932.0,611696.0,7820.0
5188932.0,611696.0,7820.0
5188932.0,611696.0,7820.0
5188932.0,611696.0,7820.0
5188932.0,611696.0,7820.0
5188932.0,611696.0,7820.0
5188932.0,611696.0,7820.0
5188932.0,611696.0,7820.0
5188899.2,611698.13333,7836.0
5188440.0,611728.0,8060.0
5188440.0,611728.0,8060.0
5188440.0,611728.0,8060.0
5188440.0,611728.0,8060.0
5188440.0,611728.0,8060.0
5188440.0,611728.0,8060.0
5188440.0,611728.0,8060.0
5188440.0,611728.0,8060.0
5188440.0,611728.0,8060.0
5188440.0,611728.0,8060.0
5188440.0,611728.0,8060.0
5188440.0,611728.0,8060.0
5183677.8667,611731.2,8101.6
5152724.0,611752.0,8372.0
5152724.0,611752.0,8372.0
5152724.0,611752.0,8372.0
5152724.0,611752.0,8372.0
5152724.0,611752.0,8372.0
5152724.0,611752.0,8372.0
5152724.0,611752.0,8372.0
5152724.0,611752.0,8372.0
5152724.0,611752.0,8372.0
5152724.0,611752.0,8372.0
5152724.0,611752.0,8372.0
5152516.0,611754.66667,8407.2
5151164.0,611772.0,8636.0
5151164.0,611772.0,8636.0
5151164.0,611772.0,8636.0
5151164.0,611772.0,8636.0
5151164.0,611772.0,8636.0
5151164.0,611772.0,8636.0
5151164.0,611772.0,8636.0
5151164.0,611772.0,8636.0
5151164.0,611772.0,8636.0
5151164.0,611772.0,8636.0
5151164.0,611772.0,8636.0
5151131.7333,611774.13333,8656.5333333
5150680.0,611804.0,8944.0
5150680.0,611804.0,8944.0
5150680.0,611804.0,8944.0
5150680.0,611804.0,8944.0
5150680.0,611804.0,8944.0
5150680.0,611804.0,8944.0
5150680.0,611804.0,8944.0
5150680.0,611804.0,8944.0
5150680.0,611804.0,8944.0
5150680.0,611804.0,8944.0
5150680.0,611804.0,8944.0
5151131.7333,611815.2,9168.0
5151164.0,611816.0,9184.0
5118698.9333,611827.2,9243.7333333
5116380.0,611828.0,9248.0
5114528.2667,611824.26667,9300.2666667
5114396.0,611824.0,9304.0
5114396.0,611824.0,9304.0
5114396.0,611824.0,9304.0
5114396.0,611824.0,9304.0
5114396.0,611824.0,9304.0
5114396.0,611824.0,9304.0
5114396.0,611824.0,9304.0
5114396.0,611824.0,9304.0
5114396.0,611824.0,9304.0
5114396.0,611824.0,9304.0
5114396.0,611824.0,9304.0
5114536.0,611860.0,9560.0
5114536.0,611860.0,9560.0
5114536.0,611860.0,9560.0
5114536.0,611860.0,9560.0
5114536.0,611860.0,9560.0
5114536.0,611860.0,9560.0
5114536.0,611860.0,9560.0
5114536.0,611860.0,9560.0
5114536.0,611860.0,9560.0
5114536.0,611860.0,9560.0
5114536.0,611860.0,9560.0
5114536.0,611860.0,9560.0
5114195.2,611863.2,9622.4
5112832.0,611876.0,9872.0
5113024.5333,611876.0,9880.5333333
5114276.0,611876.0,9936.0
5114276.0,611876.0,9936.0
5114276.0,611876.0,9936.0
5114276.0,611876.0,9936.0
5114276.0,611876.0,9936.0
5114276.0,611876.0,9936.0
5114276.0,611876.0,9936.0
5109771.2,611891.2,9977.6
5091752.0,611952.0,10144.0
5091752.0,611952.0,10144.0
5091181.3333,611955.2,10158.933333
5089612.0,611964.0,10200.0
5089612.0,611964.0,10200.0
5089612.0,611964.0,10200.0
5089612.0,611964.0,10200.0
5089612.0,611964.0,10200.0
5089612.0,611964.0,10200.0
5089612.0,611964.0,10200.0
5089612.0,611964.0,10200.0
5089612.0,611964.0,10200.0
5089612.0,611964.0,10200.0
5089612.0,611964.0,10200.0
5089554.4,611988.53333,10268.266667
5089396.0,612056.0,10456.0
5089396.0,612056.0,10456.0
5089396.0,612056.0,10456.0
5089396.0,612056.0,10456.0
5089396.0,612056.0,10456.0
5089396.0,612056.0,10456.0
5089253.6,612056.8,10494.4
5088684.0,612060.0,10648.0
5088684.0,612060.0,10648.0
5088684.0,612060.0,10648.0
5088684.0,612060.0,10648.0
5088684.0,612060.0,10648.0
5088684.0,612060.0,10648.0
5088684.0,612060.0,10648.0
5088684.0,612060.0,10648.0
5088684.0,612060.0,10648.0
5088684.0,612060.0,10648.0
5088684.0,612060.0,10648.0
5088732.8,612066.4,10691.2
5088928.0,612092.0,10864.0
5088928.0,612092.0,10864.0
5088928.0,612092.0,10864.0
5088928.0,612092.0,10864.0
5088928.0,612092.0,10864.0
5088193.6,612095.2,10899.2
5085256.0,612108.0,11040.0
5085256.0,612108.0,11040.0
5085256.0,612108.0,11040.0
5085256.0,612108.0,11040.0
5085256.0,612108.0,11040.0
5085256.0,612108.0,11040.0
5085256.0,612108.0,11040.0
5085256.0,612108.0,11040.0
5085256.0,612108.0,11040.0
5085256.0,612108.0,11040.0
5085256.0,612108.0,11040.0
5085221.0667,612108.8,11056.533333
5084732.0,612120.0,11288.0
5084732.0,612120.0,11288.0
5084732.0,612120.0,11288.0
5084732.0,612120.0,11288.0
5084732.0,612120.0,11288.0
5084732.0,612120.0,11288.0
5084732.0,612120.0,11288.0
5084732.0,612120.0,11288.0
5084732.0,612120.0,11288.0
5084732.0,612120.0,11288.0
5084732.0,612120.0,11288.0
5084640.2667,612125.33333,11326.4
5084044.0,612160.0,11576.0
5084044.0,612160.0,11576.0
5084044.0,612160.0,11576.0
5084044.0,612160.0,11576.0
5084044.0,612160.0,11576.0
5084044.0,612160.0,11576.0
5084044.0,612160.0,11576.0
5084044.0,612160.0,11576.0
5084044.0,612160.0,11576.0
5084044.0,612160.0,11576.0
5084044.0,612160.0,11576.0
5084042.9333,612158.93333,11644.266667
5084040.0,612156.0,11832.0
5082918.4,612158.4,11846.4
5078432.0,612168.0,11904.0
5078432.0,612168.0,11904.0
5078432.0,612168.0,11904.0
5078432.0,612168.0,11904.0
5078432.0,612168.0,11904.0
5078432.0,612168.0,11904.0
5078432.0,612168.0,11904.0
5078432.0,612168.0,11904.0
5078432.0,612168.0,11904.0
5078432.0,612168.0,11904.0
5078432.0,612168.0,11904.0
5078133.3333,612176.53333,11963.733333
5077312.0,612200.0,12128.0
5077312.0,612200.0,12128.0
5077312.0,612200.0,12128.0
5077312.0,612200.0,12128.0
5077312.0,612200.0,12128.0
5077312.0,612200.0,12128.0
5077312.0,612200.0,12128.0
5077312.0,612200.0,12128.0
5077312.0,612200.0,12128.0
5077312.0,612200.0,12128.0
5077312.0,612200.0,12128.0
5077448.0,612205.33333,12221.333333
5077720.0,612216.0,12408.0
5077720.0,612216.0,12408.0
5077720.0,612216.0,12408.0
5077720.0,612216.0,12408.0
5077720.0,612216.0,12408.0
5077720.0,612216.0,12408.0
5077720.0,612216.0,12408.0
5077222.6667,612249.33333,12536.0
5076228.0,612316.0,12792.0
5076228.0,612316.0,12792.0
5076228.0,612316.0,12792.0
5076228.0,612316.0,12792.0
5076228.0,612316.0,12792.0
5076228.0,612316.0,12792.0
5076228.0,612316.0,12792.0
5076228.0,612316.0,12792.0
5076228.0,612316.0,12792.0
5076228.0,612316.0,12792.0
5076228.0,612316.0,12792.0
5076496.8,612329.06667,12904.0
5076804.0,612344.0,13032.0
5076804.0,612344.0,13032.0
5076804.0,612344.0,13032.0
5076804.0,612344.0,13032.0
5076804.0,612344.0,13032.0
5076804.0,612344.0,13032.0
5076804.0,612344.0,13032.0
5076804.0,612344.0,13032.0
5076804.0,612344.0,13032.0
5076804.0,612344.0,13032.0
5076804.0,612344.0,13032.0
5076890.4,612372.8,13160.0
5077020.0,612416.0,13352.0
5077020.0,612416.0,13352.0
5077020.0,612416.0,13352.0
5077020.0,612416.0,13352.0
5077020.0,612416.0,13352.0
5077020.0,612416.0,13352.0
5077020.0,612416.0,13352.0
5077020.0,612416.0,13352.0
5077020.0,612416.0,13352.0
5077020.0,612416.0,13352.0
5077020.0,612416.0,13352.0
5076728.8,612481.6,13451.2
5076292.0,612580.0,13600.0
5076292.0,612580.0,13600.0
5076292.0,612580.0,13600.0
5076292.0,612580.0,13600.0
5076292.0,612580.0,13600.0
5076292.0,612580.0,13600.0
5078864.8,612608.8,13683.2
5082724.0,612652.0,13808.0
5082724.0,612652.0,13808.0
5082724.0,612652.0,13808.0
5082724.0,612652.0,13808.0
5082724.0,612652.0,13808.0
5082724.0,612652.0,13808.0
5082724.0,612652.0,13808.0
5082864.0,612657.33333,13869.333333
5083144.0,612668.0,13992.0
5082792.0,612674.4,14009.066667
5081824.0,612692.0,14056.0
5081824.0,612692.0,14056.0
5081824.0,612692.0,14056.0
5081824.0,612692.0,14056.0
5081824.0,612692.0,14056.0
5081824.0,612692.0,14056.0
5081824.0,612692.0,14056.0
5081824.0,612692.0,14056.0
5081824.0,612692.0,14056.0
5081824.0,612692.0,14056.0
5081824.0,612692.0,14056.0
5081808.0,612697.33333,14124.266667
5081764.0,612712.0,14312.0
5081764.0,612712.0,14312.0
5081764.0,612712.0,14312.0
5081764.0,612712.0,14312.0
5081764.0,612712.0,14312.0
5081764.0,612712.0,14312.0
5081764.0,612712.0,14312.0
5081764.0,612712.0,14312.0
5081764.0,612712.0,14312.0
5081764.0,612712.0,14312.0
5081764.0,612712.0,14312.0
5081689.6,612732.8,14369.6
5081392.0,612816.0,14600.0
5081392.0,612816.0,14600.0
5392240.0,611942.4,14608.533333
