16200180.0,60044.0,1600.0
16200180.0,60044.0,1600.0
15075499.733,219673.6,3340.2666667
14902472.0,244232.0,3608.0
13069222.4,727665.06667,3660.2666667
12938276.0,762196.0,3664.0
12938276.0,762196.0,3664.0
11498695.2,1228269.0667,3723.7333333
11395868.0,1261560.0,3728.0
11395868.0,1261560.0,3728.0
9678020.0,1707604.0,3792.0
9678020.0,1707604.0,3792.0
9552646.6667,1732965.3333,3796.2666667
7797420.0,2088024.0,3856.0
7797192.8,2088024.8,3859.7333333
7794012.0,2088036.0,3912.0
7794012.0,2088036.0,3912.0
7794012.0,2088036.0,3912.0
7794012.0,2088036.0,3912.0
7794012.0,2088036.0,3912.0
7794012.0,2088036.0,3912.0
7794012.0,2088036.0,3912.0
7793496.0,2088060.0,3945.6
7791432.0,2088156.0,4080.0
7791432.0,2088156.0,4080.0
7791760.8,2088156.8,4094.4
7793076.0,2088160.0,4152.0
7793076.0,2088160.0,4152.0
7793076.0,2088160.0,4152.0
7793076.0,2088160.0,4152.0
7793076.0,2088160.0,4152.0
7793076.0,2088160.0,4152.0
7793076.0,2088160.0,4152.0
7793076.0,2088160.0,4152.0
7793076.0,2088160.0,4152.0
7793076.0,2088160.0,4152.0
7793076.0,2088160.0,4152.0
7792950.6667,2088185.0667,4167.4666667
7791196.0,2088536.0,4384.0
7791196.0,2088536.0,4384.0
7791196.0,2088536.0,4384.0
7791196.0,2088536.0,4384.0
7791196.0,2088536.0,4384.0
7791196.0,2088536.0,4384.0
7791196.0,2088536.0,4384.0
7791196.0,2088536.0,4384.0
7791196.0,2088536.0,4384.0
7791196.0,2088536.0,4384.0
7791196.0,2088536.0,4384.0
7790876.0,2088540.8,4424.5333333
7788796.0,2088572.0,4688.0
7788796.0,2088572.0,4688.0
7788555.4667,2088572.0,4696.5333333
7786992.0,2088572.0,4752.0
7786992.0,2088572.0,4752.0
7786992.0,2088572.0,4752.0
7786992.0,2088572.0,4752.0
7786992.0,2088572.0,4752.0
7786992.0,2088572.0,4752.0
7786992.0,2088572.0,4752.0
7786992.0,2088572.0,4752.0
7786992.0,2088572.0,4752.0
7786992.0,2088572.0,4752.0
7786992.0,2088572.0,4752.0
7786992.0,2088572.0,4752.0
7785396.0,2088608.0,5000.0
7785396.0,2088608.0,5000.0
7785396.0,2088608.0,5000.0
7785396.0,2088608.0,5000.0
7785396.0,2088608.0,5000.0
7785396.0,2088608.0,5000.0
7781200.0,2091096.0,5688.0
7781200.0,2091096.0,5688.0
7781200.0,2091096.0,5688.0
7782581.3333,2091107.2,5747.7333333
7782680.0,2091108.0,5752.0
7782680.0,2091108.0,5752.0
7782680.0,2091108.0,5752.0
7782680.0,2091108.0,5752.0
7782680.0,2091108.0,5752.0
7782680.0,2091108.0,5752.0
7782680.0,2091108.0,5752.0
7782680.0,2091108.0,5752.0
7782680.0,2091108.0,5752.0
7782680.0,2091108.0,5752.0
7782680.0,2091108.0,5752.0
7782418.6667,2091130.4,5990.9333333
7782400.0,2091132.0,6008.0
7782400.0,2091132.0,6008.0
7782400.0,2091132.0,6008.0
7782400.0,2091132.0,6008.0
7782400.0,2091132.0,6008.0
7782400.0,2091132.0,6008.0
7782400.0,2091132.0,6008.0
7782400.0,2091132.0,6008.0
7798932.5333,2091263.7333,6229.8666667
7801476.0,2091284.0,6264.0
7801476.0,2091284.0,6264.0
7801476.0,2091284.0,6264.0
7801476.0,2091284.0,6264.0
7801476.0,2091284.0,6264.0
7801476.0,2091284.0,6264.0
7801476.0,2091284.0,6264.0
7801476.0,2091284.0,6264.0
7801476.0,2091284.0,6264.0
7801476.0,2091284.0,6264.0
7800137.8667,2091301.3333,6489.3333333
7799932.0,2091304.0,6524.0
7799932.0,2091304.0,6524.0
7799932.0,2091304.0,6524.0
7799932.0,2091304.0,6524.0
7799932.0,2091304.0,6524.0
7799932.0,2091304.0,6524.0
7799932.0,2091304.0,6524.0
7799932.0,2091304.0,6524.0
7799932.0,2091304.0,6524.0
7799932.0,2091304.0,6524.0
7799932.0,2091304.0,6524.0
7800861.8667,2091336.2667,6723.4666667
7801200.0,2091348.0,6796.0
7801200.0,2091348.0,6796.0
7801200.0,2091348.0,6796.0
7914701.3333,2091348.0,6886.6666667
7971452.0,2091348.0,6932.0
8027665.3333,2091356.0,6964.0
8055772.0,2091360.0,6980.0
8055772.0,2091360.0,6980.0
8055772.0,2091360.0,6980.0
8055772.0,2091360.0,6980.0
8055772.0,2091360.0,6980.0
8055110.6667,2091362.6667,7065.3333333
8054780.0,2091364.0,7108.0
8054780.0,2091364.0,7108.0
8054780.0,2091364.0,7108.0
8054780.0,2091364.0,7108.0
8055704.8,2091367.2,7226.4
8055936.0,2091368.0,7256.0
8055936.0,2091368.0,7256.0
8054255.2,2091373.8667,7300.0
8053644.0,2091376.0,7316.0
8053644.0,2091376.0,7316.0
8053644.0,2091376.0,7316.0
8053644.0,2091376.0,7316.0
8053644.0,2091376.0,7316.0
8053644.0,2091376.0,7316.0
8053644.0,2091376.0,7316.0
8053644.0,2091376.0,7316.0
8053644.0,2091376.0,7316.0
8093200.0,2091393.6,7494.9333333
8107584.0,2091400.0,7560.0
8107584.0,2091400.0,7560.0
8157664.8,2091411.7333,7598.1333333
8175876.0,2091416.0,7612.0
8175876.0,2091416.0,7612.0
8175876.0,2091416.0,7612.0
8175876.0,2091416.0,7612.0
8175876.0,2091416.0,7612.0
8175876.0,2091416.0,7612.0
8175876.0,2091416.0,7612.0
8175876.0,2091416.0,7612.0
8175876.0,2091416.0,7612.0
8175876.0,2091416.0,7612.0
8175876.0,2091416.0,7612.0
8175618.4,2091434.6667,7858.4
8175600.0,2091436.0,7876.0
8175600.0,2091436.0,7876.0
8175600.0,2091436.0,7876.0
8175600.0,2091436.0,7876.0
8175600.0,2091436.0,7876.0
8175600.0,2091436.0,7876.0
8175600.0,2091436.0,7876.0
8175600.0,2091436.0,7876.0
8175600.0,2091436.0,7876.0
8175600.0,2091436.0,7876.0
8175600.0,2091436.0,7876.0
8215676.0,2091460.0,8188.0
8215676.0,2091460.0,8188.0
8215676.0,2091460.0,8188.0
8270116.0,2091468.0,8252.0
8270116.0,2091468.0,8252.0
8270116.0,2091468.0,8252.0
8270116.0,2091468.0,8252.0
8270116.0,2091468.0,8252.0
8270116.0,2091468.0,8252.0
8270116.0,2091468.0,8252.0
8270116.0,2091468.0,8252.0
8270116.0,2091468.0,8252.0
8270116.0,2091468.0,8252.0
8270116.0,2091468.0,8252.0
8270116.0,2091468.0,8252.0
8269391.4667,2091547.7333,8480.8
8269280.0,2091560.0,8516.0
8269280.0,2091560.0,8516.0
8269280.0,2091560.0,8516.0
8269280.0,2091560.0,8516.0
8269280.0,2091560.0,8516.0
8269280.0,2091560.0,8516.0
8269280.0,2091560.0,8516.0
8269280.0,2091560.0,8516.0
8269280.0,2091560.0,8516.0
8269280.0,2091560.0,8516.0
8269280.0,2091560.0,8516.0
8267133.3333,2091581.3333,8713.3333333
8266060.0,2091592.0,8812.0
8266060.0,2091592.0,8812.0
8266060.0,2091592.0,8812.0
8266060.0,2091592.0,8812.0
8264516.8,2091596.8,8879.2
8263488.0,2091600.0,8924.0
8263488.0,2091600.0,8924.0
8264315.7333,2091604.2667,8953.8666667
8265040.0,2091608.0,8980.0
8265040.0,2091608.0,8980.0
8265040.0,2091608.0,8980.0
8265040.0,2091608.0,8980.0
8265040.0,2091608.0,8980.0
8265040.0,2091608.0,8980.0
8265040.0,2091608.0,8980.0
8265040.0,2091608.0,8980.0
8265040.0,2091608.0,8980.0
8263412.8,2091624.8,9124.0
8262328.0,2091636.0,9220.0
8262328.0,2091636.0,9220.0
8263420.2667,2091655.2,9262.6666667
8264376.0,2091672.0,9300.0
8264376.0,2091672.0,9300.0
8263616.5333,2091674.1333,9334.1333333
8262952.0,2091676.0,9364.0
8262952.0,2091676.0,9364.0
8262952.0,2091676.0,9364.0
8262952.0,2091676.0,9364.0
8262952.0,2091676.0,9364.0
8262952.0,2091676.0,9364.0
8262952.0,2091676.0,9364.0
8262952.0,2091676.0,9364.0
8262952.0,2091676.0,9364.0
8262952.0,2091676.0,9364.0
8263347.7333,2091681.6,9479.7333333
8263800.0,2091688.0,9612.0
8263800.0,2091688.0,9612.0
8263800.0,2091688.0,9612.0
8263800.0,2091688.0,9612.0
8263800.0,2091688.0,9612.0
8263800.0,2091688.0,9612.0
8263800.0,2091688.0,9612.0
8263800.0,2091688.0,9612.0
8263800.0,2091688.0,9612.0
8263800.0,2091688.0,9612.0
8263800.0,2091688.0,9612.0
8263800.0,2091688.0,9612.0
8263437.8667,2091708.5333,9772.5333333
8263024.0,2091732.0,9956.0
8263024.0,2091732.0,9956.0
8263024.0,2091732.0,9956.0
8263024.0,2091732.0,9956.0
8263024.0,2091732.0,9956.0
8263024.0,2091732.0,9956.0
8259260.0,2093536.0,10505.333333
8251732.0,2097144.0,11604.0
8251732.0,2097144.0,11604.0
8252129.8667,2097590.9333,11621.066667
8253224.0,2098820.0,11668.0
8253224.0,2098820.0,11668.0
8253224.0,2098820.0,11668.0
8253224.0,2098820.0,11668.0
8253224.0,2098820.0,11668.0
8253224.0,2098820.0,11668.0
8253224.0,2098820.0,11668.0
8252851.2,2098824.0,11704.8
8251360.0,2098840.0,11852.0
8251360.0,2098840.0,11852.0
8251816.8,2098840.8,11864.8
8253644.0,2098844.0,11916.0
8253644.0,2098844.0,11916.0
8253644.0,2098844.0,11916.0
8253644.0,2098844.0,11916.0
8250232.8,2098853.6,11951.2
8240852.0,2098880.0,12048.0
8240852.0,2098880.0,12048.0
8244754.6667,2098902.6667,12072.0
8252560.0,2098948.0,12120.0
8252560.0,2098948.0,12120.0
8252560.0,2098948.0,12120.0
8252560.0,2098948.0,12120.0
9825588.2667,2097197.6,12152.0
14151416.0,2092384.0,12240.0
14151416.0,2092384.0,12240.0
