16223588.0,42184.0,1820.0
16223588.0,42184.0,1820.0
15697036.0,120748.8,2552.8
14907208.0,238596.0,3652.0
14459995.733,339052.53333,3754.6666667
13948896.0,453860.0,3872.0
13948896.0,453860.0,3872.0
13948896.0,453860.0,3872.0
13948896.0,453860.0,3872.0
13948896.0,453860.0,3872.0
13948896.0,453860.0,3872.0
13948896.0,453860.0,3872.0
13948896.0,453860.0,3872.0
13948896.0,453860.0,3872.0
13948896.0,453860.0,3872.0
13948896.0,453860.0,3872.0
13948411.2,453869.6,3968.0
13947684.0,453884.0,4112.0
13947684.0,453884.0,4112.0
13947684.0,453884.0,4112.0
13783166.667,453889.33333,4152.0
13454132.0,453900.0,4232.0
13454132.0,453900.0,4232.0
13454132.0,453900.0,4232.0
13454132.0,453900.0,4232.0
13454132.0,453900.0,4232.0
13454132.0,453900.0,4232.0
13454132.0,453900.0,4232.0
13453538.667,453904.0,4293.3333333
13452352.0,453912.0,4416.0
13452352.0,453912.0,4416.0
13452352.0,453912.0,4416.0
13452352.0,453912.0,4416.0
13452352.0,453912.0,4416.0
13452352.0,453912.0,4416.0
13452352.0,453912.0,4416.0
13452352.0,453912.0,4416.0
13452352.0,453912.0,4416.0
13452352.0,453912.0,4416.0
13452352.0,453912.0,4416.0
13452166.4,453943.2,4464.0
13451424.0,454068.0,4656.0
13451424.0,454068.0,4656.0
13451424.0,454068.0,4656.0
13451424.0,454068.0,4656.0
13451424.0,454068.0,4656.0
13451424.0,454068.0,4656.0
13451424.0,454068.0,4656.0
13451424.0,454068.0,4656.0
13451424.0,454068.0,4656.0
13451424.0,454068.0,4656.0
13451424.0,454068.0,4656.0
13451056.0,454120.26667,4734.9333333
13450044.0,454264.0,4952.0
13450044.0,454264.0,4952.0
13450044.0,454264.0,4952.0
13450044.0,454264.0,4952.0
13450044.0,454264.0,4952.0
13450044.0,454264.0,4952.0
13450044.0,454264.0,4952.0
13450044.0,454264.0,4952.0
13450044.0,454264.0,4952.0
13450044.0,454264.0,4952.0
13450044.0,454264.0,4952.0
13450109.6,454269.6,5004.8
13450372.0,454292.0,5216.0
13450372.0,454292.0,5216.0
13450372.0,454292.0,5216.0
13450372.0,454292.0,5216.0
13450372.0,454292.0,5216.0
13450372.0,454292.0,5216.0
13450372.0,454292.0,5216.0
13450372.0,454292.0,5216.0
13447984.8,456298.4,5627.7333333
13441420.0,461816.0,6760.0
13441420.0,461816.0,6760.0
13441420.0,461816.0,6760.0
13441420.0,461816.0,6760.0
13441420.0,461816.0,6760.0
13441420.0,461816.0,6760.0
13441420.0,461816.0,6760.0
13441420.0,461816.0,6760.0
13441420.0,461816.0,6760.0
13441420.0,461816.0,6760.0
13441420.0,461816.0,6760.0
13441420.0,461816.0,6760.0
13441322.667,461825.33333,6845.3333333
13441128.0,461844.0,7016.0
13441128.0,461844.0,7016.0
13441128.0,461844.0,7016.0
13441128.0,461844.0,7016.0
13441128.0,461844.0,7016.0
13441128.0,461844.0,7016.0
13441128.0,461844.0,7016.0
13441128.0,461844.0,7016.0
13441128.0,461844.0,7016.0
13441128.0,461844.0,7016.0
13441128.0,461844.0,7016.0
13441014.667,461884.0,7109.3333333
13440788.0,461964.0,7296.0
13440788.0,461964.0,7296.0
13440788.0,461964.0,7296.0
13440788.0,461964.0,7296.0
13440788.0,461964.0,7296.0
13440788.0,461964.0,7296.0
13440788.0,461964.0,7296.0
13440788.0,461964.0,7296.0
13440788.0,461964.0,7296.0
13440788.0,461964.0,7296.0
13440788.0,461964.0,7296.0
13440472.8,462037.6,7382.4
13440000.0,462148.0,7512.0
13440000.0,462148.0,7512.0
13440000.0,462148.0,7512.0
13440000.0,462148.0,7512.0
13440000.0,462148.0,7512.0
13440000.0,462148.0,7512.0
13440000.0,462148.0,7512.0
13440000.0,462148.0,7512.0
13440000.0,462148.0,7512.0
13440000.0,462148.0,7512.0
13440000.0,462148.0,7512.0
13439682.667,462168.53333,7638.9333333
13439320.0,462192.0,7784.0
13439320.0,462192.0,7784.0
13439320.0,462192.0,7784.0
13439320.0,462192.0,7784.0
13439320.0,462192.0,7784.0
13439320.0,462192.0,7784.0
13439320.0,462192.0,7784.0
13439320.0,462192.0,7784.0
13439320.0,462192.0,7784.0
13439320.0,462192.0,7784.0
13439320.0,462192.0,7784.0
13439137.6,462196.8,7876.8
13438864.0,462204.0,8016.0
13438864.0,462204.0,8016.0
13438864.0,462204.0,8016.0
13438864.0,462204.0,8016.0
13438864.0,462204.0,8016.0
13438864.0,462204.0,8016.0
13438864.0,462204.0,8016.0
13438864.0,462204.0,8016.0
13438864.0,462204.0,8016.0
13438864.0,462204.0,8016.0
13438864.0,462204.0,8016.0
13438909.867,462205.06667,8090.6666667
13439036.0,462208.0,8296.0
14069127.733,460457.6,8313.0666667
