7966188.0,64656.0,2028.0
7210268.0,223881.6,2778.4
6076388.0,462720.0,3904.0
6076388.0,462720.0,3904.0
5274408.8,680640.0,3929.6
4071440.0,1007520.0,3968.0
4071440.0,1007520.0,3968.0
3372915.2,1201318.4,3993.6
2325128.0,1492016.0,4032.0
2087081.6,1533499.2,4057.6
1730012.0,1595724.0,4096.0
1730012.0,1595724.0,4096.0
1729063.2,1595725.6,4121.6
1727640.0,1595728.0,4160.0
1727640.0,1595728.0,4160.0
1728049.3333,1595728.0,4181.3333333
1728868.0,1595728.0,4224.0
1728868.0,1595728.0,4224.0
1728868.0,1595728.0,4224.0
1728868.0,1595728.0,4224.0
1728868.0,1595728.0,4224.0
1728868.0,1595728.0,4224.0
1728868.0,1595728.0,4224.0
1728868.0,1595728.0,4224.0
1728868.0,1595728.0,4224.0
1728868.0,1595728.0,4224.0
1728868.0,1595728.0,4224.0
1728408.8,1595785.6,4326.4
1727720.0,1595872.0,4480.0
1727720.0,1595872.0,4480.0
1727298.6667,1595893.3333,4512.0
1726140.0,1595952.0,4600.0
1726140.0,1595952.0,4600.0
1726594.4,1595950.9333,4614.9333333
1727844.0,1595948.0,4656.0
1727844.0,1595948.0,4656.0
1727844.0,1595948.0,4656.0
1727844.0,1595948.0,4656.0
1727844.0,1595948.0,4656.0
1727844.0,1595948.0,4656.0
1727844.0,1595948.0,4656.0
1727844.0,1595948.0,4656.0
1727844.0,1595948.0,4656.0
1727844.0,1595948.0,4656.0
1727844.0,1595948.0,4656.0
1727863.2,1595955.2,4705.6
1727940.0,1595984.0,4904.0
1727940.0,1595984.0,4904.0
1727940.0,1595984.0,4904.0
1727940.0,1595984.0,4904.0
1727940.0,1595984.0,4904.0
1727940.0,1595984.0,4904.0
1727940.0,1595984.0,4904.0
1727940.0,1595984.0,4904.0
1727940.0,1595984.0,4904.0
1727940.0,1595984.0,4904.0
1727940.0,1595984.0,4904.0
1727850.4,1595990.4,4964.8
1727492.0,1596016.0,5208.0
1727492.0,1596016.0,5208.0
1727492.0,1596016.0,5208.0
1727492.0,1596016.0,5208.0
1727492.0,1596016.0,5208.0
1727492.0,1596016.0,5208.0
1727492.0,1596016.0,5208.0
1727492.0,1596016.0,5208.0
1727492.0,1596016.0,5208.0
1727492.0,1596016.0,5208.0
1727492.0,1596016.0,5208.0
1727388.0,1596044.0,5288.0
1727180.0,1596100.0,5448.0
1727180.0,1596100.0,5448.0
1727180.0,1596100.0,5448.0
1727180.0,1596100.0,5448.0
1727180.0,1596100.0,5448.0
1727180.0,1596100.0,5448.0
1727180.0,1596100.0,5448.0
1727180.0,1596100.0,5448.0
1727180.0,1596100.0,5448.0
1727180.0,1596100.0,5448.0
1727180.0,1596100.0,5448.0
1726226.1333,1596167.2,5593.6
1725136.0,1596244.0,5760.0
1725136.0,1596244.0,5760.0
1725136.0,1596244.0,5760.0
1725136.0,1596244.0,5760.0
1725136.0,1596244.0,5760.0
1725136.0,1596244.0,5760.0
1725136.0,1596244.0,5760.0
1725136.0,1596244.0,5760.0
1725136.0,1596244.0,5760.0
1725136.0,1596244.0,5760.0
1725136.0,1596244.0,5760.0
1725518.4,1596253.6,5856.0
1726092.0,1596268.0,6000.0
1726092.0,1596268.0,6000.0
1726092.0,1596268.0,6000.0
1726092.0,1596268.0,6000.0
1726092.0,1596268.0,6000.0
1726092.0,1596268.0,6000.0
1725503.2,1596280.8,6075.2
1724620.0,1596300.0,6188.0
1724620.0,1596300.0,6188.0
1725191.2,1596306.4,6210.4
1726048.0,1596316.0,6244.0
1726048.0,1596316.0,6244.0
1726048.0,1596316.0,6244.0
1726048.0,1596316.0,6244.0
1726048.0,1596316.0,6244.0
1726048.0,1596316.0,6244.0
1726048.0,1596316.0,6244.0
1726048.0,1596316.0,6244.0
1726048.0,1596316.0,6244.0
1726048.0,1596316.0,6244.0
1726048.0,1596316.0,6244.0
1725801.6,1596321.6,6363.4666667
1725520.0,1596328.0,6500.0
1725520.0,1596328.0,6500.0
1725520.0,1596328.0,6500.0
1725520.0,1596328.0,6500.0
1725520.0,1596328.0,6500.0
1725238.4,1596362.1333,6602.4
1724992.0,1596392.0,6692.0
1724992.0,1596392.0,6692.0
1724992.0,1596392.0,6692.0
1724992.0,1596392.0,6692.0
1724992.0,1596392.0,6692.0
1724992.0,1596392.0,6692.0
1724992.0,1596392.0,6692.0
1724992.0,1596392.0,6692.0
1724992.0,1596392.0,6692.0
1724992.0,1596392.0,6692.0
1724992.0,1596392.0,6692.0
1724600.0,1596401.3333,6792.8
1724152.0,1596412.0,6908.0
1724152.0,1596412.0,6908.0
1724152.0,1596412.0,6908.0
1724152.0,1596412.0,6908.0
1724152.0,1596412.0,6908.0
1724152.0,1596412.0,6908.0
1723349.8667,1596559.2,6997.6
1722648.0,1596688.0,7076.0
1722648.0,1596688.0,7076.0
1723518.4,1596692.2667,7101.6
1724280.0,1596696.0,7124.0
1724280.0,1596696.0,7124.0
1724280.0,1596696.0,7124.0
1724280.0,1596696.0,7124.0
1724280.0,1596696.0,7124.0
1724280.0,1596696.0,7124.0
1724280.0,1596696.0,7124.0
1724280.0,1596696.0,7124.0
1724280.0,1596696.0,7124.0
1724280.0,1596696.0,7124.0
1724280.0,1596696.0,7124.0
1723849.0667,1596781.3333,7262.6666667
1723472.0,1596856.0,7384.0
1723472.0,1596856.0,7384.0
1723472.0,1596856.0,7384.0
1723472.0,1596856.0,7384.0
1723472.0,1596856.0,7384.0
1723472.0,1596856.0,7384.0
1723472.0,1596856.0,7384.0
1723472.0,1596856.0,7384.0
1723472.0,1596856.0,7384.0
1723472.0,1596856.0,7384.0
1723472.0,1596856.0,7384.0
1723594.6667,1596925.3333,7586.6666667
1723656.0,1596960.0,7688.0
1723656.0,1596960.0,7688.0
1723656.0,1596960.0,7688.0
1723656.0,1596960.0,7688.0
1723656.0,1596960.0,7688.0
1723656.0,1596960.0,7688.0
1723656.0,1596960.0,7688.0
1723656.0,1596960.0,7688.0
1723656.0,1596960.0,7688.0
1723656.0,1596960.0,7688.0
1723656.0,1596960.0,7688.0
1723461.3333,1596964.0,7768.0
1723072.0,1596972.0,7928.0
1723072.0,1596972.0,7928.0
1723072.0,1596972.0,7928.0
1723072.0,1596972.0,7928.0
1723072.0,1596972.0,7928.0
1723072.0,1596972.0,7928.0
1723072.0,1596972.0,7928.0
1723072.0,1596972.0,7928.0
1723072.0,1596972.0,7928.0
1723072.0,1596972.0,7928.0
1722916.0,1597002.4,7988.8
1722292.0,1597124.0,8232.0
1722292.0,1597124.0,8232.0
1722292.0,1597124.0,8232.0
1722292.0,1597124.0,8232.0
1722292.0,1597124.0,8232.0
1721721.6,1597124.0,8256.0
1719440.0,1597124.0,8352.0
1719593.0667,1597124.5333,8360.5333333
1720588.0,1597128.0,8416.0
1720588.0,1597128.0,8416.0
1720588.0,1597128.0,8416.0
1720588.0,1597128.0,8416.0
1720588.0,1597128.0,8416.0
1720588.0,1597128.0,8416.0
1720588.0,1597128.0,8416.0
1720588.0,1597128.0,8416.0
1720588.0,1597128.0,8416.0
1720588.0,1597128.0,8416.0
1720588.0,1597128.0,8416.0
1720588.0,1597128.0,8416.0
1720556.8,1597129.6,8464.0
1719977.0667,1597449.6,8728.5333333
1717020.0,1599488.0,9200.0
1717020.0,1599488.0,9200.0
1717020.0,1599488.0,9200.0
1717020.0,1599488.0,9200.0
1717020.0,1599488.0,9200.0
1717020.0,1599488.0,9200.0
1717020.0,1599488.0,9200.0
1717020.0,1599488.0,9200.0
1717020.0,1599488.0,9200.0
1717020.0,1599488.0,9200.0
1717020.0,1599488.0,9200.0
1717078.1333,1599491.7333,9229.8666667
1717456.0,1599516.0,9424.0
1717456.0,1599516.0,9424.0
1717456.0,1599516.0,9424.0
1717456.0,1599516.0,9424.0
1717456.0,1599516.0,9424.0
1717456.0,1599516.0,9424.0
1717456.0,1599516.0,9424.0
1717456.0,1599516.0,9424.0
1717456.0,1599516.0,9424.0
1717456.0,1599516.0,9424.0
1717456.0,1599516.0,9424.0
1717537.8667,1599516.8,9444.2666667
1718684.0,1599528.0,9728.0
1718684.0,1599528.0,9728.0
1718684.0,1599528.0,9728.0
1718684.0,1599528.0,9728.0
1718684.0,1599528.0,9728.0
1718684.0,1599528.0,9728.0
1718684.0,1599528.0,9728.0
1718684.0,1599528.0,9728.0
1718684.0,1599528.0,9728.0
1718684.0,1599528.0,9728.0
1718156.0,1599552.0,9976.0
1718156.0,1599552.0,9976.0
1718156.0,1599552.0,9976.0
1719141.6,1599548.2667,10035.733333
1719212.0,1599548.0,10040.0
1719212.0,1599548.0,10040.0
1719212.0,1599548.0,10040.0
1719212.0,1599548.0,10040.0
1719212.0,1599548.0,10040.0
1719212.0,1599548.0,10040.0
1719212.0,1599548.0,10040.0
1719212.0,1599548.0,10040.0
1719212.0,1599548.0,10040.0
1719212.0,1599548.0,10040.0
1719212.0,1599548.0,10040.0
1718457.8667,1599544.2667,10256.533333
1718404.0,1599544.0,10272.0
1718404.0,1599544.0,10272.0
1718404.0,1599544.0,10272.0
1717377.8667,1599561.3333,10362.133333
1717220.0,1599564.0,10376.0
1717220.0,1599564.0,10376.0
1717220.0,1599564.0,10376.0
1717220.0,1599564.0,10376.0
1717220.0,1599564.0,10376.0
1717220.0,1599564.0,10376.0
1717220.0,1599564.0,10376.0
1717220.0,1599564.0,10376.0
1717220.0,1599564.0,10376.0
1717220.0,1599564.0,10376.0
1717220.0,1599564.0,10376.0
1718138.4,1599586.4,10592.533333
1718204.0,1599588.0,10608.0
1718204.0,1599588.0,10608.0
1718204.0,1599588.0,10608.0
1717020.0,1599652.0,10720.0
1717020.0,1599652.0,10720.0
1717020.0,1599652.0,10720.0
1718652.0,1599672.0,10776.0
1718652.0,1599672.0,10776.0
1718652.0,1599672.0,10776.0
1718652.0,1599672.0,10776.0
1718652.0,1599672.0,10776.0
1718652.0,1599672.0,10776.0
1718652.0,1599672.0,10776.0
1718652.0,1599672.0,10776.0
1718652.0,1599672.0,10776.0
1718652.0,1599672.0,10776.0
1718652.0,1599672.0,10776.0
1718652.0,1599672.0,10776.0
1717940.0,1599700.0,11016.0
1717940.0,1599700.0,11016.0
1717940.0,1599700.0,11016.0
1717940.0,1599700.0,11016.0
1717940.0,1599700.0,11016.0
1717940.0,1599700.0,11016.0
1717940.0,1599700.0,11016.0
1717940.0,1599700.0,11016.0
1717940.0,1599700.0,11016.0
1717940.0,1599700.0,11016.0
1717940.0,1599700.0,11016.0
1717956.5333,1599702.4,11032.533333
1718188.0,1599736.0,11264.0
1906751.2,1599731.7333,11293.866667
1906751.2,1599731.7333,11293.866667
2071744.0,1599728.0,11320.0
2071744.0,1599728.0,11320.0
2071744.0,1599728.0,11320.0
2071744.0,1599728.0,11320.0
2071744.0,1599728.0,11320.0
2071744.0,1599728.0,11320.0
2071744.0,1599728.0,11320.0
2071744.0,1599728.0,11320.0
2071744.0,1599728.0,11320.0
2071744.0,1599728.0,11320.0
2071744.0,1599728.0,11320.0
2071611.7333,1599730.6667,11353.066667
2070752.0,1599748.0,11568.0
2070752.0,1599748.0,11568.0
2070752.0,1599748.0,11568.0
2070752.0,1599748.0,11568.0
2070752.0,1599748.0,11568.0
2070752.0,1599748.0,11568.0
2070752.0,1599748.0,11568.0
2070752.0,1599748.0,11568.0
2070752.0,1599748.0,11568.0
2070224.0,1599764.0,11808.0
2070224.0,1599764.0,11808.0
2070224.0,1599764.0,11808.0
2070224.0,1599764.0,11808.0
2070224.0,1599764.0,11808.0
2070224.0,1599764.0,11808.0
2070224.0,1599764.0,11808.0
2070224.0,1599764.0,11808.0
2070224.0,1599764.0,11808.0
2070224.0,1599764.0,11808.0
2070224.0,1599764.0,11808.0
2070224.0,1599764.0,11808.0
2070968.0,1599768.0,12056.0
2070968.0,1599768.0,12056.0
2070968.0,1599768.0,12056.0
2070968.0,1599768.0,12056.0
2070968.0,1599768.0,12056.0
2070968.0,1599768.0,12056.0
2070968.0,1599768.0,12056.0
2070968.0,1599768.0,12056.0
2070968.0,1599768.0,12056.0
2070968.0,1599768.0,12056.0
2070968.0,1599768.0,12056.0
2070890.4,1599778.4,12073.6
2069804.0,1599924.0,12320.0
2069804.0,1599924.0,12320.0
2069804.0,1599924.0,12320.0
2069804.0,1599924.0,12320.0
2069804.0,1599924.0,12320.0
2069804.0,1599924.0,12320.0
2069804.0,1599924.0,12320.0
2069804.0,1599924.0,12320.0
2069804.0,1599924.0,12320.0
2069804.0,1599924.0,12320.0
2069804.0,1599924.0,12320.0
2069698.4,1599943.2,12366.4
2069276.0,1600020.0,12552.0
2069276.0,1600020.0,12552.0
2069276.0,1600020.0,12552.0
2069276.0,1600020.0,12552.0
2069276.0,1600020.0,12552.0
2069276.0,1600020.0,12552.0
2069276.0,1600020.0,12552.0
2069276.0,1600020.0,12552.0
2069276.0,1600020.0,12552.0
2069276.0,1600020.0,12552.0
2069276.0,1600020.0,12552.0
2069333.6,1600075.4667,12622.4
2069492.0,1600228.0,12816.0
2069492.0,1600228.0,12816.0
2069492.0,1600228.0,12816.0
2069492.0,1600228.0,12816.0
2166826.4,1600228.0,12836.8
2556164.0,1600228.0,12920.0
2556164.0,1600228.0,12920.0
2556164.0,1600228.0,12920.0
2556164.0,1600228.0,12920.0
2556164.0,1600228.0,12920.0
2556164.0,1600228.0,12920.0
2556164.0,1600228.0,12920.0
2556164.0,1600228.0,12920.0
2556164.0,1600228.0,12920.0
2556164.0,1600228.0,12920.0
2556164.0,1600228.0,12920.0
2556216.0,1600240.0,12992.0
2556320.0,1600264.0,13136.0
2556320.0,1600264.0,13136.0
2556320.0,1600264.0,13136.0
2556320.0,1600264.0,13136.0
2556320.0,1600264.0,13136.0
2556320.0,1600264.0,13136.0
2556320.0,1600264.0,13136.0
2556320.0,1600264.0,13136.0
2556320.0,1600264.0,13136.0
2556320.0,1600264.0,13136.0
2556320.0,1600264.0,13136.0
2555864.0,1600272.0,13229.333333
2554952.0,1600288.0,13416.0
2554952.0,1600288.0,13416.0
2554952.0,1600288.0,13416.0
2554952.0,1600288.0,13416.0
2554952.0,1600288.0,13416.0
2554952.0,1600288.0,13416.0
2554952.0,1600288.0,13416.0
2554952.0,1600288.0,13416.0
2554952.0,1600288.0,13416.0
2554952.0,1600288.0,13416.0
2554952.0,1600288.0,13416.0
2554952.0,1600288.0,13416.0
2554966.9333,1600304.8,13528.0
2554984.0,1600324.0,13656.0
2554984.0,1600324.0,13656.0
2554984.0,1600324.0,13656.0
2554984.0,1600324.0,13656.0
2554984.0,1600324.0,13656.0
2554984.0,1600324.0,13656.0
2554984.0,1600324.0,13656.0
2554984.0,1600324.0,13656.0
2554984.0,1600324.0,13656.0
2554984.0,1600324.0,13656.0
2554984.0,1600324.0,13656.0
2554892.8,1600326.4,13824.0
2554832.0,1600328.0,13936.0
2554832.0,1600328.0,13936.0
2554832.0,1600328.0,13936.0
2554832.0,1600328.0,13936.0
2554832.0,1600328.0,13936.0
2554832.0,1600328.0,13936.0
2554832.0,1600328.0,13936.0
2554832.0,1600328.0,13936.0
2554832.0,1600328.0,13936.0
2554832.0,1600328.0,13936.0
2554832.0,1600328.0,13936.0
2554966.9333,1600345.6,14094.4
2555016.0,1600352.0,14152.0
2555016.0,1600352.0,14152.0
2555016.0,1600352.0,14152.0
2555016.0,1600352.0,14152.0
2555016.0,1600352.0,14152.0
2555016.0,1600352.0,14152.0
2555016.0,1600352.0,14152.0
2555016.0,1600352.0,14152.0
2555016.0,1600352.0,14152.0
2555016.0,1600352.0,14152.0
2555016.0,1600352.0,14152.0
2554628.8,1600434.1333,14386.666667
2554488.0,1600464.0,14472.0
2554488.0,1600464.0,14472.0
2738702.4,1600464.0,14523.2
2784756.0,1600464.0,14536.0
2841432.5333,1600464.0,14591.466667
2850152.0,1600464.0,14600.0
2850152.0,1600464.0,14600.0
2851330.6667,1600474.4,14655.466667
2851512.0,1600476.0,14664.0
2851512.0,1600476.0,14664.0
2851512.0,1600476.0,14664.0
2851512.0,1600476.0,14664.0
2851512.0,1600476.0,14664.0
2851512.0,1600476.0,14664.0
2851512.0,1600476.0,14664.0
2851512.0,1600476.0,14664.0
2851512.0,1600476.0,14664.0
2851512.0,1600476.0,14664.0
2851512.0,1600476.0,14664.0
2851144.0,1600492.0,14862.4
2851052.0,1600496.0,14912.0
2851052.0,1600496.0,14912.0
2851052.0,1600496.0,14912.0
2851052.0,1600496.0,14912.0
2851052.0,1600496.0,14912.0
2851052.0,1600496.0,14912.0
2851052.0,1600496.0,14912.0
2851052.0,1600496.0,14912.0
2851052.0,1600496.0,14912.0
2851052.0,1600496.0,14912.0
2851052.0,1600496.0,14912.0
2851617.0667,1600506.4,15168.533333
2851704.0,1600508.0,15208.0
2851704.0,1600508.0,15208.0
2850236.8,1600508.0,15267.733333
2850132.0,1600508.0,15272.0
2851711.2,1600515.4667,15346.666667
2851824.0,1600516.0,15352.0
2851824.0,1600516.0,15352.0
2851824.0,1600516.0,15352.0
2851824.0,1600516.0,15352.0
2851824.0,1600516.0,15352.0
2851824.0,1600516.0,15352.0
2851824.0,1600516.0,15352.0
2851824.0,1600516.0,15352.0
2851824.0,1600516.0,15352.0
2851824.0,1600516.0,15352.0
2851824.0,1600516.0,15352.0
2851004.8,1600528.8,15556.8
2850800.0,1600532.0,15608.0
2850800.0,1600532.0,15608.0
2850800.0,1600532.0,15608.0
2850800.0,1600532.0,15608.0
2850800.0,1600532.0,15608.0
2850800.0,1600532.0,15608.0
2850800.0,1600532.0,15608.0
2850800.0,1600532.0,15608.0
2850800.0,1600532.0,15608.0
2850800.0,1600532.0,15608.0
2850800.0,1600532.0,15608.0
2850800.0,1600532.0,15608.0
2848709.3333,1600546.9333,15914.133333
2848560.0,1600548.0,15936.0
2848560.0,1600548.0,15936.0
2848560.0,1600548.0,15936.0
2848560.0,1600548.0,15936.0
2850158.1333,1600572.2667,16040.0
2850404.0,1600576.0,16056.0
2850404.0,1600576.0,16056.0
2850404.0,1600576.0,16056.0
2850404.0,1600576.0,16056.0
2850404.0,1600576.0,16056.0
2850404.0,1600576.0,16056.0
2850404.0,1600576.0,16056.0
2850404.0,1600576.0,16056.0
2850404.0,1600576.0,16056.0
2950320.8,1600588.8,16260.8
2975300.0,1600592.0,16312.0
2975300.0,1600592.0,16312.0
3097878.1333,1600594.9333,16353.066667
3142452.0,1600596.0,16368.0
3142452.0,1600596.0,16368.0
3142452.0,1600596.0,16368.0
3142452.0,1600596.0,16368.0
3142452.0,1600596.0,16368.0
3142452.0,1600596.0,16368.0
3142452.0,1600596.0,16368.0
3142452.0,1600596.0,16368.0
3142452.0,1600596.0,16368.0
3142452.0,1600596.0,16368.0
3142452.0,1600596.0,16368.0
3142270.1333,1600601.8667,16555.733333
3142204.0,1600604.0,16624.0
3142204.0,1600604.0,16624.0
3142204.0,1600604.0,16624.0
3142204.0,1600604.0,16624.0
3142204.0,1600604.0,16624.0
3142204.0,1600604.0,16624.0
3142204.0,1600604.0,16624.0
3142204.0,1600604.0,16624.0
3142204.0,1600604.0,16624.0
3142204.0,1600604.0,16624.0
3142204.0,1600604.0,16624.0
3142169.8667,1600623.2,16781.866667
3142140.0,1600640.0,16920.0
3142140.0,1600640.0,16920.0
3142140.0,1600640.0,16920.0
3142140.0,1600640.0,16920.0
3141153.6,1600642.4,16992.0
3140496.0,1600644.0,17040.0
3140496.0,1600644.0,17040.0
3141656.0,1600644.0,17082.666667
3142236.0,1600644.0,17104.0
3142236.0,1600644.0,17104.0
3142236.0,1600644.0,17104.0
3142236.0,1600644.0,17104.0
3142236.0,1600644.0,17104.0
3142236.0,1600644.0,17104.0
3142236.0,1600644.0,17104.0
3142236.0,1600644.0,17104.0
3142236.0,1600644.0,17104.0
3142236.0,1600644.0,17104.0
3142236.0,1600644.0,17104.0
3141460.0,1600662.6667,17258.666667
3141072.0,1600672.0,17336.0
3141072.0,1600672.0,17336.0
3141072.0,1600672.0,17336.0
3141072.0,1600672.0,17336.0
3141072.0,1600672.0,17336.0
3141072.0,1600672.0,17336.0
3141072.0,1600672.0,17336.0
3141072.0,1600672.0,17336.0
3141072.0,1600672.0,17336.0
3141072.0,1600672.0,17336.0
3141072.0,1600672.0,17336.0
3141344.8,1600692.5333,17570.666667
3141444.0,1600700.0,17656.0
3141444.0,1600700.0,17656.0
3141444.0,1600700.0,17656.0
3141444.0,1600700.0,17656.0
3141444.0,1600700.0,17656.0
3141444.0,1600700.0,17656.0
3141444.0,1600700.0,17656.0
3141444.0,1600700.0,17656.0
3141444.0,1600700.0,17656.0
3141444.0,1600700.0,17656.0
3141444.0,1600700.0,17656.0
3140487.2,1600821.3333,17857.066667
3140340.0,1600840.0,17888.0
3140340.0,1600840.0,17888.0
3140340.0,1600840.0,17888.0
3210637.6,1600849.6,17984.0
3228212.0,1600852.0,18008.0
3228212.0,1600852.0,18008.0
3341908.0,1600861.6,18052.8
3370332.0,1600864.0,18064.0
3370332.0,1600864.0,18064.0
3370332.0,1600864.0,18064.0
3370332.0,1600864.0,18064.0
3370332.0,1600864.0,18064.0
3370332.0,1600864.0,18064.0
3370332.0,1600864.0,18064.0
3370332.0,1600864.0,18064.0
3370332.0,1600864.0,18064.0
3370332.0,1600864.0,18064.0
3370332.0,1600864.0,18064.0
3369986.4,1600870.4,18256.0
3369900.0,1600872.0,18304.0
3369900.0,1600872.0,18304.0
3369900.0,1600872.0,18304.0
3369900.0,1600872.0,18304.0
3369900.0,1600872.0,18304.0
3369900.0,1600872.0,18304.0
3369900.0,1600872.0,18304.0
3369900.0,1600872.0,18304.0
3369900.0,1600872.0,18304.0
3369900.0,1600872.0,18304.0
3369900.0,1600872.0,18304.0
3369465.3333,1600896.0,18506.666667
3369248.0,1600908.0,18608.0
3369248.0,1600908.0,18608.0
3369248.0,1600908.0,18608.0
3369248.0,1600908.0,18608.0
3369248.0,1600908.0,18608.0
3369248.0,1600908.0,18608.0
3369248.0,1600908.0,18608.0
3369248.0,1600908.0,18608.0
3369248.0,1600908.0,18608.0
3369248.0,1600908.0,18608.0
3369248.0,1600908.0,18608.0
3369330.6667,1600913.3333,18752.0
3369372.0,1600916.0,18824.0
3369372.0,1600916.0,18824.0
3369372.0,1600916.0,18824.0
3369372.0,1600916.0,18824.0
3369372.0,1600916.0,18824.0
3369372.0,1600916.0,18824.0
3369372.0,1600916.0,18824.0
3369372.0,1600916.0,18824.0
3369372.0,1600916.0,18824.0
3369372.0,1600916.0,18824.0
3369372.0,1600916.0,18824.0
3369093.6,1600942.4,18992.0
3368908.0,1600960.0,19104.0
3368908.0,1600960.0,19104.0
3368908.0,1600960.0,19104.0
3368908.0,1600960.0,19104.0
3368908.0,1600960.0,19104.0
3368908.0,1600960.0,19104.0
3368908.0,1600960.0,19104.0
3368908.0,1600960.0,19104.0
3368908.0,1600960.0,19104.0
3368908.0,1600960.0,19104.0
3368978.9333,1600967.4667,19219.733333
3369060.0,1600976.0,19352.0
3369060.0,1600976.0,19352.0
3369060.0,1600976.0,19352.0
3368424.8,1600987.2,19393.6
3367472.0,1601004.0,19456.0
3367472.0,1601004.0,19456.0
3367984.0,1601004.0,19478.4
3368752.0,1601004.0,19512.0
3368752.0,1601004.0,19512.0
3368752.0,1601004.0,19512.0
3368752.0,1601004.0,19512.0
3392270.9333,1601001.8667,19546.133333
3456948.0,1600996.0,19640.0
3456948.0,1600996.0,19640.0
3477758.6667,1601000.0,19658.666667
3519380.0,1601008.0,19696.0
3519380.0,1601008.0,19696.0
3519380.0,1601008.0,19696.0
3519380.0,1601008.0,19696.0
3518928.8,1601021.8667,19732.266667
3517688.0,1601060.0,19832.0
3517688.0,1601060.0,19832.0
3517688.0,1601060.0,19832.0
3517688.0,1601060.0,19832.0
3517688.0,1601060.0,19832.0
3517688.0,1601060.0,19832.0
3517688.0,1601060.0,19832.0
3517688.0,1601060.0,19832.0
3517688.0,1601060.0,19832.0
3517688.0,1601060.0,19832.0
3517688.0,1601060.0,19832.0
3517794.6667,1601063.2,19893.866667
3518088.0,1601072.0,20064.0
3517759.2,1601075.2,20075.2
3516444.0,1601088.0,20120.0
3516444.0,1601088.0,20120.0
3516444.0,1601088.0,20120.0
3516444.0,1601088.0,20120.0
3516444.0,1601088.0,20120.0
3516444.0,1601088.0,20120.0
3516444.0,1601088.0,20120.0
3516444.0,1601088.0,20120.0
3516444.0,1601088.0,20120.0
3516444.0,1601088.0,20120.0
3516444.0,1601088.0,20120.0
3516784.0,1601104.0,20376.0
3516784.0,1601104.0,20376.0
3516784.0,1601104.0,20376.0
3516784.0,1601104.0,20376.0
3516784.0,1601104.0,20376.0
3516784.0,1601104.0,20376.0
3516784.0,1601104.0,20376.0
3516784.0,1601104.0,20376.0
3516784.0,1601104.0,20376.0
3516784.0,1601104.0,20376.0
3516784.0,1601104.0,20376.0
3516784.0,1601104.0,20376.0
3516759.7333,1601124.8,20632.533333
3516756.0,1601128.0,20672.0
3516756.0,1601128.0,20672.0
3516756.0,1601128.0,20672.0
3516756.0,1601128.0,20672.0
3516756.0,1601128.0,20672.0
3516756.0,1601128.0,20672.0
3516756.0,1601128.0,20672.0
3516756.0,1601128.0,20672.0
3516756.0,1601128.0,20672.0
3516756.0,1601128.0,20672.0
3516756.0,1601128.0,20672.0
3516472.2667,1601131.7333,20903.466667
3516452.0,1601132.0,20920.0
3516452.0,1601132.0,20920.0
3516452.0,1601132.0,20920.0
3516452.0,1601132.0,20920.0
3516452.0,1601132.0,20920.0
3516452.0,1601132.0,20920.0
3516452.0,1601132.0,20920.0
3516452.0,1601132.0,20920.0
3516452.0,1601132.0,20920.0
3516452.0,1601132.0,20920.0
3516452.0,1601132.0,20920.0
3516134.6667,1601169.3333,21162.666667
3516112.0,1601172.0,21180.0
3516112.0,1601172.0,21180.0
3516112.0,1601172.0,21180.0
3516112.0,1601172.0,21180.0
3516112.0,1601172.0,21180.0
3578260.0,1601176.0,21284.0
3578260.0,1601176.0,21284.0
