vda,5.80,0.02,0.02,0,0
vda,8.60,0.03,0.00,0,0
vda,81.80,0.57,0.01,2,0
vda,1.60,0.00,0.01,0,0
vda,0.00,0.00,0.00,0,0
vda,75.40,0.09,0.21,0,1
vda,298.20,13.89,0.12,69,0
vda,102.00,12.38,0.01,61,0
vda,102.00,12.47,0.01,62,0
vda,144.20,11.25,1.49,56,7
vda,129.00,15.82,0.01,79,0
vda,88.20,11.00,0.00,55,0
vda,115.77,13.12,0.04,65,0
vda,56.61,7.08,0.00,35,0
vda,49.09,0.00,0.20,0,0
vda,2.39,0.00,0.01,0,0
vda,0.00,0.00,0.00,0,0
vda,77.80,6.20,0.12,31,0
vda,39.00,0.00,0.15,0,0
vda,2.40,0.00,0.01,0,0
vda,55.60,0.00,0.22,0,1
vda,1.39,0.00,0.01,0,0
vda,1.79,0.00,0.01,0,0
vda,27.18,0.00,0.11,0,0
vda,28.94,0.00,0.11,0,0
vda,0.00,0.00,0.00,0,0
vda,28.40,0.00,0.12,0,0
vda,21.40,0.00,0.08,0,0
vda,1.00,0.00,0.00,0,0
vda,71.80,0.00,0.29,0,1
vda,1.80,0.00,0.01,0,0
vda,3.40,0.00,0.01,0,0
vda,0.00,0.00,0.00,0,0
vda,56.49,0.00,0.23,0,1
vda,1.00,0.00,0.00,0,0
vda,2.20,0.00,0.01,0,0
vda,47.60,0.00,0.19,0,0
vda,0.80,0.00,0.00,0,0
vda,2.40,0.00,0.01,0,0
vda,47.20,0.00,0.19,0,0
vda,0.80,0.00,0.00,0,0
vda,4.20,0.00,0.02,0,0
vda,78.80,0.00,0.32,0,1
vda,1.60,0.00,0.01,0,0
vda,91.40,0.70,0.01,3,0
vda,76.80,1.43,0.02,7,0
vda,58.80,0.60,0.21,3,1
vda,3.20,0.00,0.01,0,0
vda,42.60,0.00,0.17,0,0
vda,0.00,0.00,0.00,0,0
vda,2.40,0.00,0.01,0,0
vda,56.00,0.00,0.23,0,1
vda,1.80,0.00,0.01,0,0
vda,2.40,0.00,0.01,0,0
vda,69.60,0.00,0.28,0,1
vda,1.00,0.00,0.00,0,0
vda,2.40,0.00,0.01,0,0
vda,47.40,0.00,0.19,0,0
vda,1.20,0.00,0.00,0,0
vda,3.80,0.00,0.01,0,0
vda,32.40,0.00,0.13,0,0
vda,25.60,0.00,0.10,0,0
vda,1.40,0.00,0.01,0,0
vda,0.00,0.00,0.00,0,0
vda,64.40,0.00,0.26,0,1
vda,2.40,0.00,0.01,0,0
vda,1.20,0.00,0.00,0,0
vda,53.40,0.00,0.21,0,1
vda,2.40,0.00,0.01,0,0
vda,4.60,0.00,0.02,0,0
vda,57.60,0.00,0.23,0,1
vda,1.40,0.00,0.00,0,0
vda,0.00,0.00,0.00,0,0
vda,46.60,0.00,0.18,0,0
vda,2.20,0.00,0.01,0,0
vda,1.20,0.00,0.00,0,0
vda,13.20,0.00,0.05,0,0
vda,2.20,0.00,0.01,0,0
