vda,76.40,0.36,0.00,1,0
vda,15.00,0.06,0.01,0,0
vda,56.00,0.21,0.01,1,0
vda,2.40,0.00,0.01,0,0
vda,0.00,0.00,0.00,0,0
vda,49.80,0.40,0.03,1,0
vda,267.00,10.05,0.12,50,0
vda,2.60,0.00,0.01,0,0
vda,52.20,0.00,0.21,0,1
vda,1.00,0.00,0.00,0,0
vda,0.20,0.00,0.00,0,0
vda,1.20,0.00,0.00,0,0
vda,8.40,0.00,1.31,0,6
vda,19.40,0.00,0.08,0,0
vda,10.80,0.00,0.04,0,0
vda,0.20,0.00,0.00,0,0
vda,1.80,0.00,0.01,0,0
vda,51.00,0.00,0.21,0,1
vda,2.20,0.00,0.01,0,0
vda,1.40,0.00,0.01,0,0
vda,52.20,0.00,0.21,0,1
vda,4.80,0.00,0.02,0,0
vda,1.20,0.00,0.00,0,0
vda,1.20,0.00,0.00,0,0
vda,49.80,0.00,0.21,0,1
vda,1.80,0.00,0.01,0,0
vda,0.00,0.00,0.00,0,0
vda,87.00,0.22,0.33,1,1
vda,38.80,0.28,0.01,1,0
