7895619.4667,87304.0,2053.0666667
7055388.0,236488.0,2908.0
7055388.0,236488.0,2908.0
7016102.9333,244965.33333,2967.4666667
6466112.0,363648.0,3800.0
6466112.0,363648.0,3800.0
6465959.2,363654.66667,3804.5333333
6463820.0,363748.0,3868.0
6463820.0,363748.0,3868.0
6463820.0,363748.0,3868.0
6463820.0,363748.0,3868.0
6463820.0,363748.0,3868.0
6463820.0,363748.0,3868.0
6463820.0,363748.0,3868.0
6463820.0,363748.0,3868.0
6463820.0,363748.0,3868.0
6463820.0,363748.0,3868.0
6204264.8,363818.4,4072.8
6139376.0,363836.0,4124.0
6139376.0,363836.0,4124.0
6138432.0,364460.0,4287.2
6138196.0,364616.0,4328.0
6138196.0,364616.0,4328.0
6138196.0,364616.0,4328.0
6138196.0,364616.0,4328.0
6138196.0,364616.0,4328.0
6138196.0,364616.0,4328.0
6138196.0,364616.0,4328.0
6138196.0,364616.0,4328.0
6138196.0,364616.0,4328.0
6125917.0667,364744.26667,4553.3333333
6124028.0,364764.0,4588.0
6124028.0,364764.0,4588.0
6122004.5333,364778.93333,4647.7333333
6121860.0,364780.0,4652.0
6121860.0,364780.0,4652.0
6121860.0,364780.0,4652.0
6121860.0,364780.0,4652.0
6121860.0,364780.0,4652.0
6121860.0,364780.0,4652.0
6121860.0,364780.0,4652.0
6121860.0,364780.0,4652.0
6121860.0,364780.0,4652.0
6121860.0,364780.0,4652.0
6121860.0,364780.0,4652.0
6120393.6,364793.86667,4873.8666667
6120168.0,364796.0,4908.0
6120168.0,364796.0,4908.0
6120168.0,364796.0,4908.0
6120168.0,364796.0,4908.0
6120168.0,364796.0,4908.0
6120168.0,364796.0,4908.0
6120168.0,364796.0,4908.0
6120168.0,364796.0,4908.0
6120168.0,364796.0,4908.0
6120168.0,364796.0,4908.0
6120168.0,364796.0,4908.0
6119821.3333,364827.2,5171.4666667
6119768.0,364832.0,5212.0
6119768.0,364832.0,5212.0
6119768.0,364832.0,5212.0
6119768.0,364832.0,5212.0
6119768.0,364832.0,5212.0
6119768.0,364832.0,5212.0
6119768.0,364832.0,5212.0
6119768.0,364832.0,5212.0
6119768.0,364832.0,5212.0
6119768.0,364832.0,5212.0
6110117.3333,364854.4,5443.4666667
6109428.0,364856.0,5460.0
6107004.8,364966.93333,5515.4666667
6106632.0,364984.0,5524.0
6106632.0,364984.0,5524.0
6106632.0,364984.0,5524.0
6106632.0,364984.0,5524.0
6106632.0,364984.0,5524.0
6106632.0,364984.0,5524.0
6106632.0,364984.0,5524.0
6106632.0,364984.0,5524.0
6106632.0,364984.0,5524.0
6106632.0,364984.0,5524.0
6079539.2,364991.46667,5748.0
6077604.0,364992.0,5764.0
6077604.0,364992.0,5764.0
6076103.2,364995.73333,5816.2666667
6075996.0,364996.0,5820.0
6075996.0,364996.0,5820.0
6075996.0,364996.0,5820.0
6075996.0,364996.0,5820.0
6075996.0,364996.0,5820.0
6075996.0,364996.0,5820.0
6075996.0,364996.0,5820.0
6075996.0,364996.0,5820.0
6075996.0,364996.0,5820.0
6075996.0,364996.0,5820.0
6075996.0,364996.0,5820.0
6074754.9333,365134.66667,6038.4
6074564.0,365156.0,6072.0
6074564.0,365156.0,6072.0
6074564.0,365156.0,6072.0
6075015.7333,365163.46667,6184.0
6075048.0,365164.0,6192.0
6075048.0,365164.0,6192.0
6075048.0,365164.0,6192.0
6075048.0,365164.0,6192.0
6064717.8667,365175.2,6296.5333333
6063980.0,365176.0,6304.0
6063980.0,365176.0,6304.0
6062479.2,365179.73333,6348.8
6062372.0,365180.0,6352.0
6062372.0,365180.0,6352.0
6062372.0,365180.0,6352.0
6062372.0,365180.0,6352.0
6062372.0,365180.0,6352.0
6062372.0,365180.0,6352.0
6062372.0,365180.0,6352.0
6062372.0,365180.0,6352.0
6062372.0,365180.0,6352.0
6062372.0,365180.0,6352.0
6022672.0,365200.0,6560.0
6022672.0,365200.0,6560.0
6022672.0,365200.0,6560.0
6022672.0,365200.0,6560.0
6022672.0,365200.0,6560.0
6020491.7333,365211.2,6672.0
6020336.0,365212.0,6680.0
6021911.4667,365268.0,6732.2666667
6022024.0,365272.0,6736.0
6022024.0,365272.0,6736.0
6022024.0,365272.0,6736.0
6022024.0,365272.0,6736.0
6022024.0,365272.0,6736.0
