7750924.0,277639.2,4152.8
7959540.0,71552.0,2168.0
7959540.0,71552.0,2168.0
6281466.4,431296.0,3592.0
5861948.0,521232.0,3948.0
4595859.7333,884727.73333,3989.0666667
4135464.0,1016908.0,4004.0
4135464.0,1016908.0,4004.0
3212856.0,1087170.4,4061.6
2982204.0,1104736.0,4076.0
2982204.0,1104736.0,4076.0
2982204.0,1104736.0,4076.0
2982204.0,1104736.0,4076.0
2982204.0,1104736.0,4076.0
2982204.0,1104736.0,4076.0
2982204.0,1104736.0,4076.0
2981183.2,1104744.8,4210.9333333
2980812.0,1104748.0,4260.0
2980812.0,1104748.0,4260.0
2980812.0,1104748.0,4260.0
2980812.0,1104748.0,4260.0
2980812.0,1104748.0,4260.0
2980812.0,1104748.0,4260.0
2980812.0,1104748.0,4260.0
2980812.0,1104748.0,4260.0
2980812.0,1104748.0,4260.0
2980207.2,1104760.8,4452.0
2980056.0,1104764.0,4500.0
2980056.0,1104764.0,4500.0
2980056.0,1104764.0,4500.0
2980056.0,1104764.0,4500.0
2980056.0,1104764.0,4500.0
2980056.0,1104764.0,4500.0
2980056.0,1104764.0,4500.0
2980056.0,1104764.0,4500.0
2980056.0,1104764.0,4500.0
2980056.0,1104764.0,4500.0
2980056.0,1104764.0,4500.0
2980625.0667,1104822.6667,4687.7333333
2980832.0,1104844.0,4756.0
2980028.2667,1105430.6667,4908.5333333
2979736.0,1105644.0,4964.0
2979736.0,1105644.0,4964.0
2979736.0,1105644.0,4964.0
2979736.0,1105644.0,4964.0
2979736.0,1105644.0,4964.0
2979736.0,1105644.0,4964.0
2979736.0,1105644.0,4964.0
2978713.3333,1105664.8,5109.6
2978556.0,1105668.0,5132.0
2978556.0,1105668.0,5132.0
2978556.0,1105668.0,5132.0
2978556.0,1105668.0,5132.0
2978556.0,1105668.0,5132.0
2978556.0,1105668.0,5132.0
2978556.0,1105668.0,5132.0
2978556.0,1105668.0,5132.0
2978556.0,1105668.0,5132.0
2978556.0,1105668.0,5132.0
2978556.0,1105668.0,5132.0
2978649.8667,1105685.6,5308.0
2977317.0667,1105692.0,5413.0666667
2976820.0,1105692.0,5428.0
2976820.0,1105692.0,5428.0
2977708.8,1105700.8,5474.9333333
2978032.0,1105704.0,5492.0
2978032.0,1105704.0,5492.0
2978032.0,1105704.0,5492.0
2978032.0,1105704.0,5492.0
2978032.0,1105704.0,5492.0
2978032.0,1105704.0,5492.0
2978032.0,1105704.0,5492.0
2978032.0,1105704.0,5492.0
2978032.0,1105704.0,5492.0
2978032.0,1105704.0,5492.0
2978032.0,1105704.0,5492.0
2978098.1333,1105778.6667,5615.7333333
2977345.3333,1105848.2667,5758.1333333
2976636.0,1105852.0,5788.0
2976636.0,1105852.0,5788.0
2976636.0,1105852.0,5788.0
2976636.0,1105852.0,5788.0
2975693.0667,1107042.4,6046.1333333
2974868.0,1108084.0,6272.0
2974868.0,1108084.0,6272.0
2974868.0,1108084.0,6272.0
2974868.0,1108084.0,6272.0
2974868.0,1108084.0,6272.0
2974868.0,1108084.0,6272.0
2974868.0,1108084.0,6272.0
2974868.0,1108084.0,6272.0
2974868.0,1108084.0,6272.0
2974868.0,1108084.0,6272.0
2974868.0,1108084.0,6272.0
2974737.8667,1108126.6667,6408.5333333
2974624.0,1108164.0,6528.0
2974624.0,1108164.0,6528.0
2974624.0,1108164.0,6528.0
2974624.0,1108164.0,6528.0
2974624.0,1108164.0,6528.0
2974624.0,1108164.0,6528.0
2973787.7333,1108174.6667,6617.6
2973056.0,1108184.0,6696.0
2973056.0,1108184.0,6696.0
2973636.5333,1108228.8,6722.1333333
2974300.0,1108280.0,6752.0
2974300.0,1108280.0,6752.0
2974300.0,1108280.0,6752.0
2974300.0,1108280.0,6752.0
2974300.0,1108280.0,6752.0
2974300.0,1108280.0,6752.0
2974300.0,1108280.0,6752.0
2974300.0,1108280.0,6752.0
2974300.0,1108280.0,6752.0
2974300.0,1108280.0,6752.0
2974300.0,1108280.0,6752.0
2974282.9333,1108297.0667,6860.8
2973790.1333,1108308.2667,6985.8666667
2973244.0,1108304.0,7020.0
2973244.0,1108304.0,7020.0
2973896.8,1108312.5333,7054.1333333
2974468.0,1108320.0,7084.0
2974468.0,1108320.0,7084.0
2974468.0,1108320.0,7084.0
2974468.0,1108320.0,7084.0
2974468.0,1108320.0,7084.0
2974468.0,1108320.0,7084.0
2974468.0,1108320.0,7084.0
2972665.6,1108332.0,7199.2
2971464.0,1108340.0,7276.0
2996733.3333,1108337.3333,7318.6666667
3009368.0,1108336.0,7340.0
3009368.0,1108336.0,7340.0
3053268.8,1108345.6,7384.8
3064244.0,1108348.0,7396.0
3064244.0,1108348.0,7396.0
3064244.0,1108348.0,7396.0
3064244.0,1108348.0,7396.0
3064244.0,1108348.0,7396.0
3064244.0,1108348.0,7396.0
3064244.0,1108348.0,7396.0
3064244.0,1108348.0,7396.0
3064244.0,1108348.0,7396.0
3064244.0,1108348.0,7396.0
3064244.0,1108348.0,7396.0
3063318.4,1108413.8667,7604.0
3063176.0,1108424.0,7636.0
3063176.0,1108424.0,7636.0
3063176.0,1108424.0,7636.0
3063176.0,1108424.0,7636.0
3063176.0,1108424.0,7636.0
3063176.0,1108424.0,7636.0
3063176.0,1108424.0,7636.0
3063176.0,1108424.0,7636.0
3063176.0,1108424.0,7636.0
3063176.0,1108424.0,7636.0
3063176.0,1108424.0,7636.0
3063665.8667,1108485.6,7864.8
3063844.0,1108508.0,7948.0
3063844.0,1108508.0,7948.0
3063844.0,1108508.0,7948.0
3063844.0,1108508.0,7948.0
3063844.0,1108508.0,7948.0
3063844.0,1108508.0,7948.0
3063844.0,1108508.0,7948.0
3063844.0,1108508.0,7948.0
3063844.0,1108508.0,7948.0
3063844.0,1108508.0,7948.0
3063844.0,1108508.0,7948.0
3062989.0667,1108530.4,8179.4666667
3062928.0,1108532.0,8196.0
3246305.6,1108539.4667,8255.7333333
3259404.0,1108540.0,8260.0
3259404.0,1108540.0,8260.0
3259404.0,1108540.0,8260.0
3259404.0,1108540.0,8260.0
3259404.0,1108540.0,8260.0
3259404.0,1108540.0,8260.0
3259404.0,1108540.0,8260.0
3258216.8,1108554.9333,8409.3333333
3258132.0,1108556.0,8420.0
3259700.0,1108624.0,8476.0
3259700.0,1108624.0,8476.0
3259700.0,1108624.0,8476.0
3259700.0,1108624.0,8476.0
3259700.0,1108624.0,8476.0
3259700.0,1108624.0,8476.0
3259700.0,1108624.0,8476.0
3259700.0,1108624.0,8476.0
3259700.0,1108624.0,8476.0
3259700.0,1108624.0,8476.0
3259700.0,1108624.0,8476.0
3259700.0,1108624.0,8476.0
3259356.5333,1108672.5333,8685.0666667
3259332.0,1108676.0,8700.0
3259332.0,1108676.0,8700.0
3259332.0,1108676.0,8700.0
3259332.0,1108676.0,8700.0
3259332.0,1108676.0,8700.0
3259332.0,1108676.0,8700.0
3259332.0,1108676.0,8700.0
3259332.0,1108676.0,8700.0
3259332.0,1108676.0,8700.0
3259332.0,1108676.0,8700.0
3259332.0,1108676.0,8700.0
3259332.0,1108676.0,8700.0
3258584.0,1108684.0,8964.0
3258584.0,1108684.0,8964.0
3258584.0,1108684.0,8964.0
3258584.0,1108684.0,8964.0
3272060.5333,1108685.0667,8971.4666667
3460732.0,1108700.0,9076.0
3460732.0,1108700.0,9076.0
3460732.0,1108700.0,9076.0
3460732.0,1108700.0,9076.0
3460732.0,1108700.0,9076.0
3460732.0,1108700.0,9076.0
3460732.0,1108700.0,9076.0
3460732.0,1108700.0,9076.0
3460732.0,1108700.0,9076.0
3460732.0,1108700.0,9076.0
3460732.0,1108700.0,9076.0
3460732.0,1108700.0,9076.0
3460440.0,1108772.0,9308.0
3460440.0,1108772.0,9308.0
3460440.0,1108772.0,9308.0
3460440.0,1108772.0,9308.0
3460440.0,1108772.0,9308.0
3460440.0,1108772.0,9308.0
3460440.0,1108772.0,9308.0
3460440.0,1108772.0,9308.0
3460440.0,1108772.0,9308.0
3460440.0,1108772.0,9308.0
3460440.0,1108772.0,9308.0
3460440.0,1108772.0,9308.0
3460908.0,1108796.0,9620.0
3460908.0,1108796.0,9620.0
3460908.0,1108796.0,9620.0
3460908.0,1108796.0,9620.0
3460908.0,1108796.0,9620.0
3460908.0,1108796.0,9620.0
3460908.0,1108796.0,9620.0
3460908.0,1108796.0,9620.0
3460908.0,1108796.0,9620.0
3460908.0,1108796.0,9620.0
3460908.0,1108796.0,9620.0
3460908.0,1108796.0,9620.0
3460572.0,1108808.8,9792.8
3460488.0,1108812.0,9836.0
3460488.0,1108812.0,9836.0
3460488.0,1108812.0,9836.0
3460488.0,1108812.0,9836.0
3460488.0,1108812.0,9836.0
3608417.6,1108837.6,9976.8
3645400.0,1108844.0,10012.0
3645400.0,1108844.0,10012.0
3645400.0,1108844.0,10012.0
3645400.0,1108844.0,10012.0
3645400.0,1108844.0,10012.0
3645400.0,1108844.0,10012.0
3645400.0,1108844.0,10012.0
3645400.0,1108844.0,10012.0
3645400.0,1108844.0,10012.0
3645400.0,1108844.0,10012.0
3645400.0,1108844.0,10012.0
3644526.4,1108913.3333,10213.066667
3644392.0,1108924.0,10244.0
3644392.0,1108924.0,10244.0
3644392.0,1108924.0,10244.0
3643358.9333,1108924.0,10348.0
3643200.0,1108924.0,10364.0
3643200.0,1108924.0,10364.0
3644503.4667,1108937.8667,10419.466667
3644704.0,1108940.0,10428.0
3644704.0,1108940.0,10428.0
3644704.0,1108940.0,10428.0
3644704.0,1108940.0,10428.0
3644704.0,1108940.0,10428.0
3644704.0,1108940.0,10428.0
3644704.0,1108940.0,10428.0
3644704.0,1108940.0,10428.0
3644704.0,1108940.0,10428.0
3644704.0,1108940.0,10428.0
3643728.0,1109016.0,10636.0
3643728.0,1109016.0,10636.0
3644743.4667,1109030.9333,10695.733333
3644816.0,1109032.0,10700.0
3644816.0,1109032.0,10700.0
3644816.0,1109032.0,10700.0
3644816.0,1109032.0,10700.0
3644816.0,1109032.0,10700.0
3644816.0,1109032.0,10700.0
3644816.0,1109032.0,10700.0
3644816.0,1109032.0,10700.0
3892788.0,1109036.0,10892.0
3892788.0,1109036.0,10892.0
3892788.0,1109036.0,10892.0
3892788.0,1109036.0,10892.0
3892788.0,1109036.0,10892.0
3891216.0,1109056.0,10996.0
3891216.0,1109056.0,10996.0
3891216.0,1109056.0,10996.0
3892244.0,1109056.0,11060.0
3892244.0,1109056.0,11060.0
3892244.0,1109056.0,11060.0
3892244.0,1109056.0,11060.0
3892244.0,1109056.0,11060.0
3892244.0,1109056.0,11060.0
3892244.0,1109056.0,11060.0
3892244.0,1109056.0,11060.0
3891026.9333,1109074.6667,11239.2
3890940.0,1109076.0,11252.0
3892213.0667,1109087.2,11334.133333
3892304.0,1109088.0,11340.0
3892304.0,1109088.0,11340.0
3892304.0,1109088.0,11340.0
3892304.0,1109088.0,11340.0
3892304.0,1109088.0,11340.0
3892304.0,1109088.0,11340.0
3892304.0,1109088.0,11340.0
3892304.0,1109088.0,11340.0
3892304.0,1109088.0,11340.0
3892304.0,1109088.0,11340.0
3892304.0,1109088.0,11340.0
3892300.5333,1109250.9333,11541.066667
3892300.0,1109276.0,11572.0
3892300.0,1109276.0,11572.0
3892300.0,1109276.0,11572.0
3892300.0,1109276.0,11572.0
3892300.0,1109276.0,11572.0
3897348.8,1109276.5333,11583.733333
3968032.0,1109284.0,11748.0
3968032.0,1109284.0,11748.0
4074376.5333,1109288.2667,11782.133333
4074376.5333,1109288.2667,11782.133333
4167428.0,1109292.0,11812.0
4167428.0,1109292.0,11812.0
4167428.0,1109292.0,11812.0
4166843.4667,1109326.1333,11876.0
4166843.4667,1109326.1333,11876.0
4166332.0,1109356.0,11932.0
4166332.0,1109356.0,11932.0
4166332.0,1109356.0,11932.0
4166332.0,1109356.0,11932.0
4166332.0,1109356.0,11932.0
4166332.0,1109356.0,11932.0
4166332.0,1109356.0,11932.0
4166332.0,1109356.0,11932.0
4166332.0,1109356.0,11932.0
4166332.0,1109356.0,11932.0
4166369.3333,1109356.5333,11961.866667
4166612.0,1109360.0,12156.0
4166612.0,1109360.0,12156.0
4166612.0,1109360.0,12156.0
4166612.0,1109360.0,12156.0
4166612.0,1109360.0,12156.0
4166612.0,1109360.0,12156.0
4166612.0,1109360.0,12156.0
4166612.0,1109360.0,12156.0
4166612.0,1109360.0,12156.0
4166612.0,1109360.0,12156.0
4166612.0,1109360.0,12156.0
4166561.0667,1109369.6,12176.266667
4165848.0,1109504.0,12460.0
4165848.0,1109504.0,12460.0
4165848.0,1109504.0,12460.0
4165848.0,1109504.0,12460.0
4165848.0,1109504.0,12460.0
4165848.0,1109504.0,12460.0
4165848.0,1109504.0,12460.0
4165848.0,1109504.0,12460.0
4165848.0,1109504.0,12460.0
4165848.0,1109504.0,12460.0
4165848.0,1109504.0,12460.0
4384276.0,1109576.0,12684.0
4384276.0,1109576.0,12684.0
4385576.0,1109576.0,12748.0
4385576.0,1109576.0,12748.0
4385576.0,1109576.0,12748.0
4385576.0,1109576.0,12748.0
4385576.0,1109576.0,12748.0
4385576.0,1109576.0,12748.0
4385576.0,1109576.0,12748.0
4385576.0,1109576.0,12748.0
4385576.0,1109576.0,12748.0
4385576.0,1109576.0,12748.0
4385576.0,1109576.0,12748.0
4385576.0,1109576.0,12748.0
4385108.0,1109593.3333,12928.266667
4385036.0,1109596.0,12956.0
4385036.0,1109596.0,12956.0
4385036.0,1109596.0,12956.0
4385036.0,1109596.0,12956.0
4385036.0,1109596.0,12956.0
4385036.0,1109596.0,12956.0
4385036.0,1109596.0,12956.0
4385036.0,1109596.0,12956.0
4385036.0,1109596.0,12956.0
4385036.0,1109596.0,12956.0
4385036.0,1109596.0,12956.0
4384453.6,1109620.2667,13205.6
4384364.0,1109624.0,13244.0
4384364.0,1109624.0,13244.0
4384364.0,1109624.0,13244.0
4384364.0,1109624.0,13244.0
4384364.0,1109624.0,13244.0
4384364.0,1109624.0,13244.0
4384364.0,1109624.0,13244.0
4383480.0,1109637.8667,13403.466667
4383344.0,1109640.0,13428.0
4383344.0,1109640.0,13428.0
4384578.1333,1109640.0,13483.466667
4384768.0,1109640.0,13492.0
4384768.0,1109640.0,13492.0
6577049.8667,1103958.1333,13540.533333
