7948028.0,81104.0,1912.0
7948028.0,81104.0,1912.0
6579436.5333,377583.73333,3628.0
6368884.0,423196.0,3892.0
6368884.0,423196.0,3892.0
5330350.4,590930.66667,3964.8
5170576.0,616736.0,3976.0
5168672.8,616746.4,4031.4666667
5168380.0,616748.0,4040.0
5168380.0,616748.0,4040.0
5168380.0,616748.0,4040.0
5168380.0,616748.0,4040.0
5168380.0,616748.0,4040.0
5168380.0,616748.0,4040.0
5168380.0,616748.0,4040.0
5168380.0,616748.0,4040.0
5168380.0,616748.0,4040.0
5168380.0,616748.0,4040.0
5168380.0,616748.0,4040.0
5167842.4,617378.4,4324.8
5167708.0,617536.0,4396.0
5167708.0,617536.0,4396.0
5167708.0,617536.0,4396.0
5167708.0,617536.0,4396.0
5167708.0,617536.0,4396.0
5167708.0,617536.0,4396.0
5167708.0,617536.0,4396.0
5167708.0,617536.0,4396.0
5167708.0,617536.0,4396.0
5167708.0,617536.0,4396.0
5167708.0,617536.0,4396.0
5167441.0667,617560.26667,4631.7333333
5167400.0,617564.0,4668.0
5167400.0,617564.0,4668.0
5167400.0,617564.0,4668.0
5167400.0,617564.0,4668.0
5167400.0,617564.0,4668.0
5167400.0,617564.0,4668.0
5167400.0,617564.0,4668.0
5167400.0,617564.0,4668.0
5167400.0,617564.0,4668.0
5167400.0,617564.0,4668.0
5167400.0,617564.0,4668.0
5167400.0,617564.0,4668.0
5166580.0,617660.0,4876.0
5166580.0,617660.0,4876.0
5166580.0,617660.0,4876.0
5166580.0,617660.0,4876.0
5166580.0,617660.0,4876.0
5166580.0,617660.0,4876.0
5166580.0,617660.0,4876.0
5166580.0,617660.0,4876.0
5166529.0667,617661.33333,4892.0
5165816.0,617680.0,5116.0
5165816.0,617680.0,5116.0
5159318.9333,617682.13333,5124.5333333
5117088.0,617696.0,5180.0
5117088.0,617696.0,5180.0
5117088.0,617696.0,5180.0
5117088.0,617696.0,5180.0
5117088.0,617696.0,5180.0
5117088.0,617696.0,5180.0
5117088.0,617696.0,5180.0
5117088.0,617696.0,5180.0
5117088.0,617696.0,5180.0
5117088.0,617696.0,5180.0
5116608.0,617702.4,5249.3333333
5115288.0,617720.0,5440.0
5115288.0,617720.0,5440.0
5115288.0,617720.0,5440.0
5115288.0,617720.0,5440.0
5115288.0,617720.0,5440.0
5115288.0,617720.0,5440.0
5115288.0,617720.0,5440.0
5115288.0,617720.0,5440.0
5115288.0,617720.0,5440.0
5115288.0,617720.0,5440.0
5115288.0,617720.0,5440.0
5115222.6667,617805.33333,5525.3333333
5115092.0,617976.0,5696.0
5115092.0,617976.0,5696.0
5115092.0,617976.0,5696.0
5115092.0,617976.0,5696.0
5115092.0,617976.0,5696.0
5114826.6667,617985.33333,5749.3333333
5114296.0,618004.0,5856.0
5114296.0,618004.0,5856.0
5114296.0,618004.0,5856.0
5114296.0,618004.0,5856.0
5114296.0,618004.0,5856.0
5114296.0,618004.0,5856.0
5114296.0,618004.0,5856.0
5114296.0,618004.0,5856.0
5114296.0,618004.0,5856.0
5114296.0,618004.0,5856.0
5114296.0,618004.0,5856.0
5114251.2,618007.2,5922.1333333
5114128.0,618016.0,6104.0
5114128.0,618016.0,6104.0
5114128.0,618016.0,6104.0
5114128.0,618016.0,6104.0
5114128.0,618016.0,6104.0
5114128.0,618016.0,6104.0
5114128.0,618016.0,6104.0
5114128.0,618016.0,6104.0
5114128.0,618016.0,6104.0
5113867.2,618034.4,6150.4
5112824.0,618108.0,6336.0
5112824.0,618108.0,6336.0
5112824.0,618108.0,6336.0
5112824.0,618108.0,6336.0
5112824.0,618108.0,6336.0
5112824.0,618108.0,6336.0
5112824.0,618108.0,6336.0
5112824.0,618108.0,6336.0
5112824.0,618108.0,6336.0
5112824.0,618108.0,6336.0
5112824.0,618108.0,6336.0
5112703.2,618128.0,6379.2
5112220.0,618208.0,6552.0
5112220.0,618208.0,6552.0
5112220.0,618208.0,6552.0
5112220.0,618208.0,6552.0
5112220.0,618208.0,6552.0
5112220.0,618208.0,6552.0
5112220.0,618208.0,6552.0
5112220.0,618208.0,6552.0
5112220.0,618208.0,6552.0
5112220.0,618208.0,6552.0
5112220.0,618208.0,6552.0
5111996.0,618216.53333,6630.9333333
5111380.0,618240.0,6848.0
5111380.0,618240.0,6848.0
5111380.0,618240.0,6848.0
5111380.0,618240.0,6848.0
5111380.0,618240.0,6848.0
5111380.0,618240.0,6848.0
5111380.0,618240.0,6848.0
5110772.0,618686.4,6984.0
5108340.0,620472.0,7528.0
5108340.0,620472.0,7528.0
5108340.0,620472.0,7528.0
5108340.0,620472.0,7528.0
5108340.0,620472.0,7528.0
5108340.0,620472.0,7528.0
5108340.0,620472.0,7528.0
5108340.0,620472.0,7528.0
5108340.0,620472.0,7528.0
5108340.0,620472.0,7528.0
5108340.0,620472.0,7528.0
5108464.0,620612.0,7780.0
5108464.0,620612.0,7780.0
5108464.0,620612.0,7780.0
5108464.0,620612.0,7780.0
5108464.0,620612.0,7780.0
5108464.0,620612.0,7780.0
5106008.0,620617.86667,7791.7333333
5071624.0,620700.0,7956.0
5071624.0,620700.0,7956.0
5071458.1333,620700.53333,7964.5333333
5070380.0,620704.0,8020.0
5070380.0,620704.0,8020.0
5070219.4667,620713.06667,8028.5333333
5069176.0,620772.0,8084.0
5069176.0,620772.0,8084.0
5069176.0,620772.0,8084.0
5069176.0,620772.0,8084.0
5069176.0,620772.0,8084.0
5069176.0,620772.0,8084.0
5069176.0,620772.0,8084.0
5069176.0,620772.0,8084.0
5069176.0,620772.0,8084.0
5069176.0,620772.0,8084.0
5069176.0,620772.0,8084.0
5069285.8667,620784.8,8113.8666667
5070000.0,620868.0,8308.0
5070000.0,620868.0,8308.0
5070000.0,620868.0,8308.0
5070000.0,620868.0,8308.0
5070000.0,620868.0,8308.0
5070000.0,620868.0,8308.0
5070000.0,620868.0,8308.0
5070000.0,620868.0,8308.0
5070000.0,620868.0,8308.0
5070000.0,620868.0,8308.0
5070000.0,620868.0,8308.0
5069760.0,620874.4,8393.3333333
5069100.0,620892.0,8628.0
5069100.0,620892.0,8628.0
5069100.0,620892.0,8628.0
5069100.0,620892.0,8628.0
5069100.0,620892.0,8628.0
5069100.0,620892.0,8628.0
5069100.0,620892.0,8628.0
5068957.6,620901.06667,8653.6
5068032.0,620960.0,8820.0
5068032.0,620960.0,8820.0
5068032.0,620960.0,8820.0
5068032.0,620960.0,8820.0
5068032.0,620960.0,8820.0
5068032.0,620960.0,8820.0
5068032.0,620960.0,8820.0
5068032.0,620960.0,8820.0
5068032.0,620960.0,8820.0
5068032.0,620960.0,8820.0
5068032.0,620960.0,8820.0
5068002.6667,620962.13333,8850.9333333
5067812.0,620976.0,9052.0
5067812.0,620976.0,9052.0
5067812.0,620976.0,9052.0
5066076.0,620978.4,9074.4
5059132.0,620988.0,9164.0
5059132.0,620988.0,9164.0
5059132.0,620988.0,9164.0
5059132.0,620988.0,9164.0
5059132.0,620988.0,9164.0
5059132.0,620988.0,9164.0
5059132.0,620988.0,9164.0
5059132.0,620988.0,9164.0
5059132.0,620988.0,9164.0
5059132.0,620988.0,9164.0
5059132.0,620988.0,9164.0
5058396.5333,621073.86667,9410.4
5058344.0,621080.0,9428.0
5058344.0,621080.0,9428.0
5058344.0,621080.0,9428.0
5058344.0,621080.0,9428.0
5058344.0,621080.0,9428.0
5058344.0,621080.0,9428.0
5058344.0,621080.0,9428.0
5058344.0,621080.0,9428.0
5058344.0,621080.0,9428.0
5058344.0,621080.0,9428.0
5058344.0,621080.0,9428.0
5058357.8667,621177.06667,9691.4666667
5058360.0,621192.0,9732.0
5058360.0,621192.0,9732.0
5058360.0,621192.0,9732.0
5058360.0,621192.0,9732.0
5058360.0,621192.0,9732.0
5058360.0,621192.0,9732.0
5058360.0,621192.0,9732.0
5058360.0,621192.0,9732.0
5058360.0,621192.0,9732.0
5058360.0,621192.0,9732.0
5058360.0,621192.0,9732.0
5057677.3333,621194.66667,9897.3333333
5057336.0,621196.0,9980.0
5057336.0,621196.0,9980.0
5057336.0,621196.0,9980.0
5057336.0,621196.0,9980.0
5057336.0,621196.0,9980.0
5057336.0,621196.0,9980.0
5057336.0,621196.0,9980.0
5057336.0,621196.0,9980.0
5057336.0,621196.0,9980.0
5057336.0,621196.0,9980.0
5057336.0,621196.0,9980.0
5057213.6,621260.8,10157.6
5057132.0,621304.0,10276.0
5057132.0,621304.0,10276.0
5057132.0,621304.0,10276.0
5057132.0,621304.0,10276.0
5056443.2,621344.8,10352.8
5055984.0,621372.0,10404.0
5055984.0,621372.0,10404.0
5055984.0,621372.0,10404.0
5055984.0,621372.0,10404.0
5055984.0,621372.0,10404.0
5055984.0,621372.0,10404.0
5055984.0,621372.0,10404.0
5055984.0,621372.0,10404.0
5055984.0,621372.0,10404.0
5055984.0,621372.0,10404.0
5055984.0,621372.0,10404.0
5056101.3333,621377.33333,10569.333333
5056160.0,621380.0,10652.0
5056160.0,621380.0,10652.0
5056160.0,621380.0,10652.0
5056160.0,621380.0,10652.0
5056160.0,621380.0,10652.0
5056160.0,621380.0,10652.0
5056160.0,621380.0,10652.0
5056160.0,621380.0,10652.0
5056160.0,621380.0,10652.0
5056160.0,621380.0,10652.0
5056160.0,621380.0,10652.0
5056011.2,621440.0,10834.4
5055912.0,621480.0,10956.0
5055912.0,621480.0,10956.0
5055912.0,621480.0,10956.0
5055912.0,621480.0,10956.0
5055912.0,621480.0,10956.0
5055912.0,621480.0,10956.0
5055912.0,621480.0,10956.0
5055912.0,621480.0,10956.0
5055912.0,621480.0,10956.0
5055912.0,621480.0,10956.0
5055912.0,621480.0,10956.0
5055705.6,621516.8,11045.6
5055396.0,621572.0,11180.0
5055396.0,621572.0,11180.0
5055396.0,621572.0,11180.0
5055396.0,621572.0,11180.0
5055396.0,621572.0,11180.0
5055396.0,621572.0,11180.0
5055396.0,621572.0,11180.0
5055396.0,621572.0,11180.0
5055396.0,621572.0,11180.0
5055396.0,621572.0,11180.0
5055396.0,621572.0,11180.0
5055186.4,621581.6,11304.8
5054872.0,621596.0,11492.0
5054872.0,621596.0,11492.0
6150644.5333,618544.0,11521.866667
