vda,69.40,0.46,0.43,2,2
vda,62.80,0.59,0.48,2,2
vda,8.00,0.07,0.01,0,0
vda,34.60,0.04,0.50,0,2
vda,69.60,0.44,0.01,2,0
vda,44.20,0.03,0.55,0,2
vda,124.20,3.27,0.43,16,2
vda,90.80,2.47,0.05,12,0
vda,53.20,3.78,0.41,18,2
vda,40.80,0.00,0.56,0,2
vda,17.40,0.00,1.74,0,8
vda,4.00,0.00,0.02,0,0
vda,1.80,0.00,0.39,0,1
vda,2.00,0.00,0.39,0,1
vda,3.00,0.00,0.40,0,1
vda,38.20,0.00,0.16,0,0
vda,6.40,0.00,0.41,0,2
vda,30.00,0.00,0.51,0,2
vda,35.80,0.00,0.53,0,2
vda,1.80,0.00,0.39,0,1
vda,28.00,0.00,0.11,0,0
vda,9.20,0.00,0.43,0,2
vda,2.00,0.00,0.40,0,1
vda,30.80,0.00,0.51,0,2
vda,7.20,0.00,0.03,0,0
