7613319.4667,322207.46667,5254.9333333
7695984.0,135432.0,3864.0
6942988.8,277011.2,3952.0
5813496.0,489380.0,4084.0
5813496.0,489380.0,4084.0
5813496.0,489380.0,4084.0
5813496.0,489380.0,4084.0
5813496.0,489380.0,4084.0
5813496.0,489380.0,4084.0
5813496.0,489380.0,4084.0
5813496.0,489380.0,4084.0
5813496.0,489380.0,4084.0
5813496.0,489380.0,4084.0
5813496.0,489380.0,4084.0
5813395.2,489492.0,4203.4666667
5813280.0,489620.0,4340.0
5734312.0,489621.6,4368.8
5615860.0,489624.0,4412.0
5615150.6667,489625.86667,4441.8666667
5614340.0,489628.0,4476.0
5614340.0,489628.0,4476.0
5614340.0,489628.0,4476.0
5614340.0,489628.0,4476.0
5614340.0,489628.0,4476.0
5614340.0,489628.0,4476.0
5614340.0,489628.0,4476.0
5611216.0,489637.33333,4538.6666667
5604968.0,489656.0,4664.0
5604968.0,489656.0,4664.0
5604410.6667,489676.0,4685.3333333
5603296.0,489716.0,4728.0
5603296.0,489716.0,4728.0
5602857.6,489718.13333,4740.8
5601652.0,489724.0,4776.0
5601944.8,489736.8,4790.4
5603116.0,489788.0,4848.0
5603116.0,489788.0,4848.0
5603116.0,489788.0,4848.0
5603116.0,489788.0,4848.0
5603116.0,489788.0,4848.0
5603116.0,489788.0,4848.0
5603116.0,489788.0,4848.0
5603116.0,489788.0,4848.0
5603116.0,489788.0,4848.0
5603116.0,489788.0,4848.0
5603116.0,489788.0,4848.0
5603024.2667,489817.86667,4916.2666667
5602772.0,489900.0,5104.0
5602772.0,489900.0,5104.0
5602772.0,489900.0,5104.0
5600871.2,489907.46667,5131.7333333
5595644.0,489928.0,5208.0
5595644.0,489928.0,5208.0
5595265.6,489928.0,5217.6
5593752.0,489928.0,5256.0
5593752.0,489928.0,5256.0
5593752.0,489928.0,5256.0
5593752.0,489928.0,5256.0
5593752.0,489928.0,5256.0
5593752.0,489928.0,5256.0
5593752.0,489928.0,5256.0
5593752.0,489928.0,5256.0
5593752.0,489928.0,5256.0
5593752.0,489928.0,5256.0
5593752.0,489928.0,5256.0
5593740.8,489929.06667,5274.1333333
5593584.0,489944.0,5528.0
5593584.0,489944.0,5528.0
5593584.0,489944.0,5528.0
5593584.0,489944.0,5528.0
5593584.0,489944.0,5528.0
5593584.0,489944.0,5528.0
5593584.0,489944.0,5528.0
5593584.0,489944.0,5528.0
5593584.0,489944.0,5528.0
5593584.0,489944.0,5528.0
5593584.0,489944.0,5528.0
5593584.0,489944.0,5528.0
5592648.0,490172.0,5820.0
5592648.0,490172.0,5820.0
5592648.0,490172.0,5820.0
5592648.0,490172.0,5820.0
5592060.2667,490172.26667,5828.5333333
5583832.0,490176.0,5948.0
5583832.0,490176.0,5948.0
5583832.0,490176.0,5948.0
5583832.0,490176.0,5948.0
5583832.0,490176.0,5948.0
5583832.0,490176.0,5948.0
5583832.0,490176.0,5948.0
5583832.0,490176.0,5948.0
5583832.0,490176.0,5948.0
5583832.0,490176.0,5948.0
5583832.0,490176.0,5948.0
5583497.6,490179.2,5997.6
5582160.0,490192.0,6196.0
5582160.0,490192.0,6196.0
5582160.0,490192.0,6196.0
5582160.0,490192.0,6196.0
5582160.0,490192.0,6196.0
5582160.0,490192.0,6196.0
5582160.0,490192.0,6196.0
5582160.0,490192.0,6196.0
5582160.0,490192.0,6196.0
5582160.0,490192.0,6196.0
5582160.0,490192.0,6196.0
5581585.3333,490228.0,6300.0
5580436.0,490300.0,6508.0
5580436.0,490300.0,6508.0
5580436.0,490300.0,6508.0
5580436.0,490300.0,6508.0
5580436.0,490300.0,6508.0
5580436.0,490300.0,6508.0
5580436.0,490300.0,6508.0
5580436.0,490300.0,6508.0
5580436.0,490300.0,6508.0
5580436.0,490300.0,6508.0
6365272.8,487676.0,6600.8
