7985852.0,47484.0,2844.0
7085881.8667,183945.6,3718.1333333
6758620.0,233568.0,4036.0
6758620.0,233568.0,4036.0
6756276.2667,233573.86667,4100.5333333
6755424.0,233576.0,4124.0
6755424.0,233576.0,4124.0
6751285.0667,233587.73333,4159.2
6749780.0,233592.0,4172.0
6713453.6,233597.86667,4218.9333333
6700244.0,233600.0,4236.0
6700244.0,233600.0,4236.0
6698609.3333,233626.66667,4278.6666667
6697792.0,233640.0,4300.0
6697792.0,233640.0,4300.0
6697792.0,233640.0,4300.0
6697792.0,233640.0,4300.0
6679904.0,233650.66667,4368.2666667
6664252.0,233660.0,4428.0
6664252.0,233660.0,4428.0
6664252.0,233660.0,4428.0
6664252.0,233660.0,4428.0
6664252.0,233660.0,4428.0
6640132.5333,233662.13333,4492.0
6619028.0,233664.0,4548.0
6619028.0,233664.0,4548.0
6619028.0,233664.0,4548.0
6619028.0,233664.0,4548.0
6578377.3333,233672.0,4633.3333333
6558052.0,233676.0,4676.0
6558052.0,233676.0,4676.0
