7952908.0,75532.0,2112.0
7666695.7333,133734.66667,3799.4666667
7646252.0,137892.0,3920.0
7646252.0,137892.0,3920.0
7642536.0,138328.0,3984.0
7642536.0,138328.0,3984.0
7642536.0,138328.0,3984.0
7620542.9333,139070.93333,4181.8666667
7618972.0,139124.0,4196.0
7531432.8,139131.46667,4255.7333333
7525180.0,139132.0,4260.0
7525180.0,139132.0,4260.0
7526382.1333,139143.2,4312.2666667
7526468.0,139144.0,4316.0
7526468.0,139144.0,4316.0
7526468.0,139144.0,4316.0
7526468.0,139144.0,4316.0
7509081.8667,139155.2,4428.0
7507840.0,139156.0,4436.0
7507840.0,139156.0,4436.0
7492788.0,144716.0,5928.0
7492788.0,144716.0,5928.0
7492788.0,144716.0,5928.0
7883596.0,140052.0,5988.0
7883596.0,140052.0,5988.0
