data_points,dimensions,k,diskio_out
25000,10,10,1
25000,10,100,8
25000,10,200,8
25000,10,300,6
25000,10,400,7
25000,10,500,10
25000,10,600,8
25000,10,700,10
25000,10,800,8
25000,10,900,6
25000,10,1000,7
25000,10,1200,8
25000,10,1400,9
25000,10,1600,8
25000,50,10,0
25000,50,100,6
25000,50,200,6
25000,50,300,7
25000,50,400,9
25000,50,500,10
25000,50,600,8
25000,50,700,6
25000,50,800,9
25000,50,900,7
25000,50,1000,10
25000,50,1200,10
25000,50,1400,11
25000,50,1600,12
25000,100,10,6
25000,100,100,6
25000,100,200,10
25000,100,300,9
25000,100,400,13
25000,100,500,9
25000,100,600,10
25000,100,700,8
25000,100,800,13
25000,100,900,14
25000,100,1000,13
25000,100,1200,9
25000,100,1400,15
25000,100,1600,12
25000,250,10,6
25000,250,100,8
25000,250,200,8
25000,250,300,9
25000,250,400,13
25000,250,500,14
25000,250,600,10
25000,250,700,19
25000,250,800,13
25000,250,900,24
25000,250,1000,21
25000,250,1200,16
25000,250,1400,13
25000,250,1600,28
25000,500,10,13
25000,500,100,14
25000,500,200,13
25000,500,300,12
25000,500,400,17
25000,500,500,35
25000,500,600,31
25000,500,700,30
25000,500,800,32
25000,500,900,38
25000,500,1000,31
25000,500,1200,34
25000,500,1400,51
25000,500,1600,45
25000,750,10,8
25000,750,100,13
25000,750,200,8
25000,750,300,16
25000,750,400,22
25000,750,500,28
25000,750,600,21
25000,750,700,27
25000,750,800,33
25000,750,900,34
25000,750,1000,53
25000,750,1200,42
25000,750,1400,81
25000,750,1600,52
25000,1000,10,16
25000,1000,100,16
25000,1000,200,15
25000,1000,300,37
25000,1000,400,25
25000,1000,500,29
25000,1000,600,34
25000,1000,700,29
25000,1000,800,33
25000,1000,900,42
25000,1000,1000,52
25000,1000,1200,65
25000,1000,1400,96
25000,1000,1600,54
