data_points,dimensions,k,time
25000,10,10,9
25000,10,100,18
25000,10,200,25
25000,10,300,34
25000,10,400,46
25000,10,500,56
25000,10,600,75
25000,10,700,92
25000,10,800,99
25000,10,900,119
25000,10,1000,123
25000,10,1200,141
25000,10,1400,172
25000,10,1600,194
25000,50,10,23
25000,50,100,64
25000,50,200,113
25000,50,300,167
25000,50,400,236
25000,50,500,297
25000,50,600,364
25000,50,700,420
25000,50,800,483
25000,50,900,517
25000,50,1000,500
25000,50,1200,576
25000,50,1400,672
25000,50,1600,796
25000,100,10,54
25000,100,100,147
25000,100,200,240
25000,100,300,348
25000,100,400,457
25000,100,500,563
25000,100,600,671
25000,100,700,763
25000,100,800,890
25000,100,900,1003
25000,100,1000,1065
25000,100,1200,1111
25000,100,1400,1351
25000,100,1600,1475
25000,250,10,116
25000,250,100,303
25000,250,200,583
25000,250,300,886
25000,250,400,1152
25000,250,500,1430
25000,250,600,1554
25000,250,700,1617
25000,250,800,2223
25000,250,900,2598
25000,250,1000,2920
25000,250,1200,3461
25000,250,1400,3977
25000,250,1600,4528
25000,500,10,281
25000,500,100,761
25000,500,200,1303
25000,500,300,1840
25000,500,400,2421
25000,500,500,2987
25000,500,600,3552
25000,500,700,4108
25000,500,800,4678
25000,500,900,5219
25000,500,1000,5736
25000,500,1200,5495
25000,500,1400,6571
25000,500,1600,7006
25000,750,10,341
25000,750,100,904
25000,750,200,1630
25000,750,300,2361
25000,750,400,3111
25000,750,500,3649
25000,750,600,3968
25000,750,700,4598
25000,750,800,5305
25000,750,900,5819
25000,750,1000,6536
25000,750,1200,7784
25000,750,1400,9073
25000,750,1600,10472
25000,1000,10,458
25000,1000,100,1145
25000,1000,200,1922
25000,1000,300,2758
25000,1000,400,3574
25000,1000,500,4420
25000,1000,600,5249
25000,1000,700,6192
25000,1000,800,6943
25000,1000,900,7784
25000,1000,1000,8615
25000,1000,1200,10507
25000,1000,1400,12274
25000,1000,1600,13830
