data_points,dimensions,k,diskio_in
25000,10,10,49
25000,10,100,49
25000,10,200,48
25000,10,300,41
25000,10,400,49
25000,10,500,41
25000,10,600,42
25000,10,700,42
25000,10,800,41
25000,10,900,42
25000,10,1000,42
25000,10,1200,42
25000,10,1400,49
25000,10,1600,51
25000,50,10,80
25000,50,100,87
25000,50,200,80
25000,50,300,86
25000,50,400,79
25000,50,500,79
25000,50,600,80
25000,50,700,80
25000,50,800,80
25000,50,900,81
25000,50,1000,76
25000,50,1200,79
25000,50,1400,79
25000,50,1600,86
25000,100,10,129
25000,100,100,126
25000,100,200,130
25000,100,300,128
25000,100,400,125
25000,100,500,134
25000,100,600,135
25000,100,700,135
25000,100,800,137
25000,100,900,135
25000,100,1000,135
25000,100,1200,129
25000,100,1400,127
25000,100,1600,128
25000,250,10,272
25000,250,100,276
25000,250,200,273
25000,250,300,272
25000,250,400,273
25000,250,500,275
25000,250,600,272
25000,250,700,276
25000,250,800,273
25000,250,900,276
25000,250,1000,274
25000,250,1200,274
25000,250,1400,281
25000,250,1600,275
25000,500,10,514
25000,500,100,515
25000,500,200,512
25000,500,300,516
25000,500,400,513
25000,500,500,514
25000,500,600,518
25000,500,700,515
25000,500,800,518
25000,500,900,516
25000,500,1000,522
25000,500,1200,523
25000,500,1400,522
25000,500,1600,523
25000,750,10,755
25000,750,100,758
25000,750,200,757
25000,750,300,757
25000,750,400,753
25000,750,500,758
25000,750,600,757
25000,750,700,757
25000,750,800,757
25000,750,900,756
25000,750,1000,758
25000,750,1200,760
25000,750,1400,757
25000,750,1600,765
25000,1000,10,998
25000,1000,100,996
25000,1000,200,996
25000,1000,300,1003
25000,1000,400,1005
25000,1000,500,1005
25000,1000,600,998
25000,1000,700,996
25000,1000,800,999
25000,1000,900,1000
25000,1000,1000,999
25000,1000,1200,1000
25000,1000,1400,1000
25000,1000,1600,1004
