vda,114.60,0.55,0.01,2,0
vda,2.40,0.00,0.01,0,0
vda,5.40,0.02,0.00,0,0
vda,1.40,0.00,0.00,0,0
vda,10.80,0.04,0.01,0,0
vda,73.20,0.45,0.08,2,0
vda,335.60,13.11,0.30,65,1
vda,105.60,11.45,0.06,57,0
vda,99.20,12.40,0.00,62,0
vda,65.60,8.05,0.00,40,0
vda,3.40,0.00,0.01,0,0
vda,5.80,0.02,0.00,0,0
vda,1.40,0.00,0.01,0,0
vda,9.20,0.00,1.31,0,6
vda,19.60,0.00,0.08,0,0
vda,1.20,0.00,0.00,0,0
vda,53.60,0.00,0.21,0,1
vda,1.00,0.00,0.00,0,0
vda,2.20,0.00,0.01,0,0
vda,2.80,0.00,0.02,0,0
vda,2.00,0.00,0.01,0,0
vda,12.60,0.00,0.05,0,0
vda,2.00,0.00,0.01,0,0
vda,8.20,0.00,0.03,0,0
vda,1.40,0.00,0.00,0,0
vda,52.20,0.00,0.21,0,1
vda,3.60,0.00,0.02,0,0
vda,1.80,0.00,0.01,0,0
vda,10.00,0.00,0.04,0,0
vda,18.00,0.00,0.07,0,0
vda,0.00,0.00,0.00,0,0
vda,2.60,0.00,0.01,0,0
vda,1.40,0.00,0.01,0,0
vda,1.60,0.00,0.01,0,0
vda,35.00,0.00,0.14,0,0
vda,1.80,0.00,0.01,0,0
vda,19.40,0.00,0.08,0,0
vda,2.00,0.00,0.01,0,0
vda,1.60,0.00,0.01,0,0
vda,0.20,0.00,0.00,0,0
vda,3.60,0.00,0.02,0,0
vda,1.40,0.00,0.01,0,0
vda,0.20,0.00,0.00,0,0
vda,59.80,0.00,0.24,0,1
vda,12.40,0.00,0.05,0,0
vda,0.20,0.00,0.00,0,0
vda,2.20,0.00,0.01,0,0
vda,1.40,0.00,0.01,0,0
vda,2.80,0.00,0.02,0,0
vda,3.20,0.00,0.01,0,0
vda,1.20,0.00,0.00,0,0
vda,0.00,0.00,0.00,0,0
vda,69.40,0.00,0.27,0,1
vda,1.20,0.00,0.00,0,0
vda,8.00,0.00,0.03,0,0
vda,4.20,0.00,0.03,0,0
vda,2.80,0.00,0.01,0,0
vda,0.20,0.00,0.00,0,0
vda,2.60,0.00,0.01,0,0
vda,18.00,0.00,0.07,0,0
vda,0.80,0.00,0.00,0,0
vda,52.80,0.00,0.21,0,1
vda,2.80,0.00,0.02,0,0
vda,8.20,0.00,0.03,0,0
vda,2.20,0.00,0.01,0,0
vda,1.20,0.00,0.00,0,0
vda,2.40,0.00,0.01,0,0
vda,14.00,0.00,0.06,0,0
vda,1.20,0.00,0.00,0,0
vda,2.20,0.00,0.01,0,0
vda,35.20,0.00,0.14,0,0
vda,1.20,0.00,0.00,0,0
vda,7.60,0.00,0.03,0,0
vda,2.80,0.00,0.01,0,0
vda,18.60,0.00,0.07,0,0
vda,1.40,0.00,0.00,0,0
vda,4.40,0.00,0.02,0,0
vda,1.00,0.00,0.00,0,0
vda,0.00,0.00,0.00,0,0
vda,53.00,0.00,0.21,0,1
vda,1.40,0.00,0.01,0,0
vda,12.00,0.00,0.05,0,0
vda,2.20,0.00,0.01,0,0
vda,9.20,0.00,0.04,0,0
vda,1.20,0.00,0.00,0,0
vda,2.60,0.00,0.01,0,0
vda,1.40,0.00,0.01,0,0
vda,1.20,0.00,0.00,0,0
vda,53.60,0.00,0.21,0,1
vda,18.80,0.00,0.07,0,0
vda,1.80,0.00,0.01,0,0
vda,3.00,0.00,0.01,0,0
vda,1.40,0.00,0.01,0,0
vda,1.00,0.00,0.00,0,0
vda,9.00,0.00,0.04,0,0
vda,1.20,0.00,0.00,0,0
vda,20.00,0.00,0.08,0,0
vda,53.80,0.00,0.22,0,1
vda,1.40,0.00,0.01,0,0
vda,1.60,0.00,0.01,0,0
vda,2.00,0.00,0.01,0,0
vda,1.20,0.00,0.00,0,0
vda,0.00,0.00,0.00,0,0
vda,9.60,0.00,0.04,0,0
vda,14.00,0.00,0.06,0,0
vda,0.00,0.00,0.00,0,0
vda,34.80,0.00,0.14,0,0
vda,1.20,0.00,0.00,0,0
vda,0.20,0.00,0.00,0,0
vda,4.00,0.00,0.02,0,0
vda,1.60,0.00,0.01,0,0
vda,18.20,0.00,0.07,0,0
vda,2.20,0.00,0.01,0,0
vda,1.20,0.00,0.00,0,0
vda,0.00,0.00,0.00,0,0
vda,59.80,0.00,0.24,0,1
vda,1.60,0.00,0.01,0,0
vda,3.60,0.00,0.01,0,0
vda,3.40,0.00,0.02,0,0
vda,17.40,0.02,0.05,0,0
vda,2.20,0.00,0.01,0,0
vda,2.20,0.00,0.01,0,0
vda,1.20,0.00,0.00,0,0
vda,67.40,0.00,0.27,0,1
vda,14.00,0.00,0.06,0,0
vda,3.20,0.00,0.01,0,0
vda,26.00,0.00,0.10,0,0
vda,1.80,0.00,0.01,0,0
vda,1.40,0.00,0.01,0,0
vda,0.00,0.00,0.00,0,0
vda,2.20,0.00,0.01,0,0
vda,1.40,0.00,0.00,0,0
vda,60.60,0.00,0.24,0,1
vda,0.40,0.00,0.00,0,0
vda,18.60,0.00,0.07,0,0
vda,2.40,0.00,0.01,0,0
vda,2.60,0.00,0.01,0,0
vda,1.60,0.00,0.01,0,0
vda,52.60,0.00,0.21,0,1
vda,2.40,0.00,0.01,0,0
vda,1.20,0.00,0.00,0,0
vda,0.60,0.00,0.00,0,0
vda,2.20,0.00,0.01,0,0
vda,1.20,0.00,0.00,0,0
vda,1.00,0.00,0.00,0,0
vda,3.20,0.00,0.02,0,0
vda,20.00,0.00,0.08,0,0
vda,52.60,0.00,0.21,0,1
vda,0.60,0.00,0.00,0,0
vda,1.20,0.00,0.00,0,0
vda,0.40,0.00,0.00,0,0
vda,2.40,0.00,0.01,0,0
vda,9.80,0.00,0.04,0,0
vda,11.60,0.00,0.05,0,0
vda,2.20,0.00,0.01,0,0
vda,1.20,0.00,0.00,0,0
vda,50.40,0.00,0.20,0,1
vda,13.00,0.00,0.05,0,0
vda,0.00,0.00,0.00,0,0
vda,52.00,0.00,0.21,0,1
vda,2.40,0.00,0.01,0,0
vda,1.20,0.00,0.00,0,0
vda,44.80,0.00,0.18,0,0
vda,2.40,0.00,0.01,0,0
vda,1.20,0.00,0.00,0,0
vda,44.80,0.00,0.18,0,0
vda,2.40,0.00,0.01,0,0
vda,2.80,0.00,0.01,0,0
vda,2.60,0.00,0.01,0,0
vda,0.00,0.00,0.00,0,0
vda,77.40,0.00,0.31,0,1
vda,0.80,0.00,0.00,0,0
vda,2.40,0.00,0.01,0,0
vda,46.40,0.00,0.19,0,0
vda,1.20,0.00,0.00,0,0
vda,2.20,0.00,0.01,0,0
vda,46.60,0.00,0.19,0,0
vda,3.60,0.00,0.01,0,0
vda,1.00,0.00,0.00,0,0
vda,59.80,0.00,0.24,0,1
vda,0.20,0.00,0.00,0,0
vda,2.20,0.00,0.01,0,0
vda,63.80,0.00,0.26,0,1
vda,1.00,0.00,0.00,0,0
vda,2.20,0.00,0.01,0,0
vda,46.40,0.00,0.19,0,0
vda,0.20,0.00,0.00,0,0
vda,3.60,0.00,0.01,0,0
vda,54.00,0.00,0.22,0,1
vda,0.00,0.00,0.00,0,0
vda,2.20,0.00,0.01,0,0
vda,52.20,0.00,0.21,0,1
vda,0.80,0.00,0.00,0,0
vda,2.20,0.00,0.01,0,0
vda,63.40,0.00,0.26,0,1
vda,0.80,0.00,0.00,0,0
vda,2.20,0.00,0.01,0,0
vda,55.40,0.00,0.23,0,1
vda,2.60,0.00,0.01,0,0
vda,1.60,0.00,0.01,0,0
vda,47.40,0.00,0.19,0,0
vda,0.20,0.00,0.00,0,0
vda,42.40,0.00,0.17,0,0
vda,1.40,0.00,0.01,0,0
vda,0.60,0.00,0.00,0,0
vda,70.40,0.00,0.28,0,1
vda,1.40,0.00,0.01,0,0
vda,3.00,0.00,0.01,0,0
vda,55.60,0.00,0.22,0,1
vda,1.20,0.00,0.00,0,0
vda,0.00,0.00,0.00,0,0
vda,48.00,0.00,0.20,0,0
vda,1.40,0.00,0.01,0,0
vda,0.80,0.00,0.00,0,0
vda,47.40,0.00,0.19,0,0
vda,1.40,0.00,0.01,0,0
vda,0.60,0.00,0.00,0,0
vda,70.60,0.00,0.28,0,1
vda,2.60,0.00,0.01,0,0
vda,2.60,0.00,0.01,0,0
vda,54.20,0.00,0.22,0,1
vda,1.40,0.00,0.01,0,0
vda,0.00,0.00,0.00,0,0
vda,47.40,0.00,0.19,0,0
vda,1.40,0.00,0.01,0,0
vda,0.60,0.00,0.00,0,0
vda,47.20,0.00,0.19,0,0
vda,3.40,0.00,0.01,0,0
vda,1.40,0.00,0.01,0,0
vda,2.60,0.00,0.01,0,0
vda,1.20,0.00,0.00,0,0
vda,0.00,0.00,0.00,0,0
vda,2.60,0.00,0.01,0,0
vda,27.20,0.00,0.11,0,0
vda,51.00,0.00,0.20,0,1
vda,2.20,0.00,0.01,0,0
vda,1.20,0.00,0.00,0,0
vda,0.80,0.00,0.00,0,0
vda,4.20,0.00,0.02,0,0
vda,1.80,0.00,0.01,0,0
vda,24.40,0.00,0.10,0,0
vda,3.00,0.00,0.01,0,0
vda,1.20,0.00,0.00,0,0
vda,0.80,0.00,0.00,0,0
vda,82.00,0.00,0.33,0,1
vda,1.60,0.00,0.01,0,0
vda,2.40,0.00,0.01,0,0
vda,5.80,0.00,0.03,0,0
vda,12.80,0.00,0.05,0,0
vda,0.00,0.00,0.00,0,0
vda,16.80,0.19,0.01,0,0
vda,15.60,0.31,0.01,1,0
vda,31.40,0.00,0.17,0,0
vda,52.20,0.00,0.21,0,1
vda,1.40,0.00,0.01,0,0
vda,21.60,0.00,0.08,0,0
vda,2.20,0.00,0.01,0,0
vda,0.60,0.00,0.00,0,0
vda,1.80,0.00,0.01,0,0
vda,2.20,0.00,0.01,0,0
vda,0.00,0.00,0.00,0,0
vda,40.60,0.00,0.16,0,0
vda,6.00,0.00,0.03,0,0
vda,18.80,0.00,0.07,0,0
vda,0.20,0.00,0.00,0,0
vda,4.00,0.00,0.02,0,0
vda,1.60,0.00,0.01,0,0
vda,70.40,0.00,0.28,0,1
vda,2.40,0.00,0.01,0,0
vda,1.20,0.00,0.00,0,0
vda,45.60,0.00,0.18,0,0
vda,2.40,0.00,0.01,0,0
vda,0.60,0.00,0.00,0,0
vda,46.20,0.00,0.19,0,0
vda,3.80,0.00,0.01,0,0
vda,1.60,0.00,0.01,0,0
vda,58.80,0.00,0.24,0,1
vda,2.40,0.00,0.01,0,0
vda,0.00,0.00,0.00,0,0
vda,63.60,0.00,0.25,0,1
vda,2.40,0.00,0.01,0,0
vda,0.00,0.00,0.00,0,0
vda,46.20,0.00,0.19,0,0
vda,3.80,0.00,0.01,0,0
vda,1.60,0.00,0.01,0,0
vda,0.20,0.00,0.00,0,0
vda,2.40,0.00,0.01,0,0
vda,10.00,0.00,0.04,0,0
vda,52.00,0.00,0.21,0,1
vda,2.00,0.00,0.01,0,0
vda,2.20,0.00,0.01,0,0
vda,73.40,0.00,0.30,0,1
vda,0.20,0.00,0.00,0,0
vda,2.60,0.00,0.01,0,0
vda,52.00,0.00,0.21,0,1
vda,2.59,0.00,0.01,0,0
vda,1.20,0.00,0.00,0,0
vda,45.60,0.00,0.18,0,0
vda,2.40,0.00,0.01,0,0
vda,1.20,0.00,0.00,0,0
vda,51.40,0.00,0.21,0,1
vda,4.40,0.00,0.02,0,0
vda,1.60,0.00,0.01,0,0
vda,70.40,0.00,0.28,0,1
vda,2.40,0.00,0.01,0,0
vda,1.20,0.00,0.00,0,0
vda,45.80,0.00,0.18,0,0
vda,2.40,0.00,0.01,0,0
vda,1.20,0.00,0.00,0,0
vda,45.00,0.00,0.18,0,0
vda,2.40,0.00,0.01,0,0
vda,2.00,0.00,0.01,0,0
vda,59.80,0.00,0.24,0,1
vda,2.60,0.00,0.01,0,0
vda,1.20,0.00,0.00,0,0
vda,62.80,0.00,0.25,0,1
vda,2.00,0.00,0.01,0,0
vda,2.20,0.00,0.01,0,0
vda,45.60,0.00,0.18,0,0
vda,1.60,0.00,0.01,0,0
vda,2.20,0.00,0.01,0,0
vda,1.40,0.00,0.01,0,0
vda,2.60,0.00,0.01,0,0
vda,1.20,0.00,0.00,0,0
vda,0.40,0.00,0.00,0,0
vda,69.40,0.00,0.27,0,1
vda,9.20,0.00,0.04,0,0
vda,0.60,0.00,0.00,0,0
vda,1.60,0.00,0.00,0,0
vda,4.00,0.00,0.02,0,0
vda,2.00,0.00,0.01,0,0
vda,2.20,0.00,0.01,0,0
vda,1.80,0.00,0.01,0,0
vda,12.80,0.00,0.05,0,0
vda,33.60,0.00,0.13,0,0
vda,9.20,0.00,0.04,0,0
vda,1.20,0.00,0.01,0,0
vda,1.40,0.00,0.01,0,0
vda,2.20,0.00,0.01,0,0
vda,1.80,0.00,0.01,0,0
vda,21.60,0.00,0.08,0,0
vda,1.60,0.00,0.01,0,0
vda,0.40,0.00,0.00,0,0
vda,51.00,0.00,0.20,0,1
vda,2.20,0.00,0.01,0,0
vda,0.60,0.00,0.00,0,0
vda,9.80,0.00,0.04,0,0
vda,2.80,0.00,0.01,0,0
vda,20.40,0.00,0.08,0,0
vda,0.20,0.00,0.00,0,0
vda,2.60,0.00,0.01,0,0
vda,8.60,0.00,0.04,0,0
vda,49.80,0.00,0.20,0,0
vda,3.80,0.00,0.02,0,0
vda,1.00,0.00,0.00,0,0
vda,13.00,0.00,0.05,0,0
vda,2.20,0.00,0.01,0,0
vda,0.60,0.00,0.00,0,0
vda,5.20,0.00,0.02,0,0
vda,1.60,0.00,0.01,0,0
vda,0.60,0.00,0.00,0,0
vda,70.80,0.00,0.28,0,1
vda,2.20,0.00,0.01,0,0
vda,23.80,0.00,0.09,0,0
vda,13.40,0.00,0.06,0,0
vda,2.40,0.00,0.01,0,0
vda,1.40,0.00,0.01,0,0
vda,3.60,0.00,0.01,0,0
vda,4.60,0.00,0.02,0,0
vda,0.00,0.00,0.00,0,0
vda,50.80,0.00,0.20,0,1
vda,2.20,0.00,0.01,0,0
vda,1.00,0.00,0.00,0,0
vda,8.60,0.00,0.04,0,0
vda,2.60,0.00,0.01,0,0
vda,1.20,0.00,0.00,0,0
vda,2.40,0.00,0.01,0,0
vda,3.80,0.00,0.01,0,0
vda,13.40,0.00,0.05,0,0
vda,51.40,0.00,0.20,0,1
vda,2.20,0.00,0.01,0,0
vda,0.40,0.00,0.00,0,0
vda,8.40,0.00,0.04,0,0
vda,3.60,0.00,0.02,0,0
vda,1.60,0.00,0.01,0,0
vda,1.40,0.00,0.01,0,0
vda,21.00,0.00,0.08,0,0
vda,1.00,0.00,0.00,0,0
vda,51.00,0.00,0.20,0,1
vda,0.00,0.00,0.00,0,0
vda,3.80,0.00,0.02,0,0
vda,8.40,0.00,0.04,0,0
vda,2.20,0.00,0.01,0,0
vda,12.80,0.00,0.05,0,0
vda,2.60,0.00,0.01,0,0
vda,2.80,0.00,0.01,0,0
vda,77.00,0.00,0.31,0,1
vda,0.20,0.00,0.00,0,0
vda,2.20,0.00,0.01,0,0
vda,1.20,0.00,0.00,0,0
vda,1.20,0.00,0.00,0,0
vda,0.60,0.00,0.00,0,0
vda,2.20,0.00,0.01,0,0
vda,4.40,0.00,0.02,0,0
vda,33.40,0.00,0.13,0,0
vda,14.20,0.00,0.06,0,0
vda,1.40,0.00,0.00,0,0
vda,0.00,0.00,0.00,0,0
vda,2.20,0.00,0.01,0,0
vda,1.80,0.00,0.01,0,0
vda,7.20,0.00,0.03,0,0
vda,2.60,0.00,0.01,0,0
vda,26.60,0.00,0.11,0,0
vda,49.80,0.00,0.20,0,0
vda,2.60,0.00,0.01,0,0
vda,1.20,0.00,0.00,0,0
vda,0.00,0.00,0.00,0,0
vda,2.40,0.00,0.01,0,0
vda,10.40,0.00,0.04,0,0
vda,1.20,0.00,0.01,0,0
