vda,47.20,0.18,0.01,0,0
vda,1.00,0.00,0.00,0,0
vda,11.60,0.05,0.00,0,0
vda,2.20,0.00,0.01,0,0
vda,80.40,0.55,0.01,2,0
vda,13.00,0.00,0.05,0,0
vda,258.60,9.54,0.22,47,1
vda,48.40,6.05,0.00,30,0
vda,2.60,0.00,0.01,0,0
vda,2.20,0.00,0.01,0,0
vda,0.60,0.00,0.00,0,0
vda,1.20,0.00,0.00,0,0
vda,4.80,0.00,0.82,0,4
vda,17.00,0.00,0.54,0,2
vda,15.80,0.00,0.06,0,0
vda,26.20,0.00,0.11,0,0
vda,0.00,0.00,0.00,0,0
vda,1.40,0.00,0.01,0,0
vda,2.20,0.00,0.01,0,0
vda,0.20,0.00,0.00,0,0
vda,21.80,0.00,0.09,0,0
vda,2.20,0.00,0.01,0,0
vda,0.60,0.00,0.00,0,0
vda,5.20,0.00,0.02,0,0
vda,25.00,0.00,0.10,0,0
vda,2.00,0.00,0.01,0,0
vda,1.40,0.00,0.00,0,0
vda,14.80,0.00,0.06,0,0
vda,0.00,0.00,0.00,0,0
vda,1.20,0.00,0.00,0,0
vda,15.20,0.00,0.06,0,0
vda,1.00,0.00,0.01,0,0
vda,1.40,0.00,0.01,0,0
vda,35.00,0.00,0.14,0,0
vda,4.20,0.00,0.02,0,0
vda,9.00,0.00,0.03,0,0
vda,2.20,0.00,0.01,0,0
vda,0.40,0.00,0.00,0,0
vda,7.40,0.00,0.03,0,0
vda,2.20,0.00,0.01,0,0
vda,0.00,0.00,0.00,0,0
vda,10.40,0.00,0.05,0,0
vda,46.60,0.00,0.19,0,0
vda,1.00,0.00,0.00,0,0
vda,3.60,0.00,0.01,0,0
vda,5.60,0.00,0.02,0,0
vda,0.20,0.00,0.00,0,0
vda,1.20,0.00,0.00,0,0
vda,2.40,0.00,0.01,0,0
vda,1.80,0.00,0.01,0,0
vda,12.80,0.00,0.05,0,0
vda,42.00,0.00,0.17,0,0
vda,0.60,0.00,0.00,0,0
vda,8.40,0.00,0.03,0,0
vda,2.00,0.00,0.01,0,0
vda,1.60,0.00,0.01,0,0
vda,2.40,0.00,0.01,0,0
vda,9.80,0.00,0.04,0,0
vda,0.00,0.00,0.00,0,0
vda,1.20,0.00,0.00,0,0
vda,35.00,0.00,0.14,0,0
vda,0.40,0.00,0.00,0,0
vda,1.80,0.00,0.01,0,0
vda,6.00,0.00,0.03,0,0
vda,1.00,0.00,0.00,0,0
vda,13.60,0.00,0.05,0,0
vda,0.00,0.00,0.00,0,0
vda,1.60,0.00,0.01,0,0
vda,8.40,0.00,0.03,0,0
vda,40.20,0.00,0.16,0,0
vda,3.20,0.00,0.02,0,0
vda,2.20,0.00,0.01,0,0
vda,7.80,0.00,0.03,0,0
vda,5.40,0.00,0.02,0,0
vda,2.20,0.00,0.01,0,0
vda,6.00,0.00,0.02,0,0
vda,1.40,0.00,0.01,0,0
vda,1.60,0.00,0.01,0,0
vda,36.00,0.00,0.15,0,0
vda,0.40,0.00,0.00,0,0
vda,19.60,0.00,0.08,0,0
vda,2.40,0.00,0.01,0,0
vda,2.00,0.00,0.01,0,0
vda,6.20,0.00,0.02,0,0
vda,0.00,0.00,0.00,0,0
vda,3.20,0.00,0.02,0,0
vda,35.20,0.00,0.14,0,0
vda,12.60,0.00,0.05,0,0
vda,0.00,0.00,0.00,0,0
vda,8.20,0.00,0.03,0,0
vda,9.00,0.00,0.04,0,0
vda,2.60,0.00,0.01,0,0
vda,2.00,0.00,0.01,0,0
vda,1.20,0.00,0.01,0,0
vda,1.20,0.00,0.00,0,0
vda,34.00,0.00,0.14,0,0
vda,0.00,0.00,0.00,0,0
vda,1.40,0.00,0.01,0,0
vda,14.40,0.00,0.06,0,0
vda,2.20,0.00,0.01,0,0
vda,3.40,0.00,0.02,0,0
vda,2.40,0.00,0.01,0,0
vda,47.80,0.00,0.20,0,0
vda,0.00,0.00,0.00,0,0
