7951976.0,75908.0,2004.0
7844566.4,93419.2,2389.6
7414928.0,163464.0,3932.0
7414183.4667,163469.33333,3953.3333333
7412136.0,163484.0,4012.0
7412136.0,163484.0,4012.0
7411800.8,163496.8,4024.8
7410460.0,163548.0,4076.0
7410460.0,163548.0,4076.0
7407112.8,163550.13333,4090.9333333
7397908.0,163556.0,4132.0
7376389.0667,163574.13333,4146.9333333
7317212.0,163624.0,4188.0
7317212.0,163624.0,4188.0
7316799.2,163622.93333,4205.0666667
7315664.0,163620.0,4252.0
7315664.0,163620.0,4252.0
7315664.0,163620.0,4252.0
7315664.0,163620.0,4252.0
7314468.8,163623.2,4296.8
7312676.0,163628.0,4364.0
7312676.0,163628.0,4364.0
7312676.0,163628.0,4364.0
7312676.0,163628.0,4364.0
7312676.0,163628.0,4364.0
7312676.0,163628.0,4364.0
7312676.0,163628.0,4364.0
7284985.8667,163639.2,4438.6666667
7253340.0,163652.0,4524.0
7253340.0,163652.0,4524.0
7498540.0,161024.8,4546.4
7866340.0,157084.0,4580.0
