7238940.8,781554.4,10497.866667
7963228.0,65768.0,3384.0
6711181.0667,348278.93333,3676.2666667
5615640.0,595476.0,3932.0
5615640.0,595476.0,3932.0
4523858.4,881488.8,3965.6
3796004.0,1072164.0,3988.0
3796004.0,1072164.0,3988.0
2876153.3333,1337036.0,4030.6666667
2416228.0,1469472.0,4052.0
2416228.0,1469472.0,4052.0
2291610.4,1544462.4,4085.6
2208532.0,1594456.0,4108.0
2208532.0,1594456.0,4108.0
2208532.0,1594456.0,4108.0
2208532.0,1594456.0,4108.0
2208532.0,1594456.0,4108.0
2208532.0,1594456.0,4108.0
2208532.0,1594456.0,4108.0
2208532.0,1594456.0,4108.0
2208532.0,1594456.0,4108.0
2208532.0,1594456.0,4108.0
2208532.0,1594456.0,4108.0
2207281.3333,1594464.0,4262.6666667
2206656.0,1594468.0,4340.0
2206656.0,1594468.0,4340.0
2206656.0,1594468.0,4340.0
2206656.0,1594468.0,4340.0
2206656.0,1594468.0,4340.0
2206656.0,1594468.0,4340.0
2206656.0,1594468.0,4340.0
2206656.0,1594468.0,4340.0
2206656.0,1594468.0,4340.0
2206656.0,1594468.0,4340.0
2206656.0,1594468.0,4340.0
2206902.4,1594832.8,4583.2
2206964.0,1594924.0,4644.0
2206964.0,1594924.0,4644.0
2206964.0,1594924.0,4644.0
2206964.0,1594924.0,4644.0
2206964.0,1594924.0,4644.0
2206964.0,1594924.0,4644.0
2206964.0,1594924.0,4644.0
2206964.0,1594924.0,4644.0
2206964.0,1594924.0,4644.0
2206964.0,1594924.0,4644.0
2206964.0,1594924.0,4644.0
2206669.3333,1594941.3333,4841.6
2205043.2,1594940.5333,4927.4666667
2204800.0,1594940.0,4936.0
2204800.0,1594940.0,4936.0
2205732.5333,1594943.4667,4991.4666667
2205876.0,1594944.0,5000.0
2205876.0,1594944.0,5000.0
2205876.0,1594944.0,5000.0
2205876.0,1594944.0,5000.0
2205876.0,1594944.0,5000.0
2205876.0,1594944.0,5000.0
2205876.0,1594944.0,5000.0
2205876.0,1594944.0,5000.0
2205876.0,1594944.0,5000.0
2205876.0,1594944.0,5000.0
2205876.0,1594944.0,5000.0
2204112.0,1594980.0,5208.0
2205288.0,1594980.0,5264.0
2205288.0,1594980.0,5264.0
2205288.0,1594980.0,5264.0
2205288.0,1594980.0,5264.0
2205288.0,1594980.0,5264.0
2205288.0,1594980.0,5264.0
2205288.0,1594980.0,5264.0
2205288.0,1594980.0,5264.0
2205288.0,1594980.0,5264.0
2205288.0,1594980.0,5264.0
2205288.0,1594980.0,5264.0
2205269.8667,1595001.3333,5298.1333333
2205152.0,1595140.0,5520.0
2205152.0,1595140.0,5520.0
2205152.0,1595140.0,5520.0
2205152.0,1595140.0,5520.0
2202920.0,1595152.0,5640.0
2202920.0,1595152.0,5640.0
2202920.0,1595152.0,5640.0
2202920.0,1595152.0,5640.0
2202920.0,1595152.0,5640.0
2202920.0,1595152.0,5640.0
2202920.0,1595152.0,5640.0
2202920.0,1595152.0,5640.0
2202920.0,1595152.0,5640.0
2202920.0,1595152.0,5640.0
2202920.0,1595152.0,5640.0
2202920.0,1595152.0,5640.0
2202364.0,1595180.0,5872.0
2202364.0,1595180.0,5872.0
2202364.0,1595180.0,5872.0
2202364.0,1595180.0,5872.0
2202364.0,1595180.0,5872.0
2202364.0,1595180.0,5872.0
2202364.0,1595180.0,5872.0
2202364.0,1595180.0,5872.0
2202364.0,1595180.0,5872.0
2202364.0,1595180.0,5872.0
2202364.0,1595180.0,5872.0
2202364.0,1595180.0,5872.0
2202080.0,1595192.0,6136.0
2202080.0,1595192.0,6136.0
2202080.0,1595192.0,6136.0
2202080.0,1595192.0,6136.0
2202080.0,1595192.0,6136.0
2202080.0,1595192.0,6136.0
2202080.0,1595192.0,6136.0
2202080.0,1595192.0,6136.0
2202080.0,1595192.0,6136.0
2202080.0,1595192.0,6136.0
2202080.0,1595192.0,6136.0
2202080.0,1595192.0,6136.0
2201705.6,1595205.8667,6330.1333333
2201648.0,1595208.0,6360.0
2201648.0,1595208.0,6360.0
2201648.0,1595208.0,6360.0
2201648.0,1595208.0,6360.0
2201648.0,1595208.0,6360.0
2201648.0,1595208.0,6360.0
2201648.0,1595208.0,6360.0
2201648.0,1595208.0,6360.0
2201648.0,1595208.0,6360.0
2201648.0,1595208.0,6360.0
2201648.0,1595208.0,6360.0
2201329.0667,1595291.2,6595.7333333
2201280.0,1595304.0,6632.0
2201280.0,1595304.0,6632.0
2201280.0,1595304.0,6632.0
2201280.0,1595304.0,6632.0
2201280.0,1595304.0,6632.0
2201280.0,1595304.0,6632.0
2201280.0,1595304.0,6632.0
2201280.0,1595304.0,6632.0
2201280.0,1595304.0,6632.0
2201280.0,1595304.0,6632.0
2201280.0,1595304.0,6632.0
2201620.0,1595320.0,6864.0
2201620.0,1595320.0,6864.0
2200458.9333,1595450.6667,6916.2666667
2200376.0,1595460.0,6920.0
2200376.0,1595460.0,6920.0
2200376.0,1595460.0,6920.0
2200376.0,1595460.0,6920.0
2200376.0,1595460.0,6920.0
2200376.0,1595460.0,6920.0
2200376.0,1595460.0,6920.0
2200376.0,1595460.0,6920.0
2200376.0,1595460.0,6920.0
2197231.7333,1595598.6667,7134.9333333
2196748.0,1595620.0,7168.0
2196748.0,1595620.0,7168.0
2196748.0,1595620.0,7168.0
2196748.0,1595620.0,7168.0
2196748.0,1595620.0,7168.0
2196748.0,1595620.0,7168.0
2196748.0,1595620.0,7168.0
2196748.0,1595620.0,7168.0
2196748.0,1595620.0,7168.0
2196748.0,1595620.0,7168.0
2196748.0,1595620.0,7168.0
2196428.2667,1595637.6,7332.2666667
2196312.0,1595644.0,7392.0
2196312.0,1595644.0,7392.0
2196312.0,1595644.0,7392.0
2196312.0,1595644.0,7392.0
2196312.0,1595644.0,7392.0
2196312.0,1595644.0,7392.0
2196312.0,1595644.0,7392.0
2196312.0,1595644.0,7392.0
2196312.0,1595644.0,7392.0
2196312.0,1595644.0,7392.0
2196312.0,1595644.0,7392.0
2196127.2,1595660.8,7579.2
2196004.0,1595672.0,7704.0
2196004.0,1595672.0,7704.0
2196004.0,1595672.0,7704.0
2196004.0,1595672.0,7704.0
2196004.0,1595672.0,7704.0
2196004.0,1595672.0,7704.0
2196004.0,1595672.0,7704.0
2196004.0,1595672.0,7704.0
2196004.0,1595672.0,7704.0
2196004.0,1595672.0,7704.0
2193369.3333,1597216.0,8178.6666667
2192052.0,1597988.0,8416.0
2192052.0,1597988.0,8416.0
2192052.0,1597988.0,8416.0
2192052.0,1597988.0,8416.0
2192052.0,1597988.0,8416.0
2192052.0,1597988.0,8416.0
2192052.0,1597988.0,8416.0
2192052.0,1597988.0,8416.0
2192052.0,1597988.0,8416.0
2192052.0,1597988.0,8416.0
2192052.0,1597988.0,8416.0
2192137.0667,1597993.8667,8606.6666667
2192168.0,1597996.0,8676.0
2192168.0,1597996.0,8676.0
2192168.0,1597996.0,8676.0
2192168.0,1597996.0,8676.0
2192168.0,1597996.0,8676.0
2192168.0,1597996.0,8676.0
2192168.0,1597996.0,8676.0
2192168.0,1597996.0,8676.0
2192168.0,1597996.0,8676.0
2192168.0,1597996.0,8676.0
2192168.0,1597996.0,8676.0
2192226.6667,1598068.0,8862.6666667
2192256.0,1598104.0,8956.0
2192256.0,1598104.0,8956.0
2192256.0,1598104.0,8956.0
2192256.0,1598104.0,8956.0
2214489.6,1598108.2667,9024.2666667
2233944.0,1598112.0,9084.0
2233944.0,1598112.0,9084.0
2233944.0,1598112.0,9084.0
2233944.0,1598112.0,9084.0
2233944.0,1598112.0,9084.0
2233944.0,1598112.0,9084.0
2233944.0,1598112.0,9084.0
2233944.0,1598112.0,9084.0
2233944.0,1598112.0,9084.0
2233944.0,1598112.0,9084.0
2233944.0,1598112.0,9084.0
2233988.8,1598125.0667,9196.0
2234040.0,1598140.0,9324.0
2234040.0,1598140.0,9324.0
2234040.0,1598140.0,9324.0
2234040.0,1598140.0,9324.0
2234040.0,1598140.0,9324.0
2234040.0,1598140.0,9324.0
2234040.0,1598140.0,9324.0
2234040.0,1598140.0,9324.0
2234040.0,1598140.0,9324.0
2234040.0,1598140.0,9324.0
2234040.0,1598140.0,9324.0
2233843.7333,1598146.4,9464.8
2233672.0,1598152.0,9588.0
2233672.0,1598152.0,9588.0
2233672.0,1598152.0,9588.0
2233672.0,1598152.0,9588.0
2233672.0,1598152.0,9588.0
2233672.0,1598152.0,9588.0
2233672.0,1598152.0,9588.0
2233672.0,1598152.0,9588.0
2233672.0,1598152.0,9588.0
2233672.0,1598152.0,9588.0
2233672.0,1598152.0,9588.0
2233650.4,1598159.2,9736.8
2233636.0,1598164.0,9836.0
2233636.0,1598164.0,9836.0
2233636.0,1598164.0,9836.0
2233636.0,1598164.0,9836.0
2233636.0,1598164.0,9836.0
2233636.0,1598164.0,9836.0
2233636.0,1598164.0,9836.0
2233636.0,1598164.0,9836.0
2233636.0,1598164.0,9836.0
2233636.0,1598164.0,9836.0
2233636.0,1598164.0,9836.0
2233339.4667,1598242.9333,10006.666667
2233080.0,1598312.0,10156.0
2233080.0,1598312.0,10156.0
2233080.0,1598312.0,10156.0
2233080.0,1598312.0,10156.0
2233080.0,1598312.0,10156.0
2233080.0,1598312.0,10156.0
2233080.0,1598312.0,10156.0
2233080.0,1598312.0,10156.0
2233080.0,1598312.0,10156.0
2233080.0,1598312.0,10156.0
2233080.0,1598312.0,10156.0
2232522.6667,1598410.6667,10326.666667
2232244.0,1598460.0,10412.0
2232244.0,1598460.0,10412.0
2232244.0,1598460.0,10412.0
2232244.0,1598460.0,10412.0
2232244.0,1598460.0,10412.0
2232244.0,1598460.0,10412.0
2338556.8,1598462.9333,10541.066667
2377216.0,1598464.0,10588.0
2377216.0,1598464.0,10588.0
2478935.2,1598475.7333,10629.066667
2515924.0,1598480.0,10644.0
2515924.0,1598480.0,10644.0
2515924.0,1598480.0,10644.0
2515924.0,1598480.0,10644.0
2515067.4667,1598488.8,10732.0
2514756.0,1598492.0,10764.0
2515908.0,1598500.0,10796.0
2516484.0,1598504.0,10812.0
2516484.0,1598504.0,10812.0
2516484.0,1598504.0,10812.0
2516484.0,1598504.0,10812.0
2516484.0,1598504.0,10812.0
2516484.0,1598504.0,10812.0
2516484.0,1598504.0,10812.0
2516484.0,1598504.0,10812.0
2516484.0,1598504.0,10812.0
2516484.0,1598504.0,10812.0
2515728.0,1599096.8,10956.0
2515224.0,1599492.0,11052.0
2515224.0,1599492.0,11052.0
2515224.0,1599492.0,11052.0
2515224.0,1599492.0,11052.0
2515224.0,1599492.0,11052.0
2515224.0,1599492.0,11052.0
2515224.0,1599492.0,11052.0
2515224.0,1599492.0,11052.0
2515224.0,1599492.0,11052.0
2515224.0,1599492.0,11052.0
2515224.0,1599492.0,11052.0
2514843.2,1599742.1333,11171.466667
2514408.0,1600028.0,11308.0
2514408.0,1600028.0,11308.0
2514408.0,1600028.0,11308.0
2514408.0,1600028.0,11308.0
2514408.0,1600028.0,11308.0
2514408.0,1600028.0,11308.0
2514408.0,1600028.0,11308.0
2514408.0,1600028.0,11308.0
2514408.0,1600028.0,11308.0
2514408.0,1600028.0,11308.0
2514408.0,1600028.0,11308.0
2514149.3333,1600037.3333,11398.666667
2513632.0,1600056.0,11580.0
2513632.0,1600056.0,11580.0
2513632.0,1600056.0,11580.0
2513632.0,1600056.0,11580.0
2513632.0,1600056.0,11580.0
2513632.0,1600056.0,11580.0
2513632.0,1600056.0,11580.0
2513632.0,1600056.0,11580.0
2513632.0,1600056.0,11580.0
2513632.0,1600056.0,11580.0
2513702.6667,1600062.6667,11652.0
2513844.0,1600076.0,11796.0
2513844.0,1600076.0,11796.0
2513844.0,1600076.0,11796.0
2513844.0,1600076.0,11796.0
2513844.0,1600076.0,11796.0
2513844.0,1600076.0,11796.0
2513844.0,1600076.0,11796.0
2513844.0,1600076.0,11796.0
2513844.0,1600076.0,11796.0
2513844.0,1600076.0,11796.0
2513737.3333,1600083.4667,11857.866667
2513444.0,1600104.0,12028.0
2552227.2,1600105.6,12039.2
2707360.0,1600112.0,12084.0
2707568.8,1600112.0,12096.8
2708404.0,1600112.0,12148.0
2708404.0,1600112.0,12148.0
2708404.0,1600112.0,12148.0
2708404.0,1600112.0,12148.0
2708404.0,1600112.0,12148.0
2708404.0,1600112.0,12148.0
2708404.0,1600112.0,12148.0
2708404.0,1600112.0,12148.0
2708404.0,1600112.0,12148.0
2708404.0,1600112.0,12148.0
2708404.0,1600112.0,12148.0
2708404.0,1600112.0,12148.0
2708278.6667,1600121.3333,12236.0
2708028.0,1600140.0,12412.0
2708028.0,1600140.0,12412.0
2708028.0,1600140.0,12412.0
2707652.0,1600144.0,12452.0
2706900.0,1600152.0,12532.0
2707252.0,1600153.0667,12549.066667
2708220.0,1600156.0,12596.0
2708220.0,1600156.0,12596.0
2708220.0,1600156.0,12596.0
2708220.0,1600156.0,12596.0
2708220.0,1600156.0,12596.0
2708220.0,1600156.0,12596.0
2708220.0,1600156.0,12596.0
2708220.0,1600156.0,12596.0
2708220.0,1600156.0,12596.0
2708220.0,1600156.0,12596.0
2707978.9333,1600194.4,12651.466667
2707316.0,1600300.0,12804.0
2707316.0,1600300.0,12804.0
2707316.0,1600300.0,12804.0
2707316.0,1600300.0,12804.0
2707126.4,1600301.6,12828.0
2706368.0,1600308.0,12924.0
2706368.0,1600308.0,12924.0
2706577.6,1600306.4,12932.533333
2707940.0,1600296.0,12988.0
2707940.0,1600296.0,12988.0
2707940.0,1600296.0,12988.0
2707940.0,1600296.0,12988.0
2707940.0,1600296.0,12988.0
2707940.0,1600296.0,12988.0
2707940.0,1600296.0,12988.0
2707940.0,1600296.0,12988.0
2707940.0,1600296.0,12988.0
2707940.0,1600296.0,12988.0
2707940.0,1600296.0,12988.0
2707881.8667,1600301.8667,13003.466667
2707068.0,1600384.0,13220.0
2707068.0,1600384.0,13220.0
2707068.0,1600384.0,13220.0
2707068.0,1600384.0,13220.0
2707068.0,1600384.0,13220.0
2707068.0,1600384.0,13220.0
2707068.0,1600384.0,13220.0
2707068.0,1600384.0,13220.0
2707068.0,1600384.0,13220.0
2707068.0,1600384.0,13220.0
2707068.0,1600384.0,13220.0
2707118.4,1600388.8,13280.8
2707320.0,1600408.0,13524.0
2751990.4,1600408.8,13538.4
2930672.0,1600412.0,13596.0
2930672.0,1600412.0,13596.0
2930672.0,1600412.0,13596.0
2930672.0,1600412.0,13596.0
2930672.0,1600412.0,13596.0
2930672.0,1600412.0,13596.0
2930672.0,1600412.0,13596.0
2930672.0,1600412.0,13596.0
2930672.0,1600412.0,13596.0
2930672.0,1600412.0,13596.0
2930672.0,1600412.0,13596.0
2930672.0,1600412.0,13596.0
2930610.6667,1600462.6667,13684.0
2930488.0,1600564.0,13860.0
2930488.0,1600564.0,13860.0
2930488.0,1600564.0,13860.0
2930488.0,1600564.0,13860.0
2930488.0,1600564.0,13860.0
2930488.0,1600564.0,13860.0
2930488.0,1600564.0,13860.0
2930488.0,1600564.0,13860.0
2930488.0,1600564.0,13860.0
2930488.0,1600564.0,13860.0
2930488.0,1600564.0,13860.0
2930288.0,1600570.4,13981.6
2929988.0,1600580.0,14164.0
2929988.0,1600580.0,14164.0
2929988.0,1600580.0,14164.0
2929988.0,1600580.0,14164.0
2929988.0,1600580.0,14164.0
2929988.0,1600580.0,14164.0
2929988.0,1600580.0,14164.0
2929988.0,1600580.0,14164.0
2929988.0,1600580.0,14164.0
2929988.0,1600580.0,14164.0
2929988.0,1600580.0,14164.0
2929898.4,1600585.3333,14230.133333
2929652.0,1600600.0,14412.0
2929652.0,1600600.0,14412.0
2929652.0,1600600.0,14412.0
2929652.0,1600600.0,14412.0
2929652.0,1600600.0,14412.0
2929652.0,1600600.0,14412.0
2929652.0,1600600.0,14412.0
2929652.0,1600600.0,14412.0
2929652.0,1600600.0,14412.0
2929652.0,1600600.0,14412.0
2929652.0,1600600.0,14412.0
2929800.0,1600608.8,14468.0
2930392.0,1600644.0,14692.0
2930392.0,1600644.0,14692.0
2930392.0,1600644.0,14692.0
2930392.0,1600644.0,14692.0
2930144.5333,1600644.0,14719.733333
2929464.0,1600644.0,14796.0
2929464.0,1600644.0,14796.0
2929464.0,1600644.0,14796.0
2929464.0,1600644.0,14796.0
2929464.0,1600644.0,14796.0
2929464.0,1600644.0,14796.0
2929464.0,1600644.0,14796.0
2929464.0,1600644.0,14796.0
2929464.0,1600644.0,14796.0
2929464.0,1600644.0,14796.0
2929070.4,1600656.8,14860.0
2927988.0,1600692.0,15036.0
2947382.4,1600691.2,15048.8
3024960.0,1600688.0,15100.0
3024960.0,1600688.0,15100.0
3041452.0,1600688.8,15112.8
3107420.0,1600692.0,15164.0
3107420.0,1600692.0,15164.0
3107420.0,1600692.0,15164.0
3107420.0,1600692.0,15164.0
3107420.0,1600692.0,15164.0
3107420.0,1600692.0,15164.0
3107420.0,1600692.0,15164.0
3107420.0,1600692.0,15164.0
3107420.0,1600692.0,15164.0
3107420.0,1600692.0,15164.0
3107420.0,1600692.0,15164.0
3107326.4,1600695.2,15213.6
3106952.0,1600708.0,15412.0
3106952.0,1600708.0,15412.0
3106952.0,1600708.0,15412.0
3106952.0,1600708.0,15412.0
3106952.0,1600708.0,15412.0
3106952.0,1600708.0,15412.0
3106952.0,1600708.0,15412.0
3106952.0,1600708.0,15412.0
3106952.0,1600708.0,15412.0
3106952.0,1600708.0,15412.0
3106952.0,1600708.0,15412.0
3106921.3333,1600740.0,15510.666667
3106860.0,1600804.0,15708.0
3106860.0,1600804.0,15708.0
3106860.0,1600804.0,15708.0
3106860.0,1600804.0,15708.0
3106470.6667,1600805.0667,15740.0
3105400.0,1600808.0,15828.0
3105400.0,1600808.0,15828.0
3105752.0,1600806.6667,15849.333333
3106456.0,1600804.0,15892.0
3106456.0,1600804.0,15892.0
3106456.0,1600804.0,15892.0
3106456.0,1600804.0,15892.0
3106456.0,1600804.0,15892.0
3106456.0,1600804.0,15892.0
3106456.0,1600804.0,15892.0
3106456.0,1600804.0,15892.0
3106456.0,1600804.0,15892.0
3106456.0,1600804.0,15892.0
3106456.0,1600804.0,15892.0
3106327.2,1600807.7333,16011.466667
3106180.0,1600812.0,16148.0
3106180.0,1600812.0,16148.0
3106180.0,1600812.0,16148.0
3106180.0,1600812.0,16148.0
3106180.0,1600812.0,16148.0
3106180.0,1600812.0,16148.0
3106180.0,1600812.0,16148.0
3106180.0,1600812.0,16148.0
3106180.0,1600812.0,16148.0
3106180.0,1600812.0,16148.0
3106180.0,1600812.0,16148.0
3106148.0,1600828.0,16266.4
3106100.0,1600852.0,16444.0
3106100.0,1600852.0,16444.0
3106100.0,1600852.0,16444.0
3106100.0,1600852.0,16444.0
3106100.0,1600852.0,16444.0
3106100.0,1600852.0,16444.0
3106100.0,1600852.0,16444.0
3106100.0,1600852.0,16444.0
3106100.0,1600852.0,16444.0
3106100.0,1600852.0,16444.0
3160536.8,1600858.4,16543.2
3242192.0,1600868.0,16692.0
3242192.0,1600868.0,16692.0
3242192.0,1600868.0,16692.0
3242192.0,1600868.0,16692.0
3242192.0,1600868.0,16692.0
3242192.0,1600868.0,16692.0
3242192.0,1600868.0,16692.0
3242192.0,1600868.0,16692.0
3242192.0,1600868.0,16692.0
3242192.0,1600868.0,16692.0
3242192.0,1600868.0,16692.0
3242059.7333,1600872.2667,16758.133333
3241696.0,1600884.0,16940.0
3241696.0,1600884.0,16940.0
3241696.0,1600884.0,16940.0
3241696.0,1600884.0,16940.0
3241696.0,1600884.0,16940.0
3241696.0,1600884.0,16940.0
3241696.0,1600884.0,16940.0
3241696.0,1600884.0,16940.0
3241696.0,1600884.0,16940.0
3241696.0,1600884.0,16940.0
3241696.0,1600884.0,16940.0
3241749.3333,1600889.3333,17025.333333
3241896.0,1600904.0,17260.0
3241896.0,1600904.0,17260.0
3241896.0,1600904.0,17260.0
3241896.0,1600904.0,17260.0
3241896.0,1600904.0,17260.0
3241896.0,1600904.0,17260.0
3241896.0,1600904.0,17260.0
3241735.2,1600908.8,17295.2
3241092.0,1600928.0,17436.0
3241092.0,1600928.0,17436.0
3241092.0,1600928.0,17436.0
3241092.0,1600928.0,17436.0
3241092.0,1600928.0,17436.0
3241092.0,1600928.0,17436.0
3241092.0,1600928.0,17436.0
3241092.0,1600928.0,17436.0
3241092.0,1600928.0,17436.0
3241092.0,1600928.0,17436.0
3241092.0,1600928.0,17436.0
3241008.0,1600938.6667,17516.0
3240840.0,1600960.0,17676.0
3240840.0,1600960.0,17676.0
3240840.0,1600960.0,17676.0
3240840.0,1600960.0,17676.0
3240840.0,1600960.0,17676.0
3240840.0,1600960.0,17676.0
3240840.0,1600960.0,17676.0
3240840.0,1600960.0,17676.0
3240840.0,1600960.0,17676.0
3240840.0,1600960.0,17676.0
3240840.0,1600960.0,17676.0
3240616.0,1600964.8,17797.6
3240280.0,1600972.0,17980.0
3240280.0,1600972.0,17980.0
3240280.0,1600972.0,17980.0
3240280.0,1600972.0,17980.0
3240280.0,1600972.0,17980.0
3240280.0,1600972.0,17980.0
3240280.0,1600972.0,17980.0
3240280.0,1600972.0,17980.0
3240280.0,1600972.0,17980.0
3240280.0,1600972.0,17980.0
3283697.6,1600986.9333,18120.8
3321688.0,1601000.0,18244.0
3321688.0,1601000.0,18244.0
3321688.0,1601000.0,18244.0
3321688.0,1601000.0,18244.0
3321688.0,1601000.0,18244.0
3321688.0,1601000.0,18244.0
3321688.0,1601000.0,18244.0
3321615.2,1601007.4667,18329.866667
3321532.0,1601016.0,18428.0
3321532.0,1601016.0,18428.0
3321532.0,1601016.0,18428.0
3321532.0,1601016.0,18428.0
3321532.0,1601016.0,18428.0
3321532.0,1601016.0,18428.0
3321532.0,1601016.0,18428.0
3321532.0,1601016.0,18428.0
3321532.0,1601016.0,18428.0
3321532.0,1601016.0,18428.0
3321532.0,1601016.0,18428.0
3321390.6667,1601026.6667,18604.0
3321320.0,1601032.0,18692.0
3321320.0,1601032.0,18692.0
3321320.0,1601032.0,18692.0
3321320.0,1601032.0,18692.0
3321320.0,1601032.0,18692.0
3321320.0,1601032.0,18692.0
3321320.0,1601032.0,18692.0
3321320.0,1601032.0,18692.0
3321320.0,1601032.0,18692.0
3321320.0,1601032.0,18692.0
3321320.0,1601032.0,18692.0
3321008.0,1601048.0,18873.333333
3320852.0,1601056.0,18964.0
3320852.0,1601056.0,18964.0
3320852.0,1601056.0,18964.0
3320852.0,1601056.0,18964.0
3320852.0,1601056.0,18964.0
3320852.0,1601056.0,18964.0
3320852.0,1601056.0,18964.0
3320852.0,1601056.0,18964.0
3320852.0,1601056.0,18964.0
3320852.0,1601056.0,18964.0
3320852.0,1601056.0,18964.0
3320609.6,1601068.0,19093.6
3320448.0,1601076.0,19180.0
3320448.0,1601076.0,19180.0
3320448.0,1601076.0,19180.0
3320448.0,1601076.0,19180.0
3320448.0,1601076.0,19180.0
3320448.0,1601076.0,19180.0
3320448.0,1601076.0,19180.0
3320448.0,1601076.0,19180.0
3320448.0,1601076.0,19180.0
3320448.0,1601076.0,19180.0
3320448.0,1601076.0,19180.0
3320183.4667,1601210.4,19320.8
3319952.0,1601328.0,19444.0
3319952.0,1601328.0,19444.0
3319952.0,1601328.0,19444.0
3319952.0,1601328.0,19444.0
3319952.0,1601328.0,19444.0
3319952.0,1601328.0,19444.0
3319952.0,1601328.0,19444.0
3319952.0,1601328.0,19444.0
3319952.0,1601328.0,19444.0
3341170.4,1601335.4667,19567.2
3365420.0,1601344.0,19708.0
3365420.0,1601344.0,19708.0
4585282.4,1598721.6,19730.4
