vda,25.20,0.10,0.00,0,0
vda,37.20,0.14,0.01,0,0
vda,2.20,0.00,0.01,0,0
vda,0.00,0.00,0.00,0,0
vda,1.20,0.00,0.00,0,0
vda,83.60,0.55,0.03,2,0
vda,244.00,10.49,0.12,52,0
vda,132.20,10.62,0.15,53,0
vda,101.40,12.65,0.00,63,0
vda,129.54,16.12,0.00,80,0
vda,145.60,13.18,1.44,65,7
vda,134.80,16.40,0.01,82,0
vda,83.20,10.30,0.00,51,0
vda,124.00,15.35,0.00,76,0
vda,74.60,9.05,0.01,45,0
vda,128.40,16.05,0.00,80,0
vda,137.80,16.85,0.01,84,0
vda,146.00,16.23,0.07,81,0
vda,132.20,15.80,0.00,78,0
vda,67.60,2.65,0.14,13,0
vda,106.80,11.68,0.05,58,0
vda,56.20,6.93,0.00,34,0
vda,9.40,0.00,0.04,0,0
vda,2.40,0.00,0.01,0,0
vda,1.40,0.00,0.01,0,0
vda,22.80,0.00,0.09,0,0
vda,3.40,0.00,0.01,0,0
vda,1.80,0.00,0.01,0,0
vda,1.60,0.00,0.01,0,0
vda,24.60,0.00,0.10,0,0
vda,0.00,0.00,0.00,0,0
vda,1.60,0.00,0.01,0,0
vda,20.60,0.00,0.09,0,0
vda,7.60,0.00,0.03,0,0
vda,1.20,0.00,0.00,0,0
vda,4.00,0.00,0.02,0,0
vda,0.00,0.00,0.00,0,0
vda,1.60,0.00,0.01,0,0
vda,35.80,0.00,0.14,0,0
vda,0.00,0.00,0.00,0,0
vda,13.60,0.00,0.06,0,0
vda,2.60,0.00,0.01,0,0
vda,7.60,0.00,0.03,0,0
vda,1.20,0.00,0.00,0,0
vda,2.60,0.00,0.01,0,0
vda,1.20,0.00,0.00,0,0
vda,1.60,0.00,0.01,0,0
vda,53.80,0.00,0.22,0,1
vda,0.00,0.00,0.00,0,0
vda,1.20,0.00,0.00,0,0
vda,1.60,0.00,0.01,0,0
vda,8.20,0.00,0.03,0,0
vda,1.40,0.00,0.01,0,0
vda,2.00,0.00,0.01,0,0
vda,13.20,0.00,0.06,0,0
vda,3.40,0.00,0.01,0,0
vda,35.00,0.00,0.14,0,0
vda,0.00,0.00,0.00,0,0
vda,1.20,0.00,0.00,0,0
vda,11.80,0.00,0.05,0,0
vda,0.00,0.00,0.00,0,0
vda,19.40,0.00,0.08,0,0
vda,1.60,0.00,0.01,0,0
vda,1.20,0.00,0.00,0,0
vda,3.80,0.00,0.01,0,0
vda,24.00,0.00,0.10,0,0
vda,0.20,0.00,0.00,0,0
vda,1.20,0.00,0.00,0,0
vda,3.20,0.00,0.01,0,0
vda,16.60,0.00,0.07,0,0
vda,1.20,0.00,0.00,0,0
vda,8.80,0.00,0.04,0,0
vda,1.60,0.00,0.01,0,0
vda,2.60,0.00,0.01,0,0
vda,35.40,0.00,0.14,0,0
vda,2.40,0.00,0.01,0,0
vda,13.00,0.00,0.05,0,0
vda,0.40,0.00,0.00,0,0
vda,1.40,0.00,0.01,0,0
vda,8.00,0.00,0.03,0,0
vda,1.80,0.00,0.01,0,0
vda,1.20,0.00,0.00,0,0
vda,4.80,0.00,0.02,0,0
vda,35.60,0.00,0.14,0,0
vda,16.60,0.00,0.07,0,0
vda,1.40,0.00,0.00,0,0
vda,2.20,0.00,0.01,0,0
vda,0.40,0.00,0.00,0,0
vda,1.60,0.00,0.01,0,0
vda,10.40,0.00,0.05,0,0
vda,1.80,0.00,0.01,0,0
vda,19.60,0.00,0.08,0,0
vda,35.60,0.00,0.14,0,0
vda,1.20,0.00,0.00,0,0
vda,2.60,0.00,0.01,0,0
vda,0.40,0.00,0.00,0,0
vda,43.40,0.00,0.18,0,0
vda,1.40,0.00,0.01,0,0
vda,1.60,0.00,0.01,0,0
vda,1.20,0.00,0.00,0,0
vda,2.20,0.00,0.01,0,0
vda,2.00,0.00,0.01,0,0
vda,2.00,0.00,0.01,0,0
vda,20.00,0.00,0.08,0,0
vda,33.60,0.00,0.14,0,0
vda,1.20,0.00,0.00,0,0
vda,1.20,0.00,0.00,0,0
vda,1.60,0.00,0.01,0,0
vda,42.00,0.00,0.18,0,0
vda,1.40,0.00,0.01,0,0
vda,1.60,0.00,0.01,0,0
vda,2.40,0.00,0.01,0,0
vda,1.60,0.00,0.01,0,0
vda,2.40,0.00,0.01,0,0
vda,0.40,0.00,0.00,0,0
vda,19.60,0.00,0.08,0,0
vda,36.20,0.00,0.15,0,0
vda,7.60,0.00,0.03,0,0
vda,2.20,0.00,0.01,0,0
vda,34.40,0.00,0.14,0,0
vda,1.40,0.00,0.01,0,0
vda,2.80,0.00,0.01,0,0
vda,44.00,0.00,0.18,0,0
vda,1.40,0.00,0.01,0,0
vda,1.80,0.00,0.01,0,0
vda,36.40,0.00,0.15,0,0
vda,0.20,0.00,0.00,0,0
vda,1.20,0.00,0.00,0,0
vda,53.00,0.00,0.22,0,1
vda,4.20,0.00,0.02,0,0
vda,2.00,0.00,0.01,0,0
vda,41.20,0.00,0.17,0,0
vda,1.40,0.00,0.01,0,0
vda,1.40,0.00,0.01,0,0
vda,36.20,0.00,0.15,0,0
vda,0.00,0.00,0.00,0,0
vda,1.20,0.00,0.00,0,0
vda,35.73,0.00,0.15,0,0
vda,1.40,0.00,0.01,0,0
vda,3.00,0.00,0.01,0,0
vda,1.60,0.00,0.01,0,0
vda,0.00,0.00,0.00,0,0
vda,1.20,0.00,0.00,0,0
vda,2.80,0.00,0.01,0,0
vda,1.60,0.00,0.01,0,0
vda,31.00,0.00,0.13,0,0
vda,47.40,0.00,0.19,0,0
vda,1.40,0.00,0.00,0,0
vda,4.20,0.00,0.02,0,0
vda,2.20,0.00,0.01,0,0
vda,0.00,0.00,0.00,0,0
vda,3.20,0.00,0.02,0,0
vda,18.40,0.00,0.07,0,0
vda,1.20,0.00,0.00,0,0
vda,9.20,0.00,0.04,0,0
vda,34.20,0.00,0.14,0,0
vda,1.60,0.00,0.01,0,0
vda,1.20,0.00,0.00,0,0
vda,3.80,0.00,0.01,0,0
vda,13.20,0.00,0.06,0,0
vda,0.00,0.00,0.00,0,0
vda,2.60,0.00,0.01,0,0
vda,1.40,0.00,0.01,0,0
vda,0.00,0.00,0.00,0,0
vda,43.00,0.00,0.17,0,0
vda,1.60,0.00,0.01,0,0
vda,18.80,0.00,0.08,0,0
vda,2.60,0.00,0.01,0,0
vda,1.40,0.00,0.01,0,0
vda,2.80,0.00,0.01,0,0
vda,2.00,0.00,0.01,0,0
vda,1.20,0.00,0.00,0,0
vda,0.40,0.00,0.00,0,0
vda,27.00,0.00,0.11,0,0
vda,12.40,0.00,0.05,0,0
vda,8.20,0.00,0.03,0,0
vda,2.60,0.00,0.01,0,0
vda,1.20,0.00,0.00,0,0
vda,2.60,0.00,0.01,0,0
vda,2.40,0.00,0.01,0,0
vda,2.40,0.00,0.01,0,0
vda,16.80,0.00,0.07,0,0
vda,36.20,0.00,0.14,0,0
vda,1.20,0.00,0.00,0,0
vda,7.40,0.00,0.03,0,0
vda,2.60,0.00,0.01,0,0
vda,1.60,0.00,0.01,0,0
vda,4.60,0.00,0.02,0,0
vda,1.60,0.00,0.01,0,0
vda,25.20,0.00,0.10,0,0
vda,0.00,0.00,0.00,0,0
vda,36.80,0.00,0.15,0,0
vda,1.40,0.00,0.01,0,0
vda,1.60,0.00,0.01,0,0
vda,3.00,0.00,0.01,0,0
vda,1.20,0.00,0.00,0,0
vda,15.00,0.00,0.06,0,0
vda,2.20,0.00,0.01,0,0
vda,47.60,0.00,0.20,0,0
vda,1.00,0.00,0.00,0,0
vda,2.20,0.00,0.01,0,0
vda,47.60,0.00,0.20,0,0
vda,1.60,0.00,0.01,0,0
vda,2.20,0.00,0.01,0,0
vda,36.40,0.00,0.15,0,0
vda,3.80,0.00,0.01,0,0
vda,1.60,0.00,0.01,0,0
vda,41.80,0.00,0.18,0,0
vda,1.00,0.00,0.00,0,0
vda,2.20,0.00,0.01,0,0
vda,30.40,0.00,0.13,0,0
vda,1.20,0.00,0.00,0,0
vda,2.20,0.00,0.01,0,0
vda,54.00,0.00,0.22,0,1
vda,1.40,0.00,0.01,0,0
vda,1.60,0.00,0.01,0,0
vda,47.00,0.00,0.19,0,0
vda,3.00,0.00,0.01,0,0
vda,0.00,0.00,0.00,0,0
vda,36.60,0.00,0.15,0,0
vda,1.40,0.00,0.01,0,0
vda,1.60,0.00,0.01,0,0
vda,36.40,0.00,0.15,0,0
vda,1.40,0.00,0.01,0,0
vda,1.60,0.00,0.01,0,0
vda,53.80,0.00,0.22,0,1
vda,1.40,0.00,0.01,0,0
vda,2.80,0.00,0.01,0,0
vda,1.60,0.00,0.01,0,0
vda,2.20,0.00,0.01,0,0
vda,0.00,0.00,0.00,0,0
vda,1.80,0.00,0.01,0,0
vda,43.20,0.00,0.18,0,0
vda,2.20,0.00,0.01,0,0
vda,1.40,0.00,0.00,0,0
vda,1.20,0.00,0.00,0,0
vda,1.60,0.00,0.01,0,0
vda,3.00,0.00,0.01,0,0
vda,1.80,0.00,0.01,0,0
vda,21.00,0.00,0.09,0,0
vda,1.20,0.00,0.00,0,0
vda,34.00,0.00,0.14,0,0
vda,2.20,0.00,0.01,0,0
vda,8.20,0.00,0.03,0,0
vda,2.40,0.00,0.01,0,0
vda,0.00,0.00,0.00,0,0
vda,1.40,0.00,0.01,0,0
vda,18.20,0.00,0.07,0,0
vda,3.40,0.00,0.01,0,0
vda,2.00,0.00,0.01,0,0
vda,35.20,0.00,0.14,0,0
vda,1.80,0.00,0.01,0,0
vda,1.20,0.00,0.00,0,0
vda,0.20,0.00,0.00,0,0
vda,44.40,0.00,0.18,0,0
vda,1.60,0.00,0.01,0,0
vda,5.40,0.00,0.02,0,0
vda,1.80,0.00,0.01,0,0
vda,0.00,0.00,0.00,0,0
vda,0.80,0.00,0.00,0,0
vda,2.60,0.00,0.01,0,0
vda,3.20,0.00,0.02,0,0
vda,77.20,0.00,0.31,0,1
vda,2.20,0.00,0.01,0,0
vda,1.20,0.00,0.00,0,0
vda,0.80,0.00,0.00,0,0
vda,2.60,0.00,0.01,0,0
vda,2.60,0.00,0.01,0,0
vda,3.20,0.00,0.01,0,0
vda,2.00,0.00,0.01,0,0
vda,17.40,0.00,0.07,0,0
vda,35.40,0.00,0.14,0,0
vda,2.60,0.00,0.01,0,0
vda,8.20,0.00,0.03,0,0
vda,0.00,0.00,0.00,0,0
vda,3.00,0.00,0.02,0,0
vda,2.60,0.00,0.01,0,0
vda,13.20,0.00,0.05,0,0
vda,2.00,0.00,0.01,0,0
vda,1.40,0.00,0.01,0,0
vda,22.60,0.00,0.09,0,0
vda,2.20,0.00,0.01,0,0
vda,9.60,0.00,0.04,0,0
vda,2.40,0.00,0.01,0,0
vda,0.40,0.00,0.00,0,0
vda,18.80,0.00,0.07,0,0
vda,2.60,0.00,0.01,0,0
vda,2.20,0.00,0.01,0,0
vda,1.20,0.00,0.00,0,0
vda,34.20,0.00,0.14,0,0
vda,4.80,0.00,0.02,0,0
vda,1.40,0.00,0.01,0,0
vda,19.20,0.00,0.08,0,0
vda,2.20,0.00,0.01,0,0
vda,1.20,0.00,0.00,0,0
vda,0.40,0.00,0.00,0,0
vda,3.80,0.00,0.01,0,0
vda,3.40,0.00,0.02,0,0
vda,34.40,0.00,0.14,0,0
vda,19.60,0.00,0.08,0,0
vda,1.20,0.00,0.00,0,0
vda,7.20,0.00,0.03,0,0
vda,2.80,0.00,0.01,0,0
vda,1.60,0.00,0.01,0,0
vda,3.00,0.00,0.01,0,0
vda,3.60,0.00,0.02,0,0
vda,1.20,0.00,0.00,0,0
vda,51.20,0.00,0.20,0,1
vda,2.60,0.00,0.01,0,0
vda,1.40,0.00,0.01,0,0
vda,7.40,0.00,0.03,0,0
vda,2.20,0.00,0.01,0,0
vda,1.80,0.00,0.01,0,0
vda,0.60,0.00,0.00,0,0
vda,15.40,0.00,0.06,0,0
vda,1.80,0.00,0.01,0,0
vda,31.00,0.00,0.12,0,0
vda,2.60,0.00,0.01,0,0
vda,0.00,0.00,0.00,0,0
vda,1.20,0.00,0.00,0,0
vda,3.80,0.00,0.02,0,0
vda,1.60,0.00,0.01,0,0
vda,18.20,0.00,0.07,0,0
vda,5.20,0.00,0.02,0,0
vda,1.20,0.00,0.00,0,0
vda,36.40,0.00,0.15,0,0
vda,0.00,0.00,0.00,0,0
vda,2.80,0.00,0.02,0,0
vda,0.80,0.00,0.00,0,0
vda,26.40,0.00,0.11,0,0
vda,1.40,0.00,0.01,0,0
vda,1.00,0.00,0.00,0,0
vda,3.40,0.00,0.01,0,0
vda,1.80,0.00,0.01,0,0
vda,31.80,0.00,0.13,0,0
vda,5.20,0.00,0.02,0,0
vda,1.20,0.00,0.00,0,0
vda,18.00,0.00,0.07,0,0
vda,2.40,0.00,0.01,0,0
vda,1.60,0.00,0.01,0,0
vda,0.00,0.00,0.00,0,0
vda,4.40,0.00,0.02,0,0
vda,1.60,0.00,0.01,0,0
vda,33.80,0.00,0.14,0,0
vda,19.40,0.00,0.08,0,0
vda,2.00,0.00,0.01,0,0
vda,9.60,0.00,0.04,0,0
vda,0.00,0.00,0.00,0,0
vda,2.80,0.00,0.02,0,0
vda,2.00,0.00,0.01,0,0
vda,2.00,0.00,0.01,0,0
vda,1.60,0.00,0.01,0,0
vda,29.00,0.00,0.12,0,0
vda,7.60,0.00,0.03,0,0
vda,1.20,0.00,0.00,0,0
vda,8.40,0.00,0.04,0,0
vda,2.40,0.00,0.01,0,0
vda,1.60,0.00,0.01,0,0
vda,4.60,0.00,0.02,0,0
vda,19.00,0.00,0.07,0,0
vda,0.00,0.00,0.00,0,0
vda,0.60,0.00,0.00,0,0
vda,36.20,0.00,0.14,0,0
vda,2.80,0.00,0.02,0,0
vda,1.00,0.00,0.00,0,0
vda,9.20,0.00,0.04,0,0
vda,1.40,0.00,0.01,0,0
vda,0.40,0.00,0.00,0,0
vda,19.40,0.00,0.08,0,0
vda,2.60,0.00,0.01,0,0
vda,2.20,0.00,0.01,0,0
vda,36.00,0.00,0.14,0,0
vda,1.20,0.00,0.01,0,0
vda,1.20,0.00,0.00,0,0
vda,3.20,0.00,0.01,0,0
vda,12.60,0.00,0.05,0,0
vda,7.00,0.00,0.03,0,0
vda,2.40,0.00,0.01,0,0
vda,2.00,0.00,0.01,0,0
vda,3.00,0.00,0.02,0,0
vda,48.00,0.00,0.19,0,0
vda,0.00,0.00,0.00,0,0
vda,1.00,0.00,0.00,0,0
vda,33.40,0.00,0.13,0,0
vda,1.20,0.00,0.00,0,0
vda,0.00,0.00,0.00,0,0
vda,6.20,0.00,0.03,0,0
vda,0.20,0.00,0.00,0,0
vda,1.40,0.00,0.01,0,0
vda,24.80,0.00,0.10,0,0
vda,18.40,0.00,0.07,0,0
vda,0.00,0.00,0.00,0,0
vda,2.20,0.00,0.01,0,0
vda,9.20,0.00,0.04,0,0
vda,0.60,0.00,0.00,0,0
vda,2.40,0.00,0.01,0,0
vda,2.00,0.00,0.01,0,0
vda,1.60,0.00,0.01,0,0
vda,47.20,0.00,0.19,0,0
vda,1.00,0.00,0.00,0,0
vda,1.40,0.00,0.01,0,0
vda,2.80,0.00,0.01,0,0
vda,8.80,0.00,0.04,0,0
vda,1.00,0.00,0.00,0,0
vda,2.20,0.00,0.01,0,0
vda,19.20,0.00,0.07,0,0
vda,2.20,0.00,0.01,0,0
vda,37.00,0.00,0.15,0,0
vda,1.40,0.00,0.01,0,0
vda,0.00,0.00,0.00,0,0
vda,2.20,0.00,0.01,0,0
vda,8.20,0.00,0.03,0,0
vda,11.80,0.00,0.05,0,0
vda,4.20,0.00,0.02,0,0
vda,1.80,0.00,0.01,0,0
vda,0.20,0.00,0.00,0,0
vda,36.00,0.00,0.14,0,0
vda,1.20,0.00,0.00,0,0
vda,0.40,0.00,0.00,0,0
vda,2.40,0.00,0.01,0,0
vda,25.00,0.00,0.10,0,0
vda,1.20,0.00,0.01,0,0
vda,4.20,0.00,0.02,0,0
vda,1.60,0.00,0.01,0,0
vda,0.40,0.00,0.00,0,0
vda,24.80,0.00,0.10,0,0
vda,1.20,0.00,0.00,0,0
vda,0.80,0.00,0.00,0,0
vda,27.60,0.00,0.12,0,0
vda,1.80,0.00,0.01,0,0
vda,1.60,0.00,0.01,0,0
vda,2.40,0.00,0.01,0,0
vda,1.20,0.00,0.00,0,0
vda,2.00,0.00,0.01,0,0
vda,35.80,0.00,0.14,0,0
vda,14.40,0.00,0.06,0,0
vda,0.80,0.00,0.00,0,0
vda,2.40,0.00,0.01,0,0
vda,1.20,0.00,0.00,0,0
vda,7.60,0.00,0.03,0,0
vda,2.20,0.00,0.01,0,0
vda,1.20,0.00,0.00,0,0
vda,21.20,0.00,0.09,0,0
vda,36.00,0.00,0.14,0,0
vda,1.20,0.00,0.00,0,0
vda,0.40,0.00,0.00,0,0
vda,10.80,0.00,0.04,0,0
vda,0.00,0.00,0.00,0,0
vda,1.00,0.00,0.00,0,0
vda,3.00,0.00,0.01,0,0
vda,18.60,0.00,0.07,0,0
vda,2.80,0.00,0.01,0,0
vda,35.00,0.00,0.14,0,0
vda,1.60,0.00,0.01,0,0
vda,0.40,0.00,0.00,0,0
vda,2.40,0.00,0.01,0,0
vda,2.20,0.00,0.01,0,0
vda,11.80,0.00,0.05,0,0
vda,9.80,0.00,0.04,0,0
vda,1.40,0.00,0.01,0,0
vda,22.80,0.00,0.09,0,0
vda,3.60,0.00,0.01,0,0
vda,1.60,0.00,0.01,0,0
vda,1.40,0.00,0.01,0,0
vda,2.40,0.00,0.01,0,0
vda,18.40,0.00,0.07,0,0
vda,0.40,0.00,0.00,0,0
vda,9.40,0.00,0.04,0,0
vda,1.20,0.00,0.00,0,0
vda,33.60,0.00,0.13,0,0
vda,3.00,0.00,0.02,0,0
vda,2.20,0.00,0.01,0,0
vda,14.60,0.00,0.06,0,0
vda,0.00,0.00,0.00,0,0
vda,1.20,0.00,0.00,0,0
vda,0.00,0.00,0.00,0,0
vda,2.40,0.00,0.01,0,0
vda,8.20,0.00,0.03,0,0
vda,36.73,0.00,0.15,0,0
vda,18.60,0.00,0.07,0,0
vda,2.60,0.00,0.01,0,0
vda,2.60,0.00,0.01,0,0
vda,0.20,0.00,0.00,0,0
vda,1.20,0.00,0.00,0,0
vda,2.80,0.00,0.01,0,0
vda,1.40,0.00,0.01,0,0
vda,25.40,0.00,0.10,0,0
vda,36.00,0.00,0.14,0,0
vda,0.60,0.00,0.00,0,0
vda,2.20,0.00,0.01,0,0
vda,0.40,0.00,0.00,0,0
vda,2.60,0.00,0.01,0,0
vda,3.60,0.00,0.02,0,0
vda,13.60,0.00,0.05,0,0
vda,0.00,0.00,0.00,0,0
vda,1.40,0.00,0.00,0,0
vda,23.80,0.00,0.10,0,0
vda,8.60,0.00,0.04,0,0
vda,1.60,0.00,0.01,0,0
vda,26.60,0.00,0.11,0,0
vda,2.00,0.00,0.01,0,0
vda,1.60,0.00,0.01,0,0
vda,2.20,0.00,0.01,0,0
vda,0.40,0.00,0.00,0,0
vda,1.40,0.00,0.01,0,0
vda,46.80,0.00,0.19,0,0
vda,9.40,0.00,0.04,0,0
vda,12.80,0.00,0.05,0,0
vda,1.60,0.00,0.01,0,0
vda,47.20,0.54,0.02,2,0
vda,0.00,0.00,0.00,0,0
vda,2.20,0.00,0.01,0,0
vda,30.40,0.00,0.17,0,0
vda,4.60,0.00,0.02,0,0
vda,50.80,0.00,0.20,0,1
vda,1.60,0.00,0.01,0,0
vda,1.80,0.00,0.01,0,0
vda,1.60,0.00,0.01,0,0
vda,4.00,0.00,0.02,0,0
vda,2.20,0.00,0.01,0,0
vda,1.60,0.00,0.01,0,0
vda,2.20,0.00,0.01,0,0
vda,12.80,0.00,0.05,0,0
vda,36.00,0.00,0.14,0,0
vda,0.00,0.00,0.00,0,0
vda,7.60,0.00,0.03,0,0
vda,1.60,0.00,0.01,0,0
vda,4.80,0.00,0.02,0,0
vda,2.00,0.00,0.01,0,0
vda,19.40,0.00,0.08,0,0
vda,0.00,0.00,0.00,0,0
vda,1.20,0.00,0.00,0,0
vda,24.00,0.00,0.10,0,0
vda,8.00,0.00,0.03,0,0
vda,3.80,0.00,0.02,0,0
vda,2.40,0.00,0.01,0,0
vda,1.40,0.00,0.01,0,0
vda,18.80,0.00,0.07,0,0
vda,2.20,0.00,0.01,0,0
vda,0.40,0.00,0.00,0,0
vda,1.40,0.00,0.01,0,0
vda,36.00,0.00,0.14,0,0
vda,8.60,0.00,0.04,0,0
vda,1.20,0.00,0.00,0,0
vda,12.60,0.00,0.05,0,0
vda,4.20,0.00,0.02,0,0
vda,1.20,0.00,0.00,0,0
vda,2.20,0.00,0.01,0,0
vda,0.40,0.00,0.00,0,0
vda,3.60,0.00,0.02,0,0
vda,34.80,0.00,0.14,0,0
vda,25.80,0.00,0.10,0,0
vda,1.40,0.00,0.01,0,0
vda,1.20,0.00,0.00,0,0
vda,1.60,0.00,0.01,0,0
vda,1.40,0.00,0.01,0,0
vda,3.20,0.00,0.01,0,0
vda,2.20,0.00,0.01,0,0
vda,0.00,0.00,0.00,0,0
vda,52.00,0.00,0.21,0,1
vda,1.60,0.00,0.01,0,0
vda,1.20,0.00,0.00,0,0
vda,6.80,0.00,0.03,0,0
vda,4.20,0.00,0.02,0,0
vda,1.40,0.00,0.01,0,0
vda,3.60,0.00,0.01,0,0
vda,13.00,0.00,0.05,0,0
vda,0.00,0.00,0.00,0,0
vda,23.20,0.00,0.09,0,0
vda,2.20,0.00,0.01,0,0
vda,3.20,0.00,0.02,0,0
vda,9.00,0.00,0.04,0,0
vda,0.00,0.00,0.00,0,0
vda,1.20,0.00,0.00,0,0
vda,19.40,0.00,0.08,0,0
vda,2.60,0.00,0.01,0,0
vda,2.00,0.00,0.01,0,0
vda,33.60,0.00,0.13,0,0
vda,12.80,0.00,0.06,0,0
vda,0.00,0.00,0.00,0,0
vda,1.20,0.00,0.00,0,0
vda,13.40,0.00,0.05,0,0
vda,1.40,0.00,0.01,0,0
vda,2.60,0.00,0.01,0,0
vda,1.60,0.00,0.01,0,0
vda,1.60,0.00,0.01,0,0
vda,37.60,0.00,0.15,0,0
vda,1.60,0.00,0.01,0,0
vda,0.80,0.00,0.00,0,0
vda,19.40,0.00,0.08,0,0
vda,0.20,0.00,0.00,0,0
vda,8.00,0.00,0.03,0,0
vda,2.40,0.00,0.01,0,0
vda,1.60,0.00,0.01,0,0
vda,1.40,0.00,0.01,0,0
vda,35.80,0.00,0.14,0,0
vda,19.60,0.00,0.08,0,0
vda,1.20,0.00,0.00,0,0
vda,2.20,0.00,0.01,0,0
vda,0.40,0.00,0.00,0,0
vda,2.80,0.00,0.01,0,0
vda,2.20,0.00,0.01,0,0
vda,6.80,0.00,0.03,0,0
vda,1.40,0.00,0.00,0,0
vda,36.20,0.00,0.14,0,0
vda,3.60,0.00,0.01,0,0
vda,1.20,0.00,0.00,0,0
vda,3.60,0.00,0.01,0,0
vda,0.00,0.00,0.00,0,0
vda,1.40,0.00,0.00,0,0
vda,1.20,0.00,0.00,0,0
vda,26.00,0.00,0.10,0,0
vda,1.40,0.00,0.01,0,0
vda,34.60,0.00,0.14,0,0
vda,4.20,0.00,0.02,0,0
vda,0.00,0.00,0.00,0,0
vda,1.60,0.00,0.01,0,0
vda,2.00,0.00,0.01,0,0
vda,1.60,0.00,0.01,0,0
vda,25.40,0.00,0.10,0,0
vda,6.80,0.00,0.03,0,0
vda,3.00,0.00,0.02,0,0
vda,47.20,0.00,0.19,0,0
vda,0.40,0.00,0.00,0,0
vda,2.60,0.00,0.01,0,0
vda,2.80,0.00,0.01,0,0
vda,11.40,0.00,0.04,0,0
vda,1.20,0.00,0.00,0,0
vda,1.20,0.00,0.00,0,0
vda,3.20,0.00,0.02,0,0
vda,8.40,0.00,0.03,0,0
vda,34.60,0.00,0.14,0,0
vda,2.00,0.00,0.01,0,0
vda,4.60,0.00,0.02,0,0
vda,19.20,0.00,0.08,0,0
vda,0.40,0.00,0.00,0,0
vda,3.20,0.00,0.02,0,0
vda,2.20,0.00,0.01,0,0
vda,0.00,0.00,0.00,0,0
vda,8.40,0.00,0.04,0,0
vda,24.20,0.00,0.10,0,0
vda,11.80,0.00,0.05,0,0
vda,1.60,0.00,0.01,0,0
vda,2.20,0.00,0.01,0,0
vda,11.80,0.00,0.05,0,0
vda,0.00,0.00,0.00,0,0
vda,1.60,0.00,0.01,0,0
vda,2.60,0.00,0.01,0,0
vda,18.80,0.00,0.07,0,0
vda,33.60,0.00,0.13,0,0
vda,2.20,0.00,0.01,0,0
vda,0.80,0.00,0.01,0,0
vda,1.20,0.00,0.00,0,0
vda,3.80,0.00,0.01,0,0
vda,2.00,0.00,0.01,0,0
vda,2.00,0.00,0.01,0,0
vda,18.40,0.00,0.07,0,0
vda,0.00,0.00,0.00,0,0
vda,35.60,0.00,0.14,0,0
vda,2.60,0.00,0.01,0,0
vda,8.00,0.00,0.03,0,0
vda,1.80,0.00,0.01,0,0
vda,3.80,0.00,0.01,0,0
vda,13.00,0.00,0.05,0,0
vda,1.80,0.00,0.01,0,0
vda,3.20,0.00,0.02,0,0
vda,0.00,0.00,0.00,0,0
vda,34.80,0.00,0.14,0,0
vda,9.20,0.00,0.04,0,0
vda,1.40,0.00,0.01,0,0
vda,0.20,0.00,0.00,0,0
vda,19.80,0.00,0.08,0,0
vda,3.20,0.00,0.02,0,0
vda,2.20,0.00,0.01,0,0
vda,0.20,0.00,0.00,0,0
vda,1.20,0.00,0.00,0,0
vda,22.80,0.00,0.09,0,0
vda,2.60,0.00,0.01,0,0
vda,25.20,0.00,0.10,0,0
vda,3.80,0.00,0.02,0,0
vda,0.00,0.00,0.00,0,0
vda,2.60,0.00,0.01,0,0
vda,2.60,0.00,0.01,0,0
vda,0.40,0.00,0.00,0,0
vda,1.40,0.00,0.01,0,0
vda,34.40,0.00,0.14,0,0
vda,13.60,0.00,0.05,0,0
vda,8.60,0.00,0.04,0,0
vda,1.60,0.00,0.01,0,0
vda,3.19,0.00,0.01,0,0
vda,1.60,0.00,0.01,0,0
vda,1.60,0.00,0.01,0,0
vda,2.20,0.00,0.01,0,0
vda,17.20,0.00,0.07,0,0
vda,35.80,0.00,0.15,0,0
vda,2.20,0.00,0.01,0,0
vda,8.60,0.00,0.04,0,0
vda,1.60,0.00,0.01,0,0
vda,1.60,0.00,0.01,0,0
vda,2.40,0.00,0.01,0,0
vda,2.60,0.00,0.01,0,0
vda,13.00,0.00,0.05,0,0
vda,1.60,0.00,0.01,0,0
vda,35.80,0.00,0.14,0,0
vda,1.20,0.00,0.00,0,0
vda,7.00,0.00,0.03,0,0
vda,1.40,0.00,0.00,0,0
vda,2.60,0.00,0.01,0,0
vda,20.60,0.00,0.08,0,0
vda,2.80,0.00,0.01,0,0
vda,1.20,0.00,0.00,0,0
vda,0.00,0.00,0.00,0,0
vda,23.20,0.00,0.09,0,0
vda,9.20,0.00,0.04,0,0
vda,1.40,0.00,0.00,0,0
vda,3.80,0.00,0.02,0,0
vda,17.60,0.00,0.07,0,0
vda,3.20,0.00,0.01,0,0
vda,1.80,0.00,0.01,0,0
vda,3.00,0.00,0.01,0,0
vda,1.40,0.00,0.01,0,0
vda,33.60,0.00,0.13,0,0
vda,1.60,0.00,0.01,0,0
vda,21.60,0.00,0.09,0,0
vda,2.60,0.00,0.01,0,0
vda,0.40,0.00,0.00,0,0
vda,1.40,0.00,0.01,0,0
vda,2.00,0.00,0.01,0,0
vda,2.60,0.00,0.01,0,0
vda,0.20,0.00,0.00,0,0
vda,34.80,0.00,0.14,0,0
vda,20.40,0.00,0.08,0,0
vda,1.40,0.00,0.01,0,0
vda,8.40,0.00,0.03,0,0
vda,1.60,0.00,0.01,0,0
vda,1.20,0.00,0.00,0,0
vda,3.40,0.00,0.01,0,0
vda,0.60,0.00,0.00,0,0
vda,26.00,0.00,0.10,0,0
vda,46.20,0.00,0.18,0,0
vda,2.20,0.00,0.01,0,0
vda,0.00,0.00,0.00,0,0
vda,7.80,0.00,0.03,0,0
vda,2.80,0.00,0.01,0,0
vda,2.40,0.00,0.01,0,0
vda,3.20,0.00,0.02,0,0
vda,14.00,0.00,0.05,0,0
vda,0.00,0.00,0.00,0,0
vda,23.00,0.00,0.09,0,0
vda,2.00,0.00,0.01,0,0
vda,1.40,0.00,0.01,0,0
vda,8.20,0.00,0.03,0,0
vda,2.40,0.00,0.01,0,0
vda,20.40,0.00,0.08,0,0
vda,0.00,0.00,0.00,0,0
vda,2.40,0.00,0.01,0,0
vda,1.40,0.00,0.01,0,0
vda,35.60,0.00,0.14,0,0
vda,1.40,0.00,0.01,0,0
vda,7.80,0.00,0.04,0,0
vda,1.20,0.00,0.00,0,0
vda,14.00,0.00,0.05,0,0
vda,0.00,0.00,0.00,0,0
vda,4.00,0.00,0.01,0,0
vda,1.60,0.00,0.01,0,0
vda,0.20,0.00,0.00,0,0
vda,35.60,0.00,0.14,0,0
vda,2.00,0.00,0.01,0,0
vda,18.60,0.00,0.07,0,0
vda,9.60,0.00,0.04,0,0
vda,0.00,0.00,0.00,0,0
vda,1.20,0.00,0.00,0,0
vda,3.80,0.00,0.02,0,0
vda,4.60,0.00,0.02,0,0
vda,1.00,0.00,0.00,0,0
vda,48.20,0.00,0.19,0,0
vda,4.59,0.00,0.02,0,0
vda,9.60,0.00,0.04,0,0
vda,0.00,0.00,0.00,0,0
vda,3.00,0.00,0.01,0,0
vda,4.00,0.00,0.02,0,0
vda,1.40,0.00,0.01,0,0
vda,2.60,0.00,0.01,0,0
vda,11.40,0.00,0.04,0,0
vda,23.00,0.00,0.09,0,0
vda,2.60,0.00,0.01,0,0
vda,8.60,0.00,0.03,0,0
vda,1.20,0.00,0.01,0,0
vda,1.60,0.00,0.01,0,0
vda,1.20,0.00,0.00,0,0
vda,19.40,0.00,0.08,0,0
vda,2.00,0.00,0.01,0,0
vda,1.60,0.00,0.01,0,0
vda,2.60,0.00,0.01,0,0
vda,34.60,0.00,0.14,0,0
vda,1.20,0.00,0.00,0,0
vda,2.20,0.00,0.01,0,0
vda,0.00,0.00,0.00,0,0
vda,20.20,0.00,0.08,0,0
vda,1.60,0.00,0.01,0,0
vda,2.60,0.00,0.01,0,0
vda,2.80,0.00,0.01,0,0
vda,2.20,0.00,0.01,0,0
vda,33.40,0.00,0.13,0,0
vda,1.60,0.00,0.01,0,0
vda,18.80,0.00,0.07,0,0
vda,8.20,0.00,0.03,0,0
vda,2.20,0.00,0.01,0,0
vda,3.60,0.00,0.02,0,0
vda,2.00,0.00,0.01,0,0
vda,1.60,0.00,0.01,0,0
vda,1.20,0.00,0.00,0,0
vda,33.40,0.00,0.13,0,0
vda,19.60,0.00,0.08,0,0
vda,1.40,0.00,0.01,0,0
vda,10.00,0.00,0.04,0,0
vda,1.60,0.00,0.01,0,0
vda,1.40,0.00,0.01,0,0
vda,2.40,0.00,0.01,0,0
vda,1.40,0.00,0.01,0,0
vda,13.20,0.00,0.05,0,0
vda,22.00,0.00,0.09,0,0
vda,3.80,0.00,0.02,0,0
vda,1.40,0.00,0.01,0,0
vda,1.60,0.00,0.01,0,0
vda,8.00,0.00,0.03,0,0
vda,1.20,0.00,0.00,0,0
vda,0.00,0.00,0.00,0,0
vda,21.60,0.00,0.08,0,0
vda,2.60,0.00,0.01,0,0
vda,33.40,0.00,0.13,0,0
vda,2.20,0.00,0.01,0,0
vda,1.20,0.00,0.00,0,0
vda,0.00,0.00,0.00,0,0
vda,2.20,0.00,0.01,0,0
vda,27.00,0.00,0.11,0,0
vda,1.20,0.00,0.01,0,0
vda,2.20,0.00,0.01,0,0
vda,3.00,0.00,0.01,0,0
vda,2.60,0.00,0.01,0,0
vda,42.60,0.00,0.17,0,0
vda,0.40,0.00,0.00,0,0
vda,13.20,0.00,0.05,0,0
vda,3.00,0.00,0.01,0,0
vda,1.20,0.00,0.00,0,0
vda,0.00,0.00,0.00,0,0
vda,2.20,0.00,0.01,0,0
vda,1.80,0.00,0.01,0,0
vda,3.80,0.00,0.01,0,0
vda,35.20,0.00,0.14,0,0
vda,18.60,0.00,0.08,0,0
vda,1.20,0.00,0.00,0,0
vda,1.60,0.00,0.01,0,0
vda,1.60,0.00,0.01,0,0
vda,8.00,0.00,0.03,0,0
vda,1.60,0.00,0.01,0,0
vda,1.40,0.00,0.01,0,0
vda,14.60,0.00,0.06,0,0
vda,23.80,0.00,0.10,0,0
vda,1.60,0.00,0.01,0,0
vda,1.40,0.00,0.01,0,0
vda,1.60,0.00,0.01,0,0
vda,1.20,0.00,0.00,0,0
vda,7.20,0.00,0.03,0,0
vda,4.80,0.00,0.02,0,0
vda,25.00,0.00,0.10,0,0
vda,2.00,0.00,0.01,0,0
vda,47.00,0.00,0.19,0,0
vda,1.20,0.00,0.00,0,0
vda,0.00,0.00,0.00,0,0
vda,2.40,0.00,0.01,0,0
vda,1.60,0.00,0.01,0,0
vda,26.40,0.00,0.11,0,0
vda,1.60,0.00,0.01,0,0
vda,2.00,0.00,0.01,0,0
vda,2.60,0.00,0.01,0,0
vda,33.60,0.00,0.13,0,0
vda,1.80,0.00,0.01,0,0
vda,0.80,0.00,0.00,0,0
vda,101.80,1.27,0.04,6,0
vda,46.00,0.00,0.18,0,0
vda,3.00,0.32,0.00,1,0
vda,2.40,0.00,0.01,0,0
vda,43.60,0.00,0.18,0,0
vda,0.80,0.00,0.00,0,0
vda,3.20,0.00,0.01,0,0
vda,55.80,0.00,0.23,0,1
vda,1.40,0.00,0.00,0,0
vda,2.20,0.00,0.01,0,0
vda,36.80,0.00,0.15,0,0
vda,0.20,0.00,0.00,0,0
vda,2.20,0.00,0.01,0,0
vda,35.20,0.00,0.14,0,0
vda,1.40,0.00,0.01,0,0
vda,3.00,0.00,0.01,0,0
vda,49.60,0.00,0.20,0,1
vda,1.00,0.00,0.00,0,0
vda,2.20,0.00,0.01,0,0
vda,46.20,0.00,0.19,0,0
vda,1.40,0.00,0.01,0,0
vda,2.20,0.00,0.01,0,0
vda,34.40,0.00,0.14,0,0
vda,1.40,0.00,0.01,0,0
vda,2.60,0.00,0.01,0,0
vda,42.80,0.00,0.17,0,0
vda,2.00,0.00,0.01,0,0
vda,2.20,0.00,0.01,0,0
vda,41.00,0.00,0.16,0,0
vda,2.60,0.00,0.01,0,0
vda,2.20,0.00,0.01,0,0
vda,46.20,0.00,0.19,0,0
vda,1.60,0.00,0.01,0,0
vda,2.20,0.00,0.01,0,0
vda,36.20,0.00,0.15,0,0
vda,2.00,0.00,0.01,0,0
vda,2.80,0.00,0.01,0,0
vda,0.00,0.00,0.00,0,0
vda,43.80,0.00,0.18,0,0
vda,3.20,0.00,0.01,0,0
vda,0.60,0.00,0.00,0,0
vda,53.80,0.00,0.22,0,1
vda,2.40,0.00,0.01,0,0
vda,0.60,0.00,0.00,0,0
vda,36.00,0.00,0.15,0,0
vda,4.20,0.00,0.02,0,0
vda,1.80,0.00,0.01,0,0
vda,42.00,0.00,0.17,0,0
vda,2.40,0.00,0.01,0,0
vda,1.40,0.00,0.01,0,0
vda,34.60,0.00,0.14,0,0
vda,2.40,0.00,0.01,0,0
vda,0.00,0.00,0.00,0,0
vda,46.40,0.00,0.19,0,0
vda,9.80,0.00,0.04,0,0
vda,0.00,0.00,0.00,0,0
vda,32.40,0.00,0.13,0,0
vda,2.60,0.00,0.01,0,0
vda,0.00,0.00,0.00,0,0
vda,37.00,0.00,0.15,0,0
vda,2.40,0.00,0.01,0,0
vda,1.40,0.00,0.01,0,0
vda,35.60,0.00,0.14,0,0
vda,2.40,0.00,0.01,0,0
vda,2.40,0.00,0.01,0,0
vda,2.60,0.00,0.01,0,0
vda,0.00,0.00,0.00,0,0
vda,0.60,0.00,0.00,0,0
vda,1.60,0.00,0.01,0,0
vda,55.20,0.00,0.22,0,1
vda,8.60,0.00,0.04,0,0
vda,0.00,0.00,0.00,0,0
vda,2.20,0.00,0.01,0,0
vda,0.00,0.00,0.00,0,0
vda,2.80,0.00,0.01,0,0
vda,4.60,0.00,0.02,0,0
vda,17.80,0.00,0.07,0,0
vda,35.80,0.00,0.14,0,0
vda,2.20,0.00,0.01,0,0
vda,7.20,0.00,0.03,0,0
vda,1.80,0.00,0.01,0,0
vda,2.40,0.00,0.01,0,0
vda,0.60,0.00,0.00,0,0
vda,13.40,0.00,0.05,0,0
vda,3.60,0.00,0.01,0,0
vda,1.80,0.00,0.01,0,0
vda,23.00,0.00,0.09,0,0
vda,2.40,0.00,0.01,0,0
vda,0.00,0.00,0.00,0,0
vda,1.40,0.00,0.00,0,0
vda,10.00,0.00,0.04,0,0
vda,17.40,0.00,0.07,0,0
vda,1.60,0.00,0.01,0,0
vda,2.40,0.00,0.01,0,0
vda,10.20,0.00,0.04,0,0
vda,34.20,0.00,0.13,0,0
vda,2.20,0.00,0.01,0,0
vda,1.60,0.00,0.01,0,0
vda,13.80,0.00,0.05,0,0
vda,2.40,0.00,0.01,0,0
vda,0.00,0.00,0.00,0,0
vda,1.20,0.00,0.00,0,0
vda,48.00,0.00,0.19,0,0
vda,1.20,0.00,0.00,0,0
vda,1.60,0.00,0.01,0,0
vda,5.00,0.00,0.02,0,0
vda,25.00,0.00,0.10,0,0
vda,1.20,0.00,0.00,0,0
vda,0.00,0.00,0.00,0,0
vda,1.60,0.00,0.01,0,0
vda,1.60,0.00,0.01,0,0
vda,44.60,0.00,0.18,0,0
vda,1.20,0.00,0.00,0,0
vda,17.40,0.00,0.07,0,0
vda,1.20,0.00,0.00,0,0
vda,3.40,0.00,0.01,0,0
vda,1.40,0.00,0.01,0,0
vda,2.40,0.00,0.01,0,0
vda,1.20,0.00,0.01,0,0
vda,1.40,0.00,0.00,0,0
vda,24.80,0.00,0.10,0,0
vda,20.20,0.00,0.08,0,0
vda,1.60,0.00,0.01,0,0
vda,2.60,0.00,0.01,0,0
vda,1.60,0.00,0.01,0,0
vda,1.60,0.00,0.01,0,0
vda,1.80,0.00,0.01,0,0
vda,1.80,0.00,0.01,0,0
vda,19.20,0.00,0.07,0,0
vda,42.60,0.00,0.17,0,0
vda,1.60,0.00,0.01,0,0
vda,1.20,0.00,0.00,0,0
vda,5.60,0.00,0.03,0,0
vda,1.60,0.00,0.01,0,0
vda,0.40,0.00,0.00,0,0
vda,1.40,0.00,0.01,0,0
vda,19.00,0.00,0.07,0,0
vda,1.20,0.00,0.00,0,0
vda,41.92,0.00,0.17,0,0
vda,2.60,0.00,0.01,0,0
vda,1.60,0.00,0.01,0,0
vda,1.40,0.00,0.01,0,0
vda,3.40,0.00,0.01,0,0
vda,12.60,0.00,0.05,0,0
vda,2.20,0.00,0.01,0,0
vda,0.00,0.00,0.00,0,0
vda,3.00,0.00,0.01,0,0
vda,36.40,0.00,0.14,0,0
vda,8.20,0.00,0.04,0,0
vda,0.00,0.00,0.00,0,0
vda,18.80,0.00,0.07,0,0
vda,2.20,0.00,0.01,0,0
vda,0.40,0.00,0.00,0,0
vda,4.00,0.00,0.02,0,0
vda,3.00,0.00,0.01,0,0
vda,1.00,0.00,0.00,0,0
vda,24.60,0.00,0.10,0,0
vda,12.80,0.00,0.05,0,0
vda,7.20,0.00,0.03,0,0
vda,1.80,0.00,0.01,0,0
vda,3.20,0.00,0.02,0,0
vda,1.20,0.00,0.00,0,0
vda,3.60,0.00,0.01,0,0
vda,1.60,0.00,0.01,0,0
vda,17.80,0.00,0.07,0,0
vda,44.20,0.00,0.18,0,0
vda,1.20,0.00,0.00,0,0
vda,1.60,0.00,0.01,0,0
vda,1.20,0.00,0.00,0,0
vda,2.20,0.00,0.01,0,0
vda,0.40,0.00,0.00,0,0
vda,1.60,0.00,0.01,0,0
vda,20.40,0.00,0.08,0,0
vda,1.80,0.00,0.01,0,0
vda,38.40,0.00,0.16,0,0
vda,1.20,0.00,0.00,0,0
vda,0.60,0.00,0.00,0,0
vda,1.40,0.00,0.01,0,0
vda,8.40,0.00,0.03,0,0
vda,13.00,0.00,0.05,0,0
vda,2.20,0.00,0.01,0,0
vda,0.40,0.00,0.00,0,0
vda,3.40,0.00,0.02,0,0
vda,36.60,0.00,0.14,0,0
vda,2.00,0.00,0.01,0,0
vda,1.20,0.00,0.00,0,0
vda,2.40,0.00,0.01,0,0
vda,17.40,0.00,0.07,0,0
vda,8.80,0.00,0.04,0,0
vda,2.40,0.00,0.01,0,0
vda,1.60,0.00,0.01,0,0
vda,2.60,0.00,0.01,0,0
vda,25.00,0.00,0.10,0,0
vda,0.00,0.00,0.00,0,0
vda,1.60,0.00,0.01,0,0
vda,20.00,0.00,0.08,0,0
vda,2.20,0.00,0.01,0,0
vda,7.20,0.00,0.03,0,0
vda,1.40,0.00,0.01,0,0
vda,1.80,0.00,0.01,0,0
vda,1.60,0.00,0.01,0,0
vda,35.40,0.00,0.14,0,0
vda,13.40,0.00,0.05,0,0
vda,3.60,0.00,0.02,0,0
vda,1.60,0.00,0.01,0,0
vda,1.80,0.00,0.01,0,0
vda,1.60,0.00,0.01,0,0
vda,2.40,0.00,0.01,0,0
vda,6.80,0.00,0.03,0,0
vda,19.00,0.00,0.07,0,0
vda,37.40,0.00,0.15,0,0
vda,0.00,0.00,0.00,0,0
vda,1.60,0.00,0.01,0,0
vda,3.20,0.00,0.01,0,0
vda,1.20,0.00,0.00,0,0
vda,12.80,0.00,0.05,0,0
vda,2.40,0.00,0.01,0,0
vda,42.80,0.00,0.17,0,0
vda,1.40,0.00,0.01,0,0
vda,0.20,0.00,0.00,0,0
vda,57.20,0.00,0.23,0,1
vda,16.60,0.00,0.06,0,0
vda,0.00,0.00,0.00,0,0
vda,46.00,0.00,0.19,0,0
vda,2.00,0.00,0.01,0,0
vda,0.00,0.00,0.00,0,0
vda,37.60,0.00,0.15,0,0
vda,1.40,0.00,0.01,0,0
vda,1.20,0.00,0.00,0,0
vda,37.80,0.00,0.15,0,0
vda,1.20,0.00,0.00,0,0
vda,2.20,0.00,0.01,0,0
vda,1.80,0.00,0.01,0,0
vda,0.00,0.00,0.00,0,0
vda,4.40,0.00,0.02,0,0
vda,2.00,0.00,0.01,0,0
vda,0.00,0.00,0.00,0,0
vda,20.20,0.00,0.08,0,0
vda,36.40,0.00,0.14,0,0
vda,8.20,0.00,0.03,0,0
vda,1.20,0.00,0.00,0,0
vda,1.60,0.00,0.01,0,0
vda,2.00,0.00,0.01,0,0
vda,3.80,0.00,0.02,0,0
vda,2.00,0.00,0.01,0,0
vda,19.00,0.00,0.07,0,0
vda,36.60,0.00,0.14,0,0
vda,0.00,0.00,0.00,0,0
vda,1.60,0.00,0.01,0,0
vda,1.40,0.00,0.01,0,0
vda,9.40,0.00,0.04,0,0
vda,1.40,0.00,0.01,0,0
vda,16.00,0.00,0.06,0,0
vda,1.60,0.00,0.01,0,0
vda,0.40,0.00,0.00,0,0
vda,1.40,0.00,0.01,0,0
vda,35.80,0.00,0.14,0,0
vda,2.60,0.00,0.02,0,0
vda,1.40,0.00,0.01,0,0
vda,8.60,0.00,0.04,0,0
vda,19.20,0.00,0.07,0,0
vda,2.40,0.00,0.01,0,0
vda,0.00,0.00,0.00,0,0
vda,3.19,0.00,0.01,0,0
vda,3.80,0.00,0.02,0,0
vda,23.20,0.00,0.09,0,0
vda,1.60,0.00,0.01,0,0
vda,13.00,0.00,0.05,0,0
vda,1.60,0.00,0.01,0,0
vda,7.80,0.00,0.03,0,0
vda,1.20,0.00,0.00,0,0
vda,4.60,0.00,0.02,0,0
vda,0.80,0.00,0.00,0,0
vda,2.40,0.00,0.01,0,0
vda,53.60,0.00,0.21,0,1
vda,0.00,0.00,0.00,0,0
vda,1.20,0.00,0.00,0,0
vda,1.60,0.00,0.01,0,0
vda,10.00,0.00,0.05,0,0
vda,2.20,0.00,0.01,0,0
vda,3.80,0.00,0.01,0,0
vda,1.40,0.00,0.01,0,0
vda,19.20,0.00,0.08,0,0
vda,34.40,0.00,0.13,0,0
vda,1.60,0.00,0.01,0,0
vda,2.60,0.00,0.01,0,0
vda,8.80,0.00,0.04,0,0
vda,1.40,0.00,0.01,0,0
vda,3.60,0.00,0.01,0,0
vda,13.00,0.00,0.05,0,0
vda,0.40,0.00,0.00,0,0
vda,35.80,0.00,0.14,0,0
vda,4.00,0.00,0.02,0,0
vda,0.20,0.00,0.00,0,0
vda,9.20,0.00,0.04,0,0
vda,2.20,0.00,0.01,0,0
vda,0.40,0.00,0.00,0,0
vda,20.60,0.00,0.08,0,0
vda,2.00,0.00,0.01,0,0
vda,1.00,0.00,0.00,0,0
vda,26.80,0.00,0.10,0,0
vda,0.00,0.00,0.00,0,0
vda,1.60,0.00,0.01,0,0
vda,2.60,0.00,0.01,0,0
vda,24.00,0.00,0.10,0,0
vda,1.40,0.00,0.01,0,0
vda,2.20,0.00,0.01,0,0
vda,2.40,0.00,0.01,0,0
vda,3.20,0.00,0.01,0,0
vda,37.00,0.00,0.14,0,0
vda,0.00,0.00,0.00,0,0
vda,12.40,0.00,0.05,0,0
vda,2.20,0.00,0.01,0,0
vda,0.00,0.00,0.00,0,0
vda,3.00,0.00,0.02,0,0
vda,9.00,0.00,0.04,0,0
vda,0.60,0.00,0.00,0,0
vda,1.20,0.00,0.00,0,0
vda,53.60,0.00,0.21,0,1
vda,2.00,0.00,0.01,0,0
vda,2.20,0.00,0.01,0,0
vda,3.40,0.00,0.01,0,0
vda,0.00,0.00,0.00,0,0
vda,1.40,0.00,0.00,0,0
vda,2.20,0.00,0.01,0,0
vda,7.00,0.00,0.03,0,0
vda,12.80,0.00,0.05,0,0
vda,25.20,0.00,0.10,0,0
vda,1.20,0.00,0.01,0,0
vda,1.80,0.00,0.01,0,0
vda,3.40,0.00,0.01,0,0
vda,1.40,0.00,0.01,0,0
vda,1.60,0.00,0.01,0,0
vda,19.20,0.00,0.07,0,0
vda,0.00,0.00,0.00,0,0
vda,3.20,0.00,0.02,0,0
vda,43.00,0.00,0.17,0,0
vda,0.80,0.00,0.00,0,0
vda,1.60,0.00,0.01,0,0
vda,3.80,0.00,0.01,0,0
vda,56.40,0.00,0.22,0,1
vda,22.80,0.00,0.09,0,0
vda,2.20,0.00,0.01,0,0
vda,0.00,0.00,0.00,0,0
vda,1.20,0.00,0.00,0,0
vda,2.20,0.00,0.01,0,0
vda,0.40,0.00,0.00,0,0
vda,14.20,0.00,0.06,0,0
vda,25.20,0.00,0.10,0,0
vda,0.00,0.00,0.00,0,0
vda,3.80,0.00,0.01,0,0
vda,1.80,0.00,0.01,0,0
vda,0.40,0.00,0.00,0,0
vda,1.60,0.00,0.01,0,0
vda,19.60,0.00,0.08,0,0
vda,3.00,0.00,0.02,0,0
vda,1.20,0.00,0.00,0,0
vda,66.20,0.00,0.31,0,1
vda,0.40,0.00,0.00,0,0
vda,1.40,0.00,0.01,0,0
vda,4.40,0.00,0.02,0,0
vda,0.20,0.00,0.00,0,0
vda,14.40,0.00,0.06,0,0
vda,2.20,0.00,0.01,0,0
vda,7.20,0.00,0.03,0,0
vda,24.15,0.00,0.09,0,0
vda,2.20,0.00,0.01,0,0
vda,0.60,0.00,0.00,0,0
vda,1.40,0.00,0.01,0,0
vda,19.20,0.00,0.07,0,0
vda,3.80,0.00,0.02,0,0
vda,1.80,0.00,0.01,0,0
vda,36.40,0.00,0.14,0,0
vda,0.00,0.00,0.00,0,0
vda,1.20,0.00,0.00,0,0
vda,2.40,0.00,0.01,0,0
vda,25.20,0.00,0.10,0,0
vda,2.60,0.00,0.01,0,0
vda,2.20,0.00,0.01,0,0
vda,1.80,0.00,0.01,0,0
vda,1.80,0.00,0.01,0,0
vda,36.40,0.00,0.14,0,0
vda,0.80,0.00,0.00,0,0
vda,2.00,0.00,0.01,0,0
vda,15.00,0.00,0.06,0,0
vda,7.20,0.00,0.03,0,0
vda,1.60,0.00,0.01,0,0
vda,2.20,0.00,0.01,0,0
vda,1.00,0.00,0.00,0,0
vda,3.40,0.00,0.01,0,0
vda,36.80,0.00,0.14,0,0
vda,18.20,0.00,0.07,0,0
vda,1.60,0.00,0.01,0,0
vda,2.20,0.00,0.01,0,0
vda,1.00,0.00,0.00,0,0
vda,8.20,0.00,0.03,0,0
vda,2.40,0.00,0.01,0,0
vda,0.60,0.00,0.00,0,0
vda,2.80,0.00,0.01,0,0
vda,54.20,0.00,0.21,0,1
vda,0.40,0.00,0.00,0,0
vda,1.40,0.00,0.01,0,0
vda,2.20,0.00,0.01,0,0
vda,0.20,0.00,0.00,0,0
vda,8.40,0.00,0.03,0,0
vda,1.80,0.00,0.01,0,0
vda,14.20,0.00,0.06,0,0
vda,2.80,0.00,0.01,0,0
vda,25.40,0.00,0.10,0,0
vda,0.00,0.00,0.00,0,0
vda,1.80,0.00,0.01,0,0
vda,2.80,0.00,0.01,0,0
vda,1.00,0.00,0.00,0,0
vda,25.40,0.00,0.10,0,0
vda,4.40,0.00,0.02,0,0
vda,0.00,0.00,0.00,0,0
vda,1.40,0.00,0.00,0,0
vda,37.00,0.00,0.15,0,0
vda,1.80,0.00,0.01,0,0
vda,1.80,0.00,0.01,0,0
vda,20.80,0.00,0.08,0,0
vda,0.00,0.00,0.00,0,0
vda,2.60,0.00,0.01,0,0
vda,2.20,0.00,0.01,0,0
vda,1.20,0.00,0.00,0,0
vda,1.40,0.00,0.01,0,0
vda,36.40,0.00,0.14,0,0
vda,19.80,0.00,0.08,0,0
vda,2.60,0.00,0.01,0,0
vda,1.40,0.00,0.01,0,0
vda,1.00,0.00,0.00,0,0
vda,1.80,0.00,0.01,0,0
vda,2.20,0.00,0.01,0,0
vda,7.20,0.00,0.03,0,0
vda,1.60,0.00,0.00,0,0
vda,53.40,0.00,0.21,0,1
vda,3.00,0.00,0.01,0,0
vda,3.00,0.00,0.01,0,0
vda,3.20,0.00,0.01,0,0
vda,0.00,0.00,0.00,0,0
vda,1.20,0.00,0.00,0,0
vda,2.20,0.00,0.01,0,0
vda,18.80,0.00,0.08,0,0
vda,1.80,0.00,0.01,0,0
vda,25.00,0.00,0.10,0,0
vda,2.20,0.00,0.01,0,0
vda,3.40,0.00,0.01,0,0
vda,1.60,0.00,0.01,0,0
vda,0.40,0.00,0.00,0,0
vda,1.60,0.00,0.01,0,0
vda,19.20,0.00,0.07,0,0
vda,0.60,0.00,0.00,0,0
vda,9.20,0.00,0.04,0,0
vda,36.40,0.00,0.14,0,0
vda,1.00,0.00,0.00,0,0
vda,1.40,0.00,0.01,0,0
vda,1.60,0.00,0.01,0,0
vda,14.20,0.00,0.06,0,0
vda,2.00,0.00,0.01,0,0
vda,1.20,0.00,0.01,0,0
vda,1.80,0.00,0.01,0,0
vda,1.40,0.00,0.01,0,0
vda,48.00,0.00,0.19,0,0
vda,6.80,0.00,0.03,0,0
vda,1.40,0.00,0.01,0,0
vda,24.40,0.00,0.10,0,0
vda,2.80,0.00,0.02,0,0
vda,3.80,0.00,0.01,0,0
vda,2.60,0.00,0.01,0,0
vda,0.00,0.00,0.00,0,0
vda,24.00,0.00,0.09,0,0
vda,2.20,0.00,0.01,0,0
vda,0.40,0.00,0.00,0,0
vda,27.20,0.00,0.11,0,0
vda,1.80,0.00,0.01,0,0
vda,1.20,0.00,0.00,0,0
vda,1.20,0.00,0.00,0,0
vda,38.20,0.00,0.15,0,0
vda,0.40,0.00,0.00,0,0
vda,2.00,0.00,0.01,0,0
vda,14.60,0.00,0.06,0,0
vda,0.00,0.00,0.00,0,0
vda,1.20,0.00,0.00,0,0
vda,9.00,0.00,0.04,0,0
vda,0.40,0.00,0.00,0,0
vda,1.40,0.00,0.01,0,0
vda,36.80,0.00,0.14,0,0
vda,28.60,0.00,0.12,0,0
vda,1.20,0.00,0.00,0,0
vda,2.20,0.00,0.01,0,0
vda,0.40,0.00,0.00,0,0
vda,37.00,0.00,0.15,0,0
vda,2.40,0.00,0.01,0,0
vda,0.00,0.00,0.00,0,0
vda,1.40,0.00,0.00,0,0
vda,4.00,0.00,0.01,0,0
vda,52.80,0.00,0.21,0,1
vda,10.40,0.00,0.04,0,0
vda,0.20,0.00,0.00,0,0
vda,2.40,0.00,0.01,0,0
vda,1.20,0.00,0.00,0,0
vda,1.60,0.00,0.01,0,0
vda,1.60,0.00,0.01,0,0
vda,1.60,0.00,0.01,0,0
vda,38.80,0.00,0.16,0,0
vda,1.00,0.00,0.00,0,0
vda,1.40,0.00,0.00,0,0
vda,0.00,0.00,0.00,0,0
vda,55.00,0.00,0.22,0,1
vda,8.00,0.00,0.03,0,0
vda,0.00,0.00,0.00,0,0
vda,2.20,0.00,0.01,0,0
vda,1.60,0.00,0.01,0,0
vda,2.00,0.00,0.01,0,0
vda,2.00,0.00,0.01,0,0
vda,12.80,0.00,0.05,0,0
vda,25.80,0.00,0.10,0,0
vda,0.00,0.00,0.00,0,0
vda,8.20,0.00,0.03,0,0
vda,2.40,0.00,0.01,0,0
vda,0.40,0.00,0.00,0,0
vda,1.40,0.00,0.01,0,0
vda,19.60,0.00,0.08,0,0
vda,3.40,0.00,0.02,0,0
vda,2.00,0.00,0.01,0,0
vda,34.20,0.00,0.13,0,0
vda,1.60,0.00,0.01,0,0
vda,1.60,0.00,0.01,0,0
vda,2.20,0.00,0.01,0,0
vda,18.60,0.00,0.07,0,0
vda,2.00,0.00,0.01,0,0
vda,3.60,0.00,0.02,0,0
vda,1.60,0.00,0.01,0,0
vda,36.80,0.00,0.15,0,0
vda,2.60,0.00,0.01,0,0
vda,0.00,0.00,0.00,0,0
vda,1.40,0.00,0.01,0,0
vda,19.40,0.00,0.08,0,0
vda,3.00,0.00,0.01,0,0
vda,8.60,0.00,0.04,0,0
vda,0.00,0.00,0.00,0,0
vda,1.20,0.00,0.00,0,0
vda,36.40,0.00,0.14,0,0
vda,2.20,0.00,0.01,0,0
vda,19.00,0.00,0.07,0,0
vda,2.60,0.00,0.01,0,0
vda,0.00,0.00,0.00,0,0
vda,1.20,0.00,0.00,0,0
vda,2.20,0.00,0.01,0,0
vda,6.60,0.00,0.03,0,0
vda,2.00,0.00,0.01,0,0
vda,24.40,0.00,0.10,0,0
vda,13.80,0.00,0.05,0,0
vda,0.00,0.00,0.00,0,0
vda,2.60,0.00,0.01,0,0
vda,10.20,0.00,0.04,0,0
vda,1.60,0.00,0.01,0,0
vda,2.40,0.00,0.01,0,0
vda,0.20,0.00,0.00,0,0
vda,20.60,0.00,0.08,0,0
vda,1.20,0.00,0.00,0,0
vda,34.80,0.00,0.14,0,0
vda,2.60,0.00,0.01,0,0
vda,3.60,0.00,0.01,0,0
vda,2.80,0.00,0.01,0,0
vda,1.20,0.00,0.00,0,0
vda,1.20,0.00,0.01,0,0
vda,17.60,0.00,0.07,0,0
vda,2.60,0.00,0.01,0,0
vda,8.20,0.00,0.03,0,0
vda,35.00,0.00,0.14,0,0
vda,2.40,0.00,0.01,0,0
vda,1.20,0.00,0.00,0,0
vda,0.00,0.00,0.00,0,0
vda,16.00,0.00,0.07,0,0
vda,1.80,0.00,0.01,0,0
vda,0.00,0.00,0.00,0,0
vda,2.20,0.00,0.01,0,0
vda,1.40,0.00,0.01,0,0
vda,53.00,0.00,0.21,0,1
vda,2.60,0.00,0.01,0,0
vda,2.40,0.00,0.01,0,0
vda,26.40,0.00,0.10,0,0
vda,1.00,0.00,0.00,0,0
vda,1.20,0.00,0.00,0,0
vda,0.60,0.00,0.00,0,0
vda,3.20,0.00,0.01,0,0
vda,1.40,0.00,0.01,0,0
vda,31.20,0.00,0.13,0,0
vda,13.40,0.00,0.05,0,0
vda,1.20,0.00,0.00,0,0
vda,0.40,0.00,0.00,0,0
vda,2.80,0.00,0.01,0,0
vda,2.80,0.00,0.01,0,0
vda,2.60,0.00,0.01,0,0
vda,1.20,0.00,0.01,0,0
vda,0.60,0.00,0.00,0,0
vda,52.40,0.00,0.21,0,1
vda,2.60,0.00,0.01,0,0
vda,7.80,0.00,0.03,0,0
vda,1.60,0.00,0.01,0,0
vda,2.20,0.00,0.01,0,0
vda,3.20,0.00,0.01,0,0
vda,3.80,0.00,0.02,0,0
vda,1.60,0.00,0.01,0,0
vda,18.20,0.00,0.07,0,0
vda,34.60,0.00,0.14,0,0
vda,2.20,0.00,0.01,0,0
vda,6.80,0.00,0.03,0,0
vda,1.40,0.00,0.00,0,0
vda,3.40,0.00,0.02,0,0
vda,0.80,0.00,0.00,0,0
vda,14.00,0.00,0.05,0,0
vda,3.00,0.00,0.01,0,0
vda,0.00,0.00,0.00,0,0
vda,36.00,0.00,0.14,0,0
vda,2.60,0.00,0.01,0,0
vda,9.00,0.00,0.04,0,0
vda,1.40,0.00,0.00,0,0
vda,2.20,0.00,0.01,0,0
vda,17.80,0.00,0.07,0,0
vda,1.40,0.00,0.00,0,0
vda,3.80,0.00,0.01,0,0
vda,9.40,0.00,0.04,0,0
vda,0.00,0.00,0.00,0,0
vda,26.00,0.00,0.10,0,0
vda,0.60,0.00,0.00,0,0
vda,1.80,0.00,0.01,0,0
vda,19.20,0.00,0.07,0,0
vda,1.00,0.00,0.00,0,0
vda,1.40,0.00,0.01,0,0
vda,2.20,0.00,0.01,0,0
vda,4.20,0.00,0.02,0,0
vda,0.00,0.00,0.00,0,0
vda,36.00,0.00,0.14,0,0
vda,2.00,0.00,0.01,0,0
vda,12.60,0.00,0.05,0,0
vda,2.20,0.00,0.01,0,0
vda,0.60,0.00,0.00,0,0
vda,9.60,0.00,0.04,0,0
vda,1.20,0.00,0.00,0,0
vda,36.40,0.00,0.14,0,0
vda,3.20,0.00,0.01,0,0
vda,19.60,0.00,0.08,0,0
vda,0.00,0.00,0.00,0,0
vda,1.20,0.00,0.00,0,0
vda,4.00,0.00,0.02,0,0
vda,1.00,0.00,0.00,0,0
vda,8.40,0.00,0.04,0,0
vda,25.00,0.00,0.10,0,0
vda,0.00,0.00,0.00,0,0
vda,16.00,0.00,0.06,0,0
vda,2.60,0.00,0.01,0,0
vda,0.00,0.00,0.00,0,0
vda,1.20,0.00,0.00,0,0
vda,5.00,0.00,0.02,0,0
vda,0.00,0.00,0.00,0,0
vda,8.60,0.00,0.04,0,0
vda,53.80,0.00,0.21,0,1
