7727956.0,118440.0,3972.0
7727956.0,118440.0,3972.0
6841832.0,295526.66667,3993.3333333
5069584.0,649700.0,4036.0
5069584.0,649700.0,4036.0
4537133.3333,797432.0,4054.6666667
3472232.0,1092896.0,4092.0
3284393.3333,1092898.6667,4110.6666667
2908716.0,1092904.0,4148.0
2908716.0,1092904.0,4148.0
2908716.0,1092904.0,4148.0
2908716.0,1092904.0,4148.0
2908716.0,1092904.0,4148.0
2908716.0,1092904.0,4148.0
2908716.0,1092904.0,4148.0
2908716.0,1092904.0,4148.0
2908716.0,1092904.0,4148.0
2908716.0,1092904.0,4148.0
2908716.0,1092904.0,4148.0
2908860.0,1092922.6667,4230.6666667
2909148.0,1092960.0,4396.0
2909148.0,1092960.0,4396.0
2909148.0,1092960.0,4396.0
2908849.3333,1092957.3333,4438.6666667
2908252.0,1092952.0,4524.0
2908252.0,1092952.0,4524.0
2908252.0,1092952.0,4524.0
2908252.0,1092952.0,4524.0
2908252.0,1092952.0,4524.0
2908252.0,1092952.0,4524.0
2908252.0,1092952.0,4524.0
2908252.0,1092952.0,4524.0
2908252.0,1092952.0,4524.0
2908252.0,1092952.0,4524.0
2907825.3333,1092960.0,4604.0
2906972.0,1092976.0,4764.0
2906972.0,1092976.0,4764.0
2906972.0,1092976.0,4764.0
2906972.0,1092976.0,4764.0
2906972.0,1092976.0,4764.0
2906972.0,1092976.0,4764.0
2906972.0,1092976.0,4764.0
2906972.0,1092976.0,4764.0
2906972.0,1092976.0,4764.0
2906972.0,1092976.0,4764.0
2906972.0,1092976.0,4764.0
2907112.8,1092985.6,4856.8
2907324.0,1093000.0,4996.0
2907324.0,1093000.0,4996.0
2907324.0,1093000.0,4996.0
2907324.0,1093000.0,4996.0
2907324.0,1093000.0,4996.0
2907324.0,1093000.0,4996.0
2907324.0,1093000.0,4996.0
2907324.0,1093000.0,4996.0
2907324.0,1093000.0,4996.0
2907324.0,1093000.0,4996.0
2907324.0,1093000.0,4996.0
2907237.3333,1093010.6667,5097.3333333
2907064.0,1093032.0,5300.0
2907064.0,1093032.0,5300.0
2907064.0,1093032.0,5300.0
2907064.0,1093032.0,5300.0
2907064.0,1093032.0,5300.0
2907064.0,1093032.0,5300.0
2907064.0,1093032.0,5300.0
2907064.0,1093032.0,5300.0
2907064.0,1093032.0,5300.0
2907064.0,1093032.0,5300.0
2907064.0,1093032.0,5300.0
2907239.4667,1093050.6667,5425.0666667
2907440.0,1093072.0,5568.0
2907440.0,1093072.0,5568.0
2907440.0,1093072.0,5568.0
2907440.0,1093072.0,5568.0
2907440.0,1093072.0,5568.0
2907440.0,1093072.0,5568.0
2907440.0,1093072.0,5568.0
2907440.0,1093072.0,5568.0
2907440.0,1093072.0,5568.0
2907440.0,1093072.0,5568.0
2907440.0,1093072.0,5568.0
2907153.6,1093113.6,5694.4
2906724.0,1093176.0,5884.0
2906724.0,1093176.0,5884.0
2906724.0,1093176.0,5884.0
2906724.0,1093176.0,5884.0
2906724.0,1093176.0,5884.0
2906724.0,1093176.0,5884.0
2906724.0,1093176.0,5884.0
2906724.0,1093176.0,5884.0
2906724.0,1093176.0,5884.0
2906724.0,1093176.0,5884.0
2906724.0,1093176.0,5884.0
2906813.3333,1093186.6667,5969.3333333
2906992.0,1093208.0,6140.0
2906992.0,1093208.0,6140.0
2906992.0,1093208.0,6140.0
2906992.0,1093208.0,6140.0
2906992.0,1093208.0,6140.0
2906992.0,1093208.0,6140.0
2906992.0,1093208.0,6140.0
2906992.0,1093208.0,6140.0
2906992.0,1093208.0,6140.0
2906992.0,1093208.0,6140.0
2906992.0,1093208.0,6140.0
2923781.3333,1093206.6667,6244.0
2957360.0,1093204.0,6452.0
2957360.0,1093204.0,6452.0
2956195.2,1093204.0,6477.6
2954448.0,1093204.0,6516.0
2954448.0,1093204.0,6516.0
2954448.0,1093204.0,6516.0
2954448.0,1093204.0,6516.0
2954448.0,1093204.0,6516.0
2954448.0,1093204.0,6516.0
2954448.0,1093204.0,6516.0
2954448.0,1093204.0,6516.0
2954448.0,1093204.0,6516.0
2954448.0,1093204.0,6516.0
2954448.0,1093204.0,6516.0
2954324.2667,1093209.3333,6573.6
2953984.0,1093224.0,6732.0
2953984.0,1093224.0,6732.0
2953984.0,1093224.0,6732.0
2953984.0,1093224.0,6732.0
2953984.0,1093224.0,6732.0
2953984.0,1093224.0,6732.0
2953984.0,1093224.0,6732.0
2953984.0,1093224.0,6732.0
2953984.0,1093224.0,6732.0
2953984.0,1093224.0,6732.0
2953984.0,1093224.0,6732.0
2953578.9333,1093246.4,6866.4
2953116.0,1093272.0,7020.0
2953116.0,1093272.0,7020.0
2953116.0,1093272.0,7020.0
2953116.0,1093272.0,7020.0
2953116.0,1093272.0,7020.0
2953116.0,1093272.0,7020.0
2953116.0,1093272.0,7020.0
2953116.0,1093272.0,7020.0
2953116.0,1093272.0,7020.0
2953116.0,1093272.0,7020.0
2953116.0,1093272.0,7020.0
2953144.0,1093337.3333,7124.5333333
2953176.0,1093412.0,7244.0
2953176.0,1093412.0,7244.0
2953176.0,1093412.0,7244.0
2953176.0,1093412.0,7244.0
2953176.0,1093412.0,7244.0
2953176.0,1093412.0,7244.0
2953176.0,1093412.0,7244.0
2953176.0,1093412.0,7244.0
2953176.0,1093412.0,7244.0
2953176.0,1093412.0,7244.0
2953176.0,1093412.0,7244.0
3002412.0,1093433.6,7402.4
3035236.0,1093448.0,7508.0
3035236.0,1093448.0,7508.0
3035236.0,1093448.0,7508.0
3035236.0,1093448.0,7508.0
3035236.0,1093448.0,7508.0
3035236.0,1093448.0,7508.0
3035236.0,1093448.0,7508.0
3035236.0,1093448.0,7508.0
3035236.0,1093448.0,7508.0
3035236.0,1093448.0,7508.0
3033001.3333,1095205.3333,7998.6666667
3031884.0,1096084.0,8244.0
3031884.0,1096084.0,8244.0
3031884.0,1096084.0,8244.0
3031884.0,1096084.0,8244.0
3030989.3333,1096092.8,8337.8666667
3030664.0,1096096.0,8372.0
3030664.0,1096096.0,8372.0
3030664.0,1096096.0,8372.0
3030664.0,1096096.0,8372.0
3030664.0,1096096.0,8372.0
3030664.0,1096096.0,8372.0
3030664.0,1096096.0,8372.0
3030664.0,1096096.0,8372.0
3030664.0,1096096.0,8372.0
3030664.0,1096096.0,8372.0
3030664.0,1096096.0,8372.0
3031094.9333,1096110.9333,8500.0
3031472.0,1096124.0,8612.0
3031472.0,1096124.0,8612.0
3031472.0,1096124.0,8612.0
3031472.0,1096124.0,8612.0
3031472.0,1096124.0,8612.0
3031472.0,1096124.0,8612.0
3031472.0,1096124.0,8612.0
3031472.0,1096124.0,8612.0
3031472.0,1096124.0,8612.0
3031472.0,1096124.0,8612.0
3031472.0,1096124.0,8612.0
3031433.6,1096138.4,8780.0
3031408.0,1096148.0,8892.0
3031408.0,1096148.0,8892.0
3031408.0,1096148.0,8892.0
3031408.0,1096148.0,8892.0
3031408.0,1096148.0,8892.0
3031408.0,1096148.0,8892.0
3031408.0,1096148.0,8892.0
3031408.0,1096148.0,8892.0
3031408.0,1096148.0,8892.0
3031408.0,1096148.0,8892.0
3085357.8667,1096160.8,9015.7333333
3132564.0,1096172.0,9124.0
3132564.0,1096172.0,9124.0
3132564.0,1096172.0,9124.0
3132564.0,1096172.0,9124.0
3132564.0,1096172.0,9124.0
3132564.0,1096172.0,9124.0
3132564.0,1096172.0,9124.0
3132564.0,1096172.0,9124.0
3132564.0,1096172.0,9124.0
3132564.0,1096172.0,9124.0
3132564.0,1096172.0,9124.0
3132896.2667,1096183.2,9232.2666667
3133276.0,1096196.0,9356.0
3133276.0,1096196.0,9356.0
3133276.0,1096196.0,9356.0
3133276.0,1096196.0,9356.0
3133276.0,1096196.0,9356.0
3133276.0,1096196.0,9356.0
3133276.0,1096196.0,9356.0
3133276.0,1096196.0,9356.0
3133276.0,1096196.0,9356.0
3133276.0,1096196.0,9356.0
3133276.0,1096196.0,9356.0
3132879.2,1096202.4,9471.2
3132284.0,1096212.0,9644.0
3132284.0,1096212.0,9644.0
3132284.0,1096212.0,9644.0
3132284.0,1096212.0,9644.0
3132284.0,1096212.0,9644.0
3132284.0,1096212.0,9644.0
3132071.2,1096221.6,9711.2
3131752.0,1096236.0,9812.0
3131752.0,1096236.0,9812.0
3131752.0,1096236.0,9812.0
3131752.0,1096236.0,9812.0
3131752.0,1096236.0,9812.0
3131752.0,1096236.0,9812.0
3131752.0,1096236.0,9812.0
3131752.0,1096236.0,9812.0
3131752.0,1096236.0,9812.0
3131752.0,1096236.0,9812.0
3131752.0,1096236.0,9812.0
3131752.0,1096236.0,9812.0
3131859.2,1096240.8,9901.6
3132020.0,1096248.0,10036.0
3132020.0,1096248.0,10036.0
3132020.0,1096248.0,10036.0
3132020.0,1096248.0,10036.0
3132020.0,1096248.0,10036.0
3167381.3333,1096253.3333,10092.0
3238104.0,1096264.0,10204.0
3238104.0,1096264.0,10204.0
3237741.3333,1096265.3333,10220.0
3237016.0,1096268.0,10252.0
3237524.8,1096271.2,10274.4
3238288.0,1096276.0,10308.0
3238288.0,1096276.0,10308.0
3238288.0,1096276.0,10308.0
3238288.0,1096276.0,10308.0
3238288.0,1096276.0,10308.0
3238288.0,1096276.0,10308.0
3238288.0,1096276.0,10308.0
3238288.0,1096276.0,10308.0
3238288.0,1096276.0,10308.0
3238288.0,1096276.0,10308.0
3238288.0,1096276.0,10308.0
3238238.4,1096278.4,10352.8
3238040.0,1096288.0,10532.0
3238040.0,1096288.0,10532.0
3238040.0,1096288.0,10532.0
3238040.0,1096288.0,10532.0
3238040.0,1096288.0,10532.0
3238040.0,1096288.0,10532.0
3238040.0,1096288.0,10532.0
3238040.0,1096288.0,10532.0
3238040.0,1096288.0,10532.0
3238040.0,1096288.0,10532.0
3238040.0,1096288.0,10532.0
3237992.2667,1096293.3333,10551.2
3237324.0,1096368.0,10820.0
3237324.0,1096368.0,10820.0
3236675.7333,1096700.2667,10898.4
3227600.0,1101352.0,11996.0
3227600.0,1101352.0,11996.0
3227667.2,1101626.1333,12003.466667
3228104.0,1103408.0,12052.0
3228104.0,1103408.0,12052.0
3228104.0,1103408.0,12052.0
3228104.0,1103408.0,12052.0
3228048.0,1103408.0,12058.4
3227264.0,1103408.0,12148.0
3227264.0,1103408.0,12148.0
3227264.0,1103408.0,12148.0
3228320.0,1103444.0,12204.0
3228320.0,1103444.0,12204.0
3227264.0,1103460.0,12260.0
3227264.0,1103460.0,12260.0
3227264.0,1103460.0,12260.0
3332968.0,1103452.0,12324.0
3332968.0,1103452.0,12324.0
3332968.0,1103452.0,12324.0
3512188.0,1103456.0,12372.0
3512188.0,1103456.0,12372.0
3510792.0,1103468.0,12420.0
3510792.0,1103468.0,12420.0
3510880.8,1103468.2667,12423.733333
3512124.0,1103472.0,12476.0
3512124.0,1103472.0,12476.0
3512124.0,1103472.0,12476.0
3512124.0,1103472.0,12476.0
3512124.0,1103472.0,12476.0
3512124.0,1103472.0,12476.0
3512124.0,1103472.0,12476.0
3512124.0,1103472.0,12476.0
3512124.0,1103472.0,12476.0
3512124.0,1103472.0,12476.0
3512124.0,1103472.0,12476.0
3512124.0,1103472.0,12476.0
3512529.6,1103492.8,12663.2
3512592.0,1103496.0,12692.0
3512592.0,1103496.0,12692.0
3512592.0,1103496.0,12692.0
3512592.0,1103496.0,12692.0
3512592.0,1103496.0,12692.0
3512592.0,1103496.0,12692.0
3512592.0,1103496.0,12692.0
3512592.0,1103496.0,12692.0
3512592.0,1103496.0,12692.0
3512592.0,1103496.0,12692.0
3512592.0,1103496.0,12692.0
3511538.1333,1103513.3333,12962.4
3511376.0,1103516.0,13004.0
3510473.6,1103522.4,13042.4
3510248.0,1103524.0,13052.0
3510248.0,1103524.0,13052.0
3511658.9333,1103530.9333,13107.466667
3511876.0,1103532.0,13116.0
3511876.0,1103532.0,13116.0
3511876.0,1103532.0,13116.0
3511876.0,1103532.0,13116.0
3511876.0,1103532.0,13116.0
3511876.0,1103532.0,13116.0
3511876.0,1103532.0,13116.0
3511876.0,1103532.0,13116.0
3511876.0,1103532.0,13116.0
3511876.0,1103532.0,13116.0
3511876.0,1103532.0,13116.0
3510996.0,1103637.6,13314.4
3643185.6,1103664.0,13408.8
3676288.0,1103664.0,13420.0
3676288.0,1103664.0,13420.0
3676288.0,1103664.0,13420.0
3676288.0,1103664.0,13420.0
3676288.0,1103664.0,13420.0
3676288.0,1103664.0,13420.0
3676288.0,1103664.0,13420.0
3676288.0,1103664.0,13420.0
3676288.0,1103664.0,13420.0
3676288.0,1103664.0,13420.0
3676288.0,1103664.0,13420.0
3675920.0,1103670.4,13592.8
3675828.0,1103672.0,13636.0
3675828.0,1103672.0,13636.0
3675828.0,1103672.0,13636.0
3675828.0,1103672.0,13636.0
3675828.0,1103672.0,13636.0
3675828.0,1103672.0,13636.0
3675828.0,1103672.0,13636.0
3675828.0,1103672.0,13636.0
3675828.0,1103672.0,13636.0
3675828.0,1103672.0,13636.0
3675828.0,1103672.0,13636.0
3675360.8,1103697.6,13892.0
3675244.0,1103704.0,13956.0
3675244.0,1103704.0,13956.0
3675244.0,1103704.0,13956.0
3675244.0,1103704.0,13956.0
3675244.0,1103704.0,13956.0
3674242.1333,1103814.9333,14060.0
3674088.0,1103832.0,14076.0
3675110.6667,1103838.9333,14124.533333
3675268.0,1103840.0,14132.0
3675268.0,1103840.0,14132.0
3675268.0,1103840.0,14132.0
3675268.0,1103840.0,14132.0
3675268.0,1103840.0,14132.0
3675268.0,1103840.0,14132.0
3675268.0,1103840.0,14132.0
3675268.0,1103840.0,14132.0
3675268.0,1103840.0,14132.0
3675268.0,1103840.0,14132.0
3675268.0,1103840.0,14132.0
3675385.3333,1103848.5333,14251.466667
3675385.3333,1103848.5333,14251.466667
3675488.0,1103856.0,14356.0
3675488.0,1103856.0,14356.0
3675488.0,1103856.0,14356.0
3675488.0,1103856.0,14356.0
3690118.9333,1103865.3333,14367.2
3894952.0,1103996.0,14524.0
3894952.0,1103996.0,14524.0
3894952.0,1103996.0,14524.0
3894952.0,1103996.0,14524.0
3894952.0,1103996.0,14524.0
3895012.0,1103996.2667,14533.066667
3895852.0,1104000.0,14660.0
3895852.0,1104000.0,14660.0
3895852.0,1104000.0,14660.0
3895852.0,1104000.0,14660.0
3895852.0,1104000.0,14660.0
3895852.0,1104000.0,14660.0
3895852.0,1104000.0,14660.0
3895852.0,1104000.0,14660.0
3895852.0,1104000.0,14660.0
3895852.0,1104000.0,14660.0
3895852.0,1104000.0,14660.0
3895852.0,1104000.0,14660.0
3894516.0,1104028.0,14916.0
3894516.0,1104028.0,14916.0
3894516.0,1104028.0,14916.0
3894516.0,1104028.0,14916.0
3894516.0,1104028.0,14916.0
3894516.0,1104028.0,14916.0
3894516.0,1104028.0,14916.0
3894516.0,1104028.0,14916.0
3894516.0,1104028.0,14916.0
3894516.0,1104028.0,14916.0
3894516.0,1104028.0,14916.0
3894650.4,1104051.4667,15073.866667
3894650.4,1104051.4667,15073.866667
3894768.0,1104072.0,15212.0
3894768.0,1104072.0,15212.0
3894768.0,1104072.0,15212.0
3894768.0,1104072.0,15212.0
3894768.0,1104072.0,15212.0
3894768.0,1104072.0,15212.0
3894768.0,1104072.0,15212.0
3894768.0,1104072.0,15212.0
3894768.0,1104072.0,15212.0
3894768.0,1104072.0,15212.0
3894516.2667,1104114.6667,15340.0
3894516.2667,1104114.6667,15340.0
3894296.0,1104152.0,15452.0
3894296.0,1104152.0,15452.0
3894296.0,1104152.0,15452.0
3894296.0,1104152.0,15452.0
3894296.0,1104152.0,15452.0
3894296.0,1104152.0,15452.0
3894296.0,1104152.0,15452.0
3894296.0,1104152.0,15452.0
4072898.6667,1104170.6667,15676.0
4085656.0,1104172.0,15692.0
4085656.0,1104172.0,15692.0
4084409.0667,1104168.2667,15736.8
4084320.0,1104168.0,15740.0
4085504.0,1104168.0,15796.0
4085504.0,1104168.0,15796.0
4085504.0,1104168.0,15796.0
4085504.0,1104168.0,15796.0
4085504.0,1104168.0,15796.0
4085504.0,1104168.0,15796.0
4085504.0,1104168.0,15796.0
4085504.0,1104168.0,15796.0
4085504.0,1104168.0,15796.0
4085504.0,1104168.0,15796.0
4085504.0,1104168.0,15796.0
4085504.0,1104168.0,15796.0
4085675.7333,1104209.0667,15982.666667
4085688.0,1104212.0,15996.0
4085688.0,1104212.0,15996.0
4085688.0,1104212.0,15996.0
4085688.0,1104212.0,15996.0
4085688.0,1104212.0,15996.0
4085688.0,1104212.0,15996.0
4085688.0,1104212.0,15996.0
4085688.0,1104212.0,15996.0
4085688.0,1104212.0,15996.0
4085688.0,1104212.0,15996.0
4085688.0,1104212.0,15996.0
4083579.2,1104240.8,16252.0
4083052.0,1104248.0,16316.0
4083052.0,1104248.0,16316.0
4084460.0,1104245.0667,16362.933333
4084972.0,1104244.0,16380.0
4084972.0,1104244.0,16380.0
4084972.0,1104244.0,16380.0
4084972.0,1104244.0,16380.0
4084972.0,1104244.0,16380.0
4084972.0,1104244.0,16380.0
4084972.0,1104244.0,16380.0
4084972.0,1104244.0,16380.0
4084972.0,1104244.0,16380.0
4084972.0,1104244.0,16380.0
4084972.0,1104244.0,16380.0
4085082.4,1104270.4,16538.4
4085156.0,1104288.0,16644.0
4085156.0,1104288.0,16644.0
4085156.0,1104288.0,16644.0
4119569.6,1104297.6,16716.0
4142512.0,1104304.0,16764.0
