vda,45.40,0.17,0.01,0,0
vda,31.20,0.00,0.13,0,0
vda,58.60,0.37,0.00,1,0
vda,30.20,0.18,0.05,0,0
vda,0.00,0.00,0.00,0,0
vda,100.00,0.71,0.00,3,0
vda,119.20,3.01,0.03,15,0
vda,104.00,2.95,0.02,14,0
vda,69.80,5.04,0.01,25,0
vda,106.60,9.70,0.12,48,0
vda,44.80,0.96,0.15,4,0
vda,1.80,0.00,0.01,0,0
vda,3.60,0.00,0.01,0,0
vda,25.80,0.00,0.92,0,4
vda,23.20,0.00,0.55,0,2
vda,1.60,0.00,0.01,0,0
vda,1.00,0.00,0.00,0,0
vda,1.80,0.00,0.01,0,0
vda,1.00,0.00,0.00,0,0
vda,38.20,0.00,0.15,0,0
vda,16.80,0.00,0.07,0,0
vda,2.20,0.00,0.01,0,0
vda,2.40,0.00,0.01,0,0
vda,34.20,0.00,0.14,0,0
vda,8.00,0.00,0.03,0,0
vda,2.00,0.00,0.01,0,0
vda,0.00,0.00,0.00,0,0
vda,26.80,0.00,0.11,0,0
vda,10.80,0.00,0.04,0,0
vda,1.20,0.00,0.00,0,0
vda,1.80,0.00,0.01,0,0
vda,2.20,0.00,0.01,0,0
vda,36.20,0.00,0.14,0,0
vda,24.40,0.00,0.11,0,0
vda,2.20,0.00,0.01,0,0
vda,34.20,0.00,0.14,0,0
vda,1.20,0.00,0.00,0,0
vda,27.20,0.00,0.11,0,0
vda,9.80,0.00,0.04,0,0
vda,1.00,0.00,0.00,0,0
vda,35.80,0.00,0.14,0,0
vda,2.00,0.00,0.01,0,0
vda,11.40,0.11,0.00,0,0
vda,51.80,0.05,0.17,0,0
vda,41.40,0.00,0.16,0,0
vda,1.00,0.00,0.00,0,0
vda,1.00,0.00,0.00,0,0
vda,1.80,0.00,0.01,0,0
vda,1.00,0.00,0.00,0,0
vda,1.40,0.00,0.01,0,0
vda,14.80,0.00,0.06,0,0
vda,2.80,0.00,0.01,0,0
vda,29.60,0.00,0.12,0,0
vda,13.20,0.00,0.05,0,0
vda,1.00,0.00,0.00,0,0
vda,10.80,0.00,0.04,0,0
vda,43.60,0.00,0.17,0,0
vda,1.00,0.00,0.00,0,0
vda,14.60,0.00,0.06,0,0
vda,24.20,0.00,0.10,0,0
vda,0.00,0.00,0.00,0,0
vda,17.40,0.00,0.07,0,0
vda,0.00,0.00,0.00,0,0
vda,31.80,0.00,0.14,0,0
vda,35.40,0.00,0.14,0,0
vda,2.60,0.00,0.02,0,0
vda,4.00,0.00,0.02,0,0
vda,52.40,0.00,0.21,0,1
vda,2.80,0.00,0.01,0,0
vda,8.80,0.00,0.04,0,0
vda,42.80,0.00,0.17,0,0
vda,0.20,0.00,0.00,0,0
vda,1.40,0.00,0.01,0,0
vda,35.00,0.00,0.15,0,0
vda,9.20,0.00,0.04,0,0
vda,1.00,0.00,0.00,0,0
vda,34.80,0.00,0.14,0,0
vda,2.00,0.00,0.01,0,0
vda,1.00,0.00,0.00,0,0
vda,52.00,0.00,0.20,0,1
vda,2.00,0.00,0.01,0,0
vda,16.20,0.00,0.07,0,0
vda,6.40,0.00,0.03,0,0
vda,28.40,0.00,0.11,0,0
vda,8.60,0.00,0.04,0,0
vda,0.00,0.00,0.00,0,0
vda,36.20,0.00,0.15,0,0
vda,1.60,0.00,0.01,0,0
vda,12.80,0.00,0.05,0,0
vda,25.00,0.00,0.10,0,0
vda,1.20,0.00,0.00,0,0
vda,18.60,0.00,0.07,0,0
vda,35.60,0.00,0.14,0,0
vda,10.60,0.00,0.05,0,0
vda,33.80,0.00,0.13,0,0
vda,2.20,0.00,0.01,0,0
vda,1.00,0.00,0.00,0,0
vda,26.35,0.00,0.10,0,0
vda,9.60,0.00,0.04,0,0
vda,13.00,0.00,0.05,0,0
vda,29.20,0.00,0.12,0,0
vda,4.00,0.00,0.01,0,0
vda,26.80,0.00,0.11,0,0
vda,1.60,0.01,0.00,0,0
vda,36.80,0.00,0.16,0,0
vda,24.80,0.00,0.10,0,0
vda,2.20,0.00,0.01,0,0
vda,28.40,0.00,0.12,0,0
vda,1.20,0.00,0.00,0,0
vda,11.80,0.00,0.05,0,0
vda,31.00,0.00,0.12,0,0
vda,9.80,0.00,0.04,0,0
vda,18.20,0.00,0.07,0,0
vda,31.80,0.00,0.13,0,0
vda,1.20,0.00,0.00,0,0
vda,17.80,0.00,0.07,0,0
vda,37.40,0.00,0.15,0,0
vda,8.20,0.00,0.03,0,0
vda,35.60,0.00,0.14,0,0
vda,1.40,0.00,0.01,0,0
vda,0.00,0.00,0.00,0,0
vda,36.00,0.00,0.14,0,0
vda,21.80,0.00,0.09,0,0
vda,1.60,0.00,0.01,0,0
vda,7.80,0.00,0.03,0,0
vda,28.00,0.00,0.11,0,0
vda,10.20,0.00,0.04,0,0
vda,18.60,0.00,0.07,0,0
vda,32.80,0.00,0.13,0,0
vda,11.00,0.00,0.05,0,0
vda,13.40,0.00,0.05,0,0
vda,24.20,0.00,0.10,0,0
vda,2.00,0.00,0.01,0,0
vda,21.60,0.00,0.09,0,0
vda,24.20,0.00,0.10,0,0
vda,8.00,0.00,0.03,0,0
vda,1.20,0.00,0.00,0,0
vda,35.80,0.00,0.14,0,0
vda,7.00,0.00,0.03,0,0
vda,19.20,0.00,0.08,0,0
vda,38.80,0.00,0.15,0,0
vda,3.80,0.00,0.01,0,0
vda,3.20,0.00,0.01,0,0
vda,0.00,0.00,0.00,0,0
vda,37.00,0.00,0.15,0,0
vda,8.00,0.00,0.03,0,0
vda,1.80,0.00,0.01,0,0
vda,29.40,0.00,0.12,0,0
vda,0.80,0.00,0.00,0,0
vda,2.00,0.00,0.01,0,0
vda,33.40,0.00,0.14,0,0
vda,3.20,0.00,0.01,0,0
vda,2.00,0.00,0.01,0,0
vda,3.00,0.00,0.01,0,0
vda,7.93,0.00,0.03,0,1
vda,1.20,0.00,0.00,0,0
vda,28.60,0.00,0.11,0,0
vda,23.60,0.00,0.11,0,0
vda,1.80,0.00,0.01,0,0
vda,0.20,0.00,0.00,0,0
vda,4.13,0.00,0.02,0,0
vda,3.00,0.00,0.01,0,0
vda,0.00,0.00,0.00,0,0
vda,3.20,0.00,0.01,0,0
vda,0.00,0.00,0.00,0,0
vda,6.40,0.00,0.03,0,0
vda,0.00,0.00,0.00,0,0
vda,3.40,0.00,0.01,0,0
vda,6.80,0.00,0.03,0,0
vda,2.80,0.00,0.01,0,0
vda,6.60,0.00,0.03,0,0
vda,2.36,0.00,0.01,0,0
vda,9.80,0.00,0.04,0,0
vda,6.40,0.00,0.03,0,0
vda,6.80,0.00,0.03,0,0
vda,1.40,0.00,0.01,0,0
vda,0.00,0.00,0.00,0,0
vda,0.00,0.00,0.00,0,0
vda,9.40,0.00,0.04,0,0
vda,25.00,0.00,0.10,0,0
vda,35.60,0.15,0.10,0,0
vda,1.60,0.00,0.01,0,0
vda,3.20,0.00,0.01,0,0
vda,0.00,0.00,0.00,0,0
vda,1.03,0.00,0.00,0,0
vda,32.00,0.05,0.13,0,0
vda,27.80,0.10,0.09,0,0
vda,0.00,0.00,0.00,0,0
vda,1.87,0.00,0.01,0,0
vda,0.00,0.00,0.00,0,0
vda,0.00,0.00,0.00,0,0
vda,0.00,0.00,0.00,0,0
vda,28.40,0.00,0.11,0,0
vda,48.00,0.00,0.19,0,0
vda,32.40,0.00,0.13,0,0
vda,12.20,0.00,0.05,0,0
vda,19.60,0.00,0.08,0,0
vda,0.20,0.00,0.00,0,0
vda,1.00,0.00,0.00,0,0
vda,30.80,0.00,0.12,0,0
vda,6.80,0.00,0.03,0,0
vda,22.75,0.00,0.09,0,0
vda,38.60,0.00,0.15,0,0
vda,10.80,0.00,0.05,0,0
vda,13.00,0.00,0.05,0,0
vda,30.00,0.00,0.12,0,0
vda,2.00,0.00,0.01,0,0
vda,13.40,0.00,0.05,0,0
vda,30.80,0.00,0.12,0,0
vda,1.20,0.00,0.00,0,0
vda,22.00,0.00,0.09,0,0
vda,35.20,0.00,0.14,0,0
vda,1.60,0.00,0.01,0,0
vda,33.40,0.00,0.14,0,0
vda,32.80,0.00,0.13,0,0
vda,1.20,0.00,0.00,0,0
vda,12.40,0.00,0.05,0,0
vda,1.80,0.00,0.01,0,0
vda,29.20,0.00,0.12,0,0
vda,1.00,0.00,0.00,0,0
vda,36.40,0.00,0.15,0,0
vda,9.80,0.00,0.04,0,0
