vda,80.60,0.55,0.00,2,0
vda,11.20,0.10,0.01,0,0
vda,2.40,0.00,0.01,0,0
vda,2.00,0.00,0.01,0,0
vda,1.20,0.00,0.00,0,0
vda,11.40,0.00,0.04,0,0
vda,330.80,13.17,0.25,65,1
vda,94.40,11.18,0.02,55,0
vda,95.80,11.95,0.00,59,0
vda,121.00,14.15,0.01,70,0
vda,101.60,12.25,0.01,61,0
vda,84.40,10.20,0.01,51,0
vda,119.20,14.85,0.01,74,0
vda,124.00,12.70,1.35,63,6
vda,62.00,7.07,0.03,35,0
vda,173.25,15.12,0.21,75,1
vda,133.60,15.62,0.04,78,0
vda,24.00,2.88,0.00,14,0
vda,124.80,15.25,0.01,76,0
vda,118.00,14.50,0.01,72,0
vda,140.40,10.63,0.23,53,1
vda,5.40,0.43,0.01,2,0
vda,116.00,14.35,0.00,71,0
vda,34.40,4.28,0.00,21,0
vda,5.80,0.00,0.02,0,0
vda,0.00,0.00,0.00,0,0
vda,0.80,0.00,0.01,0,0
vda,71.20,0.00,0.29,0,1
vda,1.40,0.00,0.01,0,0
vda,8.20,0.11,0.01,0,0
vda,2.80,0.00,0.01,0,0
vda,54.80,0.00,0.22,0,1
vda,0.40,0.00,0.00,0,0
vda,2.40,0.00,0.01,0,0
vda,1.40,0.00,0.01,0,0
vda,0.00,0.00,0.00,0,0
vda,2.40,0.00,0.01,0,0
vda,3.40,0.00,0.01,0,0
vda,20.60,0.00,0.08,0,0
vda,52.80,0.00,0.21,0,1
vda,1.00,0.00,0.00,0,0
vda,0.00,0.00,0.00,0,0
vda,2.20,0.00,0.01,0,0
vda,8.60,0.00,0.04,0,0
vda,1.40,0.00,0.00,0,0
vda,66.40,0.02,0.27,0,1
vda,2.60,0.00,0.01,0,0
vda,1.60,0.00,0.01,0,0
vda,2.20,0.00,0.01,0,0
vda,1.20,0.00,0.00,0,0
vda,0.00,0.00,0.00,0,0
vda,2.60,0.00,0.01,0,0
vda,27.00,0.00,0.11,0,0
vda,0.60,0.00,0.00,0,0
vda,35.00,0.00,0.14,0,0
vda,2.40,0.00,0.01,0,0
vda,0.00,0.00,0.00,0,0
vda,34.00,0.21,0.02,1,0
vda,1.80,0.00,0.01,0,0
vda,17.80,0.07,0.00,0,0
vda,27.40,0.00,0.11,0,0
vda,1.40,0.00,0.01,0,0
vda,11.80,0.00,0.05,0,0
vda,69.80,0.00,0.28,0,1
vda,2.40,0.01,0.01,0,0
vda,2.80,0.00,0.01,0,0
vda,2.80,0.00,0.01,0,0
vda,13.60,0.00,0.06,0,0
vda,43.80,0.82,0.00,4,0
vda,3.80,0.01,0.01,0,0
vda,1.80,0.00,0.01,0,0
vda,31.60,0.00,0.17,0,0
vda,52.40,0.00,0.21,0,1
vda,1.60,0.00,0.01,0,0
vda,1.20,0.00,0.01,0,0
vda,20.20,0.00,0.08,0,0
vda,4.00,0.00,0.02,0,0
vda,56.00,0.00,0.23,0,1
vda,0.80,0.00,0.00,0,0
vda,0.00,0.00,0.00,0,0
vda,46.80,0.00,0.19,0,0
vda,2.40,0.00,0.01,0,0
vda,1.40,0.00,0.01,0,0
vda,51.60,0.00,0.21,0,1
vda,2.40,0.00,0.01,0,0
vda,3.00,0.00,0.01,0,0
vda,73.20,0.00,0.29,0,1
vda,1.00,0.00,0.00,0,0
vda,0.00,0.00,0.00,0,0
vda,16.20,0.00,0.07,0,0
vda,41.40,0.00,0.16,0,0
vda,1.40,0.00,0.01,0,0
vda,0.00,0.00,0.00,0,0
vda,47.60,0.00,0.20,0,0
vda,2.40,0.00,0.01,0,0
vda,3.80,0.00,0.01,0,0
vda,77.80,0.00,0.31,0,1
vda,1.80,0.00,0.01,0,0
vda,0.00,0.00,0.00,0,0
vda,47.80,0.00,0.20,0,0
vda,0.80,0.00,0.00,0,0
vda,1.20,0.00,0.00,0,0
vda,47.80,0.00,0.20,0,0
vda,4.80,0.03,0.01,0,0
vda,2.60,0.00,0.01,0,0
vda,58.80,0.00,0.24,0,1
vda,1.00,0.00,0.00,0,0
vda,1.20,0.00,0.00,0,0
vda,64.80,0.00,0.26,0,1
vda,0.80,0.00,0.00,0,0
vda,1.20,0.00,0.00,0,0
vda,48.40,0.02,0.19,0,0
vda,2.80,0.00,0.01,0,0
vda,2.40,0.00,0.01,0,0
vda,55.20,0.00,0.22,0,1
vda,0.00,0.00,0.00,0,0
vda,1.40,0.00,0.00,0,0
vda,53.80,0.00,0.22,0,1
vda,0.80,0.00,0.00,0,0
vda,1.40,0.00,0.01,0,0
vda,64.60,0.00,0.26,0,1
vda,2.80,0.00,0.01,0,0
vda,2.60,0.00,0.01,0,0
vda,52.60,0.00,0.22,0,1
vda,0.80,0.00,0.00,0,0
vda,1.60,0.00,0.01,0,0
vda,47.60,0.00,0.20,0,0
vda,1.40,0.00,0.01,0,0
vda,0.20,0.00,0.00,0,0
vda,53.20,0.00,0.22,0,1
vda,2.80,0.00,0.01,0,0
vda,2.20,0.00,0.01,0,0
vda,71.80,0.00,0.29,0,1
vda,1.60,0.00,0.01,0,0
vda,0.00,0.00,0.00,0,0
vda,47.80,0.00,0.20,0,0
vda,0.80,0.00,0.00,0,0
vda,1.20,0.00,0.00,0,0
vda,47.40,0.00,0.19,0,0
vda,0.80,0.00,0.00,0,0
vda,4.80,0.00,0.02,0,0
vda,0.00,0.00,0.00,0,0
vda,1.00,0.00,0.00,0,0
vda,1.20,0.00,0.00,0,0
vda,2.60,0.00,0.01,0,0
vda,19.80,0.00,0.08,0,0
vda,59.00,0.00,0.23,0,1
vda,2.20,0.00,0.01,0,0
vda,1.60,0.02,0.00,0,0
vda,58.00,0.02,0.24,0,1
vda,1.80,0.00,0.01,0,0
vda,0.00,0.00,0.00,0,0
vda,46.60,0.00,0.19,0,0
vda,2.40,0.00,0.01,0,0
vda,3.20,0.00,0.01,0,0
vda,0.00,0.00,0.00,0,0
vda,71.60,0.00,0.29,0,1
vda,1.60,0.00,0.01,0,0
vda,1.60,0.00,0.01,0,0
vda,55.40,0.01,0.23,0,1
vda,4.20,0.00,0.02,0,0
vda,0.00,0.00,0.00,0,0
vda,49.60,0.00,0.20,0,1
vda,1.20,0.00,0.00,0,0
vda,1.40,0.00,0.00,0,0
vda,2.20,0.00,0.01,0,0
vda,2.60,0.00,0.01,0,0
vda,2.40,0.00,0.01,0,0
