vda,41.00,0.17,0.00,0,0
vda,37.00,0.14,0.01,0,0
vda,65.60,0.44,0.01,2,0
vda,10.20,0.10,0.01,0,0
vda,1.80,0.00,0.01,0,0
vda,4.00,0.00,0.02,0,0
vda,274.25,10.06,0.10,50,0
vda,71.80,0.07,0.22,0,1
vda,2.00,0.00,0.01,0,0
vda,1.20,0.00,0.00,0,0
vda,1.20,0.00,0.00,0,0
vda,4.60,0.00,0.02,0,0
vda,1.80,0.00,0.01,0,0
vda,3.80,0.00,1.29,0,6
vda,6.40,0.00,0.03,0,0
vda,12.60,0.00,0.05,0,0
vda,2.20,0.00,0.01,0,0
vda,32.40,0.00,0.13,0,0
vda,8.20,0.00,0.03,0,0
vda,1.80,0.00,0.01,0,0
vda,2.40,0.00,0.01,0,0
vda,5.20,0.00,0.03,0,0
vda,17.00,0.00,0.07,0,0
vda,2.40,0.00,0.01,0,0
vda,1.40,0.00,0.00,0,0
vda,2.80,0.00,0.01,0,0
vda,49.80,0.00,0.20,0,1
vda,1.40,0.00,0.01,0,0
vda,9.80,0.00,0.05,0,0
vda,43.80,0.19,0.01,0,0
vda,12.80,0.00,0.05,0,0
vda,4.20,0.00,0.02,0,0
vda,1.60,0.00,0.01,0,0
vda,10.60,0.00,0.04,0,0
vda,0.40,0.00,0.00,0,0
vda,50.80,0.00,0.20,0,1
vda,3.40,0.00,0.01,0,0
vda,19.80,0.00,0.08,0,0
vda,0.00,0.00,0.00,0,0
vda,3.80,0.00,0.01,0,0
vda,53.00,0.00,0.22,0,1
vda,1.60,0.00,0.01,0,0
vda,0.20,0.00,0.00,0,0
vda,77.40,0.00,0.32,0,1
vda,0.80,0.00,0.00,0,0
vda,1.20,0.00,0.00,0,0
vda,46.80,0.00,0.19,0,0
vda,0.00,0.00,0.00,0,0
vda,3.80,0.00,0.01,0,0
vda,58.00,0.00,0.24,0,1
vda,1.40,0.00,0.01,0,0
vda,1.20,0.00,0.00,0,0
vda,46.60,0.00,0.19,0,0
vda,0.00,0.00,0.00,0,0
vda,42.40,0.23,0.00,1,0
vda,3.00,0.00,0.01,0,0
