vda,0.80,0.01,0.00,0,0
vda,68.20,0.26,0.01,1,0
vda,7.60,0.02,0.01,0,0
vda,79.80,0.55,0.01,2,0
vda,0.00,0.00,0.00,0,0
vda,12.80,0.00,0.06,0,0
vda,213.40,10.34,0.02,51,0
vda,151.60,13.38,0.18,66,0
vda,91.80,11.20,0.01,56,0
vda,2.00,0.08,0.00,0,0
vda,2.40,0.00,0.01,0,0
vda,8.00,0.02,0.01,0,0
vda,9.40,0.00,1.31,0,6
vda,4.20,0.00,0.02,0,0
vda,16.80,0.00,0.07,0,0
vda,1.20,0.00,0.00,0,0
vda,33.60,0.00,0.14,0,0
vda,2.20,0.00,0.01,0,0
vda,8.60,0.00,0.04,0,0
vda,3.40,0.00,0.02,0,0
vda,1.40,0.00,0.01,0,0
vda,11.60,0.00,0.05,0,0
vda,3.40,0.00,0.01,0,0
vda,1.60,0.00,0.01,0,0
vda,33.80,0.00,0.14,0,0
vda,2.40,0.00,0.01,0,0
vda,2.20,0.00,0.01,0,0
vda,8.00,0.00,0.03,0,0
vda,19.20,0.00,0.08,0,0
vda,1.20,0.00,0.00,0,0
vda,0.40,0.00,0.00,0,0
vda,3.60,0.00,0.01,0,0
vda,34.80,0.00,0.15,0,0
vda,9.00,0.00,0.04,0,0
vda,3.00,0.00,0.01,0,0
vda,10.80,0.00,0.04,0,0
vda,25.40,0.00,0.11,0,0
vda,2.40,0.00,0.01,0,0
vda,1.40,0.00,0.01,0,0
vda,51.20,0.00,0.21,0,1
vda,3.60,0.00,0.01,0,0
vda,1.60,0.00,0.01,0,0
vda,41.60,0.00,0.17,0,0
vda,2.40,0.00,0.01,0,0
vda,1.20,0.00,0.00,0,0
vda,35.00,0.00,0.14,0,0
vda,1.80,0.00,0.01,0,0
vda,1.40,0.00,0.00,0,0
vda,39.60,0.00,0.16,0,0
vda,2.40,0.00,0.01,0,0
vda,1.20,0.00,0.00,0,0
vda,41.60,0.00,0.17,0,0
vda,9.20,0.00,0.04,0,0
vda,0.00,0.00,0.00,0,0
vda,42.00,0.00,0.18,0,0
vda,2.60,0.00,0.01,0,0
vda,1.20,0.00,0.00,0,0
vda,34.40,0.00,0.14,0,0
vda,2.80,0.00,0.01,0,0
vda,2.40,0.00,0.01,0,0
vda,40.20,0.00,0.16,0,0
vda,4.00,0.00,0.02,0,0
vda,1.60,0.00,0.01,0,0
vda,1.80,0.00,0.01,0,0
vda,2.20,0.00,0.01,0,0
vda,0.00,0.00,0.00,0,0
vda,1.80,0.00,0.01,0,0
vda,36.60,0.00,0.15,0,0
vda,19.20,0.00,0.08,0,0
vda,0.60,0.00,0.00,0,0
vda,2.20,0.00,0.01,0,0
vda,1.20,0.00,0.00,0,0
vda,1.00,0.00,0.00,0,0
vda,3.80,0.00,0.01,0,0
vda,2.20,0.00,0.01,0,0
vda,16.80,0.00,0.07,0,0
vda,35.80,0.00,0.14,0,0
vda,1.20,0.00,0.00,0,0
vda,0.40,0.00,0.00,0,0
vda,9.40,0.00,0.04,0,0
vda,2.00,0.00,0.01,0,0
vda,3.80,0.00,0.01,0,0
vda,0.00,0.00,0.00,0,0
vda,12.60,0.00,0.05,0,0
vda,1.00,0.00,0.00,0,0
vda,36.00,0.00,0.14,0,0
vda,1.20,0.00,0.00,0,0
vda,1.60,0.00,0.01,0,0
vda,9.60,0.00,0.04,0,0
vda,1.60,0.00,0.01,0,0
vda,3.20,0.00,0.01,0,0
vda,18.00,0.00,0.07,0,0
vda,1.60,0.00,0.01,0,0
vda,0.00,0.00,0.00,0,0
vda,25.80,0.00,0.11,0,0
vda,1.40,0.00,0.01,0,0
vda,28.40,0.18,0.00,0,0
vda,13.40,0.00,0.06,0,0
vda,24.20,0.00,0.10,0,0
vda,0.60,0.00,0.00,0,0
vda,2.20,0.00,0.01,0,0
vda,3.40,0.00,0.02,0,0
vda,2.60,0.00,0.01,0,0
vda,48.40,0.00,0.19,0,0
vda,1.20,0.00,0.00,0,0
vda,11.20,0.00,0.04,0,0
vda,2.20,0.00,0.01,0,0
vda,8.20,0.00,0.03,0,0
vda,2.40,0.00,0.02,0,0
vda,2.60,0.00,0.01,0,0
vda,1.20,0.00,0.00,0,0
vda,0.60,0.00,0.00,0,0
vda,53.80,0.00,0.21,0,1
vda,1.60,0.00,0.01,0,0
vda,0.40,0.00,0.00,0,0
vda,3.60,0.00,0.02,0,0
vda,2.20,0.00,0.01,0,0
vda,0.00,0.00,0.00,0,0
vda,9.40,0.00,0.04,0,0
vda,12.20,0.00,0.05,0,0
vda,4.20,0.00,0.02,0,0
vda,43.00,0.00,0.17,0,0
vda,0.00,0.00,0.00,0,0
vda,3.40,0.00,0.02,0,0
vda,2.20,0.00,0.01,0,0
vda,1.20,0.00,0.00,0,0
vda,0.40,0.00,0.00,0,0
vda,19.20,0.00,0.08,0,0
vda,1.20,0.00,0.00,0,0
vda,0.60,0.00,0.00,0,0
vda,27.00,0.00,0.11,0,0
vda,0.80,0.00,0.01,0,0
vda,1.00,0.00,0.00,0,0
vda,2.60,0.00,0.01,0,0
vda,18.20,0.00,0.07,0,0
vda,0.00,0.00,0.00,0,0
vda,2.20,0.00,0.01,0,0
vda,8.40,0.00,0.03,0,0
vda,0.80,0.00,0.01,0,0
vda,36.20,0.00,0.14,0,0
vda,1.40,0.00,0.01,0,0
vda,15.40,0.00,0.06,0,0
vda,2.00,0.00,0.01,0,0
vda,1.20,0.00,0.00,0,0
vda,0.40,0.00,0.00,0,0
vda,6.00,0.00,0.03,0,0
vda,1.20,0.00,0.00,0,0
vda,7.60,0.00,0.03,0,0
vda,36.20,0.00,0.14,0,0
vda,18.00,0.00,0.07,0,0
