vda,1.00,0.01,0.00,0,0
vda,51.40,0.19,0.01,0,0
vda,11.20,0.05,0.01,0,0
vda,9.40,0.03,0.01,0,0
vda,55.40,0.34,0.00,1,0
vda,4.80,0.00,0.02,0,0
vda,157.40,3.93,0.06,19,0
vda,110.00,3.52,0.07,17,0
vda,84.20,5.75,0.15,28,0
vda,99.60,10.85,0.00,54,0
vda,96.20,11.02,0.01,55,0
vda,93.60,11.43,0.01,57,0
vda,127.80,15.10,0.04,75,0
vda,66.40,8.05,0.01,40,0
vda,117.80,14.05,1.29,70,6
vda,77.80,8.10,0.05,40,0
vda,134.60,14.53,0.08,72,0
vda,137.60,12.60,0.15,63,0
vda,110.98,13.72,0.00,68,0
vda,126.80,15.43,0.02,77,0
vda,62.60,7.52,0.01,37,0
vda,107.80,13.35,0.00,66,0
vda,70.00,7.90,0.03,39,0
vda,130.00,13.75,0.08,68,0
vda,127.40,15.65,0.01,78,0
vda,100.00,12.32,0.01,61,0
vda,118.20,11.53,0.11,57,0
vda,0.20,0.00,0.00,0,0
vda,60.60,5.90,0.00,29,0
vda,100.00,9.38,0.08,46,0
vda,105.20,6.22,0.11,31,0
vda,128.20,15.78,0.01,78,0
vda,82.00,9.90,0.01,49,0
vda,99.80,11.88,0.02,59,0
vda,76.20,9.11,0.01,45,0
vda,40.20,0.00,0.16,0,0
vda,38.60,0.00,0.17,0,0
vda,2.60,0.00,0.01,0,0
vda,2.20,0.00,0.01,0,0
vda,1.20,0.00,0.00,0,0
vda,4.20,0.00,0.02,0,0
vda,2.20,0.00,0.01,0,0
vda,2.40,0.00,0.01,0,0
vda,1.60,0.00,0.01,0,0
vda,51.00,0.00,0.21,0,1
vda,2.00,0.00,0.01,0,0
vda,1.00,0.00,0.00,0,0
vda,3.20,0.00,0.02,0,0
vda,8.00,0.00,0.03,0,0
vda,1.00,0.00,0.00,0,0
vda,1.40,0.00,0.01,0,0
vda,13.20,0.00,0.05,0,0
vda,1.00,0.00,0.00,0,0
vda,37.80,0.00,0.15,0,0
vda,1.40,0.00,0.01,0,0
vda,1.80,0.00,0.01,0,0
vda,11.60,0.00,0.05,0,0
vda,0.00,0.00,0.00,0,0
vda,1.00,0.00,0.00,0,0
vda,19.00,0.00,0.07,0,0
vda,0.60,0.00,0.00,0,0
vda,30.60,0.00,0.13,0,0
vda,3.40,0.00,0.01,0,0
vda,2.20,0.00,0.01,0,0
vda,1.60,0.00,0.01,0,0
vda,2.00,0.00,0.01,0,0
vda,0.00,0.00,0.00,0,0
vda,1.40,0.00,0.01,0,0
vda,54.20,0.00,0.22,0,1
vda,8.20,0.00,0.03,0,0
vda,0.80,0.00,0.00,0,0
vda,2.40,0.00,0.01,0,0
vda,1.00,0.00,0.00,0,0
vda,1.80,0.00,0.01,0,0
vda,2.20,0.00,0.01,0,0
vda,12.80,0.00,0.05,0,0
vda,1.20,0.00,0.00,0,0
vda,33.60,0.00,0.14,0,0
vda,9.40,0.00,0.04,0,0
vda,1.40,0.00,0.01,0,0
vda,2.20,0.00,0.01,0,0
vda,0.00,0.00,0.00,0,0
vda,3.40,0.00,0.02,0,0
vda,17.20,0.00,0.07,0,0
vda,2.40,0.00,0.01,0,0
vda,1.40,0.00,0.01,0,0
vda,24.40,0.00,0.10,0,0
vda,1.00,0.00,0.00,0,0
vda,7.40,0.00,0.03,0,0
vda,4.20,0.00,0.02,0,0
vda,18.60,0.00,0.07,0,0
vda,0.40,0.00,0.00,0,0
vda,3.40,0.00,0.01,0,0
vda,1.40,0.00,0.01,0,0
vda,34.00,0.00,0.14,0,0
vda,2.00,0.00,0.01,0,0
vda,0.80,0.00,0.00,0,0
vda,2.60,0.00,0.01,0,0
vda,20.80,0.00,0.08,0,0
vda,0.60,0.00,0.00,0,0
vda,1.20,0.00,0.00,0,0
vda,2.00,0.00,0.01,0,0
vda,2.00,0.00,0.01,0,0
vda,35.60,0.00,0.14,0,0
vda,3.00,0.00,0.01,0,0
vda,17.17,0.00,0.07,0,0
vda,1.00,0.00,0.00,0,0
vda,2.00,0.00,0.01,0,0
vda,7.80,0.00,0.03,0,0
vda,1.40,0.00,0.01,0,0
vda,2.20,0.00,0.01,0,0
vda,1.60,0.00,0.01,0,0
vda,35.00,0.00,0.14,0,0
vda,20.40,0.00,0.08,0,0
vda,1.40,0.00,0.01,0,0
vda,1.60,0.00,0.01,0,0
vda,2.20,0.00,0.01,0,0
vda,0.40,0.00,0.00,0,0
vda,10.20,0.00,0.04,0,0
vda,2.20,0.00,0.01,0,0
vda,11.40,0.00,0.04,0,0
vda,23.80,0.00,0.10,0,0
vda,12.80,0.00,0.05,0,0
vda,0.00,0.00,0.00,0,0
vda,1.20,0.00,0.00,0,0
vda,3.80,0.00,0.02,0,0
vda,0.00,0.00,0.00,0,0
vda,1.60,0.00,0.01,0,0
vda,19.60,0.00,0.08,0,0
vda,1.00,0.00,0.00,0,0
vda,33.80,0.00,0.14,0,0
vda,4.20,0.00,0.02,0,0
vda,0.00,0.00,0.00,0,0
vda,3.00,0.00,0.01,0,0
vda,2.20,0.00,0.01,0,0
vda,11.60,0.00,0.05,0,0
vda,1.00,0.00,0.00,0,0
vda,9.20,0.00,0.04,0,0
vda,1.40,0.00,0.01,0,0
vda,34.20,0.00,0.14,0,0
vda,3.20,0.00,0.02,0,0
vda,1.40,0.00,0.01,0,0
vda,1.40,0.00,0.01,0,0
vda,19.40,0.00,0.08,0,0
vda,0.00,0.00,0.00,0,0
vda,1.80,0.00,0.01,0,0
vda,9.80,0.00,0.04,0,0
vda,1.40,0.00,0.01,0,0
vda,46.60,0.00,0.18,0,0
vda,2.80,0.00,0.01,0,0
vda,24.60,0.00,0.10,0,0
vda,2.80,0.00,0.01,0,0
vda,1.40,0.00,0.01,0,0
vda,0.00,0.00,0.00,0,0
vda,4.00,0.00,0.02,0,0
vda,13.00,0.00,0.05,0,0
vda,1.80,0.00,0.01,0,0
vda,24.60,0.00,0.10,0,0
vda,11.80,0.00,0.05,0,0
vda,1.40,0.00,0.00,0,0
vda,3.20,0.00,0.01,0,0
vda,1.40,0.00,0.01,0,0
vda,1.40,0.00,0.01,0,0
vda,1.40,0.00,0.01,0,0
vda,2.20,0.00,0.01,0,0
vda,17.40,0.00,0.07,0,0
vda,36.80,0.00,0.15,0,0
vda,7.60,0.00,0.03,0,0
vda,0.60,0.00,0.00,0,0
vda,3.20,0.00,0.01,0,0
vda,1.20,0.00,0.00,0,0
vda,1.40,0.00,0.01,0,0
vda,14.00,0.00,0.05,0,0
vda,1.80,0.00,0.01,0,0
vda,12.80,0.00,0.05,0,0
vda,23.40,0.00,0.09,0,0
vda,9.40,0.00,0.04,0,0
vda,1.20,0.00,0.00,0,0
vda,19.40,0.00,0.08,0,0
vda,1.00,0.00,0.00,0,0
vda,2.80,0.00,0.01,0,0
vda,2.80,0.00,0.01,0,0
vda,0.00,0.00,0.00,0,0
vda,1.40,0.00,0.00,0,0
vda,37.20,0.00,0.15,0,0
vda,17.37,0.00,0.07,0,0
vda,1.00,0.00,0.00,0,0
vda,9.40,0.00,0.04,0,0
vda,1.60,0.00,0.01,0,0
vda,0.80,0.00,0.00,0,0
vda,2.00,0.00,0.01,0,0
vda,5.60,0.00,0.02,0,0
vda,0.00,0.00,0.00,0,0
vda,35.60,0.00,0.14,0,0
vda,2.60,0.00,0.01,0,0
vda,1.00,0.00,0.00,0,0
vda,2.00,0.00,0.01,0,0
vda,0.00,0.00,0.00,0,0
vda,10.00,0.00,0.04,0,0
vda,2.00,0.00,0.01,0,0
vda,18.40,0.00,0.07,0,0
vda,2.60,0.00,0.01,0,0
vda,36.80,0.00,0.15,0,0
vda,1.00,0.00,0.00,0,0
vda,0.00,0.00,0.00,0,0
vda,2.40,0.00,0.01,0,0
vda,2.20,0.00,0.01,0,0
vda,9.00,0.00,0.03,0,0
vda,20.00,0.00,0.08,0,0
vda,0.00,0.00,0.00,0,0
vda,1.20,0.00,0.00,0,0
vda,35.00,0.00,0.14,0,0
vda,5.00,0.00,0.02,0,0
vda,1.00,0.00,0.00,0,0
vda,2.00,0.00,0.01,0,0
vda,11.80,0.00,0.05,0,0
vda,1.00,0.00,0.00,0,0
vda,2.00,0.00,0.01,0,0
vda,7.60,0.00,0.03,0,0
vda,3.00,0.00,0.01,0,0
vda,35.00,0.00,0.14,0,0
vda,1.80,0.00,0.01,0,0
vda,1.20,0.00,0.00,0,0
vda,19.60,0.00,0.08,0,0
vda,2.60,0.00,0.01,0,0
vda,1.20,0.00,0.00,0,0
vda,2.80,0.00,0.01,0,0
vda,0.00,0.00,0.00,0,0
vda,1.20,0.00,0.00,0,0
vda,32.20,0.00,0.13,0,0
vda,13.00,0.00,0.05,0,0
vda,1.40,0.00,0.00,0,0
vda,3.20,0.00,0.01,0,0
vda,1.20,0.00,0.01,0,0
vda,1.40,0.00,0.01,0,0
vda,2.00,0.00,0.01,0,0
vda,0.60,0.00,0.00,0,0
vda,1.20,0.00,0.00,0,0
vda,60.80,0.00,0.24,0,1
vda,0.60,0.00,0.00,0,0
vda,2.00,0.00,0.01,0,0
vda,2.00,0.00,0.01,0,0
vda,0.40,0.00,0.00,0,0
vda,2.80,0.00,0.01,0,0
vda,2.40,0.00,0.01,0,0
vda,17.40,0.00,0.07,0,0
vda,1.00,0.00,0.00,0,0
vda,37.00,0.00,0.15,0,0
vda,1.40,0.00,0.01,0,0
vda,8.00,0.00,0.03,0,0
vda,2.20,0.00,0.01,0,0
vda,2.40,0.00,0.01,0,0
vda,13.00,0.00,0.05,0,0
vda,1.40,0.00,0.01,0,0
vda,4.00,0.00,0.02,0,0
vda,0.80,0.00,0.00,0,0
vda,34.20,0.00,0.14,0,0
vda,9.60,0.00,0.04,0,0
vda,1.40,0.00,0.01,0,0
vda,18.40,0.00,0.07,0,0
vda,2.20,0.00,0.01,0,0
vda,2.20,0.00,0.01,0,0
vda,2.40,0.00,0.01,0,0
vda,2.40,0.00,0.01,0,0
vda,0.20,0.00,0.00,0,0
vda,24.00,0.00,0.10,0,0
vda,14.00,0.00,0.05,0,0
vda,1.40,0.00,0.00,0,0
vda,8.40,0.00,0.03,0,0
vda,1.80,0.00,0.01,0,0
vda,1.80,0.00,0.01,0,0
vda,1.20,0.00,0.00,0,0
vda,2.20,0.00,0.01,0,0
vda,26.40,0.00,0.10,0,0
vda,47.40,0.00,0.19,0,0
vda,15.40,0.00,0.06,0,0
vda,2.00,0.00,0.01,0,0
vda,0.00,0.00,0.00,0,0
vda,2.40,0.00,0.01,0,0
vda,1.20,0.00,0.00,0,0
vda,1.00,0.00,0.00,0,0
vda,19.40,0.00,0.08,0,0
vda,2.20,0.00,0.01,0,0
vda,24.80,0.00,0.10,0,0
vda,14.77,0.00,0.06,0,0
vda,1.60,0.00,0.01,0,0
vda,1.40,0.00,0.01,0,0
vda,2.00,0.00,0.01,0,0
vda,11.60,0.00,0.05,0,0
vda,9.60,0.00,0.04,0,0
vda,2.20,0.00,0.01,0,0
vda,1.40,0.00,0.00,0,0
vda,35.20,0.00,0.14,0,0
vda,1.80,0.00,0.01,0,0
vda,1.00,0.00,0.00,0,0
vda,2.40,0.00,0.01,0,0
vda,21.60,0.00,0.09,0,0
vda,0.20,0.00,0.00,0,0
vda,1.40,0.00,0.00,0,0
vda,2.20,0.00,0.01,0,0
vda,0.20,0.00,0.00,0,0
vda,13.80,0.00,0.06,0,0
vda,19.60,0.00,0.08,0,0
vda,18.60,0.00,0.07,0,0
vda,2.00,0.00,0.01,0,0
vda,3.20,0.00,0.01,0,0
vda,1.80,0.00,0.01,0,0
vda,1.00,0.00,0.00,0,0
vda,0.00,0.00,0.00,0,0
vda,2.80,0.00,0.01,0,0
vda,1.00,0.00,0.00,0,0
vda,10.60,0.00,0.04,0,0
vda,47.00,0.00,0.19,0,0
vda,1.20,0.00,0.00,0,0
vda,2.00,0.00,0.01,0,0
vda,3.60,0.00,0.01,0,0
vda,1.80,0.00,0.01,0,0
vda,0.00,0.00,0.00,0,0
vda,9.40,0.00,0.04,0,0
vda,20.00,0.00,0.08,0,0
vda,28.40,0.00,0.11,0,0
vda,9.60,0.00,0.04,0,0
vda,1.20,0.00,0.00,0,0
vda,1.80,0.00,0.01,0,0
vda,2.80,0.00,0.01,0,0
vda,2.20,0.00,0.01,0,0
vda,13.00,0.00,0.05,0,0
vda,1.60,0.00,0.01,0,0
vda,23.60,0.00,0.09,0,0
vda,0.60,0.00,0.00,0,0
vda,9.20,0.00,0.04,0,0
vda,1.00,0.00,0.00,0,0
vda,0.60,0.00,0.00,0,0
vda,3.00,0.00,0.02,0,0
vda,18.80,0.00,0.07,0,0
vda,37.60,0.00,0.15,0,0
vda,1.40,0.00,0.01,0,0
vda,0.00,0.00,0.00,0,0
vda,1.00,0.00,0.00,0,0
vda,2.40,0.00,0.01,0,0
vda,9.40,0.00,0.04,0,0
vda,18.60,0.00,0.07,0,0
vda,2.00,0.00,0.01,0,0
vda,1.00,0.00,0.00,0,0
vda,4.19,0.00,0.02,0,0
vda,35.40,0.00,0.14,0,0
vda,0.40,0.00,0.00,0,0
vda,2.80,0.00,0.01,0,0
vda,2.40,0.00,0.01,0,0
vda,13.00,0.00,0.05,0,0
vda,8.40,0.00,0.03,0,0
vda,2.20,0.00,0.01,0,0
vda,1.40,0.00,0.01,0,0
vda,0.80,0.00,0.00,0,0
vda,39.60,0.00,0.16,0,0
vda,19.00,0.00,0.07,0,0
vda,1.00,0.00,0.00,0,0
vda,2.00,0.00,0.01,0,0
vda,0.40,0.00,0.00,0,0
vda,1.20,0.00,0.00,0,0
vda,9.40,0.00,0.04,0,0
vda,1.00,0.00,0.01,0,0
vda,1.20,0.00,0.00,0,0
vda,36.00,0.00,0.14,0,0
vda,2.80,0.00,0.01,0,0
vda,2.40,0.00,0.01,0,0
vda,0.00,0.00,0.00,0,0
vda,1.00,0.00,0.00,0,0
vda,1.00,0.00,0.00,0,0
vda,2.20,0.00,0.01,0,0
vda,18.80,0.00,0.07,0,0
vda,9.40,0.00,0.04,0,0
vda,35.00,0.00,0.14,0,0
vda,0.00,0.00,0.00,0,0
vda,2.20,0.00,0.01,0,0
vda,11.80,0.00,0.05,0,0
vda,0.80,0.00,0.00,0,0
vda,1.80,0.00,0.01,0,0
vda,19.40,0.00,0.08,0,0
vda,1.00,0.00,0.00,0,0
vda,34.60,0.00,0.14,0,0
vda,2.00,0.00,0.01,0,0
vda,3.40,0.00,0.02,0,0
vda,2.60,0.00,0.01,0,0
vda,2.40,0.00,0.01,0,0
vda,11.60,0.00,0.05,0,0
vda,1.00,0.00,0.00,0,0
vda,24.40,0.00,0.10,0,0
vda,1.40,0.00,0.01,0,0
vda,9.20,0.00,0.04,0,0
vda,3.00,0.00,0.01,0,0
vda,1.00,0.00,0.00,0,0
vda,0.80,0.00,0.00,0,0
vda,26.80,0.00,0.10,0,0
vda,1.80,0.00,0.01,0,0
vda,0.00,0.00,0.00,0,0
vda,60.80,0.00,0.25,0,1
vda,2.20,0.00,0.01,0,0
vda,0.60,0.00,0.00,0,0
vda,2.20,0.00,0.01,0,0
vda,18.80,0.00,0.08,0,0
vda,0.80,0.00,0.00,0,0
vda,2.00,0.00,0.01,0,0
vda,2.60,0.00,0.01,0,0
vda,38.40,0.00,0.15,0,0
vda,1.20,0.00,0.00,0,0
vda,1.60,0.00,0.01,0,0
vda,11.60,0.00,0.05,0,0
vda,2.00,0.00,0.01,0,0
vda,1.40,0.00,0.00,0,0
vda,10.60,0.00,0.05,0,0
vda,1.20,0.00,0.00,0,0
vda,1.40,0.00,0.01,0,0
vda,36.00,0.00,0.14,0,0
vda,1.00,0.00,0.00,0,0
vda,20.40,0.00,0.08,0,0
vda,2.60,0.00,0.01,0,0
vda,2.40,0.00,0.01,0,0
vda,2.20,0.00,0.01,0,0
vda,0.00,0.00,0.00,0,0
vda,2.00,0.00,0.01,0,0
vda,8.00,0.00,0.03,0,0
vda,35.00,0.00,0.14,0,0
vda,3.80,0.00,0.01,0,0
vda,1.60,0.00,0.01,0,0
vda,1.00,0.00,0.00,0,0
vda,2.00,0.00,0.01,0,0
vda,1.00,0.00,0.00,0,0
vda,0.60,0.00,0.00,0,0
vda,8.98,0.00,0.04,0,0
vda,19.00,0.00,0.07,0,0
vda,34.80,0.00,0.14,0,0
vda,4.60,0.00,0.02,0,0
vda,2.00,0.00,0.01,0,0
vda,0.00,0.00,0.00,0,0
vda,2.00,0.00,0.01,0,0
vda,1.40,0.00,0.01,0,0
vda,18.20,0.00,0.07,0,0
vda,11.00,0.00,0.05,0,0
vda,1.20,0.00,0.00,0,0
vda,34.60,0.00,0.14,0,0
vda,3.40,0.00,0.01,0,0
vda,10.60,0.00,0.04,0,0
vda,0.00,0.00,0.00,0,0
vda,2.00,0.00,0.01,0,0
vda,14.20,0.00,0.06,0,0
vda,0.80,0.00,0.00,0,0
vda,2.00,0.00,0.01,0,0
vda,1.40,0.00,0.01,0,0
vda,23.20,0.00,0.09,0,0
vda,3.40,0.00,0.01,0,0
vda,1.40,0.00,0.01,0,0
vda,18.80,0.00,0.07,0,0
vda,3.00,0.00,0.01,0,0
vda,0.40,0.00,0.00,0,0
vda,0.80,0.00,0.00,0,0
vda,36.00,0.00,0.14,0,0
vda,8.20,0.00,0.03,0,0
vda,0.80,0.00,0.00,0,0
vda,14.20,0.00,0.06,0,0
vda,4.00,0.00,0.02,0,0
vda,0.00,0.00,0.00,0,0
vda,2.40,0.00,0.01,0,0
vda,1.00,0.00,0.00,0,0
vda,0.60,0.00,0.00,0,0
vda,36.00,0.00,0.14,0,0
vda,10.40,0.00,0.05,0,0
vda,18.40,0.00,0.07,0,0
vda,2.00,0.00,0.01,0,0
vda,1.00,0.00,0.00,0,0
vda,0.60,0.00,0.00,0,0
vda,3.80,0.00,0.01,0,0
vda,0.40,0.00,0.00,0,0
vda,36.00,0.00,0.14,0,0
vda,19.60,0.00,0.08,0,0
vda,1.00,0.00,0.00,0,0
vda,0.00,0.00,0.00,0,0
vda,9.20,0.00,0.04,0,0
vda,1.60,0.00,0.01,0,0
vda,0.80,0.00,0.00,0,0
vda,4.40,0.00,0.02,0,0
vda,0.40,0.00,0.00,0,0
vda,35.00,0.00,0.14,0,0
vda,2.00,0.00,0.01,0,0
vda,1.40,0.00,0.01,0,0
vda,0.80,0.00,0.00,0,0
vda,9.20,0.00,0.04,0,0
vda,2.20,0.00,0.01,0,0
vda,1.00,0.00,0.00,0,0
vda,20.20,0.00,0.08,0,0
vda,1.40,0.00,0.01,0,0
vda,1.00,0.00,0.00,0,0
vda,38.40,0.00,0.15,0,0
vda,1.40,0.00,0.01,0,0
vda,0.00,0.00,0.00,0,0
vda,4.20,0.00,0.02,0,0
vda,1.00,0.00,0.00,0,0
vda,0.40,0.00,0.00,0,0
vda,26.80,0.00,0.11,0,0
vda,1.00,0.00,0.00,0,0
vda,0.60,0.00,0.00,0,0
vda,38.20,0.00,0.15,0,0
vda,1.60,0.00,0.01,0,0
vda,2.20,0.00,0.01,0,0
vda,2.20,0.00,0.01,0,0
vda,12.60,0.00,0.05,0,0
vda,0.00,0.00,0.00,0,0
vda,9.60,0.00,0.04,0,0
vda,1.20,0.00,0.00,0,0
vda,1.40,0.00,0.00,0,0
vda,58.80,0.00,0.24,0,1
vda,0.00,0.00,0.00,0,0
vda,4.40,0.00,0.02,0,0
vda,24.60,0.00,0.10,0,0
vda,0.00,0.00,0.00,0,0
vda,1.00,0.00,0.00,0,0
vda,10.18,0.00,0.04,0,0
vda,4.40,0.00,0.02,0,0
vda,1.00,0.00,0.00,0,0
vda,24.00,0.00,0.10,0,0
vda,12.80,0.00,0.05,0,0
vda,1.40,0.00,0.01,0,0
vda,3.80,0.00,0.01,0,0
vda,1.20,0.00,0.00,0,0
vda,1.20,0.00,0.01,0,0
vda,2.00,0.00,0.01,0,0
vda,1.00,0.00,0.00,0,0
vda,18.80,0.00,0.07,0,0
vda,43.00,0.00,0.17,0,0
vda,1.20,0.00,0.00,0,0
vda,1.20,0.00,0.00,0,0
vda,2.60,0.00,0.01,0,0
vda,2.20,0.00,0.01,0,0
vda,2.20,0.00,0.01,0,0
vda,2.00,0.00,0.01,0,0
vda,18.40,0.00,0.07,0,0
vda,0.00,0.00,0.00,0,0
vda,36.20,0.00,0.14,0,0
vda,9.60,0.00,0.04,0,0
vda,1.60,0.00,0.01,0,0
vda,2.00,0.00,0.01,0,0
vda,2.20,0.00,0.01,0,0
vda,14.00,0.00,0.05,0,0
vda,0.00,0.00,0.00,0,0
vda,1.40,0.00,0.01,0,0
vda,37.60,0.00,0.15,0,0
vda,0.80,0.00,0.00,0,0
vda,8.20,0.00,0.03,0,0
vda,0.00,0.00,0.00,0,0
vda,2.00,0.00,0.01,0,0
vda,18.80,0.00,0.07,0,0
vda,4.20,0.00,0.02,0,0
vda,2.80,0.00,0.01,0,0
vda,0.00,0.00,0.00,0,0
vda,23.20,0.00,0.09,0,0
vda,1.80,0.00,0.01,0,0
vda,1.20,0.00,0.00,0,0
vda,26.80,0.00,0.11,0,0
vda,0.60,0.00,0.00,0,0
vda,4.60,0.00,0.02,0,0
vda,0.00,0.00,0.00,0,0
vda,36.00,0.00,0.14,0,0
vda,1.00,0.00,0.00,0,0
vda,2.00,0.00,0.01,0,0
vda,12.00,0.00,0.05,0,0
vda,1.40,0.00,0.01,0,0
vda,9.40,0.00,0.04,0,0
vda,1.80,0.00,0.01,0,0
vda,2.80,0.00,0.01,0,0
vda,35.00,0.00,0.14,0,0
vda,2.60,0.00,0.01,0,0
vda,1.20,0.00,0.00,0,0
vda,27.00,0.00,0.11,0,0
vda,3.60,0.00,0.01,0,0
vda,0.00,0.00,0.00,0,0
vda,1.00,0.00,0.00,0,0
vda,2.20,0.00,0.01,0,0
vda,1.20,0.00,0.00,0,0
vda,3.20,0.00,0.01,0,0
vda,35.80,0.00,0.14,0,0
vda,2.80,0.00,0.02,0,0
vda,2.00,0.00,0.01,0,0
vda,0.40,0.00,0.00,0,0
vda,1.20,0.00,0.00,0,0
vda,1.00,0.00,0.00,0,0
vda,9.20,0.00,0.04,0,0
vda,0.80,0.00,0.00,0,0
vda,53.20,0.00,0.21,0,1
vda,1.00,0.00,0.01,0,0
vda,1.20,0.00,0.00,0,0
vda,2.40,0.00,0.01,0,0
vda,2.40,0.00,0.01,0,0
vda,0.20,0.00,0.00,0,0
vda,26.20,0.00,0.10,0,0
vda,19.60,0.00,0.08,0,0
vda,2.40,0.00,0.01,0,0
vda,16.80,0.00,0.07,0,0
vda,2.00,0.00,0.01,0,0
vda,1.80,0.00,0.01,0,0
vda,2.20,0.00,0.01,0,0
vda,0.80,0.00,0.00,0,0
vda,1.80,0.00,0.01,0,0
vda,30.60,0.00,0.12,0,0
vda,2.00,0.00,0.01,0,0
vda,7.80,0.00,0.03,0,0
vda,10.00,0.00,0.04,0,0
vda,2.40,0.00,0.01,0,0
vda,2.80,0.00,0.01,0,0
vda,2.40,0.00,0.01,0,0
vda,18.80,0.00,0.08,0,0
vda,0.80,0.00,0.00,0,0
vda,25.80,0.00,0.10,0,0
vda,2.40,0.00,0.01,0,0
vda,8.00,0.00,0.03,0,0
vda,7.00,0.00,0.03,0,0
vda,2.00,0.00,0.01,0,0
vda,13.00,0.00,0.05,0,0
vda,1.00,0.00,0.00,0,0
vda,4.00,0.00,0.02,0,0
vda,1.20,0.00,0.00,0,0
vda,26.80,0.00,0.11,0,0
vda,0.20,0.00,0.00,0,0
vda,1.00,0.00,0.00,0,0
vda,28.20,0.00,0.11,0,0
vda,9.80,0.00,0.04,0,0
vda,0.80,0.00,0.00,0,0
vda,1.00,0.00,0.00,0,0
vda,4.00,0.00,0.02,0,0
vda,1.60,0.00,0.01,0,0
vda,18.00,0.00,0.07,0,0
vda,27.20,0.00,0.11,0,0
vda,0.00,0.00,0.00,0,0
vda,1.00,0.00,0.00,0,0
vda,24.60,0.00,0.10,0,0
vda,1.20,0.00,0.00,0,0
vda,1.40,0.00,0.01,0,0
vda,36.80,0.00,0.15,0,0
vda,5.40,0.00,0.02,0,0
vda,20.60,0.00,0.08,0,0
vda,7.00,0.13,0.01,0,0
vda,0.00,0.00,0.00,0,0
vda,1.60,0.00,0.01,0,0
vda,11.60,0.00,0.05,0,0
vda,14.20,0.00,0.06,0,0
vda,3.20,0.00,0.02,0,0
vda,42.20,0.00,0.17,0,0
vda,2.20,0.00,0.01,0,0
vda,1.80,0.00,0.01,0,0
vda,3.00,0.00,0.01,0,0
vda,1.40,0.00,0.01,0,0
vda,0.00,0.00,0.00,0,0
vda,7.80,0.00,0.03,0,0
vda,19.20,0.00,0.08,0,0
vda,8.20,0.00,0.03,0,0
vda,26.00,0.00,0.10,0,0
vda,2.40,0.00,0.01,0,0
vda,2.60,0.00,0.01,0,0
vda,0.00,0.00,0.00,0,0
vda,2.40,0.00,0.01,0,0
vda,2.40,0.00,0.01,0,0
vda,21.80,0.00,0.09,0,0
vda,2.00,0.00,0.01,0,0
vda,8.40,0.00,0.03,0,0
vda,19.60,0.00,0.08,0,0
vda,0.00,0.00,0.00,0,0
vda,2.20,0.00,0.01,0,0
vda,4.60,0.00,0.02,0,0
vda,18.80,0.00,0.07,0,0
vda,1.00,0.00,0.00,0,0
vda,9.00,0.00,0.04,0,0
vda,9.40,0.00,0.04,0,0
vda,1.20,0.00,0.00,0,0
vda,24.80,0.00,0.10,0,0
vda,3.40,0.00,0.02,0,0
vda,2.40,0.00,0.01,0,0
vda,11.60,0.00,0.05,0,0
vda,2.60,0.00,0.01,0,0
vda,1.20,0.00,0.00,0,0
vda,11.00,0.00,0.04,0,0
vda,0.40,0.00,0.00,0,0
vda,9.60,0.00,0.04,0,0
vda,26.80,0.00,0.11,0,0
vda,17.40,0.00,0.07,0,0
vda,2.20,0.00,0.01,0,0
vda,1.60,0.00,0.01,0,0
vda,2.20,0.00,0.01,0,0
vda,1.20,0.00,0.00,0,0
vda,5.80,0.00,0.02,0,0
vda,3.40,0.00,0.02,0,0
vda,8.20,0.00,0.03,0,0
vda,44.40,0.00,0.18,0,0
vda,2.40,0.00,0.01,0,0
vda,1.20,0.00,0.00,0,0
vda,1.40,0.00,0.01,0,0
vda,2.20,0.00,0.01,0,0
vda,2.99,0.00,0.02,0,0
vda,8.80,0.00,0.03,0,0
vda,14.00,0.00,0.05,0,0
vda,8.60,0.00,0.03,0,0
vda,19.20,0.00,0.08,0,0
vda,0.00,0.00,0.00,0,0
vda,1.00,0.00,0.00,0,0
vda,0.00,0.00,0.00,0,0
vda,6.80,0.00,0.03,0,0
vda,1.20,0.00,0.00,0,0
vda,26.40,0.00,0.10,0,0
vda,9.20,0.00,0.04,0,0
vda,1.00,0.00,0.00,0,0
vda,24.80,0.00,0.10,0,0
vda,2.40,0.00,0.01,0,0
vda,2.40,0.00,0.01,0,0
vda,0.00,0.00,0.00,0,0
vda,19.60,0.00,0.08,0,0
vda,2.60,0.00,0.01,0,0
vda,10.20,0.00,0.04,0,0
vda,2.40,0.00,0.01,0,0
vda,1.00,0.00,0.00,0,0
vda,24.80,0.00,0.10,0,0
vda,11.00,0.00,0.05,0,0
vda,1.60,0.00,0.01,0,0
vda,14.20,0.00,0.06,0,0
vda,0.40,0.00,0.00,0,0
vda,1.20,0.00,0.00,0,0
vda,11.60,0.00,0.05,0,0
vda,0.00,0.00,0.00,0,0
vda,1.40,0.00,0.01,0,0
vda,26.40,0.00,0.11,0,0
vda,19.80,0.00,0.08,0,0
vda,1.20,0.00,0.00,0,0
vda,7.20,0.00,0.03,0,0
vda,2.00,0.00,0.01,0,0
vda,1.00,0.00,0.00,0,0
vda,6.40,0.00,0.03,0,0
vda,3.20,0.00,0.01,0,0
vda,2.40,0.00,0.01,0,0
vda,37.80,0.00,0.15,0,0
vda,1.80,0.00,0.01,0,0
vda,1.00,0.00,0.00,0,0
vda,0.00,0.00,0.00,0,0
vda,2.40,0.00,0.01,0,0
vda,9.80,0.00,0.04,0,0
vda,9.40,0.00,0.04,0,0
vda,21.00,0.00,0.08,0,0
vda,1.40,0.00,0.01,0,0
vda,16.20,0.00,0.06,0,0
vda,2.40,0.00,0.01,0,0
vda,1.20,0.00,0.00,0,0
vda,1.00,0.00,0.00,0,0
vda,16.40,0.00,0.07,0,0
vda,1.20,0.00,0.00,0,0
vda,13.40,0.00,0.05,0,0
vda,24.60,0.00,0.10,0,0
vda,2.60,0.00,0.01,0,0
vda,36.40,0.00,0.14,0,0
vda,2.60,0.00,0.01,0,0
vda,0.00,0.00,0.00,0,0
vda,3.20,0.00,0.02,0,0
vda,4.60,0.00,0.02,0,0
vda,17.60,0.00,0.07,0,0
vda,6.00,0.00,0.02,0,0
vda,2.00,0.00,0.01,0,0
vda,2.60,0.00,0.01,0,0
vda,21.60,0.00,0.09,0,0
vda,16.60,0.00,0.07,0,0
vda,1.20,0.00,0.00,0,0
vda,17.60,0.00,0.07,0,0
vda,2.00,0.00,0.01,0,0
vda,0.00,0.00,0.00,0,0
vda,7.60,0.00,0.03,0,0
vda,5.00,0.00,0.02,0,0
vda,3.80,0.00,0.02,0,0
vda,9.40,0.00,0.04,0,0
vda,11.20,0.00,0.04,0,0
vda,18.60,0.00,0.07,0,0
vda,0.00,0.00,0.00,0,0
vda,2.00,0.00,0.01,0,0
vda,1.40,0.00,0.01,0,0
vda,11.20,0.00,0.04,0,0
vda,10.18,0.00,0.04,0,0
vda,1.00,0.00,0.00,0,0
vda,25.40,0.00,0.10,0,0
vda,13.60,0.00,0.05,0,0
vda,2.20,0.00,0.01,0,0
vda,3.40,0.00,0.01,0,0
vda,1.60,0.00,0.01,0,0
vda,1.00,0.00,0.00,0,0
vda,0.80,0.00,0.00,0,0
vda,36.20,0.00,0.14,0,0
vda,25.60,0.00,0.10,0,0
vda,1.20,0.00,0.00,0,0
vda,2.40,0.00,0.01,0,0
vda,3.20,0.00,0.02,0,0
vda,0.00,0.00,0.00,0,0
vda,2.40,0.00,0.01,0,0
vda,1.00,0.00,0.00,0,0
vda,23.20,0.00,0.09,0,0
vda,14.00,0.00,0.05,0,0
vda,1.00,0.00,0.00,0,0
vda,9.20,0.00,0.04,0,0
vda,2.40,0.00,0.01,0,0
vda,2.40,0.00,0.01,0,0
vda,3.00,0.00,0.01,0,0
vda,33.80,0.00,0.13,0,0
vda,18.80,0.00,0.07,0,0
vda,2.40,0.00,0.01,0,0
vda,3.00,0.00,0.01,0,0
vda,8.20,0.00,0.03,0,0
vda,0.40,0.00,0.00,0,0
vda,2.20,0.00,0.01,0,0
vda,1.00,0.00,0.00,0,0
vda,54.80,0.00,0.22,0,1
vda,1.20,0.00,0.00,0,0
vda,2.20,0.00,0.01,0,0
vda,0.40,0.00,0.00,0,0
vda,2.20,0.00,0.01,0,0
vda,1.00,0.00,0.00,0,0
vda,15.00,0.00,0.06,0,0
vda,2.40,0.00,0.01,0,0
vda,5.40,0.00,0.02,0,0
vda,27.60,0.00,0.11,0,0
vda,1.20,0.00,0.00,0,0
vda,1.00,0.00,0.00,0,0
vda,0.20,0.00,0.00,0,0
vda,2.00,0.00,0.01,0,0
vda,12.00,0.00,0.05,0,0
vda,14.40,0.00,0.06,0,0
vda,4.00,0.00,0.02,0,0
vda,1.20,0.00,0.00,0,0
vda,34.00,0.00,0.13,0,0
vda,3.40,0.00,0.01,0,0
vda,10.00,0.00,0.04,0,0
vda,7.60,0.00,0.03,0,0
vda,3.00,0.00,0.01,0,0
vda,10.00,0.00,0.04,0,0
vda,1.00,0.00,0.00,0,0
vda,2.00,0.00,0.01,0,0
vda,1.00,0.00,0.00,0,0
vda,36.80,0.00,0.14,0,0
vda,2.20,0.00,0.01,0,0
vda,12.80,0.00,0.05,0,0
vda,5.40,0.00,0.02,0,0
vda,2.00,0.00,0.01,0,0
vda,1.00,0.00,0.00,0,0
vda,0.60,0.00,0.00,0,0
vda,9.00,0.00,0.04,0,0
vda,1.80,0.00,0.01,0,0
vda,48.20,0.00,0.19,0,0
vda,1.00,0.00,0.01,0,0
vda,8.00,0.00,0.03,0,0
vda,2.00,0.00,0.01,0,0
vda,0.00,0.00,0.00,0,0
vda,1.40,0.00,0.01,0,0
vda,1.20,0.00,0.00,0,0
vda,9.20,0.00,0.04,0,0
vda,9.20,0.00,0.04,0,0
vda,27.20,0.00,0.11,0,0
vda,2.00,0.00,0.01,0,0
vda,2.60,0.00,0.01,0,0
vda,2.80,0.00,0.01,0,0
vda,0.40,0.00,0.00,0,0
vda,1.60,0.00,0.01,0,0
vda,11.38,0.00,0.04,0,0
vda,3.81,0.00,0.02,0,0
vda,15.20,0.00,0.06,0,0
vda,36.20,0.00,0.14,0,0
vda,0.60,0.00,0.00,0,0
vda,1.20,0.00,0.00,0,0
vda,3.20,0.00,0.01,0,0
vda,0.00,0.00,0.00,0,0
vda,18.00,0.00,0.07,0,0
vda,9.80,0.00,0.04,0,0
vda,2.20,0.00,0.01,0,0
vda,1.00,0.00,0.00,0,0
vda,57.40,0.00,0.23,0,1
vda,2.60,0.00,0.01,0,0
vda,2.20,0.00,0.01,0,0
vda,13.00,0.00,0.05,0,0
vda,1.00,0.00,0.00,0,0
vda,5.40,0.00,0.02,0,0
vda,0.00,0.00,0.00,0,0
vda,2.20,0.00,0.01,0,0
vda,1.40,0.00,0.01,0,0
vda,42.00,0.00,0.17,0,0
vda,3.60,0.00,0.02,0,0
vda,11.80,0.00,0.05,0,0
vda,6.60,0.00,0.03,0,0
vda,3.40,0.00,0.01,0,0
vda,2.40,0.00,0.01,0,0
vda,2.80,0.00,0.01,0,0
vda,0.00,0.00,0.00,0,0
vda,1.00,0.00,0.00,0,0
vda,38.40,0.00,0.15,0,0
vda,2.20,0.00,0.01,0,0
vda,8.00,0.00,0.03,0,0
vda,1.00,0.00,0.00,0,0
vda,3.40,0.00,0.01,0,0
vda,1.60,0.00,0.01,0,0
vda,0.00,0.00,0.00,0,0
vda,12.20,0.00,0.05,0,0
vda,10.80,0.00,0.04,0,0
vda,39.60,0.00,0.16,0,0
vda,2.40,0.00,0.01,0,0
vda,1.00,0.00,0.00,0,0
vda,0.00,0.00,0.00,0,0
vda,2.00,0.00,0.01,0,0
vda,3.20,0.00,0.01,0,0
vda,15.00,0.00,0.06,0,0
vda,1.00,0.00,0.00,0,0
vda,7.80,0.00,0.03,0,0
vda,33.80,0.00,0.13,0,0
vda,2.00,0.00,0.01,0,0
vda,8.40,0.00,0.03,0,0
vda,2.40,0.00,0.01,0,0
vda,9.20,0.00,0.04,0,0
vda,3.00,0.00,0.01,0,0
vda,7.00,0.00,0.03,0,0
vda,1.00,0.00,0.00,0,0
vda,0.00,0.00,0.00,0,0
vda,36.00,0.00,0.14,0,0
vda,12.00,0.00,0.05,0,0
vda,9.60,0.00,0.04,0,0
vda,0.80,0.00,0.00,0,0
vda,11.00,0.00,0.04,0,0
vda,2.00,0.00,0.01,0,0
vda,0.40,0.00,0.00,0,0
vda,2.20,0.00,0.01,0,0
vda,1.00,0.00,0.00,0,0
vda,31.80,0.00,0.13,0,0
vda,9.40,0.00,0.04,0,0
vda,1.20,0.00,0.00,0,0
vda,7.60,0.00,0.03,0,0
vda,2.20,0.00,0.01,0,0
vda,2.40,0.00,0.01,0,0
vda,2.40,0.00,0.01,0,0
vda,12.00,0.00,0.05,0,0
vda,1.00,0.00,0.00,0,0
vda,34.40,0.00,0.14,0,0
vda,6.60,0.00,0.03,0,0
vda,8.20,0.00,0.03,0,0
vda,0.00,0.00,0.00,0,0
vda,2.20,0.00,0.01,0,0
vda,2.00,0.00,0.01,0,0
vda,14.20,0.00,0.05,0,0
vda,1.80,0.00,0.01,0,0
vda,0.00,0.00,0.00,0,0
vda,41.00,0.00,0.16,0,0
vda,2.00,0.00,0.01,0,0
vda,1.00,0.00,0.00,0,0
vda,8.40,0.00,0.03,0,0
vda,9.60,0.00,0.04,0,0
vda,1.40,0.00,0.01,0,0
vda,1.20,0.00,0.00,0,0
vda,10.00,0.00,0.04,0,0
vda,1.40,0.00,0.01,0,0
vda,7.78,0.00,0.03,0,0
vda,28.40,0.00,0.11,0,0
vda,3.00,0.00,0.01,0,0
vda,0.20,0.00,0.00,0,0
vda,12.80,0.00,0.05,0,0
vda,8.20,0.00,0.03,0,0
vda,0.60,0.00,0.00,0,0
vda,8.40,0.00,0.03,0,0
vda,1.40,0.00,0.01,0,0
vda,1.40,0.00,0.01,0,0
vda,24.60,0.00,0.10,0,0
vda,20.60,0.00,0.08,0,0
vda,0.20,0.00,0.00,0,0
vda,2.40,0.00,0.01,0,0
vda,7.80,0.00,0.03,0,0
vda,1.20,0.00,0.00,0,0
vda,2.80,0.00,0.01,0,0
vda,2.20,0.00,0.01,0,0
vda,1.80,0.00,0.01,0,0
vda,43.80,0.00,0.17,0,0
vda,1.00,0.00,0.00,0,0
vda,4.40,0.00,0.02,0,0
vda,2.20,0.00,0.01,0,0
vda,2.20,0.00,0.01,0,0
vda,8.60,0.00,0.03,0,0
vda,3.20,0.00,0.01,0,0
vda,13.60,0.00,0.06,0,0
vda,2.40,0.00,0.01,0,0
vda,40.40,0.00,0.16,0,0
vda,1.00,0.00,0.00,0,0
vda,0.60,0.00,0.00,0,0
vda,4.40,0.00,0.02,0,0
vda,1.20,0.00,0.00,0,0
vda,15.40,0.00,0.06,0,0
vda,3.00,0.00,0.01,0,0
vda,9.80,0.00,0.04,0,0
vda,2.80,0.00,0.01,0,0
vda,47.00,0.00,0.18,0,0
vda,3.00,0.00,0.01,0,0
vda,0.00,0.00,0.00,0,0
vda,13.60,0.00,0.06,0,0
vda,15.60,0.00,0.06,0,0
vda,5.00,0.00,0.02,0,0
vda,2.40,0.00,0.01,0,0
vda,1.20,0.00,0.00,0,0
vda,26.40,0.00,0.10,0,0
vda,1.40,0.00,0.01,0,0
vda,0.00,0.00,0.00,0,0
vda,11.40,0.00,0.04,0,0
vda,2.40,0.00,0.01,0,0
vda,7.80,0.00,0.03,0,0
vda,7.80,0.00,0.03,0,0
vda,3.80,0.00,0.02,0,0
vda,1.80,0.00,0.01,0,0
vda,33.80,0.00,0.13,0,0
vda,2.40,0.00,0.01,0,0
vda,9.80,0.00,0.04,0,0
vda,6.80,0.00,0.03,0,0
vda,0.00,0.00,0.00,0,0
vda,1.20,0.00,0.00,0,0
vda,2.00,0.00,0.01,0,0
vda,2.40,0.00,0.01,0,0
vda,8.40,0.00,0.03,0,0
vda,45.40,0.00,0.18,0,0
vda,2.00,0.00,0.01,0,0
vda,7.60,0.00,0.03,0,0
vda,3.40,0.00,0.01,0,0
vda,1.60,0.00,0.01,0,0
vda,1.60,0.00,0.01,0,0
vda,0.60,0.00,0.00,0,0
vda,2.00,0.00,0.01,0,0
vda,11.80,0.00,0.05,0,0
vda,41.00,0.00,0.16,0,0
vda,9.80,0.00,0.04,0,0
vda,2.40,0.00,0.01,0,0
vda,0.60,0.00,0.00,0,0
vda,2.00,0.00,0.01,0,0
vda,11.20,0.00,0.04,0,0
vda,7.20,0.00,0.03,0,0
vda,2.40,0.00,0.01,0,0
vda,6.00,0.00,0.02,0,0
vda,24.00,0.00,0.09,0,0
vda,3.80,0.00,0.02,0,0
vda,1.00,0.00,0.00,0,0
vda,0.60,0.00,0.00,0,0
vda,2.40,0.00,0.01,0,0
vda,13.00,0.00,0.05,0,0
vda,8.58,0.00,0.03,0,0
vda,2.20,0.00,0.01,0,0
vda,2.20,0.00,0.01,0,0
vda,33.80,0.00,0.13,0,0
vda,2.40,0.00,0.01,0,0
vda,1.20,0.00,0.00,0,0
vda,15.00,0.00,0.06,0,0
vda,2.40,0.00,0.01,0,0
vda,7.60,0.00,0.03,0,0
vda,4.40,0.00,0.02,0,0
vda,0.40,0.00,0.00,0,0
vda,1.60,0.00,0.01,0,0
vda,34.40,0.00,0.14,0,0
vda,2.00,0.00,0.01,0,0
vda,12.00,0.00,0.05,0,0
vda,12.00,0.00,0.05,0,0
vda,4.00,0.00,0.02,0,0
vda,1.20,0.00,0.00,0,0
vda,0.00,0.00,0.00,0,0
vda,3.80,0.00,0.01,0,0
vda,1.40,0.00,0.01,0,0
vda,45.00,0.00,0.18,0,0
vda,3.00,0.00,0.01,0,0
vda,7.80,0.00,0.03,0,0
vda,2.40,0.00,0.01,0,0
vda,9.20,0.00,0.04,0,0
vda,1.20,0.00,0.00,0,0
vda,3.40,0.00,0.01,0,0
vda,0.40,0.00,0.00,0,0
vda,9.00,0.00,0.04,0,0
vda,5.40,0.00,0.02,0,0
vda,37.20,0.00,0.15,0,0
vda,1.00,0.00,0.00,0,0
vda,7.80,0.00,0.03,0,0
vda,2.20,0.00,0.01,0,0
vda,1.60,0.00,0.01,0,0
vda,11.60,0.00,0.05,0,0
vda,2.20,0.00,0.01,0,0
vda,9.60,0.00,0.04,0,0
vda,24.60,0.00,0.10,0,0
vda,0.00,0.00,0.00,0,0
vda,1.00,0.00,0.00,0,0
vda,1.40,0.00,0.01,0,0
vda,2.00,0.00,0.01,0,0
vda,18.00,0.00,0.07,0,0
vda,8.80,0.00,0.03,0,0
vda,2.00,0.00,0.01,0,0
vda,1.40,0.00,0.01,0,0
vda,37.40,0.00,0.15,0,0
vda,1.60,0.00,0.01,0,0
vda,1.60,0.00,0.01,0,0
vda,7.20,0.00,0.03,0,0
vda,3.60,0.00,0.02,0,0
vda,5.40,0.00,0.02,0,0
vda,8.80,0.00,0.04,0,0
vda,2.20,0.00,0.01,0,0
vda,0.80,0.00,0.00,0,0
vda,35.00,0.00,0.14,0,0
vda,2.00,0.00,0.01,0,0
vda,22.80,0.00,0.09,0,0
vda,7.80,0.00,0.03,0,0
vda,2.00,0.00,0.01,0,0
vda,0.60,0.00,0.00,0,0
vda,1.20,0.00,0.00,0,0
vda,2.00,0.00,0.01,0,0
vda,1.00,0.00,0.00,0,0
vda,61.20,0.00,0.24,0,1
vda,4.80,0.00,0.02,0,0
vda,10.00,0.00,0.04,0,0
vda,3.40,0.00,0.01,0,0
vda,1.60,0.00,0.01,0,0
vda,1.40,0.00,0.01,0,0
vda,0.00,0.00,0.00,0,0
vda,14.00,0.00,0.06,0,0
vda,10.80,0.00,0.05,0,0
vda,1.20,0.00,0.00,0,0
vda,28.80,0.00,0.11,0,0
vda,0.40,0.00,0.00,0,0
vda,3.80,0.00,0.01,0,0
vda,2.40,0.00,0.01,0,0
vda,0.00,0.00,0.00,0,0
vda,3.00,0.00,0.01,0,0
vda,12.80,0.00,0.05,0,0
vda,0.60,0.00,0.00,0,0
vda,15.40,0.00,0.06,0,0
vda,36.20,0.00,0.14,0,0
vda,0.60,0.00,0.00,0,0
vda,4.20,0.00,0.02,0,0
vda,2.80,0.00,0.01,0,0
vda,0.00,0.00,0.00,0,0
vda,8.60,0.00,0.03,0,0
vda,9.00,0.00,0.04,0,0
vda,0.60,0.00,0.00,0,0
vda,1.00,0.00,0.00,0,0
vda,43.00,0.00,0.17,0,0
vda,1.60,0.00,0.01,0,0
vda,1.40,0.00,0.01,0,0
vda,15.00,0.00,0.06,0,0
vda,1.60,0.00,0.01,0,0
vda,4.40,0.00,0.02,0,0
vda,2.00,0.00,0.01,0,0
vda,0.60,0.00,0.00,0,0
vda,3.60,0.00,0.02,0,0
vda,43.20,0.00,0.17,0,0
vda,0.80,0.00,0.00,0,0
vda,12.80,0.00,0.05,0,0
vda,8.60,0.00,0.03,0,0
vda,0.00,0.00,0.00,0,0
vda,3.20,0.00,0.01,0,0
vda,2.40,0.00,0.01,0,0
vda,1.80,0.00,0.01,0,0
vda,1.00,0.00,0.00,0,0
vda,31.80,0.00,0.12,0,0
vda,0.60,0.00,0.00,0,0
vda,13.00,0.00,0.05,0,0
vda,2.20,0.00,0.01,0,0
vda,0.60,0.00,0.00,0,0
vda,1.60,0.00,0.01,0,0
vda,3.40,0.00,0.01,0,0
vda,1.20,0.00,0.00,0,0
vda,12.40,0.00,0.05,0,0
vda,42.40,0.00,0.17,0,0
vda,0.00,0.00,0.00,0,0
vda,1.00,0.00,0.00,0,0
vda,10.20,0.00,0.04,0,0
vda,1.00,0.00,0.00,0,0
vda,1.80,0.00,0.01,0,0
vda,15.00,0.00,0.06,0,0
vda,1.40,0.00,0.01,0,0
vda,8.00,0.00,0.03,0,0
vda,33.80,0.00,0.13,0,0
vda,3.20,0.00,0.02,0,0
vda,1.40,0.00,0.01,0,0
vda,10.60,0.00,0.04,0,0
vda,0.00,0.00,0.00,0,0
vda,8.40,0.00,0.03,0,0
vda,6.40,0.00,0.03,0,0
vda,1.80,0.00,0.01,0,0
vda,3.40,0.00,0.02,0,0
vda,33.80,0.00,0.13,0,0
vda,2.20,0.00,0.01,0,0
vda,1.00,0.00,0.00,0,0
vda,10.80,0.00,0.04,0,0
vda,9.20,0.00,0.04,0,0
vda,8.40,0.00,0.03,0,0
vda,2.60,0.00,0.01,0,0
vda,0.00,0.00,0.00,0,0
vda,1.20,0.00,0.00,0,0
vda,25.40,0.00,0.10,0,0
vda,1.40,0.00,0.01,0,0
vda,7.60,0.00,0.03,0,0
vda,8.80,0.00,0.03,0,0
vda,2.20,0.00,0.01,0,0
vda,0.00,0.00,0.00,0,0
vda,9.40,0.00,0.04,0,0
vda,1.20,0.00,0.00,0,0
vda,1.20,0.00,0.00,0,0
vda,48.60,0.00,0.19,0,0
vda,5.80,0.00,0.02,0,0
vda,1.60,0.00,0.01,0,0
vda,2.00,0.00,0.01,0,0
vda,0.40,0.00,0.00,0,0
vda,2.00,0.00,0.01,0,0
vda,9.60,0.00,0.04,0,0
vda,10.80,0.00,0.04,0,0
vda,1.00,0.00,0.00,0,0
vda,43.80,0.00,0.18,0,0
vda,1.80,0.00,0.01,0,0
vda,2.00,0.00,0.01,0,0
vda,2.20,0.00,0.01,0,0
vda,0.00,0.00,0.00,0,0
vda,8.20,0.00,0.03,0,0
vda,2.00,0.00,0.01,0,0
vda,13.00,0.00,0.06,0,0
vda,1.20,0.00,0.00,0,0
vda,36.20,0.00,0.14,0,0
vda,2.60,0.00,0.01,0,0
vda,1.40,0.00,0.01,0,0
vda,10.80,0.00,0.04,0,0
vda,2.00,0.00,0.01,0,0
vda,9.00,0.00,0.04,0,0
vda,2.20,0.00,0.01,0,0
vda,8.60,0.00,0.04,0,0
vda,1.40,0.00,0.00,0,0
vda,24.40,0.00,0.10,0,0
vda,0.60,0.00,0.00,0,0
vda,8.20,0.00,0.03,0,0
vda,26.60,0.00,0.11,0,0
vda,1.20,0.00,0.00,0,0
vda,1.20,0.00,0.00,0,0
vda,2.00,0.00,0.01,0,0
vda,0.00,0.00,0.00,0,0
vda,1.00,0.00,0.00,0,0
vda,63.60,0.00,0.25,0,1
vda,6.00,0.00,0.03,0,0
vda,1.00,0.00,0.00,0,0
vda,3.00,0.00,0.01,0,0
vda,1.40,0.00,0.01,0,0
vda,1.60,0.00,0.01,0,0
vda,2.40,0.00,0.01,0,0
vda,11.20,0.00,0.04,0,0
vda,43.40,0.00,0.17,0,0
vda,2.00,0.00,0.01,0,0
vda,7.60,0.00,0.03,0,0
vda,1.40,0.00,0.00,0,0
vda,2.00,0.00,0.01,0,0
vda,0.40,0.00,0.00,0,0
vda,1.20,0.00,0.00,0,0
vda,14.60,0.00,0.06,0,0
vda,1.40,0.00,0.01,0,0
vda,35.40,0.00,0.14,0,0
vda,2.00,0.00,0.01,0,0
vda,0.40,0.00,0.00,0,0
vda,1.20,0.00,0.00,0,0
vda,9.40,0.00,0.04,0,0
vda,19.60,0.00,0.08,0,0
vda,0.20,0.00,0.00,0,0
vda,2.20,0.00,0.01,0,0
vda,1.80,0.00,0.01,0,0
vda,24.00,0.00,0.09,0,0
vda,2.00,0.00,0.01,0,0
vda,0.00,0.00,0.00,0,0
vda,19.20,0.00,0.08,0,0
vda,9.20,0.00,0.04,0,0
vda,2.40,0.00,0.01,0,0
vda,0.00,0.00,0.00,0,0
vda,2.20,0.00,0.01,0,0
vda,0.00,0.00,0.00,0,0
vda,22.00,0.00,0.09,0,0
vda,18.60,0.00,0.08,0,0
vda,13.20,0.00,0.05,0,0
vda,2.60,0.00,0.01,0,0
vda,38.80,0.00,0.16,0,0
vda,4.80,0.00,0.02,0,0
vda,1.20,0.00,0.00,0,0
vda,2.00,0.00,0.01,0,0
vda,0.00,0.00,0.00,0,0
vda,1.00,0.00,0.00,0,0
vda,3.80,0.00,0.01,0,0
vda,15.00,0.00,0.06,0,0
vda,23.80,0.00,0.09,0,0
vda,17.60,0.00,0.07,0,0
vda,0.60,0.00,0.00,0,0
vda,8.20,0.00,0.03,0,0
vda,2.40,0.00,0.01,0,0
vda,0.60,0.00,0.00,0,0
vda,1.40,0.00,0.00,0,0
vda,15.20,0.00,0.06,0,0
vda,2.40,0.00,0.01,0,0
vda,6.80,0.00,0.03,0,0
vda,35.80,0.00,0.14,0,0
vda,0.40,0.00,0.00,0,0
vda,1.20,0.00,0.00,0,0
vda,2.00,0.00,0.01,0,0
vda,8.00,0.00,0.03,0,0
vda,10.20,0.00,0.04,0,0
vda,5.60,0.00,0.02,0,0
vda,11.60,0.00,0.05,0,0
vda,0.40,0.00,0.00,0,0
vda,36.20,0.00,0.14,0,0
vda,1.00,0.00,0.00,0,0
vda,0.20,0.00,0.00,0,0
vda,15.20,0.00,0.06,0,0
vda,6.40,0.00,0.03,0,0
vda,7.80,0.00,0.03,0,0
vda,2.00,0.00,0.01,0,0
vda,0.60,0.00,0.00,0,0
vda,1.00,0.00,0.00,0,0
vda,24.40,0.00,0.10,0,0
vda,10.40,0.00,0.04,0,0
vda,1.80,0.00,0.01,0,0
vda,5.60,0.00,0.02,0,0
vda,0.00,0.00,0.00,0,0
vda,1.00,0.00,0.00,0,0
vda,2.00,0.00,0.01,0,0
vda,9.00,0.00,0.04,0,0
vda,1.00,0.00,0.00,0,0
vda,49.20,0.00,0.20,0,0
vda,6.40,0.00,0.03,0,0
vda,2.00,0.00,0.01,0,0
vda,2.40,0.00,0.01,0,0
vda,0.40,0.00,0.00,0,0
vda,1.80,0.00,0.01,0,0
vda,2.60,0.00,0.01,0,0
vda,14.40,0.00,0.06,0,0
vda,7.80,0.00,0.03,0,0
vda,41.60,0.00,0.16,0,0
vda,1.40,0.00,0.01,0,0
vda,2.60,0.00,0.01,0,0
vda,2.40,0.00,0.01,0,0
vda,1.00,0.00,0.00,0,0
vda,0.00,0.00,0.00,0,0
vda,11.40,0.00,0.05,0,0
vda,5.00,0.00,0.02,0,0
vda,9.40,0.00,0.03,0,0
vda,35.60,0.00,0.14,0,0
vda,1.20,0.00,0.00,0,0
vda,0.00,0.00,0.00,0,0
vda,3.20,0.00,0.01,0,0
vda,13.80,0.00,0.05,0,0
vda,6.60,0.00,0.03,0,0
vda,2.00,0.00,0.01,0,0
vda,0.00,0.00,0.00,0,0
vda,1.20,0.00,0.00,0,0
vda,31.20,0.00,0.12,0,0
vda,1.40,0.00,0.01,0,0
vda,1.00,0.00,0.00,0,0
vda,27.80,0.00,0.11,0,0
vda,1.80,0.00,0.01,0,0
vda,0.00,0.00,0.00,0,0
vda,1.40,0.00,0.01,0,0
vda,3.00,0.00,0.01,0,0
vda,1.00,0.00,0.00,0,0
vda,60.00,0.00,0.24,0,1
vda,15.00,0.00,0.06,0,0
vda,0.00,0.00,0.00,0,0
vda,4.20,0.00,0.02,0,0
vda,2.20,0.00,0.01,0,0
vda,10.40,0.00,0.04,0,0
vda,0.00,0.00,0.00,0,0
vda,2.60,0.00,0.01,0,0
vda,2.20,0.00,0.01,0,0
vda,62.40,0.00,0.25,0,1
vda,2.60,0.00,0.01,0,0
vda,1.40,0.00,0.01,0,0
vda,1.60,0.00,0.01,0,0
vda,2.40,0.00,0.01,0,0
vda,0.00,0.00,0.00,0,0
vda,2.20,0.00,0.01,0,0
vda,13.60,0.00,0.05,0,0
vda,1.20,0.00,0.00,0,0
vda,42.20,0.00,0.17,0,0
vda,2.00,0.00,0.01,0,0
vda,1.00,0.00,0.00,0,0
vda,3.60,0.00,0.01,0,0
vda,3.40,0.00,0.02,0,0
vda,18.40,0.00,0.07,0,0
vda,0.00,0.00,0.00,0,0
vda,2.20,0.00,0.01,0,0
vda,1.60,0.00,0.01,0,0
vda,30.40,0.00,0.12,0,0
vda,2.20,0.00,0.01,0,0
vda,1.20,0.00,0.00,0,0
vda,2.00,0.00,0.01,0,0
vda,20.40,0.00,0.08,0,0
vda,1.60,0.00,0.01,0,0
vda,2.00,0.00,0.01,0,0
vda,0.40,0.00,0.00,0,0
vda,1.20,0.00,0.00,0,0
vda,42.00,0.00,0.17,0,0
vda,3.60,0.00,0.02,0,0
vda,12.40,0.00,0.05,0,0
vda,2.60,0.00,0.01,0,0
vda,1.40,0.00,0.01,0,0
vda,1.60,0.00,0.01,0,0
vda,2.00,0.00,0.01,0,0
vda,0.00,0.00,0.00,0,0
vda,2.20,0.00,0.01,0,0
vda,42.00,0.00,0.17,0,0
vda,19.60,0.00,0.08,0,0
vda,1.20,0.00,0.00,0,0
vda,1.00,0.00,0.00,0,0
vda,2.00,0.00,0.01,0,0
vda,2.40,0.00,0.01,0,0
vda,2.80,0.00,0.01,0,0
vda,0.40,0.00,0.00,0,0
vda,13.00,0.00,0.05,0,0
vda,35.40,0.00,0.14,0,0
vda,2.00,0.00,0.01,0,0
vda,8.00,0.00,0.03,0,0
vda,1.20,0.00,0.00,0,0
vda,3.80,0.00,0.02,0,0
vda,0.80,0.00,0.00,0,0
vda,2.20,0.00,0.01,0,0
vda,19.60,0.00,0.08,0,0
vda,1.20,0.00,0.00,0,0
vda,24.60,0.00,0.10,0,0
vda,1.40,0.00,0.01,0,0
vda,10.60,0.00,0.05,0,0
vda,0.00,0.00,0.00,0,0
vda,2.00,0.00,0.01,0,0
vda,18.40,0.00,0.07,0,0
vda,1.00,0.00,0.00,0,0
vda,2.20,0.00,0.01,0,0
vda,3.80,0.00,0.01,0,0
vda,16.80,0.00,0.07,0,0
vda,20.00,0.00,0.08,0,0
vda,1.20,0.00,0.00,0,0
vda,2.20,0.00,0.01,0,0
vda,11.80,0.00,0.05,0,0
vda,8.40,0.00,0.03,0,0
vda,1.40,0.00,0.00,0,0
vda,3.20,0.00,0.02,0,0
vda,0.60,0.00,0.00,0,0
vda,35.20,0.00,0.14,0,0
vda,4.80,0.00,0.02,0,0
vda,18.80,0.00,0.07,0,0
vda,2.00,0.00,0.01,0,0
vda,0.20,0.00,0.00,0,0
vda,0.60,0.00,0.00,0,0
vda,2.40,0.00,0.01,0,0
vda,9.60,0.00,0.04,0,0
vda,1.20,0.00,0.00,0,0
vda,35.20,0.00,0.14,0,0
vda,20.60,0.00,0.08,0,0
vda,1.20,0.00,0.00,0,0
vda,2.00,0.00,0.01,0,0
vda,1.60,0.00,0.01,0,0
vda,1.40,0.00,0.01,0,0
vda,2.00,0.00,0.01,0,0
vda,7.20,0.00,0.03,0,0
vda,1.20,0.00,0.00,0,0
vda,35.60,0.00,0.14,0,0
vda,1.40,0.00,0.01,0,0
vda,1.60,0.00,0.01,0,0
vda,3.60,0.00,0.01,0,0
vda,1.40,0.00,0.01,0,0
vda,0.00,0.00,0.00,0,0
vda,18.20,0.00,0.07,0,0
vda,2.40,0.00,0.01,0,0
vda,8.20,0.00,0.03,0,0
vda,13.20,0.00,0.05,0,0
vda,24.35,0.00,0.10,0,0
vda,1.20,0.00,0.00,0,0
vda,3.60,0.00,0.01,0,0
vda,1.80,0.00,0.01,0,0
vda,0.00,0.00,0.00,0,0
vda,12.60,0.00,0.05,0,0
vda,5.20,0.00,0.02,0,0
vda,0.20,0.00,0.00,0,0
vda,7.40,0.00,0.03,0,0
vda,52.20,0.00,0.21,0,1
vda,1.20,0.00,0.00,0,0
vda,3.40,0.00,0.01,0,0
vda,23.80,0.00,0.09,0,0
vda,2.80,0.00,0.01,0,0
vda,4.40,0.00,0.02,0,0
vda,0.00,0.00,0.00,0,0
vda,1.40,0.00,0.01,0,0
vda,35.00,0.00,0.14,0,0
vda,9.20,0.00,0.04,0,0
vda,0.60,0.00,0.00,0,0
vda,18.20,0.00,0.07,0,0
vda,2.60,0.00,0.01,0,0
vda,12.60,0.00,0.05,0,0
vda,2.20,0.00,0.01,0,0
vda,0.00,0.00,0.00,0,0
vda,1.00,0.00,0.00,0,0
vda,24.20,0.00,0.10,0,0
vda,11.40,0.00,0.04,0,0
vda,9.40,0.00,0.04,0,0
vda,1.80,0.00,0.01,0,0
vda,1.80,0.00,0.01,0,0
vda,2.20,0.00,0.01,0,0
vda,2.40,0.00,0.01,0,0
vda,0.00,0.00,0.00,0,0
vda,1.40,0.00,0.01,0,0
vda,54.40,0.00,0.21,0,1
vda,1.00,0.00,0.00,0,0
vda,7.20,0.00,0.03,0,0
vda,2.20,0.00,0.01,0,0
vda,0.60,0.00,0.00,0,0
vda,3.00,0.00,0.01,0,0
vda,0.00,0.00,0.00,0,0
vda,2.40,0.00,0.01,0,0
vda,19.80,0.00,0.08,0,0
vda,33.80,0.00,0.13,0,0
vda,2.00,0.00,0.01,0,0
vda,8.60,0.00,0.03,0,0
vda,2.20,0.00,0.01,0,0
vda,0.00,0.00,0.00,0,0
vda,2.60,0.00,0.01,0,0
vda,15.20,0.00,0.06,0,0
vda,1.00,0.00,0.00,0,0
vda,0.40,0.00,0.00,0,0
vda,36.00,0.00,0.14,0,0
vda,7.80,0.00,0.03,0,0
vda,1.20,0.00,0.00,0,0
vda,2.40,0.00,0.01,0,0
vda,18.40,0.00,0.07,0,0
vda,3.00,0.00,0.01,0,0
vda,3.60,0.00,0.01,0,0
vda,1.40,0.00,0.01,0,0
vda,0.00,0.00,0.00,0,0
vda,2.00,0.00,0.01,0,0
vda,23.60,0.00,0.09,0,0
vda,0.60,0.00,0.00,0,0
vda,28.00,0.00,0.11,0,0
vda,0.80,0.00,0.00,0,0
vda,1.20,0.00,0.00,0,0
vda,1.20,0.00,0.00,0,0
vda,3.00,0.00,0.01,0,0
vda,2.00,0.00,0.01,0,0
vda,0.20,0.00,0.00,0,0
vda,37.00,0.00,0.15,0,0
vda,12.40,0.00,0.05,0,0
vda,0.00,0.00,0.00,0,0
vda,9.20,0.00,0.04,0,0
vda,1.00,0.00,0.00,0,0
vda,1.20,0.00,0.00,0,0
vda,3.40,0.00,0.01,0,0
vda,2.20,0.00,0.01,0,0
vda,27.40,0.00,0.11,0,0
vda,25.80,0.00,0.10,0,0
vda,9.60,0.00,0.04,0,0
vda,0.40,0.00,0.00,0,0
vda,2.60,0.00,0.01,0,0
vda,3.20,0.00,0.02,0,0
vda,1.40,0.00,0.00,0,0
vda,16.00,0.00,0.06,0,0
vda,1.00,0.00,0.00,0,0
vda,35.00,0.00,0.14,0,0
vda,2.20,0.00,0.01,0,0
vda,1.20,0.00,0.00,0,0
vda,2.00,0.00,0.01,0,0
vda,8.40,0.00,0.04,0,0
vda,1.00,0.00,0.00,0,0
vda,19.60,0.00,0.08,0,0
vda,2.60,0.00,0.01,0,0
vda,1.40,0.00,0.01,0,0
vda,22.80,0.00,0.09,0,0
vda,2.00,0.00,0.01,0,0
vda,2.60,0.00,0.01,0,0
vda,0.60,0.00,0.00,0,0
vda,26.60,0.00,0.10,0,0
vda,1.20,0.00,0.00,0,0
vda,1.00,0.00,0.00,0,0
vda,4.60,0.00,0.02,0,0
vda,2.20,0.00,0.01,0,0
vda,34.80,0.00,0.14,0,0
vda,2.40,0.00,0.01,0,0
vda,1.20,0.00,0.00,0,0
vda,1.00,0.00,0.00,0,0
vda,13.20,0.00,0.05,0,0
vda,8.80,0.00,0.04,0,0
vda,3.00,0.00,0.01,0,0
vda,0.80,0.00,0.00,0,0
vda,4.80,0.00,0.02,0,0
vda,36.60,0.00,0.14,0,0
vda,18.20,0.00,0.07,0,0
vda,0.00,0.00,0.00,0,0
vda,2.60,0.00,0.01,0,0
vda,0.80,0.00,0.00,0,0
vda,1.00,0.00,0.00,0,0
vda,8.40,0.00,0.03,0,0
vda,3.80,0.00,0.01,0,0
vda,0.00,0.00,0.00,0,0
vda,56.60,0.00,0.22,0,1
vda,16.80,0.00,0.07,0,0
vda,1.00,0.00,0.00,0,0
vda,0.00,0.00,0.00,0,0
vda,15.20,0.00,0.07,0,0
vda,1.20,0.00,0.00,0,0
vda,2.60,0.00,0.01,0,0
vda,13.40,0.00,0.05,0,0
vda,2.40,0.00,0.01,0,0
vda,25.00,0.00,0.10,0,0
vda,0.20,0.00,0.00,0,0
vda,2.80,0.00,0.01,0,0
vda,2.40,0.00,0.01,0,0
vda,0.80,0.00,0.00,0,0
vda,8.00,0.00,0.03,0,0
vda,19.60,0.00,0.08,0,0
vda,1.20,0.00,0.00,0,0
vda,2.40,0.00,0.01,0,0
vda,0.00,0.00,0.00,0,0
vda,38.00,0.00,0.15,0,0
vda,1.20,0.00,0.00,0,0
vda,2.20,0.00,0.01,0,0
vda,9.40,0.00,0.04,0,0
vda,12.40,0.00,0.05,0,0
vda,0.00,0.00,0.00,0,0
vda,2.00,0.00,0.01,0,0
vda,2.40,0.00,0.01,0,0
vda,2.00,0.00,0.01,0,0
vda,36.20,0.00,0.14,0,0
vda,1.80,0.00,0.01,0,0
vda,17.20,0.00,0.07,0,0
vda,2.00,0.00,0.01,0,0
vda,1.40,0.00,0.01,0,0
vda,3.40,0.00,0.02,0,0
vda,7.80,0.00,0.03,0,0
vda,1.40,0.00,0.00,0,0
vda,36.40,0.00,0.14,0,0
vda,2.60,0.00,0.01,0,0
vda,19.00,0.00,0.07,0,0
vda,2.20,0.00,0.01,0,0
vda,0.00,0.00,0.00,0,0
vda,2.80,0.00,0.01,0,0
vda,1.00,0.00,0.00,0,0
vda,1.80,0.00,0.01,0,0
vda,8.80,0.00,0.04,0,0
vda,34.80,0.00,0.14,0,0
vda,3.40,0.00,0.01,0,0
vda,1.40,0.00,0.01,0,0
vda,0.80,0.00,0.00,0,0
vda,2.00,0.00,0.01,0,0
vda,1.80,0.00,0.01,0,0
vda,2.80,0.00,0.01,0,0
vda,1.00,0.00,0.00,0,0
vda,25.40,0.00,0.10,0,0
vda,0.60,0.00,0.00,0,0
vda,38.80,0.00,0.15,0,0
vda,0.40,0.00,0.00,0,0
vda,2.60,0.00,0.01,0,0
vda,1.00,0.00,0.00,0,0
vda,1.00,0.00,0.00,0,0
vda,0.20,0.00,0.00,0,0
vda,26.40,0.00,0.10,0,0
vda,3.00,0.00,0.02,0,0
vda,35.00,0.00,0.14,0,0
vda,2.20,0.00,0.01,0,0
vda,1.00,0.00,0.00,0,0
vda,3.20,0.00,0.01,0,0
vda,1.40,0.00,0.01,0,0
vda,12.80,0.00,0.05,0,0
vda,2.80,0.00,0.01,0,0
vda,0.20,0.00,0.00,0,0
vda,1.20,0.00,0.00,0,0
vda,7.80,0.00,0.03,0,0
vda,36.40,0.00,0.14,0,0
vda,1.00,0.00,0.00,0,0
vda,3.60,0.00,0.01,0,0
vda,19.40,0.00,0.08,0,0
vda,1.20,0.00,0.00,0,0
vda,0.40,0.00,0.00,0,0
vda,2.60,0.00,0.01,0,0
vda,1.00,0.00,0.00,0,0
vda,32.20,0.00,0.13,0,0
vda,1.40,0.00,0.01,0,0
vda,14.00,0.00,0.06,0,0
vda,0.60,0.00,0.00,0,0
vda,3.60,0.00,0.01,0,0
vda,1.40,0.00,0.01,0,0
vda,10.40,0.00,0.04,0,0
vda,0.00,0.00,0.00,0,0
vda,1.00,0.00,0.00,0,0
vda,28.20,0.00,0.11,0,0
vda,1.00,0.00,0.00,0,0
vda,5.80,0.00,0.02,0,0
vda,23.20,0.00,0.09,0,0
vda,1.40,0.00,0.01,0,0
vda,2.00,0.00,0.01,0,0
vda,2.40,0.00,0.01,0,0
vda,0.00,0.00,0.00,0,0
vda,8.60,0.00,0.03,0,0
vda,12.80,0.00,0.05,0,0
vda,34.60,0.00,0.14,0,0
vda,8.60,0.00,0.03,0,0
vda,2.00,0.00,0.01,0,0
vda,0.00,0.00,0.00,0,0
vda,1.00,0.00,0.00,0,0
vda,8.60,0.00,0.03,0,0
vda,1.20,0.00,0.00,0,0
vda,10.40,0.00,0.04,0,0
vda,36.40,0.00,0.14,0,0
vda,0.00,0.00,0.00,0,0
vda,1.00,0.00,0.00,0,0
vda,9.20,0.00,0.04,0,0
vda,0.20,0.00,0.00,0,0
vda,9.00,0.00,0.04,0,0
vda,12.20,0.00,0.05,0,0
vda,2.60,0.00,0.01,0,0
vda,1.40,0.00,0.01,0,0
vda,2.00,0.00,0.01,0,0
vda,22.80,0.00,0.09,0,0
vda,1.40,0.00,0.01,0,0
vda,11.40,0.00,0.04,0,0
vda,14.80,0.00,0.06,0,0
vda,13.80,0.00,0.05,0,0
vda,0.00,0.00,0.00,0,0
vda,2.00,0.00,0.01,0,0
vda,3.00,0.00,0.01,0,0
vda,41.40,0.00,0.16,0,0
vda,7.00,0.00,0.03,0,0
vda,8.00,0.00,0.03,0,0
vda,8.60,0.00,0.03,0,0
vda,0.00,0.00,0.00,0,0
vda,1.40,0.00,0.01,0,0
vda,9.58,0.00,0.04,0,0
vda,0.00,0.00,0.00,0,0
vda,3.00,0.00,0.02,0,0
vda,35.20,0.00,0.14,0,0
vda,21.40,0.00,0.08,0,0
vda,1.40,0.00,0.01,0,0
vda,0.00,0.00,0.00,0,0
vda,2.20,0.00,0.01,0,0
vda,8.20,0.00,0.03,0,0
vda,3.20,0.00,0.01,0,0
vda,5.40,0.00,0.02,0,0
vda,2.20,0.00,0.01,0,0
vda,8.60,0.00,0.03,0,0
vda,35.40,0.00,0.14,0,0
vda,1.00,0.00,0.00,0,0
vda,0.20,0.00,0.00,0,0
vda,2.80,0.00,0.01,0,0
vda,1.20,0.00,0.00,0,0
vda,7.60,0.00,0.03,0,0
vda,19.40,0.00,0.08,0,0
vda,1.00,0.00,0.00,0,0
vda,3.40,0.00,0.01,0,0
vda,24.00,0.00,0.09,0,0
vda,10.00,0.00,0.05,0,0
vda,1.00,0.00,0.00,0,0
vda,2.20,0.00,0.01,0,0
vda,18.20,0.00,0.07,0,0
vda,2.20,0.00,0.01,0,0
vda,1.00,0.00,0.00,0,0
vda,1.00,0.00,0.00,0,0
vda,3.00,0.00,0.01,0,0
vda,4.40,0.00,0.02,0,0
vda,35.40,0.00,0.14,0,0
vda,14.00,0.00,0.05,0,0
vda,0.00,0.00,0.00,0,0
vda,1.00,0.00,0.00,0,0
vda,4.00,0.00,0.02,0,0
vda,1.20,0.00,0.00,0,0
vda,8.20,0.00,0.03,0,0
vda,36.40,0.00,0.14,0,0
vda,2.80,0.00,0.01,0,0
vda,19.40,0.00,0.08,0,0
vda,0.00,0.00,0.00,0,0
vda,2.60,0.00,0.01,0,0
vda,1.40,0.00,0.00,0,0
vda,1.80,0.00,0.01,0,0
vda,1.20,0.00,0.00,0,0
vda,8.20,0.00,0.03,0,0
vda,55.80,0.00,0.22,0,1
vda,1.20,0.00,0.00,0,0
vda,1.80,0.00,0.01,0,0
vda,2.00,0.00,0.01,0,0
vda,1.00,0.00,0.00,0,0
vda,1.20,0.00,0.00,0,0
vda,1.80,0.00,0.01,0,0
vda,8.20,0.00,0.03,0,0
vda,13.00,0.00,0.05,0,0
vda,28.20,0.00,0.11,0,0
vda,1.40,0.00,0.01,0,0
vda,0.00,0.00,0.00,0,0
vda,2.20,0.00,0.01,0,0
vda,1.60,0.00,0.01,0,0
vda,1.40,0.00,0.01,0,0
vda,19.20,0.00,0.07,0,0
vda,10.20,0.00,0.05,0,0
vda,1.20,0.00,0.00,0,0
vda,36.20,0.00,0.14,0,0
vda,2.60,0.00,0.01,0,0
vda,1.80,0.00,0.01,0,0
vda,2.20,0.00,0.01,0,0
vda,0.00,0.00,0.00,0,0
vda,13.60,0.00,0.06,0,0
vda,1.80,0.00,0.01,0,0
vda,8.20,0.00,0.03,0,0
vda,1.80,0.00,0.01,0,0
vda,36.40,0.00,0.14,0,0
vda,1.00,0.00,0.00,0,0
vda,2.80,0.00,0.01,0,0
vda,20.00,0.00,0.08,0,0
vda,0.20,0.00,0.00,0,0
vda,1.40,0.00,0.01,0,0
vda,1.60,0.00,0.01,0,0
vda,1.80,0.00,0.01,0,0
vda,1.40,0.00,0.00,0,0
vda,43.40,0.00,0.17,0,0
vda,18.80,0.00,0.08,0,0
vda,2.80,0.00,0.01,0,0
vda,2.40,0.00,0.01,0,0
vda,0.40,0.00,0.00,0,0
vda,1.60,0.00,0.01,0,0
vda,2.00,0.00,0.01,0,0
vda,0.60,0.00,0.00,0,0
vda,11.80,0.00,0.05,0,0
vda,36.40,0.00,0.14,0,0
vda,1.00,0.00,0.00,0,0
vda,0.20,0.00,0.00,0,0
vda,3.00,0.00,0.01,0,0
vda,1.40,0.00,0.01,0,0
vda,1.80,0.00,0.01,0,0
vda,2.20,0.00,0.01,0,0
vda,0.20,0.00,0.00,0,0
vda,19.20,0.00,0.08,0,0
vda,14.00,0.00,0.05,0,0
vda,30.00,0.00,0.12,0,0
vda,1.00,0.00,0.00,0,0
vda,0.40,0.00,0.00,0,0
vda,2.20,0.00,0.01,0,0
vda,2.20,0.00,0.01,0,0
vda,26.20,0.00,0.10,0,0
vda,0.20,0.00,0.00,0,0
vda,1.80,0.00,0.01,0,0
vda,47.00,0.00,0.18,0,0
vda,2.20,0.00,0.01,0,0
vda,12.60,0.00,0.05,0,0
vda,0.20,0.00,0.00,0,0
vda,3.80,0.00,0.02,0,0
vda,13.60,0.00,0.05,0,0
vda,3.20,0.00,0.01,0,0
vda,2.60,0.00,0.01,0,0
vda,1.40,0.00,0.01,0,0
vda,34.60,0.00,0.14,0,0
vda,2.00,0.00,0.01,0,0
vda,3.40,0.00,0.02,0,0
vda,17.80,0.00,0.07,0,0
vda,9.20,0.00,0.04,0,0
vda,1.20,0.00,0.00,0,0
vda,3.00,0.00,0.01,0,0
vda,1.20,0.00,0.00,0,0
vda,0.20,0.00,0.00,0,0
vda,25.00,0.00,0.10,0,0
vda,2.40,0.00,0.01,0,0
vda,12.40,0.00,0.05,0,0
vda,9.40,0.00,0.04,0,0
vda,0.00,0.00,0.00,0,0
vda,1.00,0.00,0.00,0,0
vda,0.60,0.00,0.00,0,0
vda,3.00,0.00,0.01,0,0
vda,2.60,0.00,0.01,0,0
vda,38.40,0.00,0.15,0,0
vda,15.60,0.00,0.06,0,0
vda,1.00,0.00,0.00,0,0
vda,0.60,0.00,0.00,0,0
vda,2.40,0.00,0.01,0,0
vda,9.60,0.00,0.04,0,0
vda,1.40,0.00,0.00,0,0
vda,19.80,0.00,0.08,0,0
vda,1.00,0.00,0.00,0,0
vda,37.80,0.00,0.15,0,0
vda,1.80,0.00,0.01,0,0
vda,0.60,0.00,0.00,0,0
vda,1.80,0.00,0.01,0,0
vda,2.20,0.00,0.01,0,0
vda,1.00,0.00,0.00,0,0
vda,0.60,0.00,0.00,0,0
vda,21.00,0.00,0.08,0,0
vda,1.60,0.00,0.01,0,0
vda,11.40,0.00,0.05,0,0
vda,36.80,0.00,0.15,0,0
vda,1.00,0.00,0.00,0,0
vda,0.20,0.00,0.00,0,0
vda,8.40,0.00,0.03,0,0
vda,26.80,0.00,0.11,0,0
vda,10.20,0.00,0.04,0,0
vda,2.00,0.00,0.01,0,0
vda,35.40,0.00,0.14,0,0
vda,4.60,0.00,0.02,0,0
vda,0.00,0.00,0.00,0,0
vda,1.40,0.00,0.01,0,0
vda,1.00,0.00,0.00,0,0
vda,2.00,0.00,0.01,0,0
vda,18.40,0.00,0.07,0,0
vda,9.60,0.00,0.04,0,0
vda,36.80,0.00,0.14,0,0
vda,1.00,0.00,0.00,0,0
vda,2.40,0.00,0.01,0,0
vda,2.40,0.00,0.01,0,0
vda,11.80,0.00,0.05,0,0
vda,1.20,0.00,0.00,0,0
vda,3.60,0.00,0.02,0,0
vda,1.00,0.00,0.00,0,0
vda,8.40,0.00,0.03,0,0
vda,36.20,0.00,0.14,0,0
vda,1.00,0.00,0.00,0,0
vda,4.00,0.00,0.02,0,0
vda,18.40,0.00,0.07,0,0
vda,2.20,0.00,0.01,0,0
vda,1.00,0.00,0.00,0,0
vda,1.80,0.00,0.01,0,0
vda,1.00,0.00,0.00,0,0
vda,24.20,0.00,0.09,0,0
vda,9.40,0.00,0.04,0,0
vda,12.80,0.00,0.05,0,0
vda,2.00,0.00,0.01,0,0
vda,3.60,0.00,0.01,0,0
vda,1.20,0.00,0.00,0,0
vda,0.40,0.00,0.00,0,0
vda,2.20,0.00,0.01,0,0
vda,1.00,0.00,0.00,0,0
vda,18.20,0.00,0.07,0,0
vda,37.80,0.00,0.15,0,0
vda,9.00,0.00,0.04,0,0
vda,1.60,0.00,0.01,0,0
vda,2.00,0.00,0.01,0,0
vda,2.40,0.00,0.01,0,0
vda,1.60,0.00,0.01,0,0
vda,8.40,0.00,0.03,0,0
vda,13.40,0.00,0.06,0,0
vda,2.20,0.00,0.01,0,0
vda,35.80,0.00,0.14,0,0
vda,0.00,0.00,0.00,0,0
vda,8.20,0.00,0.03,0,0
vda,2.00,0.00,0.01,0,0
vda,0.00,0.00,0.00,0,0
vda,16.40,0.00,0.07,0,0
vda,1.80,0.00,0.01,0,0
vda,1.40,0.00,0.00,0,0
vda,8.60,0.00,0.03,0,0
vda,27.60,0.00,0.11,0,0
vda,1.00,0.00,0.00,0,0
vda,1.00,0.00,0.00,0,0
vda,9.20,0.00,0.04,0,0
vda,19.60,0.00,0.08,0,0
vda,1.20,0.00,0.00,0,0
vda,3.60,0.00,0.01,0,0
vda,1.20,0.00,0.00,0,0
vda,10.40,0.00,0.04,0,0
vda,0.00,0.00,0.00,0,0
vda,25.80,0.00,0.10,0,0
vda,20.60,0.00,0.08,0,0
vda,6.39,0.00,0.02,0,0
vda,8.40,0.00,0.04,0,0
vda,1.00,0.00,0.00,0,0
vda,1.80,0.00,0.01,0,0
vda,3.40,0.00,0.01,0,0
vda,5.00,0.00,0.02,0,0
vda,46.60,0.00,0.18,0,0
vda,12.40,0.00,0.05,0,0
vda,1.20,0.00,0.00,0,0
vda,41.20,0.00,0.16,0,0
vda,5.00,0.00,0.02,0,0
vda,2.00,0.00,0.01,0,0
vda,39.80,0.00,0.16,0,0
vda,14.20,0.00,0.06,0,0
vda,0.60,0.00,0.00,0,0
vda,3.40,0.00,0.01,0,0
vda,1.40,0.00,0.01,0,0
vda,0.00,0.00,0.00,0,0
vda,13.80,0.00,0.05,0,0
vda,2.60,0.00,0.01,0,0
vda,1.00,0.00,0.00,0,0
vda,31.60,0.00,0.13,0,0
vda,1.20,0.00,0.00,0,0
vda,2.60,0.00,0.01,0,0
vda,3.00,0.00,0.01,0,0
vda,0.00,0.00,0.00,0,0
vda,20.00,0.00,0.08,0,0
vda,2.40,0.00,0.01,0,0
vda,1.00,0.00,0.00,0,0
vda,8.00,0.00,0.03,0,0
vda,36.80,0.00,0.14,0,0
vda,1.20,0.00,0.00,0,0
vda,2.80,0.00,0.01,0,0
vda,15.80,0.00,0.06,0,0
vda,1.00,0.00,0.00,0,0
vda,0.60,0.00,0.00,0,0
vda,6.60,0.14,0.02,0,0
vda,2.40,0.00,0.01,0,0
vda,11.80,0.00,0.05,0,0
vda,35.60,0.00,0.14,0,0
vda,2.20,0.00,0.01,0,0
vda,22.80,0.00,0.09,0,0
vda,1.40,0.00,0.08,0,0
vda,3.40,0.00,0.01,0,0
vda,1.00,0.00,0.00,0,0
vda,0.60,0.00,0.00,0,0
vda,2.00,0.00,0.01,0,0
vda,8.60,0.00,0.03,0,0
vda,54.40,0.00,0.21,0,1
vda,2.20,0.00,0.01,0,0
vda,1.00,0.00,0.00,0,0
vda,0.60,0.00,0.00,0,0
vda,3.40,0.00,0.01,0,0
vda,1.40,0.00,0.01,0,0
vda,0.60,0.00,0.00,0,0
vda,3.40,0.00,0.02,0,0
vda,12.40,0.00,0.05,0,0
vda,23.60,0.00,0.09,0,0
vda,2.00,0.00,0.01,0,0
vda,8.20,0.00,0.03,0,0
vda,3.60,0.00,0.01,0,0
vda,2.00,0.00,0.01,0,0
vda,40.80,0.00,0.16,0,0
vda,25.00,0.00,0.10,0,0
vda,1.40,0.00,0.01,0,0
vda,0.00,0.00,0.00,0,0
vda,1.00,0.00,0.00,0,0
vda,2.00,0.00,0.01,0,0
vda,0.60,0.00,0.00,0,0
vda,1.00,0.00,0.00,0,0
vda,28.40,0.00,0.11,0,0
vda,2.20,0.00,0.01,0,0
vda,6.00,0.00,0.02,0,0
vda,11.20,0.00,0.04,0,0
vda,1.00,0.00,0.00,0,0
vda,2.00,0.00,0.01,0,0
vda,8.80,0.00,0.03,0,0
vda,7.60,0.00,0.03,0,0
vda,18.80,0.00,0.08,0,0
vda,14.60,0.00,0.06,0,0
vda,3.40,0.00,0.01,0,0
vda,12.20,0.00,0.05,0,0
vda,6.00,0.00,0.02,0,0
vda,1.20,0.00,0.00,0,0
vda,33.40,0.00,0.13,0,0
vda,12.80,0.00,0.05,0,0
vda,12.00,0.00,0.05,0,0
vda,2.00,0.00,0.01,0,0
vda,0.00,0.00,0.00,0,0
vda,2.59,0.00,0.01,0,0
vda,0.20,0.00,0.00,0,0
vda,2.20,0.00,0.01,0,0
vda,28.20,0.00,0.11,0,0
vda,6.80,0.00,0.03,0,0
vda,11.80,0.00,0.05,0,0
vda,0.00,0.00,0.00,0,0
vda,8.40,0.00,0.03,0,0
vda,2.00,0.00,0.01,0,0
vda,4.20,0.00,0.02,0,0
vda,9.20,0.00,0.04,0,0
vda,22.40,0.00,0.09,0,0
vda,9.40,0.00,0.04,0,0
vda,1.00,0.00,0.00,0,0
vda,3.60,0.00,0.01,0,0
vda,14.00,0.00,0.05,0,0
vda,9.40,0.00,0.04,0,0
vda,2.20,0.00,0.01,0,0
vda,9.00,0.00,0.04,0,0
vda,9.40,0.00,0.04,0,0
vda,23.00,0.00,0.09,0,0
vda,0.20,0.00,0.00,0,0
vda,1.40,0.00,0.01,0,0
vda,18.80,0.00,0.08,0,0
vda,1.40,0.00,0.01,0,0
vda,1.00,0.00,0.00,0,0
vda,13.40,0.00,0.05,0,0
vda,7.20,0.00,0.03,0,0
vda,1.20,0.00,0.00,0,0
vda,16.60,0.00,0.06,0,0
vda,3.60,0.00,0.02,0,0
vda,4.40,0.00,0.02,0,0
vda,33.00,0.00,0.13,0,0
vda,23.00,0.00,0.09,0,0
vda,1.00,0.00,0.00,0,0
vda,28.20,0.00,0.11,0,0
vda,25.40,0.00,0.10,0,0
vda,2.00,0.00,0.01,0,0
vda,1.80,0.00,0.01,0,0
vda,1.80,0.00,0.01,0,0
vda,2.20,0.00,0.01,0,0
vda,2.60,0.01,0.01,0,0
vda,2.80,0.00,0.01,0,0
vda,34.60,0.00,0.14,0,0
vda,19.20,0.00,0.07,0,0
vda,19.00,0.00,0.09,0,0
vda,1.20,0.00,0.00,0,0
vda,38.60,0.00,0.15,0,0
vda,3.00,0.00,0.01,0,0
vda,34.20,0.00,0.13,0,0
vda,12.20,0.00,0.05,0,0
vda,0.00,0.00,0.00,0,0
vda,37.00,0.00,0.14,0,0
vda,2.80,0.00,0.01,0,0
vda,1.00,0.00,0.00,0,0
vda,38.80,0.00,0.15,0,0
vda,17.00,0.00,0.07,0,0
vda,0.60,0.00,0.00,0,0
vda,36.40,0.00,0.14,0,0
vda,11.60,0.00,0.05,0,0
vda,0.00,0.00,0.00,0,0
vda,1.00,0.00,0.00,0,0
vda,2.00,0.00,0.01,0,0
vda,32.80,0.00,0.13,0,0
vda,5.40,0.00,0.02,0,0
vda,2.00,0.00,0.01,0,0
vda,32.60,0.00,0.13,0,0
vda,7.00,0.00,0.03,0,0
vda,3.40,0.00,0.01,0,0
vda,1.40,0.00,0.01,0,0
vda,0.00,0.00,0.00,0,0
vda,2.00,0.00,0.01,0,0
vda,1.00,0.00,0.00,0,0
vda,39.40,0.00,0.15,0,0
vda,18.00,0.00,0.07,0,0
vda,1.00,0.00,0.00,0,0
vda,0.60,0.00,0.00,0,0
vda,16.80,0.00,0.07,0,0
vda,32.20,0.00,0.13,0,0
vda,0.00,0.00,0.00,0,0
vda,2.00,0.00,0.01,0,0
vda,34.60,0.00,0.14,0,0
vda,21.40,0.00,0.08,0,0
vda,2.00,0.00,0.01,0,0
vda,36.80,0.00,0.15,0,0
vda,1.20,0.00,0.00,0,0
vda,3.40,0.00,0.01,0,0
vda,33.80,0.00,0.14,0,0
vda,10.80,0.00,0.04,0,0
vda,2.20,0.00,0.01,0,0
vda,0.80,0.00,0.00,0,0
vda,1.20,0.00,0.00,0,0
vda,2.00,0.00,0.01,0,0
vda,1.00,0.00,0.00,0,0
vda,22.60,0.00,0.09,0,0
vda,36.00,0.00,0.14,0,0
vda,0.00,0.00,0.00,0,0
vda,1.00,0.00,0.00,0,0
vda,40.60,0.00,0.16,0,0
vda,6.20,0.00,0.02,0,0
vda,1.20,0.00,0.00,0,0
vda,2.00,0.00,0.01,0,0
vda,0.60,0.00,0.00,0,0
vda,1.20,0.00,0.00,0,0
vda,3.00,0.00,0.01,0,0
vda,27.40,0.00,0.11,0,0
vda,1.60,0.00,0.01,0,0
vda,36.60,0.00,0.14,0,0
vda,1.00,0.00,0.00,0,0
vda,0.00,0.00,0.00,0,0
vda,2.00,0.00,0.01,0,0
vda,1.00,0.00,0.00,0,0
vda,2.40,0.00,0.01,0,0
vda,14.00,0.00,0.05,0,0
vda,2.40,0.00,0.01,0,0
vda,35.00,0.00,0.14,0,0
vda,2.40,0.00,0.01,0,0
vda,1.00,0.00,0.00,0,0
vda,1.20,0.00,0.00,0,0
vda,3.80,0.00,0.02,0,0
vda,17.80,0.00,0.07,0,0
vda,8.20,0.00,0.03,0,0
vda,2.20,0.00,0.01,0,0
vda,3.00,0.00,0.01,0,0
vda,23.00,0.00,0.09,0,0
vda,2.40,0.00,0.01,0,0
vda,0.80,0.00,0.00,0,0
vda,2.20,0.00,0.01,0,0
vda,19.20,0.00,0.07,0,0
vda,1.00,0.00,0.00,0,0
vda,8.40,0.00,0.03,0,0
vda,2.00,0.00,0.01,0,0
vda,0.00,0.00,0.00,0,0
vda,34.40,0.00,0.13,0,0
vda,6.60,0.00,0.03,0,0
vda,11.80,0.00,0.05,0,0
vda,1.20,0.00,0.00,0,0
vda,2.00,0.00,0.01,0,0
vda,0.60,0.00,0.00,0,0
vda,8.20,0.00,0.03,0,0
vda,2.60,0.00,0.01,0,0
vda,3.40,0.00,0.01,0,0
vda,38.00,0.00,0.15,0,0
vda,18.20,0.00,0.07,0,0
vda,0.00,0.00,0.00,0,0
vda,1.20,0.00,0.00,0,0
vda,2.00,0.00,0.01,0,0
vda,8.40,0.00,0.03,0,0
vda,1.40,0.00,0.01,0,0
vda,3.40,0.00,0.02,0,0
vda,23.60,0.00,0.09,0,0
vda,49.20,0.00,0.19,0,0
vda,2.80,0.00,0.01,0,0
vda,0.60,0.00,0.00,0,0
vda,1.40,0.00,0.01,0,0
vda,2.00,0.00,0.01,0,0
vda,12.20,0.00,0.05,0,0
vda,14.40,0.00,0.06,0,0
vda,2.80,0.00,0.01,0,0
vda,1.00,0.00,0.00,0,0
vda,24.40,0.00,0.10,0,0
vda,4.40,0.00,0.02,0,0
vda,1.40,0.00,0.01,0,0
vda,0.40,0.00,0.00,0,0
vda,13.20,0.00,0.06,0,0
vda,11.20,0.00,0.04,0,0
vda,7.60,0.00,0.03,0,0
vda,2.20,0.00,0.01,0,0
vda,1.00,0.00,0.00,0,0
vda,36.20,0.00,0.14,0,0
vda,3.00,0.00,0.01,0,0
vda,1.80,0.00,0.01,0,0
vda,16.00,0.00,0.06,0,0
vda,1.00,0.00,0.00,0,0
vda,0.20,0.00,0.00,0,0
vda,1.20,0.00,0.00,0,0
vda,9.00,0.00,0.04,0,0
vda,1.00,0.00,0.00,0,0
vda,34.20,0.00,0.13,0,0
vda,6.00,0.00,0.03,0,0
vda,18.60,0.00,0.07,0,0
vda,2.00,0.00,0.01,0,0
vda,0.20,0.00,0.00,0,0
vda,1.20,0.00,0.00,0,0
vda,2.20,0.00,0.01,0,0
vda,8.20,0.00,0.03,0,0
vda,9.80,0.00,0.04,0,0
vda,28.80,0.00,0.11,0,0
vda,19.40,0.00,0.08,0,0
vda,1.60,0.00,0.01,0,0
vda,2.60,0.00,0.01,0,0
vda,0.00,0.00,0.00,0,0
vda,0.60,0.00,0.00,0,0
vda,2.00,0.00,0.01,0,0
vda,9.40,0.00,0.04,0,0
vda,0.60,0.00,0.00,0,0
vda,37.40,0.00,0.15,0,0
vda,1.80,0.00,0.01,0,0
vda,2.40,0.00,0.01,0,0
vda,2.20,0.00,0.01,0,0
vda,1.00,0.00,0.00,0,0
vda,0.00,0.00,0.00,0,0
vda,4.00,0.00,0.02,0,0
vda,18.60,0.00,0.07,0,0
vda,7.80,0.00,0.03,0,0
vda,36.80,0.00,0.14,0,0
vda,1.00,0.00,0.00,0,0
vda,0.80,0.00,0.00,0,0
vda,2.40,0.00,0.01,0,0
vda,3.00,0.00,0.02,0,0
vda,1.20,0.00,0.00,0,0
vda,19.40,0.00,0.08,0,0
vda,1.00,0.00,0.00,0,0
vda,0.00,0.00,0.00,0,0
vda,37.20,0.00,0.15,0,0
vda,8.60,0.00,0.04,0,0
vda,1.20,0.00,0.01,0,0
vda,2.20,0.00,0.01,0,0
vda,12.60,0.00,0.05,0,0
vda,2.00,0.00,0.01,0,0
vda,3.00,0.00,0.01,0,0
vda,1.00,0.00,0.00,0,0
vda,0.00,0.00,0.00,0,0
vda,38.40,0.00,0.15,0,0
vda,2.00,0.00,0.01,0,0
vda,7.20,0.00,0.03,0,0
vda,19.80,0.00,0.08,0,0
vda,1.20,0.00,0.00,0,0
vda,1.40,0.00,0.01,0,0
vda,2.40,0.00,0.01,0,0
vda,9.20,0.00,0.04,0,0
vda,2.20,0.00,0.01,0,0
vda,25.60,0.00,0.10,0,0
vda,12.80,0.00,0.05,0,0
vda,0.20,0.00,0.00,0,0
vda,2.00,0.00,0.01,0,0
vda,2.00,0.00,0.01,0,0
vda,1.80,0.00,0.01,0,0
vda,3.60,0.00,0.01,0,0
vda,1.00,0.00,0.00,0,0
vda,0.00,0.00,0.00,0,0
vda,54.20,0.00,0.21,0,1
vda,1.00,0.00,0.00,0,0
vda,7.80,0.00,0.03,0,0
vda,2.60,0.00,0.01,0,0
vda,2.60,0.00,0.01,0,0
vda,0.80,0.00,0.00,0,0
vda,3.80,0.00,0.01,0,0
vda,18.40,0.00,0.07,0,0
vda,0.00,0.00,0.00,0,0
vda,37.20,0.00,0.15,0,0
vda,1.20,0.00,0.00,0,0
vda,1.00,0.00,0.00,0,0
vda,11.20,0.00,0.05,0,0
vda,1.00,0.00,0.00,0,0
vda,12.20,0.00,0.05,0,0
vda,3.80,0.00,0.01,0,0
vda,1.60,0.00,0.01,0,0
vda,0.00,0.00,0.00,0,0
vda,37.00,0.00,0.14,0,0
vda,2.40,0.00,0.01,0,0
vda,0.40,0.00,0.00,0,0
vda,9.60,0.00,0.04,0,0
vda,18.60,0.00,0.07,0,0
vda,0.80,0.00,0.00,0,0
vda,3.40,0.00,0.01,0,0
vda,1.60,0.00,0.01,0,0
vda,2.20,0.00,0.01,0,0
vda,25.60,0.00,0.10,0,0
vda,0.80,0.00,0.00,0,0
vda,0.20,0.00,0.00,0,0
vda,36.40,0.00,0.15,0,0
vda,2.00,0.00,0.01,0,0
vda,2.40,0.00,0.01,0,0
vda,4.00,0.00,0.02,0,0
vda,1.20,0.00,0.01,0,0
vda,0.20,0.00,0.00,0,0
vda,48.00,0.00,0.19,0,0
vda,6.80,0.00,0.03,0,0
vda,8.00,0.00,0.03,0,0
vda,9.80,0.00,0.04,0,0
vda,2.20,0.00,0.01,0,0
vda,0.60,0.00,0.00,0,0
vda,4.40,0.00,0.02,0,0
vda,1.40,0.00,0.01,0,0
vda,17.40,0.00,0.07,0,0
vda,36.20,0.00,0.14,0,0
vda,4.00,0.00,0.02,0,0
vda,1.20,0.00,0.00,0,0
vda,8.20,0.00,0.03,0,0
vda,2.20,0.00,0.01,0,0
vda,0.60,0.00,0.00,0,0
vda,13.00,0.00,0.05,0,0
vda,3.60,0.00,0.01,0,0
vda,3.60,0.00,0.02,0,0
vda,32.00,0.00,0.12,0,0
vda,13.40,0.00,0.05,0,0
vda,1.00,0.00,0.00,0,0
vda,0.40,0.00,0.00,0,0
vda,2.20,0.00,0.01,0,0
vda,18.40,0.00,0.07,0,0
vda,0.80,0.00,0.00,0,0
vda,2.80,0.00,0.01,0,0
vda,3.20,0.00,0.01,0,0
vda,25.00,0.00,0.10,0,0
vda,2.00,0.00,0.01,0,0
vda,0.00,0.00,0.00,0,0
vda,18.60,0.00,0.07,0,0
vda,2.20,0.00,0.01,0,0
vda,9.40,0.00,0.04,0,0
vda,1.20,0.00,0.00,0,0
vda,2.20,0.00,0.01,0,0
vda,2.40,0.00,0.01,0,0
vda,27.40,0.00,0.11,0,0
vda,22.20,0.00,0.09,0,0
vda,0.60,0.00,0.00,0,0
vda,4.00,0.00,0.02,0,0
vda,2.40,0.00,0.01,0,0
vda,7.20,0.00,0.03,0,0
vda,1.00,0.00,0.00,0,0
vda,8.60,0.00,0.03,0,0
vda,29.80,0.00,0.12,0,0
vda,19.00,0.00,0.07,0,0
vda,2.60,0.00,0.01,0,0
vda,1.40,0.00,0.01,0,0
vda,1.00,0.00,0.00,0,0
vda,2.00,0.00,0.01,0,0
vda,8.20,0.00,0.03,0,0
vda,0.00,0.00,0.00,0,0
vda,16.20,0.00,0.06,0,0
vda,24.20,0.00,0.09,0,0
vda,0.00,0.00,0.00,0,0
vda,2.60,0.00,0.01,0,0
vda,2.00,0.00,0.01,0,0
vda,0.00,0.00,0.00,0,0
vda,1.40,0.00,0.01,0,0
vda,27.20,0.00,0.11,0,0
vda,0.00,0.00,0.00,0,0
vda,1.00,0.00,0.00,0,0
vda,38.00,0.00,0.15,0,0
vda,2.40,0.00,0.01,0,0
vda,0.60,0.00,0.00,0,0
vda,2.20,0.00,0.01,0,0
vda,0.40,0.00,0.00,0,0
vda,19.00,0.00,0.07,0,0
vda,9.00,0.00,0.04,0,0
vda,0.00,0.00,0.00,0,0
vda,5.80,0.00,0.03,0,0
vda,35.80,0.00,0.14,0,0
vda,0.00,0.00,0.00,0,0
vda,1.60,0.00,0.01,0,0
vda,13.60,0.00,0.05,0,0
vda,0.00,0.00,0.00,0,0
vda,2.40,0.00,0.01,0,0
vda,9.80,0.00,0.04,0,0
vda,0.80,0.00,0.00,0,0
vda,23.00,0.00,0.09,0,0
vda,17.20,0.00,0.07,0,0
vda,0.00,0.00,0.00,0,0
vda,19.80,0.00,0.08,0,0
vda,1.20,0.00,0.00,0,0
vda,0.00,0.00,0.00,0,0
vda,10.60,0.00,0.05,0,0
vda,2.40,0.00,0.01,0,0
vda,3.60,0.00,0.01,0,0
vda,26.20,0.00,0.10,0,0
vda,18.40,0.00,0.07,0,0
vda,0.20,0.00,0.00,0,0
vda,2.20,0.00,0.01,0,0
vda,9.80,0.00,0.04,0,0
vda,0.20,0.00,0.00,0,0
vda,2.80,0.00,0.01,0,0
vda,1.80,0.00,0.01,0,0
vda,0.00,0.00,0.00,0,0
vda,49.80,0.00,0.19,0,0
vda,1.40,0.00,0.01,0,0
vda,1.60,0.00,0.01,0,0
vda,2.40,0.00,0.01,0,0
vda,1.00,0.00,0.00,0,0
vda,1.20,0.00,0.00,0,0
vda,9.20,0.00,0.04,0,0
vda,18.40,0.00,0.07,0,0
vda,0.60,0.00,0.00,0,0
vda,39.40,0.00,0.16,0,0
vda,1.40,0.00,0.01,0,0
vda,0.40,0.00,0.00,0,0
vda,2.00,0.00,0.01,0,0
vda,1.00,0.00,0.00,0,0
vda,0.60,0.00,0.00,0,0
vda,13.60,0.00,0.05,0,0
vda,9.60,0.00,0.04,0,0
vda,1.40,0.00,0.01,0,0
vda,49.60,0.00,0.19,0,0
vda,2.40,0.00,0.01,0,0
vda,1.40,0.00,0.01,0,0
vda,2.00,0.00,0.01,0,0
vda,23.60,0.00,0.09,0,0
vda,2.60,0.00,0.01,0,0
vda,13.60,0.00,0.06,0,0
vda,2.00,0.00,0.01,0,0
vda,1.20,0.00,0.00,0,0
vda,25.40,0.00,0.10,0,0
vda,2.80,0.00,0.01,0,0
vda,1.20,0.00,0.00,0,0
vda,21.00,0.00,0.08,0,0
vda,1.00,0.00,0.00,0,0
vda,0.20,0.00,0.00,0,0
vda,2.00,0.00,0.01,0,0
vda,8.60,0.00,0.04,0,0
vda,1.00,0.00,0.00,0,0
vda,36.80,0.00,0.14,0,0
vda,13.60,0.00,0.06,0,0
vda,2.20,0.00,0.01,0,0
vda,2.60,0.00,0.01,0,0
vda,0.40,0.00,0.00,0,0
vda,0.80,0.00,0.00,0,0
vda,2.00,0.00,0.01,0,0
vda,1.00,0.00,0.00,0,0
vda,18.60,0.00,0.07,0,0
vda,43.00,0.00,0.17,0,0
vda,2.60,0.00,0.01,0,0
vda,3.00,0.00,0.01,0,0
vda,2.20,0.00,0.01,0,0
vda,1.00,0.00,0.00,0,0
vda,9.00,0.00,0.04,0,0
vda,3.40,0.00,0.01,0,0
vda,19.00,0.00,0.07,0,0
vda,0.40,0.00,0.00,0,0
vda,36.40,0.00,0.14,0,0
vda,3.00,0.00,0.01,0,0
vda,1.40,0.00,0.01,0,0
vda,2.40,0.00,0.01,0,0
vda,3.40,0.00,0.02,0,0
vda,11.60,0.00,0.05,0,0
vda,2.20,0.00,0.01,0,0
vda,1.00,0.00,0.00,0,0
vda,8.00,0.00,0.03,0,0
vda,25.40,0.00,0.10,0,0
vda,1.00,0.00,0.00,0,0
vda,1.80,0.00,0.01,0,0
vda,2.20,0.00,0.01,0,0
vda,20.00,0.00,0.08,0,0
vda,1.20,0.00,0.00,0,0
vda,2.00,0.00,0.01,0,0
vda,0.80,0.00,0.00,0,0
vda,0.60,0.00,0.00,0,0
vda,38.20,0.00,0.15,0,0
vda,8.20,0.00,0.03,0,0
vda,12.40,0.00,0.05,0,0
vda,2.00,0.00,0.01,0,0
vda,2.40,0.00,0.01,0,0
vda,2.20,0.00,0.01,0,0
vda,2.00,0.00,0.01,0,0
vda,1.20,0.00,0.01,0,0
vda,0.60,0.00,0.00,0,0
vda,37.20,0.00,0.15,0,0
vda,26.40,0.00,0.10,0,0
vda,1.20,0.00,0.00,0,0
vda,2.20,0.00,0.01,0,0
vda,1.00,0.00,0.00,0,0
vda,0.80,0.00,0.00,0,0
vda,5.20,0.00,0.02,0,0
vda,1.60,0.00,0.01,0,0
vda,18.80,0.00,0.07,0,0
vda,36.80,0.00,0.14,0,0
vda,1.00,0.00,0.00,0,0
vda,0.20,0.00,0.00,0,0
vda,9.20,0.00,0.04,0,0
vda,2.40,0.00,0.01,0,0
vda,1.20,0.00,0.00,0,0
vda,2.20,0.00,0.01,0,0
vda,14.00,0.00,0.05,0,0
vda,24.60,0.00,0.10,0,0
vda,2.00,0.00,0.01,0,0
vda,1.00,0.00,0.00,0,0
vda,0.20,0.00,0.00,0,0
vda,4.40,0.00,0.02,0,0
vda,8.60,0.00,0.04,0,0
vda,17.40,0.00,0.07,0,0
vda,2.00,0.00,0.01,0,0
vda,1.00,0.00,0.00,0,0
vda,36.93,0.00,0.14,0,0
vda,0.60,0.00,0.00,0,0
vda,3.40,0.00,0.02,0,0
vda,2.60,0.00,0.01,0,0
vda,17.40,0.00,0.07,0,0
vda,1.00,0.00,0.00,0,0
vda,7.20,0.00,0.03,0,0
vda,2.60,0.00,0.01,0,0
vda,2.20,0.00,0.01,0,0
vda,34.80,0.00,0.14,0,0
vda,7.00,0.00,0.03,0,0
vda,0.20,0.00,0.00,0,0
vda,12.20,0.00,0.05,0,0
vda,2.40,0.00,0.01,0,0
vda,8.40,0.00,0.03,0,0
vda,0.20,0.00,0.00,0,0
vda,2.60,0.00,0.01,0,0
vda,2.40,0.00,0.01,0,0
vda,16.00,0.00,0.06,0,0
vda,27.60,0.00,0.11,0,0
vda,14.00,0.00,0.05,0,0
vda,2.40,0.00,0.01,0,0
vda,0.00,0.00,0.00,0,0
vda,1.00,0.00,0.00,0,0
vda,0.20,0.00,0.00,0,0
vda,2.00,0.00,0.01,0,0
vda,2.80,0.00,0.01,0,0
vda,7.20,0.00,0.03,0,0
vda,36.60,0.00,0.14,0,0
vda,1.80,0.00,0.01,0,0
vda,2.80,0.00,0.01,0,0
vda,2.40,0.00,0.01,0,0
vda,1.60,0.00,0.01,0,0
vda,4.00,0.00,0.02,0,0
vda,0.00,0.00,0.00,0,0
vda,35.80,0.00,0.15,0,0
vda,48.60,0.00,0.19,0,0
vda,1.00,0.00,0.00,0,0
vda,1.80,0.00,0.01,0,0
vda,2.80,0.00,0.01,0,0
vda,3.00,0.00,0.02,0,0
vda,0.00,0.00,0.00,0,0
vda,0.80,0.00,0.00,0,0
vda,19.40,0.00,0.08,0,0
vda,1.60,0.00,0.01,0,0
vda,34.60,0.00,0.14,0,0
vda,9.20,0.00,0.04,0,0
vda,2.20,0.00,0.01,0,0
vda,0.00,0.00,0.00,0,0
vda,2.00,0.00,0.01,0,0
vda,14.60,0.00,0.06,0,0
vda,2.80,0.00,0.01,0,0
vda,23.40,0.00,0.09,0,0
vda,1.00,0.00,0.00,0,0
vda,1.20,0.00,0.01,0,0
vda,2.00,0.00,0.01,0,0
vda,1.60,0.00,0.01,0,0
vda,7.00,0.00,0.03,0,0
vda,19.60,0.00,0.08,0,0
vda,3.40,0.00,0.01,0,0
vda,1.20,0.00,0.00,0,0
vda,37.80,0.00,0.15,0,0
vda,0.40,0.00,0.00,0,0
vda,1.20,0.00,0.00,0,0
vda,2.00,0.00,0.01,0,0
vda,24.60,0.00,0.10,0,0
vda,1.20,0.00,0.00,0,0
vda,2.00,0.00,0.01,0,0
vda,1.00,0.00,0.01,0,0
vda,6.00,0.00,0.02,0,0
vda,35.40,0.00,0.14,0,0
vda,0.00,0.00,0.00,0,0
vda,1.00,0.00,0.00,0,0
vda,13.80,0.00,0.05,0,0
vda,1.00,0.00,0.00,0,0
vda,2.40,0.00,0.01,0,0
vda,9.20,0.00,0.04,0,0
vda,1.00,0.00,0.00,0,0
vda,1.00,0.00,0.00,0,0
vda,36.40,0.00,0.14,0,0
vda,18.60,0.00,0.07,0,0
vda,2.60,0.00,0.01,0,0
vda,4.00,0.00,0.02,0,0
vda,0.20,0.00,0.00,0,0
vda,1.20,0.00,0.00,0,0
vda,2.00,0.00,0.01,0,0
vda,1.20,0.00,0.00,0,0
vda,8.80,0.00,0.04,0,0
vda,37.00,0.00,0.15,0,0
vda,0.60,0.00,0.00,0,0
vda,4.60,0.00,0.02,0,0
vda,2.40,0.00,0.01,0,0
vda,0.40,0.00,0.00,0,0
vda,1.20,0.00,0.00,0,0
vda,2.20,0.00,0.01,0,0
vda,0.80,0.00,0.00,0,0
vda,25.40,0.00,0.10,0,0
vda,36.60,0.00,0.14,0,0
vda,4.80,0.00,0.02,0,0
vda,2.40,0.00,0.01,0,0
vda,0.00,0.00,0.00,0,0
vda,0.80,0.00,0.00,0,0
vda,1.00,0.00,0.00,0,0
vda,19.40,0.00,0.08,0,0
vda,1.00,0.00,0.00,0,0
vda,10.20,0.00,0.05,0,0
vda,36.60,0.00,0.14,0,0
vda,2.40,0.00,0.01,0,0
vda,1.20,0.00,0.00,0,0
vda,2.00,0.00,0.01,0,0
vda,12.00,0.00,0.05,0,0
vda,1.20,0.00,0.00,0,0
vda,3.60,0.00,0.02,0,0
vda,7.20,0.00,0.03,0,0
vda,1.40,0.00,0.00,0,0
vda,36.80,0.00,0.14,0,0
vda,3.60,0.00,0.01,0,0
vda,19.80,0.00,0.08,0,0
vda,0.80,0.00,0.00,0,0
vda,0.00,0.00,0.00,0,0
vda,3.20,0.00,0.02,0,0
vda,2.00,0.00,0.01,0,0
vda,8.40,0.00,0.03,0,0
vda,1.20,0.00,0.00,0,0
vda,36.40,0.00,0.14,0,0
vda,2.60,0.00,0.01,0,0
vda,1.40,0.00,0.01,0,0
vda,3.00,0.00,0.01,0,0
vda,0.40,0.00,0.00,0,0
vda,10.20,0.00,0.04,0,0
vda,1.80,0.00,0.01,0,0
vda,18.20,0.00,0.07,0,0
vda,0.20,0.00,0.00,0,0
vda,36.40,0.00,0.14,0,0
vda,4.80,0.00,0.02,0,0
vda,1.80,0.00,0.01,0,0
vda,2.00,0.00,0.01,0,0
vda,0.00,0.00,0.00,0,0
vda,1.00,0.00,0.00,0,0
vda,19.40,0.00,0.08,0,0
vda,1.20,0.00,0.00,0,0
vda,9.80,0.00,0.04,0,0
vda,36.40,0.00,0.14,0,0
vda,0.80,0.00,0.00,0,0
vda,1.00,0.00,0.00,0,0
vda,3.40,0.00,0.01,0,0
vda,13.40,0.00,0.05,0,0
vda,1.20,0.00,0.00,0,0
vda,2.80,0.00,0.01,0,0
vda,1.80,0.00,0.01,0,0
vda,0.60,0.00,0.00,0,0
vda,60.40,0.00,0.24,0,1
vda,1.20,0.00,0.00,0,0
vda,1.20,0.00,0.00,0,0
vda,26.60,0.00,0.10,0,0
vda,4.60,0.00,0.02,0,0
vda,1.60,0.00,0.01,0,0
vda,2.20,0.00,0.01,0,0
vda,0.40,0.00,0.00,0,0
vda,0.80,0.00,0.00,0,0
vda,32.40,0.00,0.13,0,0
vda,18.60,0.00,0.07,0,0
vda,0.00,0.00,0.00,0,0
vda,2.20,0.00,0.01,0,0
vda,2.40,0.00,0.01,0,0
vda,2.60,0.00,0.01,0,0
vda,2.40,0.00,0.01,0,0
vda,0.00,0.00,0.00,0,0
vda,12.80,0.00,0.05,0,0
vda,36.40,0.00,0.14,0,0
vda,2.20,0.00,0.01,0,0
vda,8.60,0.00,0.03,0,0
vda,2.00,0.00,0.01,0,0
vda,1.00,0.00,0.00,0,0
vda,2.40,0.00,0.01,0,0
vda,2.20,0.00,0.01,0,0
vda,17.40,0.00,0.07,0,0
vda,2.60,0.00,0.01,0,0
vda,37.00,0.00,0.14,0,0
vda,1.20,0.00,0.00,0,0
vda,8.40,0.00,0.03,0,0
vda,2.20,0.00,0.01,0,0
vda,0.60,0.00,0.00,0,0
vda,13.00,0.00,0.05,0,0
vda,3.80,0.00,0.02,0,0
vda,0.40,0.00,0.00,0,0
vda,2.40,0.00,0.01,0,0
vda,36.80,0.00,0.14,0,0
vda,1.00,0.00,0.00,0,0
vda,0.40,0.00,0.00,0,0
vda,2.20,0.00,0.01,0,0
vda,18.00,0.00,0.07,0,0
vda,9.20,0.00,0.04,0,0
vda,2.00,0.00,0.01,0,0
vda,2.20,0.00,0.01,0,0
vda,26.00,0.00,0.10,0,0
vda,1.40,0.00,0.01,0,0
vda,1.40,0.00,0.01,0,0
vda,17.40,0.00,0.07,0,0
vda,3.60,0.00,0.02,0,0
vda,7.80,0.00,0.03,0,0
vda,1.60,0.00,0.01,0,0
vda,2.20,0.00,0.01,0,0
vda,0.60,0.00,0.00,0,0
vda,35.80,0.00,0.14,0,0
vda,2.00,0.00,0.01,0,0
vda,14.40,0.00,0.06,0,0
vda,4.00,0.00,0.02,0,0
vda,2.20,0.00,0.01,0,0
vda,0.00,0.00,0.00,0,0
vda,1.00,0.00,0.00,0,0
vda,43.60,0.00,0.17,0,0
vda,1.20,0.00,0.00,0,0
vda,18.00,0.00,0.07,0,0
vda,3.20,0.00,0.02,0,0
vda,0.00,0.00,0.00,0,0
vda,2.20,0.00,0.01,0,0
vda,2.40,0.00,0.01,0,0
vda,0.00,0.00,0.00,0,0
vda,1.40,0.00,0.01,0,0
vda,25.20,0.00,0.10,0,0
vda,25.20,0.00,0.10,0,0
vda,2.40,0.00,0.01,0,0
vda,2.00,0.00,0.01,0,0
vda,0.60,0.00,0.00,0,0
vda,4.40,0.00,0.02,0,0
vda,1.60,0.00,0.01,0,0
vda,0.20,0.00,0.00,0,0
vda,29.80,0.00,0.12,0,0
vda,20.60,0.00,0.09,0,0
vda,0.60,0.00,0.00,0,0
vda,9.00,0.00,0.04,0,0
vda,2.20,0.00,0.01,0,0
vda,0.00,0.00,0.00,0,0
vda,2.80,0.00,0.01,0,0
vda,3.00,0.00,0.01,0,0
vda,17.40,0.00,0.07,0,0
vda,37.40,0.00,0.15,0,0
vda,2.20,0.00,0.01,0,0
vda,0.00,0.00,0.00,0,0
vda,8.40,0.00,0.03,0,0
vda,2.40,0.00,0.01,0,0
vda,1.20,0.00,0.00,0,0
vda,0.00,0.00,0.00,0,0
vda,14.80,0.00,0.06,0,0
vda,2.40,0.00,0.01,0,0
vda,35.80,0.00,0.14,0,0
vda,2.00,0.00,0.01,0,0
vda,0.20,0.00,0.00,0,0
vda,1.00,0.00,0.00,0,0
vda,9.60,0.00,0.04,0,0
vda,19.40,0.00,0.08,0,0
vda,0.20,0.00,0.00,0,0
vda,1.80,0.00,0.01,0,0
vda,1.00,0.00,0.00,0,0
vda,9.80,0.00,0.04,0,0
vda,25.80,0.00,0.10,0,0
vda,1.20,0.00,0.00,0,0
vda,3.80,0.00,0.02,0,0
vda,17.40,0.00,0.07,0,0
vda,1.00,0.00,0.00,0,0
vda,8.40,0.00,0.03,0,0
vda,2.20,0.00,0.01,0,0
vda,0.20,0.00,0.00,0,0
vda,9.60,0.00,0.04,0,0
vda,29.40,0.00,0.12,0,0
vda,0.00,0.00,0.00,0,0
vda,14.80,0.00,0.06,0,0
vda,1.80,0.00,0.01,0,0
vda,2.60,0.00,0.01,0,0
vda,1.20,0.00,0.00,0,0
vda,2.00,0.00,0.01,0,0
vda,11.00,0.00,0.05,0,0
vda,1.20,0.00,0.00,0,0
vda,47.80,0.00,0.19,0,0
vda,26.60,0.00,0.11,0,0
vda,3.40,0.00,0.01,0,0
vda,2.20,0.00,0.01,0,0
vda,1.20,0.00,0.00,0,0
vda,1.00,0.00,0.00,0,0
vda,2.40,0.00,0.01,0,0
vda,3.20,0.00,0.01,0,0
vda,37.60,0.00,0.16,0,0
vda,36.60,0.00,0.14,0,0
vda,1.00,0.00,0.00,0,0
vda,1.00,0.00,0.00,0,0
vda,3.60,0.00,0.01,0,0
vda,2.20,0.00,0.01,0,0
vda,0.20,0.00,0.00,0,0
vda,14.60,0.00,0.06,0,0
vda,1.60,0.00,0.01,0,0
vda,1.60,0.00,0.01,0,0
vda,24.60,0.00,0.10,0,0
vda,8.60,0.00,0.03,0,0
vda,1.40,0.00,0.00,0,0
vda,2.00,0.00,0.01,0,0
vda,3.60,0.00,0.02,0,0
vda,18.76,0.00,0.07,0,0
vda,1.80,0.00,0.01,0,0
vda,1.60,0.00,0.01,0,0
vda,1.20,0.00,0.00,0,0
vda,36.40,0.00,0.14,0,0
vda,7.20,0.00,0.03,0,0
vda,2.20,0.00,0.01,0,0
vda,15.80,0.00,0.06,0,0
vda,2.40,0.00,0.01,0,0
vda,0.20,0.00,0.00,0,0
vda,1.80,0.00,0.01,0,0
vda,1.00,0.00,0.00,0,0
vda,1.20,0.00,0.00,0,0
vda,37.80,0.00,0.15,0,0
vda,8.80,0.00,0.04,0,0
vda,18.60,0.00,0.07,0,0
vda,4.40,0.00,0.02,0,0
vda,1.40,0.00,0.01,0,0
vda,0.00,0.00,0.00,0,0
vda,10.00,0.00,0.04,0,0
vda,3.60,0.00,0.02,0,0
vda,2.40,0.00,0.01,0,0
vda,53.60,0.00,0.21,0,1
vda,0.00,0.00,0.00,0,0
vda,2.00,0.00,0.01,0,0
vda,2.80,0.00,0.01,0,0
vda,1.40,0.00,0.01,0,0
vda,3.00,0.00,0.01,0,0
vda,2.20,0.00,0.01,0,0
vda,0.00,0.00,0.00,0,0
vda,12.20,0.00,0.05,0,0
vda,32.00,0.00,0.13,0,0
vda,1.20,0.00,0.00,0,0
vda,1.20,0.00,0.00,0,0
vda,1.60,0.00,0.01,0,0
vda,3.40,0.00,0.01,0,0
vda,1.40,0.00,0.01,0,0
vda,19.00,0.00,0.07,0,0
vda,0.80,0.00,0.00,0,0
vda,1.20,0.00,0.00,0,0
vda,35.60,0.00,0.14,0,0
vda,10.40,0.00,0.04,0,0
vda,1.20,0.00,0.00,0,0
vda,2.00,0.00,0.01,0,0
vda,17.60,0.00,0.07,0,0
vda,2.60,0.00,0.01,0,0
vda,2.60,0.00,0.01,0,0
vda,0.00,0.00,0.00,0,0
vda,2.20,0.00,0.01,0,0
vda,35.80,0.00,0.14,0,0
vda,2.80,0.00,0.01,0,0
vda,8.40,0.00,0.03,0,0
vda,12.20,0.00,0.05,0,0
vda,1.80,0.00,0.01,0,0
vda,1.00,0.00,0.00,0,0
vda,2.00,0.00,0.01,0,0
vda,4.00,0.00,0.01,0,0
vda,1.60,0.00,0.01,0,0
vda,37.00,0.00,0.14,0,0
vda,17.00,0.00,0.07,0,0
vda,1.00,0.00,0.00,0,0
vda,2.00,0.00,0.01,0,0
vda,8.80,0.00,0.04,0,0
vda,1.60,0.00,0.01,0,0
vda,1.00,0.00,0.00,0,0
vda,3.00,0.00,0.01,0,0
vda,1.40,0.00,0.01,0,0
vda,35.80,0.00,0.14,0,0
vda,0.60,0.00,0.00,0,0
vda,2.60,0.00,0.01,0,0
vda,1.20,0.00,0.00,0,0
vda,9.00,0.00,0.04,0,0
vda,1.00,0.00,0.00,0,0
vda,1.00,0.00,0.00,0,0
vda,21.60,0.00,0.08,0,0
vda,1.20,0.00,0.00,0,0
vda,37.60,0.00,0.15,0,0
vda,0.40,0.00,0.00,0,0
vda,1.60,0.00,0.01,0,0
vda,1.00,0.00,0.00,0,0
vda,9.20,0.00,0.04,0,0
vda,1.20,0.00,0.00,0,0
vda,20.40,0.00,0.08,0,0
vda,1.60,0.00,0.01,0,0
vda,10.60,0.00,0.04,0,0
vda,34.40,0.00,0.13,0,0
vda,2.20,0.00,0.01,0,0
vda,1.20,0.00,0.00,0,0
vda,1.00,0.00,0.00,0,0
vda,13.00,0.00,0.05,0,0
vda,4.80,0.00,0.02,0,0
vda,2.20,0.00,0.01,0,0
vda,0.80,0.00,0.00,0,0
vda,2.00,0.00,0.01,0,0
vda,48.00,0.00,0.19,0,0
vda,0.00,0.00,0.00,0,0
vda,12.40,0.00,0.05,0,0
vda,25.20,0.00,0.10,0,0
vda,2.80,0.00,0.01,0,0
vda,1.80,0.00,0.01,0,0
vda,2.80,0.00,0.01,0,0
vda,1.40,0.00,0.01,0,0
vda,0.00,0.00,0.00,0,0
vda,24.60,0.00,0.10,0,0
vda,19.60,0.00,0.08,0,0
vda,1.60,0.00,0.01,0,0
vda,8.80,0.00,0.04,0,0
vda,2.00,0.00,0.01,0,0
vda,1.00,0.00,0.00,0,0
vda,3.60,0.00,0.01,0,0
vda,1.60,0.00,0.01,0,0
vda,14.40,0.00,0.06,0,0
vda,36.40,0.00,0.14,0,0
vda,1.00,0.00,0.00,0,0
vda,7.40,0.00,0.03,0,0
vda,1.20,0.00,0.00,0,0
vda,2.20,0.00,0.01,0,0
vda,1.20,0.00,0.00,0,0
vda,5.00,0.00,0.02,0,0
vda,18.60,0.00,0.07,0,0
vda,1.00,0.00,0.00,0,0
vda,34.20,0.00,0.13,0,0
vda,2.20,0.00,0.01,0,0
vda,1.20,0.00,0.00,0,0
vda,9.20,0.00,0.04,0,0
vda,1.00,0.00,0.01,0,0
vda,12.40,0.00,0.05,0,0
vda,3.20,0.00,0.01,0,0
vda,1.80,0.00,0.01,0,0
vda,0.00,0.00,0.00,0,0
vda,11.20,0.00,0.04,0,0
vda,26.20,0.00,0.10,0,0
vda,1.00,0.00,0.00,0,0
vda,2.60,0.00,0.01,0,0
vda,9.40,0.00,0.04,0,0
vda,18.60,0.00,0.07,0,0
vda,4.40,0.00,0.02,0,0
vda,1.40,0.00,0.01,0,0
vda,0.00,0.00,0.00,0,0
vda,1.20,0.00,0.00,0,0
vda,26.60,0.00,0.11,0,0
vda,1.40,0.00,0.01,0,0
vda,25.60,0.00,0.10,0,0
vda,2.00,0.00,0.01,0,0
vda,1.00,0.00,0.00,0,0
vda,1.00,0.00,0.00,0,0
vda,3.60,0.00,0.01,0,0
vda,2.60,0.00,0.01,0,0
vda,0.20,0.00,0.00,0,0
vda,36.20,0.00,0.14,0,0
vda,21.20,0.00,0.08,0,0
vda,2.00,0.00,0.01,0,0
vda,0.00,0.00,0.00,0,0
vda,1.40,0.00,0.01,0,0
vda,2.80,0.00,0.01,0,0
vda,4.40,0.00,0.02,0,0
vda,1.00,0.00,0.00,0,0
vda,17.00,0.00,0.07,0,0
vda,36.20,0.00,0.14,0,0
vda,1.40,0.00,0.01,0,0
vda,0.80,0.00,0.00,0,0
vda,3.40,0.00,0.02,0,0
vda,8.40,0.00,0.03,0,0
vda,0.80,0.00,0.00,0,0
vda,3.80,0.00,0.01,0,0
vda,18.60,0.00,0.07,0,0
vda,36.20,0.00,0.14,0,0
vda,0.00,0.00,0.00,0,0
vda,2.60,0.00,0.01,0,0
vda,1.20,0.00,0.00,0,0
vda,2.00,0.00,0.01,0,0
vda,8.60,0.00,0.03,0,0
vda,12.20,0.00,0.05,0,0
vda,1.80,0.00,0.01,0,0
vda,2.40,0.00,0.01,0,0
vda,26.40,0.00,0.10,0,0
vda,0.00,0.00,0.00,0,0
vda,1.40,0.00,0.01,0,0
vda,1.40,0.00,0.00,0,0
vda,1.80,0.00,0.01,0,0
vda,25.00,0.00,0.10,0,0
vda,1.20,0.00,0.00,0,0
vda,3.40,0.00,0.02,0,0
vda,3.00,0.00,0.01,0,0
vda,36.73,0.00,0.14,0,0
vda,0.00,0.00,0.00,0,0
vda,1.00,0.00,0.00,0,0
vda,12.00,0.00,0.05,0,0
vda,1.80,0.00,0.01,0,0
vda,10.00,0.00,0.04,0,0
vda,24.00,0.00,0.09,0,0
vda,1.80,0.00,0.01,0,0
vda,1.00,0.00,0.00,0,0
vda,1.00,0.00,0.00,0,0
vda,3.20,0.00,0.01,0,0
vda,18.20,0.00,0.07,0,0
vda,4.40,0.00,0.02,0,0
vda,34.60,0.00,0.13,0,0
vda,1.00,0.00,0.00,0,0
vda,1.00,0.00,0.00,0,0
vda,9.20,0.00,0.04,0,0
vda,1.00,0.00,0.00,0,0
vda,18.20,0.00,0.07,0,0
vda,5.40,0.00,0.02,0,0
vda,1.20,0.00,0.00,0,0
vda,36.40,0.00,0.14,0,0
vda,0.00,0.00,0.00,0,0
vda,1.00,0.00,0.00,0,0
vda,1.40,0.00,0.01,0,0
vda,2.00,0.00,0.01,0,0
vda,20.40,0.00,0.09,0,0
vda,1.20,0.00,0.00,0,0
vda,27.80,0.00,0.11,0,0
vda,1.00,0.00,0.00,0,0
vda,2.60,0.00,0.01,0,0
vda,13.00,0.00,0.05,0,0
vda,0.00,0.00,0.00,0,0
vda,25.60,0.00,0.10,0,0
vda,2.40,0.00,0.01,0,0
vda,1.80,0.00,0.01,0,0
vda,51.40,0.00,0.20,0,1
vda,1.40,0.00,0.01,0,0
vda,0.00,0.00,0.00,0,0
vda,0.60,0.00,0.00,0,0
vda,4.60,0.00,0.02,0,0
vda,18.40,0.00,0.07,0,0
vda,38.20,0.00,0.15,0,0
vda,2.40,0.00,0.01,0,0
vda,1.00,0.00,0.00,0,0
vda,5.40,0.00,0.02,0,0
vda,3.40,0.00,0.01,0,0
vda,3.20,0.00,0.01,0,0
vda,11.40,0.00,0.04,0,0
vda,2.20,0.00,0.01,0,0
vda,1.00,0.00,0.00,0,0
vda,20.20,0.00,0.08,0,0
vda,9.40,0.00,0.04,0,0
vda,1.00,0.00,0.00,0,0
vda,6.80,0.00,0.03,0,0
vda,2.20,0.00,0.01,0,0
vda,19.20,0.00,0.07,0,0
vda,2.20,0.00,0.01,0,0
vda,1.00,0.00,0.00,0,0
vda,0.00,0.00,0.00,0,0
vda,31.20,0.00,0.12,0,0
vda,3.60,0.00,0.02,0,0
vda,8.20,0.00,0.03,0,0
vda,3.80,0.00,0.01,0,0
vda,13.00,0.00,0.05,0,0
vda,1.00,0.00,0.00,0,0
vda,1.40,0.00,0.00,0,0
vda,3.60,0.00,0.01,0,0
vda,3.00,0.00,0.02,0,0
vda,32.40,0.00,0.13,0,0
vda,0.60,0.00,0.00,0,0
vda,17.80,0.00,0.07,0,0
vda,5.40,0.00,0.02,0,0
vda,9.40,0.00,0.04,0,0
vda,1.20,0.00,0.00,0,0
vda,0.80,0.00,0.00,0,0
vda,3.40,0.00,0.02,0,0
vda,2.40,0.00,0.01,0,0
vda,53.00,0.00,0.21,0,1
vda,2.00,0.00,0.01,0,0
vda,1.00,0.00,0.00,0,0
vda,0.00,0.00,0.00,0,0
vda,2.20,0.00,0.01,0,0
vda,9.40,0.00,0.04,0,0
vda,11.00,0.00,0.04,0,0
vda,2.20,0.00,0.01,0,0
vda,12.00,0.00,0.05,0,0
vda,15.20,0.00,0.06,0,0
vda,2.20,0.00,0.01,0,0
vda,1.20,0.00,0.00,0,0
vda,0.60,0.00,0.00,0,0
vda,3.39,0.00,0.02,0,0
vda,1.00,0.00,0.00,0,0
vda,39.60,0.00,0.16,0,0
vda,2.20,0.00,0.01,0,0
vda,1.00,0.00,0.00,0,0
vda,24.40,0.00,0.09,0,0
vda,2.60,0.00,0.01,0,0
vda,3.80,0.00,0.02,0,0
vda,0.00,0.00,0.00,0,0
vda,13.00,0.00,0.05,0,0
vda,1.00,0.00,0.00,0,0
vda,23.40,0.00,0.09,0,0
vda,2.60,0.00,0.01,0,0
vda,1.00,0.00,0.00,0,0
vda,20.00,0.00,0.08,0,0
vda,2.80,0.00,0.01,0,0
vda,19.20,0.00,0.08,0,0
vda,2.60,0.00,0.01,0,0
vda,1.20,0.00,0.00,0,0
vda,1.20,0.00,0.00,0,0
vda,10.00,0.00,0.04,0,0
vda,2.00,0.00,0.01,0,0
vda,9.00,0.00,0.04,0,0
vda,37.60,0.00,0.15,0,0
vda,2.20,0.00,0.01,0,0
vda,1.00,0.00,0.00,0,0
vda,1.00,0.00,0.00,0,0
vda,3.40,0.00,0.01,0,0
vda,1.40,0.00,0.01,0,0
vda,16.20,0.00,0.06,0,0
vda,2.20,0.00,0.01,0,0
vda,11.60,0.00,0.05,0,0
vda,27.60,0.00,0.11,0,0
vda,2.60,0.00,0.01,0,0
vda,1.60,0.00,0.01,0,0
vda,2.40,0.00,0.01,0,0
vda,4.80,0.00,0.02,0,0
vda,1.20,0.00,0.00,0,0
vda,31.80,0.00,0.12,0,0
vda,2.00,0.00,0.01,0,0
vda,1.20,0.00,0.00,0,0
vda,20.60,0.00,0.08,0,0
vda,2.40,0.00,0.01,0,0
vda,1.20,0.00,0.00,0,0
vda,0.40,0.00,0.00,0,0
vda,3.60,0.00,0.01,0,0
vda,17.00,0.00,0.07,0,0
vda,16.20,0.00,0.06,0,0
vda,2.40,0.00,0.01,0,0
vda,1.20,0.00,0.00,0,0
vda,19.40,0.00,0.08,0,0
vda,10.60,0.00,0.05,0,0
vda,3.20,0.00,0.01,0,0
vda,9.60,0.00,0.04,0,0
vda,2.60,0.00,0.01,0,0
vda,1.20,0.00,0.00,0,0
vda,23.40,0.00,0.09,0,0
vda,0.00,0.00,0.00,0,0
vda,1.00,0.00,0.00,0,0
vda,31.40,0.00,0.12,0,0
vda,2.40,0.00,0.01,0,0
vda,21.80,0.00,0.09,0,0
vda,12.20,0.00,0.05,0,0
vda,2.80,0.00,0.01,0,0
vda,0.00,0.00,0.00,0,0
vda,22.40,0.00,0.09,0,0
vda,3.20,0.00,0.02,0,0
vda,2.60,0.00,0.01,0,0
vda,14.20,0.00,0.06,0,0
vda,15.20,0.00,0.06,0,0
vda,0.00,0.00,0.00,0,0
vda,1.20,0.00,0.00,0,0
vda,2.40,0.00,0.01,0,0
vda,1.60,0.00,0.01,0,0
vda,4.00,0.00,0.02,0,0
vda,17.60,0.00,0.07,0,0
vda,10.60,0.00,0.04,0,0
vda,20.20,0.00,0.08,0,0
vda,2.40,0.00,0.01,0,0
vda,1.20,0.00,0.00,0,0
vda,8.20,0.00,0.03,0,0
vda,2.20,0.00,0.01,0,0
vda,2.40,0.00,0.01,0,0
vda,31.80,0.00,0.12,0,0
vda,3.20,0.00,0.01,0,0
vda,1.20,0.00,0.00,0,0
vda,19.20,0.00,0.07,0,0
vda,3.40,0.00,0.02,0,0
vda,1.00,0.00,0.00,0,0
vda,8.78,0.00,0.04,0,0
vda,13.80,0.00,0.06,0,0
vda,3.00,0.00,0.01,0,0
vda,17.20,0.00,0.07,0,0
vda,0.20,0.00,0.00,0,0
vda,2.60,0.00,0.01,0,0
vda,20.20,0.00,0.08,0,0
vda,2.00,0.00,0.01,0,0
vda,25.40,0.00,0.10,0,0
vda,1.20,0.00,0.00,0,0
vda,1.80,0.00,0.01,0,0
vda,1.00,0.00,0.00,0,0
vda,14.20,0.00,0.06,0,0
vda,1.40,0.00,0.01,0,0
vda,0.60,0.00,0.00,0,0
vda,14.00,0.00,0.05,0,0
vda,18.80,0.00,0.07,0,0
vda,0.00,0.00,0.00,0,0
vda,8.20,0.00,0.03,0,0
vda,3.80,0.00,0.02,0,0
vda,0.40,0.00,0.00,0,0
vda,16.40,0.00,0.06,0,0
vda,2.00,0.00,0.01,0,0
vda,12.40,0.00,0.05,0,0
vda,1.40,0.00,0.01,0,0
vda,21.20,0.00,0.08,0,0
vda,0.40,0.00,0.00,0,0
vda,2.40,0.00,0.01,0,0
vda,2.40,0.00,0.01,0,0
vda,8.60,0.00,0.03,0,0
vda,6.60,0.00,0.03,0,0
vda,10.40,0.00,0.04,0,0
vda,18.20,0.00,0.07,0,0
vda,2.00,0.00,0.01,0,0
vda,21.60,0.00,0.08,0,0
vda,2.00,0.00,0.01,0,0
vda,1.00,0.00,0.00,0,0
vda,0.00,0.00,0.00,0,0
vda,2.00,0.00,0.01,0,0
vda,19.20,0.00,0.08,0,0
vda,15.40,0.00,0.06,0,0
vda,3.80,0.00,0.01,0,0
vda,2.00,0.00,0.01,0,0
vda,19.20,0.00,0.07,0,0
vda,2.00,0.00,0.01,0,0
vda,9.40,0.00,0.04,0,0
vda,0.40,0.00,0.00,0,0
vda,19.00,0.00,0.07,0,0
vda,1.00,0.00,0.00,0,0
vda,4.00,0.00,0.02,0,0
vda,24.00,0.00,0.09,0,0
vda,1.40,0.00,0.01,0,0
vda,2.80,0.00,0.01,0,0
vda,0.00,0.00,0.00,0,0
vda,17.80,0.00,0.07,0,0
vda,1.00,0.00,0.00,0,0
vda,11.00,0.00,0.04,0,0
vda,0.00,0.00,0.00,0,0
vda,36.80,0.00,0.14,0,0
vda,16.00,0.00,0.07,0,0
vda,0.00,0.00,0.00,0,0
vda,1.00,0.00,0.00,0,0
vda,2.00,0.00,0.01,0,0
vda,0.00,0.00,0.00,0,0
vda,1.40,0.00,0.01,0,0
vda,41.40,0.00,0.16,0,0
vda,19.60,0.00,0.08,0,0
vda,4.00,0.00,0.02,0,0
vda,3.20,0.00,0.01,0,0
vda,0.00,0.00,0.00,0,0
vda,1.00,0.00,0.00,0,0
vda,2.20,0.00,0.01,0,0
vda,1.00,0.00,0.00,0,0
vda,11.40,0.00,0.04,0,0
vda,32.20,0.00,0.13,0,0
vda,1.00,0.00,0.00,0,0
vda,2.80,0.00,0.01,0,0
vda,1.80,0.00,0.01,0,0
vda,1.80,0.00,0.01,0,0
vda,1.40,0.00,0.01,0,0
vda,2.20,0.00,0.01,0,0
vda,16.80,0.00,0.07,0,0
vda,2.80,0.00,0.01,0,0
vda,34.20,0.00,0.13,0,0
vda,8.20,0.00,0.03,0,0
vda,0.20,0.00,0.00,0,0
vda,5.00,0.00,0.02,0,0
vda,0.40,0.00,0.00,0,0
vda,25.00,0.00,0.10,0,0
vda,2.99,0.00,0.01,0,0
vda,3.20,0.00,0.02,0,0
vda,0.80,0.00,0.00,0,0
vda,45.20,0.00,0.18,0,0
vda,12.40,0.00,0.05,0,0
vda,1.60,0.00,0.01,0,0
vda,5.00,0.00,0.02,0,0
vda,14.20,0.00,0.06,0,0
vda,1.40,0.00,0.01,0,0
vda,3.60,0.00,0.01,0,0
vda,0.00,0.00,0.00,0,0
vda,1.60,0.00,0.00,0,0
vda,34.60,0.00,0.14,0,0
vda,8.20,0.00,0.03,0,0
vda,18.00,0.00,0.07,0,0
vda,3.80,0.00,0.01,0,0
vda,3.40,0.00,0.02,0,0
vda,1.80,0.00,0.01,0,0
vda,2.00,0.00,0.01,0,0
vda,1.20,0.00,0.00,0,0
vda,9.80,0.00,0.04,0,0
vda,23.20,0.00,0.09,0,0
vda,11.20,0.00,0.04,0,0
vda,1.40,0.00,0.01,0,0
vda,6.40,0.00,0.03,0,0
vda,1.40,0.00,0.01,0,0
vda,1.80,0.00,0.01,0,0
vda,2.40,0.00,0.01,0,0
vda,1.00,0.00,0.00,0,0
vda,17.40,0.00,0.07,0,0
vda,34.40,0.00,0.13,0,0
vda,10.00,0.00,0.04,0,0
vda,0.80,0.00,0.00,0,0
vda,3.40,0.00,0.01,0,0
vda,1.20,0.00,0.00,0,0
vda,3.20,0.00,0.01,0,0
vda,2.40,0.00,0.01,0,0
vda,18.00,0.00,0.07,0,0
vda,32.20,0.00,0.13,0,0
vda,3.40,0.00,0.02,0,0
vda,1.20,0.00,0.00,0,0
vda,10.20,0.00,0.04,0,0
vda,2.00,0.00,0.01,0,0
vda,2.40,0.00,0.01,0,0
vda,13.60,0.00,0.05,0,0
vda,0.00,0.00,0.00,0,0
vda,2.20,0.00,0.01,0,0
vda,33.40,0.00,0.13,0,0
vda,2.20,0.00,0.01,0,0
vda,8.00,0.00,0.03,0,0
vda,2.60,0.00,0.01,0,0
vda,19.00,0.00,0.07,0,0
vda,2.40,0.00,0.01,0,0
vda,3.00,0.00,0.01,0,0
vda,1.80,0.00,0.01,0,0
vda,1.60,0.00,0.01,0,0
vda,21.80,0.00,0.09,0,0
vda,2.00,0.00,0.01,0,0
vda,19.40,0.00,0.08,0,0
vda,2.80,0.00,0.01,0,0
vda,2.20,0.00,0.01,0,0
vda,3.80,0.00,0.02,0,0
vda,2.60,0.00,0.01,0,0
vda,0.00,0.00,0.00,0,0
vda,1.00,0.00,0.00,0,0
vda,51.60,0.00,0.20,0,1
vda,1.20,0.00,0.00,0,0
vda,8.40,0.00,0.03,0,0
vda,4.60,0.00,0.02,0,0
vda,1.00,0.00,0.00,0,0
vda,1.20,0.00,0.00,0,0
vda,2.80,0.00,0.01,0,0
vda,1.80,0.00,0.01,0,0
vda,19.40,0.00,0.08,0,0
vda,32.20,0.00,0.13,0,0
vda,2.60,0.00,0.01,0,0
vda,1.20,0.00,0.00,0,0
vda,4.40,0.00,0.02,0,0
vda,7.40,0.00,0.03,0,0
vda,1.20,0.00,0.00,0,0
vda,13.40,0.00,0.05,0,0
vda,0.00,0.00,0.00,0,0
vda,2.60,0.00,0.01,0,0
vda,37.40,0.00,0.15,0,0
vda,10.00,0.00,0.04,0,0
vda,0.00,0.00,0.00,0,0
vda,3.60,0.00,0.01,0,0
vda,1.00,0.00,0.00,0,0
vda,18.20,0.00,0.07,0,0
vda,0.20,0.00,0.00,0,0
vda,3.60,0.00,0.02,0,0
vda,2.00,0.00,0.01,0,0
vda,23.80,0.00,0.09,0,0
vda,1.40,0.00,0.01,0,0
vda,1.00,0.00,0.00,0,0
vda,19.20,0.00,0.07,0,0
vda,2.20,0.00,0.01,0,0
vda,1.40,0.00,0.01,0,0
vda,10.00,0.00,0.04,0,0
vda,0.00,0.00,0.00,0,0
vda,2.80,0.00,0.01,0,0
vda,34.80,0.00,0.14,0,0
vda,0.60,0.00,0.00,0,0
vda,13.20,0.00,0.05,0,0
vda,1.40,0.00,0.00,0,0
vda,3.80,0.00,0.02,0,0
vda,8.20,0.00,0.03,0,0
vda,0.20,0.00,0.00,0,0
vda,2.00,0.00,0.01,0,0
vda,1.40,0.00,0.01,0,0
vda,53.80,0.00,0.21,0,1
vda,1.60,0.00,0.01,0,0
vda,2.00,0.00,0.01,0,0
vda,3.60,0.00,0.02,0,0
vda,1.00,0.00,0.00,0,0
vda,1.40,0.00,0.01,0,0
vda,8.00,0.00,0.03,0,0
vda,2.20,0.00,0.01,0,0
vda,12.20,0.00,0.05,0,0
vda,47.00,0.00,0.18,0,0
vda,3.40,0.00,0.02,0,0
vda,0.40,0.00,0.00,0,0
vda,4.60,0.00,0.02,0,0
vda,1.00,0.00,0.00,0,0
vda,0.80,0.00,0.00,0,0
vda,33.20,0.00,0.13,0,0
vda,5.40,0.00,0.02,0,0
vda,1.00,0.00,0.00,0,0
vda,25.00,0.00,0.10,0,0
vda,1.00,0.00,0.00,0,0
vda,2.20,0.00,0.01,0,0
vda,4.40,0.00,0.02,0,0
vda,1.00,0.00,0.00,0,0
vda,17.60,0.00,0.07,0,0
vda,2.20,0.00,0.01,0,0
vda,9.60,0.00,0.04,0,0
vda,2.20,0.00,0.01,0,0
vda,32.40,0.00,0.13,0,0
vda,1.20,0.00,0.00,0,0
vda,1.00,0.00,0.00,0,0
vda,16.20,0.00,0.06,0,0
vda,1.40,0.00,0.01,0,0
vda,0.00,0.00,0.00,0,0
vda,3.40,0.00,0.01,0,0
vda,1.00,0.00,0.00,0,0
vda,40.80,0.00,0.16,0,0
vda,2.00,0.00,0.01,0,0
vda,2.00,0.00,0.01,0,0
vda,18.20,0.00,0.07,0,0
vda,3.60,0.00,0.01,0,0
vda,4.40,0.00,0.02,0,0
vda,9.20,0.00,0.04,0,0
vda,23.60,0.00,0.09,0,0
vda,0.20,0.00,0.00,0,0
vda,1.00,0.00,0.00,0,0
vda,17.80,0.00,0.07,0,0
vda,2.00,0.00,0.01,0,0
vda,1.00,0.00,0.00,0,0
vda,7.80,0.00,0.03,0,0
vda,1.20,0.00,0.00,0,0
vda,0.00,0.00,0.00,0,0
vda,7.40,0.00,0.03,0,0
vda,28.00,0.00,0.11,0,0
vda,1.00,0.00,0.00,0,0
vda,12.40,0.00,0.05,0,0
vda,9.40,0.00,0.04,0,0
vda,2.20,0.00,0.01,0,0
vda,0.60,0.00,0.00,0,0
vda,3.80,0.00,0.01,0,0
vda,2.40,0.00,0.01,0,0
vda,2.80,0.00,0.01,0,0
vda,50.60,0.00,0.20,0,0
vda,0.00,0.00,0.00,0,0
vda,1.40,0.00,0.01,0,0
vda,4.20,0.00,0.02,0,0
vda,0.80,0.00,0.00,0,0
vda,10.00,0.00,0.04,0,0
vda,3.60,0.00,0.01,0,0
vda,0.20,0.00,0.00,0,0
vda,13.20,0.00,0.05,0,0
vda,34.60,0.00,0.14,0,0
vda,0.60,0.00,0.00,0,0
vda,3.20,0.00,0.02,0,0
vda,4.00,0.00,0.02,0,0
vda,8.20,0.00,0.03,0,0
vda,0.80,0.00,0.00,0,0
vda,19.16,0.00,0.07,0,0
vda,3.20,0.00,0.01,0,0
vda,3.00,0.00,0.01,0,0
vda,23.40,0.00,0.10,0,0
vda,0.60,0.00,0.00,0,0
vda,1.00,0.00,0.00,0,0
vda,3.80,0.00,0.01,0,0
vda,25.20,0.00,0.10,0,0
vda,1.60,0.00,0.01,0,0
vda,2.20,0.00,0.01,0,0
vda,1.00,0.00,0.00,0,0
vda,1.20,0.00,0.01,0,0
vda,35.80,0.00,0.14,0,0
vda,1.40,0.00,0.01,0,0
vda,0.60,0.00,0.00,0,0
vda,15.40,0.00,0.06,0,0
vda,1.60,0.00,0.01,0,0
vda,0.80,0.00,0.00,0,0
vda,10.80,0.00,0.05,0,0
vda,1.20,0.00,0.00,0,0
vda,1.00,0.00,0.00,0,0
vda,34.60,0.00,0.14,0,0
vda,20.00,0.00,0.08,0,0
vda,2.40,0.00,0.01,0,0
vda,1.80,0.00,0.01,0,0
vda,2.20,0.00,0.01,0,0
vda,1.60,0.00,0.01,0,0
vda,2.20,0.00,0.01,0,0
vda,1.00,0.00,0.00,0,0
vda,8.20,0.00,0.03,0,0
vda,51.80,0.00,0.20,0,1
vda,2.40,0.00,0.01,0,0
vda,11.00,0.00,0.05,0,0
vda,3.60,0.00,0.01,0,0
vda,0.00,0.00,0.00,0,0
vda,1.20,0.00,0.00,0,0
vda,2.20,0.00,0.01,0,0
vda,12.20,0.00,0.05,0,0
vda,1.40,0.00,0.01,0,0
vda,24.80,0.00,0.10,0,0
vda,0.60,0.00,0.00,0,0
vda,1.00,0.00,0.00,0,0
vda,4.80,0.00,0.02,0,0
vda,2.20,0.00,0.01,0,0
vda,2.00,0.00,0.01,0,0
vda,19.60,0.00,0.08,0,0
vda,1.00,0.00,0.00,0,0
vda,1.60,0.00,0.01,0,0
vda,33.40,0.00,0.13,0,0
vda,9.00,0.00,0.04,0,0
vda,1.60,0.00,0.01,0,0
vda,3.40,0.00,0.01,0,0
vda,11.60,0.00,0.05,0,0
vda,3.20,0.00,0.01,0,0
vda,3.20,0.00,0.01,0,0
vda,0.00,0.00,0.00,0,0
vda,1.40,0.00,0.01,0,0
vda,44.80,0.00,0.18,0,0
vda,1.80,0.00,0.01,0,0
vda,12.60,0.00,0.05,0,0
vda,27.40,0.00,0.11,0,0
vda,3.40,0.00,0.02,0,0
vda,3.40,0.00,0.01,0,0
vda,2.60,0.00,0.01,0,0
vda,2.20,0.00,0.01,0,0
vda,1.20,0.00,0.00,0,0
vda,32.60,0.00,0.13,0,0
vda,19.40,0.00,0.08,0,0
vda,21.20,0.00,0.10,0,0
vda,3.60,0.00,0.02,0,0
vda,4.60,0.00,0.02,0,0
vda,3.00,0.00,0.01,0,0
vda,2.20,0.00,0.01,0,0
vda,2.00,0.00,0.01,0,0
vda,11.80,0.00,0.05,0,0
vda,26.20,0.00,0.10,0,0
vda,2.00,0.00,0.01,0,0
vda,8.60,0.00,0.04,0,0
