vda,30.60,0.11,0.02,0,0
vda,5.00,0.02,0.00,0,0
vda,19.20,0.07,0.00,0,0
vda,14.20,0.05,0.01,0,0
vda,1.00,0.00,0.00,0,0
vda,84.00,0.49,0.02,2,0
vda,119.60,3.29,0.10,16,0
vda,67.40,2.19,0.01,10,0
vda,108.60,6.74,0.15,33,0
vda,85.60,10.57,0.00,52,0
vda,92.80,11.60,0.00,58,0
vda,80.60,9.85,0.01,49,0
vda,72.20,8.38,0.03,41,0
vda,102.60,12.25,1.27,61,6
vda,54.00,4.98,0.07,24,0
vda,98.60,11.95,0.01,59,0
vda,102.20,8.40,0.14,42,0
vda,65.40,7.92,0.01,39,0
vda,112.00,13.95,0.00,69,0
vda,114.60,13.93,0.01,69,0
vda,106.80,12.32,0.03,61,0
vda,125.80,13.48,0.07,67,0
vda,104.00,12.88,0.00,64,0
vda,33.40,3.92,0.01,19,0
vda,9.20,1.10,0.00,5,0
vda,44.40,5.08,0.01,25,0
vda,105.60,10.17,0.10,50,0
vda,101.40,12.65,0.00,63,0
vda,109.00,13.45,0.01,67,0
vda,106.80,11.00,0.07,55,0
vda,23.20,2.58,0.01,12,0
vda,6.00,0.00,0.03,0,0
vda,3.80,0.00,0.02,0,0
vda,1.00,0.00,0.00,0,0
vda,34.80,0.00,0.14,0,0
vda,4.00,0.00,0.02,0,0
vda,1.00,0.00,0.00,0,0
vda,13.40,0.00,0.06,0,0
vda,1.20,0.00,0.00,0,0
vda,1.40,0.00,0.01,0,0
vda,1.00,0.00,0.00,0,0
vda,8.00,0.00,0.03,0,0
vda,1.20,0.00,0.01,0,0
vda,7.60,0.00,0.03,0,0
vda,30.60,0.00,0.12,0,0
vda,17.80,0.00,0.07,0,0
vda,2.00,0.00,0.01,0,0
vda,2.60,0.00,0.01,0,0
vda,0.20,0.00,0.00,0,0
vda,1.60,0.00,0.01,0,0
vda,8.00,0.00,0.03,0,0
vda,1.20,0.00,0.00,0,0
vda,18.20,0.00,0.07,0,0
vda,37.40,0.00,0.15,0,0
vda,2.20,0.00,0.01,0,0
vda,2.80,0.00,0.01,0,0
vda,1.00,0.00,0.00,0,0
vda,0.00,0.00,0.00,0,0
vda,1.00,0.00,0.00,0,0
vda,1.80,0.00,0.01,0,0
vda,18.00,0.00,0.07,0,0
vda,2.40,0.00,0.01,0,0
vda,24.40,0.00,0.10,0,0
vda,3.80,0.00,0.01,0,0
vda,1.40,0.00,0.01,0,0
vda,8.60,0.00,0.03,0,0
vda,0.00,0.00,0.00,0,0
vda,18.40,0.00,0.07,0,0
vda,3.40,0.00,0.02,0,0
vda,1.20,0.00,0.00,0,0
vda,1.00,0.00,0.00,0,0
vda,36.00,0.00,0.14,0,0
vda,1.40,0.00,0.01,0,0
vda,2.00,0.00,0.01,0,0
vda,0.00,0.00,0.00,0,0
vda,14.20,0.00,0.06,0,0
vda,1.20,0.00,0.00,0,0
vda,2.00,0.00,0.01,0,0
vda,7.00,0.00,0.03,0,0
vda,1.40,0.00,0.01,0,0
vda,37.60,0.00,0.15,0,0
vda,1.00,0.00,0.00,0,0
vda,17.00,0.00,0.07,0,0
vda,3.60,0.00,0.02,0,0
vda,1.00,0.00,0.00,0,0
vda,1.00,0.00,0.00,0,0
vda,8.20,0.00,0.03,0,0
vda,1.00,0.00,0.00,0,0
vda,1.00,0.00,0.00,0,0
vda,35.40,0.00,0.14,0,0
vda,21.20,0.00,0.09,0,0
vda,2.00,0.00,0.01,0,0
vda,2.00,0.00,0.01,0,0
vda,0.20,0.00,0.00,0,0
vda,1.40,0.00,0.00,0,0
vda,1.80,0.00,0.01,0,0
vda,7.00,0.00,0.03,0,0
vda,14.20,0.00,0.06,0,0
vda,24.60,0.00,0.10,0,0
vda,13.40,0.11,0.01,0,0
vda,19.00,0.07,0.01,0,0
vda,2.00,0.00,0.01,0,0
vda,0.00,0.00,0.00,0,0
vda,1.00,0.00,0.01,0,0
vda,3.80,0.00,0.02,0,0
vda,33.20,0.00,0.14,0,0
vda,1.40,0.00,0.01,0,0
vda,47.20,0.00,0.19,0,0
vda,2.60,0.00,0.01,0,0
vda,2.80,0.00,0.01,0,0
vda,1.20,0.00,0.00,0,0
vda,2.20,0.00,0.01,0,0
vda,18.20,0.00,0.07,0,0
vda,2.00,0.00,0.01,0,0
vda,7.00,0.00,0.03,0,0
vda,1.20,0.00,0.01,0,0
vda,36.60,0.00,0.15,0,0
vda,2.60,0.00,0.01,0,0
vda,3.20,0.00,0.01,0,0
vda,1.80,0.00,0.01,0,0
vda,4.40,0.00,0.02,0,0
vda,8.60,0.00,0.04,0,0
vda,2.20,0.00,0.01,0,0
vda,7.20,0.00,0.03,0,0
vda,34.40,0.00,0.14,0,0
vda,2.20,0.00,0.01,0,0
vda,1.60,0.00,0.01,0,0
vda,21.60,0.00,0.09,0,0
vda,1.00,0.00,0.00,0,0
vda,1.00,0.00,0.00,0,0
vda,0.00,0.00,0.00,0,0
vda,9.20,0.00,0.04,0,0
vda,0.20,0.00,0.00,0,0
vda,23.40,0.00,0.09,0,0
vda,3.60,0.00,0.02,0,0
vda,17.40,0.00,0.07,0,0
vda,1.00,0.00,0.00,0,0
vda,4.00,0.00,0.02,0,0
vda,0.00,0.00,0.00,0,0
vda,2.00,0.00,0.01,0,0
vda,2.20,0.00,0.01,0,0
vda,1.40,0.00,0.01,0,0
vda,34.60,0.00,0.14,0,0
vda,13.00,0.00,0.05,0,0
vda,7.20,0.00,0.03,0,0
vda,0.40,0.00,0.00,0,0
vda,2.60,0.00,0.01,0,0
vda,2.80,0.00,0.01,0,0
vda,3.60,0.00,0.01,0,0
vda,0.00,0.00,0.00,0,0
vda,17.40,0.00,0.07,0,0
vda,35.00,0.00,0.14,0,0
vda,2.20,0.00,0.01,0,0
vda,6.80,0.00,0.03,0,0
vda,1.20,0.00,0.00,0,0
vda,3.20,0.00,0.02,0,0
vda,0.60,0.00,0.00,0,0
vda,1.40,0.00,0.01,0,0
vda,14.60,0.00,0.06,0,0
vda,1.60,0.00,0.01,0,0
vda,34.00,0.00,0.14,0,0
vda,2.00,0.00,0.01,0,0
vda,0.60,0.00,0.00,0,0
vda,2.20,0.00,0.01,0,0
vda,8.00,0.00,0.03,0,0
vda,17.40,0.00,0.07,0,0
vda,1.00,0.00,0.00,0,0
vda,2.20,0.00,0.01,0,0
vda,2.40,0.00,0.01,0,0
vda,24.60,0.00,0.10,0,0
vda,2.60,0.00,0.01,0,0
vda,0.00,0.00,0.00,0,0
vda,17.80,0.00,0.07,0,0
vda,2.00,0.00,0.01,0,0
vda,7.20,0.00,0.03,0,0
vda,1.60,0.00,0.01,0,0
vda,2.20,0.00,0.01,0,0
vda,1.00,0.00,0.00,0,0
vda,35.00,0.00,0.14,0,0
vda,3.20,0.00,0.01,0,0
vda,12.40,0.00,0.05,0,0
vda,2.40,0.00,0.01,0,0
vda,0.80,0.00,0.00,0,0
vda,1.00,0.00,0.00,0,0
vda,0.00,0.00,0.00,0,0
vda,9.60,0.00,0.04,0,0
vda,1.00,0.00,0.00,0,0
vda,51.40,0.00,0.21,0,1
vda,3.80,0.00,0.01,0,0
vda,1.40,0.00,0.01,0,0
vda,0.00,0.00,0.00,0,0
vda,2.00,0.00,0.01,0,0
vda,39.80,0.00,0.17,0,0
vda,2.80,0.00,0.01,0,0
vda,2.00,0.00,0.01,0,0
vda,1.00,0.00,0.00,0,0
vda,0.60,0.00,0.00,0,0
vda,3.40,0.00,0.01,0,0
vda,1.60,0.00,0.01,0,0
vda,51.80,0.00,0.21,0,1
vda,1.40,0.00,0.01,0,0
vda,1.00,0.00,0.00,0,0
vda,2.80,0.00,0.01,0,0
vda,8.00,0.00,0.03,0,0
vda,1.60,0.00,0.01,0,0
vda,2.40,0.00,0.01,0,0
vda,2.20,0.00,0.01,0,0
vda,11.80,0.00,0.05,0,0
vda,31.00,0.00,0.12,0,0
vda,2.00,0.00,0.01,0,0
vda,2.80,0.00,0.01,0,0
vda,5.20,0.00,0.02,0,0
vda,2.80,0.00,0.01,0,0
vda,1.00,0.00,0.00,0,0
vda,16.80,0.00,0.07,0,0
vda,8.00,0.00,0.03,0,0
vda,1.40,0.00,0.01,0,0
vda,13.80,0.00,0.06,0,0
vda,8.60,0.00,0.04,0,0
vda,3.20,0.00,0.01,0,0
vda,8.00,0.00,0.03,0,0
vda,0.00,0.00,0.00,0,0
vda,1.00,0.00,0.00,0,0
vda,25.00,0.00,0.10,0,0
vda,0.00,0.00,0.00,0,0
vda,10.60,0.00,0.05,0,0
vda,19.40,0.00,0.08,0,0
vda,27.40,0.00,0.11,0,0
vda,2.40,0.00,0.01,0,0
vda,15.40,0.00,0.06,0,0
vda,0.00,0.00,0.00,0,0
vda,0.60,0.00,0.00,0,0
vda,1.60,0.00,0.01,0,0
vda,2.00,0.00,0.01,0,0
vda,8.00,0.00,0.04,0,0
vda,14.40,0.00,0.06,0,0
vda,20.20,0.00,0.08,0,0
vda,16.60,0.00,0.07,0,0
vda,6.00,0.00,0.02,0,0
vda,1.40,0.00,0.01,0,0
vda,0.40,0.00,0.00,0,0
vda,2.60,0.00,0.01,0,0
vda,2.20,0.00,0.01,0,0
vda,6.00,0.00,0.03,0,0
vda,14.80,0.00,0.06,0,0
vda,35.60,0.00,0.14,0,0
vda,1.00,0.00,0.00,0,0
vda,1.60,0.00,0.01,0,0
vda,6.40,0.00,0.03,0,0
vda,2.20,0.00,0.01,0,0
vda,0.00,0.00,0.00,0,0
vda,2.00,0.00,0.01,0,0
vda,11.80,0.00,0.05,0,0
vda,22.60,0.00,0.09,0,0
vda,7.20,0.00,0.03,0,0
vda,1.00,0.00,0.00,0,0
vda,7.80,0.00,0.03,0,0
vda,1.00,0.00,0.00,0,0
vda,0.00,0.00,0.00,0,0
vda,26.00,0.00,0.10,0,0
vda,1.60,0.00,0.01,0,0
vda,0.00,0.00,0.00,0,0
vda,33.20,0.00,0.13,0,0
vda,2.80,0.00,0.02,0,0
vda,0.80,0.00,0.00,0,0
vda,6.40,0.00,0.03,0,0
vda,12.60,0.00,0.05,0,0
vda,0.40,0.00,0.00,0,0
vda,2.00,0.00,0.01,0,0
vda,1.20,0.00,0.00,0,0
vda,1.00,0.00,0.00,0,0
vda,34.00,0.00,0.14,0,0
vda,7.40,0.00,0.03,0,0
vda,18.20,0.00,0.07,0,0
vda,4.60,0.00,0.02,0,0
vda,2.60,0.00,0.01,0,0
vda,1.60,0.00,0.01,0,0
vda,1.80,0.00,0.01,0,0
vda,3.20,0.00,0.02,0,0
vda,0.20,0.00,0.00,0,0
vda,33.00,0.00,0.13,0,0
vda,24.00,0.00,0.10,0,0
vda,0.60,0.00,0.00,0,0
vda,5.00,0.00,0.02,0,0
vda,1.40,0.00,0.01,0,0
vda,1.40,0.00,0.01,0,0
vda,3.40,0.00,0.01,0,0
vda,1.40,0.00,0.01,0,0
vda,11.00,0.00,0.04,0,0
vda,22.40,0.00,0.09,0,0
vda,1.80,0.00,0.01,0,0
vda,1.20,0.00,0.00,0,0
vda,12.20,0.00,0.05,0,0
vda,1.00,0.00,0.00,0,0
vda,3.40,0.00,0.01,0,0
vda,0.00,0.00,0.00,0,0
vda,18.60,0.00,0.07,0,0
vda,1.20,0.00,0.00,0,0
vda,33.20,0.00,0.13,0,0
vda,2.20,0.00,0.01,0,0
vda,0.60,0.00,0.00,0,0
vda,9.80,0.00,0.04,0,0
vda,1.60,0.00,0.01,0,0
vda,18.00,0.00,0.07,0,0
vda,2.20,0.00,0.01,0,0
vda,2.20,0.00,0.01,0,0
vda,1.80,0.00,0.01,0,0
vda,34.40,0.00,0.14,0,0
vda,0.40,0.00,0.00,0,0
vda,1.00,0.00,0.00,0,0
vda,5.20,0.00,0.02,0,0
vda,18.20,0.00,0.07,0,0
vda,0.80,0.00,0.00,0,0
vda,2.00,0.00,0.01,0,0
vda,2.40,0.00,0.01,0,0
vda,2.20,0.00,0.01,0,0
vda,33.40,0.00,0.13,0,0
vda,1.00,0.00,0.00,0,0
vda,17.60,0.00,0.07,0,0
vda,5.20,0.00,0.02,0,0
vda,1.40,0.00,0.01,0,0
vda,8.20,0.00,0.04,0,0
vda,2.00,0.00,0.01,0,0
vda,1.00,0.00,0.00,0,0
vda,0.60,0.00,0.00,0,0
vda,31.60,0.00,0.13,0,0
vda,12.20,0.00,0.05,0,0
vda,0.60,0.00,0.00,0,0
vda,6.60,0.00,0.03,0,0
vda,1.00,0.00,0.00,0,0
vda,0.00,0.00,0.00,0,0
vda,2.00,0.00,0.01,0,0
vda,1.20,0.00,0.00,0,0
vda,21.40,0.00,0.08,0,0
vda,31.40,0.00,0.12,0,0
vda,1.60,0.00,0.01,0,0
vda,2.20,0.00,0.01,0,0
vda,26.00,0.00,0.10,0,0
vda,17.20,0.00,0.07,0,0
vda,2.80,0.00,0.01,0,0
vda,0.00,0.00,0.00,0,0
vda,1.00,0.00,0.00,0,0
vda,0.60,0.00,0.00,0,0
vda,2.40,0.00,0.01,0,0
vda,27.80,0.00,0.11,0,0
vda,58.20,0.00,0.24,0,1
vda,0.00,0.00,0.00,0,0
vda,1.00,0.00,0.00,0,0
vda,34.80,0.00,0.14,0,0
vda,2.80,0.00,0.01,0,0
vda,1.00,0.00,0.00,0,0
vda,39.20,0.00,0.16,0,0
vda,15.20,0.00,0.06,0,0
vda,1.00,0.00,0.00,0,0
vda,0.00,0.00,0.00,0,0
vda,3.40,0.00,0.01,0,0
vda,1.40,0.00,0.01,0,0
vda,0.40,0.00,0.00,0,0
vda,3.60,0.00,0.02,0,0
vda,11.80,0.00,0.05,0,0
vda,1.00,0.00,0.00,0,0
vda,30.20,0.00,0.12,0,0
vda,0.60,0.00,0.00,0,0
vda,1.60,0.00,0.01,0,0
vda,2.20,0.00,0.01,0,0
vda,0.80,0.00,0.00,0,0
vda,21.60,0.00,0.09,0,0
vda,1.40,0.00,0.01,0,0
vda,0.00,0.00,0.00,0,0
vda,35.20,0.00,0.14,0,0
vda,2.20,0.00,0.01,0,0
vda,0.00,0.00,0.00,0,0
vda,7.60,0.00,0.03,0,0
vda,4.40,0.00,0.02,0,0
vda,11.20,0.00,0.04,0,0
vda,4.20,0.00,0.02,0,0
vda,0.00,0.00,0.00,0,0
vda,1.20,0.00,0.00,0,0
vda,34.80,0.00,0.14,0,0
vda,2.20,0.00,0.01,0,0
vda,1.00,0.00,0.00,0,0
vda,24.80,0.00,0.10,0,0
vda,2.40,0.00,0.01,0,0
vda,0.00,0.00,0.00,0,0
vda,1.00,0.00,0.00,0,0
vda,3.20,0.00,0.01,0,0
vda,1.60,0.00,0.01,0,0
vda,32.40,0.00,0.13,0,0
vda,6.20,0.00,0.03,0,0
vda,17.00,0.00,0.07,0,0
vda,1.00,0.00,0.00,0,0
vda,8.00,0.00,0.03,0,0
vda,1.00,0.00,0.00,0,0
vda,4.00,0.00,0.01,0,0
vda,1.20,0.00,0.00,0,0
vda,3.20,0.00,0.02,0,0
vda,15.20,0.00,0.06,0,0
vda,21.80,0.00,0.09,0,0
vda,0.00,0.00,0.00,0,0
vda,0.80,0.00,0.00,0,0
vda,9.00,0.00,0.04,0,0
vda,1.80,0.00,0.01,0,0
vda,0.60,0.00,0.00,0,0
vda,3.00,0.00,0.01,0,0
vda,18.00,0.00,0.07,0,0
vda,2.00,0.00,0.01,0,0
vda,36.80,0.00,0.15,0,0
vda,1.20,0.00,0.00,0,0
vda,0.20,0.00,0.00,0,0
vda,3.20,0.00,0.02,0,0
vda,1.00,0.00,0.00,0,0
vda,6.60,0.00,0.03,0,0
vda,19.40,0.00,0.08,0,0
vda,1.20,0.00,0.00,0,0
vda,1.00,0.00,0.00,0,0
vda,37.40,0.00,0.15,0,0
vda,2.20,0.00,0.01,0,0
vda,0.00,0.00,0.00,0,0
vda,2.40,0.00,0.01,0,0
vda,12.40,0.00,0.05,0,0
vda,0.60,0.00,0.00,0,0
vda,8.20,0.00,0.03,0,0
vda,1.00,0.00,0.00,0,0
vda,5.40,0.00,0.02,0,0
vda,36.20,0.00,0.14,0,0
vda,0.00,0.00,0.00,0,0
vda,0.60,0.00,0.00,0,0
vda,19.00,0.00,0.07,0,0
vda,1.20,0.00,0.00,0,0
vda,0.80,0.00,0.00,0,0
vda,9.80,0.00,0.05,0,0
vda,1.40,0.00,0.01,0,0
vda,0.80,0.00,0.00,0,0
vda,24.80,0.00,0.10,0,0
vda,14.20,0.00,0.06,0,0
vda,3.60,0.00,0.01,0,0
vda,1.60,0.00,0.01,0,0
vda,2.80,0.00,0.01,0,0
vda,0.20,0.00,0.00,0,0
vda,2.00,0.00,0.01,0,0
vda,7.00,0.00,0.03,0,0
vda,0.60,0.00,0.00,0,0
vda,54.00,0.00,0.21,0,1
vda,0.00,0.00,0.00,0,0
vda,1.80,0.00,0.01,0,0
vda,3.40,0.00,0.01,0,0
vda,1.40,0.00,0.01,0,0
vda,0.20,0.00,0.00,0,0
vda,2.00,0.00,0.01,0,0
vda,18.60,0.00,0.07,0,0
vda,0.80,0.00,0.00,0,0
vda,43.20,0.00,0.18,0,0
vda,1.00,0.00,0.00,0,0
vda,0.60,0.00,0.00,0,0
vda,3.40,0.00,0.01,0,0
vda,8.80,0.00,0.04,0,0
vda,1.40,0.00,0.01,0,0
vda,13.00,0.00,0.05,0,0
vda,2.40,0.00,0.01,0,0
vda,0.40,0.00,0.00,0,0
vda,54.00,0.00,0.22,0,1
vda,2.20,0.00,0.01,0,0
vda,1.20,0.00,0.00,0,0
vda,3.60,0.00,0.01,0,0
vda,23.80,0.00,0.09,0,0
vda,2.00,0.00,0.01,0,0
vda,2.40,0.00,0.01,0,0
vda,2.20,0.00,0.01,0,0
vda,1.20,0.00,0.00,0,0
vda,28.40,0.00,0.11,0,0
vda,2.20,0.00,0.01,0,0
vda,51.80,0.47,0.07,2,0
vda,4.80,0.00,0.02,0,0
vda,1.80,0.00,0.01,0,0
vda,1.20,0.00,0.00,0,0
vda,2.00,0.00,0.01,0,0
vda,0.00,0.00,0.00,0,0
vda,23.80,0.00,0.13,0,0
vda,37.00,0.00,0.15,0,0
vda,14.40,0.00,0.06,0,0
vda,1.20,0.00,0.00,0,0
vda,0.00,0.00,0.00,0,0
vda,3.40,0.00,0.01,0,0
vda,1.60,0.00,0.01,0,0
vda,0.20,0.00,0.00,0,0
vda,2.40,0.00,0.01,0,0
vda,19.20,0.00,0.08,0,0
vda,35.00,0.00,0.14,0,0
vda,8.00,0.00,0.03,0,0
vda,0.60,0.00,0.00,0,0
vda,2.00,0.00,0.01,0,0
vda,2.40,0.00,0.01,0,0
vda,2.40,0.00,0.01,0,0
vda,3.40,0.00,0.01,0,0
vda,12.20,0.00,0.05,0,0
vda,0.00,0.00,0.00,0,0
vda,36.00,0.00,0.14,0,0
vda,1.40,0.00,0.01,0,0
vda,7.00,0.00,0.03,0,0
vda,2.00,0.00,0.01,0,0
vda,2.00,0.00,0.01,0,0
vda,17.60,0.00,0.07,0,0
vda,3.40,0.00,0.01,0,0
vda,1.80,0.00,0.01,0,0
vda,1.20,0.00,0.00,0,0
vda,22.60,0.00,0.09,0,0
vda,2.00,0.00,0.01,0,0
vda,0.80,0.00,0.00,0,0
vda,8.00,0.00,0.03,0,0
vda,19.80,0.00,0.08,0,0
vda,0.80,0.00,0.00,0,0
vda,1.20,0.00,0.00,0,0
vda,3.80,0.00,0.01,0,0
vda,1.60,0.00,0.01,0,0
vda,34.00,0.00,0.14,0,0
vda,3.80,0.00,0.02,0,0
vda,0.80,0.00,0.00,0,0
vda,13.40,0.00,0.05,0,0
vda,7.00,0.00,0.03,0,0
vda,0.60,0.00,0.00,0,0
vda,2.60,0.00,0.01,0,0
vda,2.40,0.00,0.01,0,0
vda,4.20,0.00,0.02,0,0
vda,34.40,0.00,0.14,0,0
vda,19.80,0.00,0.08,0,0
vda,1.00,0.00,0.00,0,0
vda,6.20,0.00,0.03,0,0
vda,2.60,0.00,0.01,0,0
vda,1.20,0.00,0.00,0,0
vda,1.40,0.00,0.00,0,0
vda,1.80,0.00,0.01,0,0
vda,18.00,0.00,0.07,0,0
vda,37.80,0.00,0.15,0,0
vda,2.00,0.00,0.01,0,0
vda,1.20,0.00,0.00,0,0
vda,0.00,0.00,0.00,0,0
vda,3.40,0.00,0.02,0,0
vda,0.00,0.00,0.00,0,0
vda,7.00,0.00,0.03,0,0
vda,13.60,0.00,0.05,0,0
vda,1.80,0.00,0.01,0,0
vda,23.80,0.00,0.09,0,0
vda,2.40,0.00,0.01,0,0
vda,0.20,0.00,0.00,0,0
vda,1.80,0.00,0.01,0,0
vda,2.40,0.00,0.01,0,0
vda,23.80,0.00,0.10,0,0
vda,1.40,0.00,0.01,0,0
vda,2.40,0.00,0.01,0,0
vda,0.00,0.00,0.00,0,0
vda,37.40,0.00,0.15,0,0
vda,3.60,0.00,0.02,0,0
vda,0.00,0.00,0.00,0,0
vda,12.40,0.00,0.05,0,0
vda,2.20,0.00,0.01,0,0
vda,0.80,0.00,0.00,0,0
vda,1.00,0.00,0.00,0,0
vda,8.80,0.00,0.04,0,0
vda,0.00,0.00,0.00,0,0
vda,1.20,0.00,0.00,0,0
vda,38.00,0.00,0.15,0,0
vda,1.60,0.00,0.01,0,0
vda,17.20,0.00,0.07,0,0
vda,2.00,0.00,0.01,0,0
vda,1.00,0.00,0.00,0,0
vda,1.20,0.00,0.00,0,0
vda,8.00,0.00,0.03,0,0
vda,2.00,0.00,0.01,0,0
vda,1.60,0.00,0.00,0,0
vda,54.60,0.00,0.22,0,1
vda,0.60,0.00,0.00,0,0
vda,1.60,0.00,0.01,0,0
vda,2.00,0.00,0.01,0,0
vda,0.60,0.00,0.00,0,0
vda,2.20,0.00,0.01,0,0
vda,2.40,0.00,0.01,0,0
vda,18.80,0.00,0.07,0,0
vda,1.40,0.00,0.00,0,0
vda,24.60,0.00,0.10,0,0
vda,3.40,0.00,0.01,0,0
vda,2.40,0.00,0.01,0,0
vda,2.00,0.00,0.01,0,0
vda,12.40,0.00,0.06,0,0
vda,0.00,0.00,0.00,0,0
vda,25.00,0.00,0.10,0,0
vda,0.60,0.00,0.00,0,0
vda,1.60,0.00,0.01,0,0
vda,48.40,0.00,0.19,0,0
vda,1.00,0.00,0.00,0,0
vda,17.40,0.00,0.07,0,0
vda,1.80,0.00,0.01,0,0
vda,39.80,0.00,0.16,0,0
vda,10.60,0.00,0.04,0,0
vda,2.00,0.00,0.01,0,0
vda,38.80,0.00,0.15,0,0
vda,9.00,0.00,0.04,0,0
vda,2.00,0.00,0.01,0,0
vda,34.80,0.00,0.14,0,0
vda,2.20,0.00,0.01,0,0
vda,39.40,0.00,0.16,0,0
vda,1.80,0.00,0.01,0,0
vda,0.00,0.00,0.00,0,0
vda,38.20,0.00,0.15,0,0
vda,1.20,0.00,0.00,0,0
vda,19.60,0.00,0.08,0,0
vda,2.20,0.00,0.01,0,0
vda,26.60,0.00,0.10,0,0
vda,22.00,0.00,0.09,0,0
vda,2.00,0.00,0.01,0,0
vda,2.00,0.00,0.01,0,0
vda,43.60,0.00,0.18,0,0
vda,2.20,0.00,0.01,0,0
vda,0.20,0.00,0.00,0,0
vda,35.40,0.00,0.14,0,0
vda,3.00,0.00,0.02,0,0
vda,0.60,0.00,0.00,0,0
vda,39.80,0.00,0.16,0,0
vda,16.60,0.00,0.07,0,0
vda,2.40,0.00,0.01,0,0
vda,34.20,0.00,0.14,0,0
vda,10.60,0.00,0.04,0,0
vda,0.20,0.00,0.00,0,0
vda,1.60,0.00,0.01,0,0
vda,27.60,0.00,0.11,0,0
vda,9.80,0.00,0.04,0,0
vda,1.00,0.00,0.00,0,0
vda,37.00,0.00,0.15,0,0
vda,0.00,0.00,0.00,0,0
vda,1.00,0.00,0.00,0,0
vda,42.00,0.00,0.17,0,0
vda,15.20,0.00,0.06,0,0
vda,0.00,0.00,0.00,0,0
vda,40.60,0.00,0.17,0,0
vda,4.60,0.00,0.02,0,0
vda,1.40,0.00,0.00,0,0
vda,2.00,0.00,0.01,0,0
vda,0.60,0.00,0.00,0,0
vda,1.00,0.00,0.00,0,0
vda,4.80,0.00,0.02,0,0
vda,3.20,0.00,0.02,0,0
vda,17.20,0.00,0.07,0,0
vda,35.20,0.00,0.14,0,0
vda,1.80,0.00,0.01,0,0
vda,1.00,0.00,0.00,0,0
vda,39.80,0.00,0.16,0,0
vda,4.40,0.00,0.02,0,0
vda,1.00,0.00,0.00,0,0
vda,36.40,0.00,0.15,0,0
vda,4.40,0.00,0.02,0,0
vda,22.00,0.00,0.09,0,0
vda,0.00,0.00,0.00,0,0
vda,40.80,0.00,0.16,0,0
vda,4.00,0.00,0.02,0,0
vda,37.20,0.00,0.15,0,0
vda,6.80,0.00,0.03,0,0
vda,1.00,0.00,0.00,0,0
vda,28.20,0.00,0.11,0,0
vda,8.80,0.00,0.03,0,0
vda,3.40,0.00,0.01,0,0
vda,30.00,0.00,0.12,0,0
vda,14.40,0.00,0.06,0,0
vda,1.00,0.00,0.00,0,0
vda,1.00,0.00,0.00,0,0
vda,1.80,0.00,0.01,0,0
vda,1.00,0.00,0.00,0,0
vda,1.40,0.00,0.01,0,0
vda,20.60,0.00,0.08,0,0
vda,1.00,0.00,0.00,0,0
vda,34.20,0.00,0.14,0,0
vda,2.00,0.00,0.01,0,0
vda,2.40,0.00,0.01,0,0
vda,43.00,0.00,0.17,0,0
vda,2.20,0.00,0.01,0,0
vda,1.00,0.00,0.00,0,0
vda,0.00,0.00,0.00,0,0
vda,2.00,0.00,0.01,0,0
vda,1.00,0.00,0.00,0,0
vda,1.60,0.00,0.01,0,0
vda,20.20,0.00,0.08,0,0
vda,1.00,0.00,0.00,0,0
vda,36.60,0.00,0.15,0,0
vda,2.20,0.00,0.01,0,0
vda,1.00,0.00,0.00,0,0
vda,0.40,0.00,0.00,0,0
vda,2.20,0.00,0.01,0,0
vda,20.20,0.00,0.09,0,0
vda,2.20,0.00,0.01,0,0
vda,0.20,0.00,0.00,0,0
vda,1.00,0.00,0.00,0,0
vda,37.40,0.00,0.15,0,0
vda,1.60,0.00,0.01,0,0
vda,0.00,0.00,0.00,0,0
vda,20.00,0.00,0.08,0,0
vda,2.20,0.00,0.01,0,0
vda,1.00,0.00,0.00,0,0
vda,8.80,0.00,0.04,0,0
vda,0.00,0.00,0.00,0,0
vda,1.20,0.00,0.00,0,0
vda,24.80,0.00,0.10,0,0
vda,27.60,0.00,0.11,0,0
vda,1.20,0.00,0.00,0,0
vda,2.60,0.00,0.01,0,0
vda,0.00,0.00,0.00,0,0
vda,1.20,0.00,0.00,0,0
vda,2.00,0.00,0.01,0,0
vda,9.40,0.00,0.05,0,0
vda,14.40,0.00,0.06,0,0
vda,14.80,0.00,0.06,0,0
vda,36.20,0.00,0.14,0,0
vda,0.00,0.00,0.00,0,0
vda,1.40,0.00,0.01,0,0
vda,2.00,0.00,0.01,0,0
vda,1.00,0.00,0.00,0,0
vda,2.20,0.00,0.01,0,0
vda,1.80,0.00,0.01,0,0
vda,24.60,0.00,0.10,0,0
vda,1.00,0.00,0.00,0,0
vda,36.00,0.00,0.14,0,0
vda,7.00,0.00,0.03,0,0
vda,0.20,0.00,0.00,0,0
vda,2.60,0.00,0.01,0,0
vda,4.60,0.00,0.02,0,0
vda,12.80,0.00,0.05,0,0
vda,1.80,0.00,0.01,0,0
vda,1.60,0.00,0.01,0,0
vda,7.40,0.00,0.03,0,0
