16218752.0,43284.0,1820.0
15524131.2,158740.0,2570.4
14482200.0,331924.0,3696.0
14482200.0,331924.0,3696.0
13852950.4,486330.4,3720.0
12909076.0,717940.0,3756.0
12909076.0,717940.0,3756.0
12328068.0,888799.2,3778.4
11456556.0,1145088.0,3812.0
10912152.0,1171060.8,3841.8666667
10289976.0,1200744.0,3876.0
10289976.0,1200744.0,3876.0
10289334.4,1200740.8,3901.6
10288372.0,1200736.0,3940.0
10288372.0,1200736.0,3940.0
10288372.0,1200736.0,3940.0
10288372.0,1200736.0,3940.0
10288372.0,1200736.0,3940.0
10288372.0,1200736.0,3940.0
10288372.0,1200736.0,3940.0
10288372.0,1200736.0,3940.0
10288372.0,1200736.0,3940.0
10288372.0,1200736.0,3940.0
10288372.0,1200736.0,3940.0
10288060.0,1200748.8,4039.2
10287592.0,1200768.0,4188.0
10287592.0,1200768.0,4188.0
10287592.0,1200768.0,4188.0
10287592.0,1200768.0,4188.0
10287592.0,1200768.0,4188.0
10287592.0,1200768.0,4188.0
10286699.2,1201097.6,4324.0
10285360.0,1201592.0,4528.0
10282220.267,1201592.0,4557.8666667
10278632.0,1201592.0,4592.0
10278632.0,1201592.0,4592.0
10277490.667,1201602.6667,4621.8666667
10276492.0,1201612.0,4648.0
10276492.0,1201612.0,4648.0
10276492.0,1201612.0,4648.0
10276492.0,1201612.0,4648.0
10276492.0,1201612.0,4648.0
10276492.0,1201612.0,4648.0
10276492.0,1201612.0,4648.0
10276492.0,1201612.0,4648.0
10276492.0,1201612.0,4648.0
10276492.0,1201612.0,4648.0
10276492.0,1201612.0,4648.0
10275864.8,1201620.5333,4784.5333333
10275316.0,1201628.0,4904.0
10275316.0,1201628.0,4904.0
10275316.0,1201628.0,4904.0
10275316.0,1201628.0,4904.0
10275316.0,1201628.0,4904.0
10275316.0,1201628.0,4904.0
10275316.0,1201628.0,4904.0
10275316.0,1201628.0,4904.0
10275316.0,1201628.0,4904.0
10275316.0,1201628.0,4904.0
10275316.0,1201628.0,4904.0
10274476.0,1201637.6,5091.2
10273916.0,1201644.0,5216.0
10273916.0,1201644.0,5216.0
10274903.733,1201641.8667,5254.4
10275768.0,1201640.0,5288.0
10275768.0,1201640.0,5288.0
10275768.0,1201640.0,5288.0
10275768.0,1201640.0,5288.0
10275768.0,1201640.0,5288.0
10275768.0,1201640.0,5288.0
10275768.0,1201640.0,5288.0
10275768.0,1201640.0,5288.0
10275768.0,1201640.0,5288.0
10275768.0,1201640.0,5288.0
10275768.0,1201640.0,5288.0
10274472.0,1201781.6,5422.4
10273608.0,1201876.0,5512.0
10273608.0,1201876.0,5512.0
10273608.0,1201876.0,5512.0
10269994.667,1201878.6667,5581.3333333
10268188.0,1201880.0,5616.0
10268188.0,1201880.0,5616.0
10267255.2,1201962.1333,5662.9333333
10266916.0,1201992.0,5680.0
10266141.6,1201994.9333,5721.0666667
10265860.0,1201996.0,5736.0
10265860.0,1201996.0,5736.0
10265860.0,1201996.0,5736.0
10265860.0,1201996.0,5736.0
10265860.0,1201996.0,5736.0
10265860.0,1201996.0,5736.0
10265860.0,1201996.0,5736.0
10265860.0,1201996.0,5736.0
10265860.0,1201996.0,5736.0
10265860.0,1201996.0,5736.0
10265860.0,1201996.0,5736.0
10265531.467,1202013.6,5935.4666667
10265412.0,1202020.0,6008.0
10265412.0,1202020.0,6008.0
10265412.0,1202020.0,6008.0
10265412.0,1202020.0,6008.0
10265412.0,1202020.0,6008.0
10265412.0,1202020.0,6008.0
10265412.0,1202020.0,6008.0
10265412.0,1202020.0,6008.0
10265412.0,1202020.0,6008.0
10265412.0,1202020.0,6008.0
10265412.0,1202020.0,6008.0
10265684.0,1202132.0,6264.0
10265752.0,1202160.0,6328.0
10265752.0,1202160.0,6328.0
10265752.0,1202160.0,6328.0
10265752.0,1202160.0,6328.0
10265752.0,1202160.0,6328.0
10265752.0,1202160.0,6328.0
10265752.0,1202160.0,6328.0
10265752.0,1202160.0,6328.0
10265752.0,1202160.0,6328.0
10265752.0,1202160.0,6328.0
10265752.0,1202160.0,6328.0
10265752.0,1202160.0,6328.0
10265651.2,1202174.9333,6563.2
10265644.0,1202176.0,6580.0
10265644.0,1202176.0,6580.0
10265644.0,1202176.0,6580.0
10258925.6,1202266.1333,6670.1333333
10257892.0,1202280.0,6684.0
10257892.0,1202280.0,6684.0
10257892.0,1202280.0,6684.0
10257892.0,1202280.0,6684.0
10257892.0,1202280.0,6684.0
10257892.0,1202280.0,6684.0
10255747.733,1202388.5333,6824.8
10254968.0,1202428.0,6876.0
10254968.0,1202428.0,6876.0
10256366.4,1202431.2,6933.6
10256716.0,1202432.0,6948.0
10256716.0,1202432.0,6948.0
10256716.0,1202432.0,6948.0
10256716.0,1202432.0,6948.0
10256716.0,1202432.0,6948.0
10256716.0,1202432.0,6948.0
10256716.0,1202432.0,6948.0
10255239.2,1202459.7333,7114.4
10255012.0,1202464.0,7140.0
10255012.0,1202464.0,7140.0
10255012.0,1202464.0,7140.0
10255012.0,1202464.0,7140.0
10255012.0,1202464.0,7140.0
10255012.0,1202464.0,7140.0
10255012.0,1202464.0,7140.0
10255012.0,1202464.0,7140.0
10255012.0,1202464.0,7140.0
10255012.0,1202464.0,7140.0
10255012.0,1202464.0,7140.0
10254937.333,1202536.0,7305.3333333
10253316.0,1204004.0,7657.3333333
10252524.0,1204720.0,7792.0
10252524.0,1204720.0,7792.0
10252524.0,1204720.0,7792.0
10252524.0,1204720.0,7792.0
10252524.0,1204720.0,7792.0
10252524.0,1204720.0,7792.0
10252524.0,1204720.0,7792.0
10252524.0,1204720.0,7792.0
10252524.0,1204720.0,7792.0
10252524.0,1204720.0,7792.0
10252524.0,1204720.0,7792.0
10252793.333,1204730.6667,7960.0
10252928.0,1204736.0,8044.0
10248500.0,1204736.0,8082.4
10245548.0,1204736.0,8108.0
10244980.533,1204748.8,8137.8666667
10244484.0,1204760.0,8164.0
10244484.0,1204760.0,8164.0
10244484.0,1204760.0,8164.0
10244484.0,1204760.0,8164.0
10244484.0,1204760.0,8164.0
10244484.0,1204760.0,8164.0
10244484.0,1204760.0,8164.0
10244484.0,1204760.0,8164.0
10244484.0,1204760.0,8164.0
10244484.0,1204760.0,8164.0
10244484.0,1204760.0,8164.0
10244801.333,1204769.3333,8264.8
10245164.0,1204780.0,8380.0
10245164.0,1204780.0,8380.0
10245164.0,1204780.0,8380.0
10245164.0,1204780.0,8380.0
10245164.0,1204780.0,8380.0
10245164.0,1204780.0,8380.0
10245164.0,1204780.0,8380.0
10245164.0,1204780.0,8380.0
10245164.0,1204780.0,8380.0
10245164.0,1204780.0,8380.0
10245164.0,1204780.0,8380.0
10245133.333,1204794.6667,8484.0
10245072.0,1204824.0,8692.0
10245072.0,1204824.0,8692.0
10245072.0,1204824.0,8692.0
10245072.0,1204824.0,8692.0
10245072.0,1204824.0,8692.0
10245072.0,1204824.0,8692.0
10245072.0,1204824.0,8692.0
10245072.0,1204824.0,8692.0
10245072.0,1204824.0,8692.0
10245072.0,1204824.0,8692.0
10244132.8,1204835.2,8791.2
10242724.0,1204852.0,8940.0
10243106.667,1204854.6667,8961.3333333
10243872.0,1204860.0,9004.0
10243872.0,1204860.0,9004.0
10243872.0,1204860.0,9004.0
10243872.0,1204860.0,9004.0
10243872.0,1204860.0,9004.0
10241334.667,1204858.6667,9049.3333333
10236260.0,1204856.0,9140.0
10236260.0,1204856.0,9140.0
10236260.0,1204856.0,9140.0
10236260.0,1204856.0,9140.0
10236260.0,1204856.0,9140.0
10236260.0,1204856.0,9140.0
10236260.0,1204856.0,9140.0
10236260.0,1204856.0,9140.0
10236260.0,1204856.0,9140.0
10236260.0,1204856.0,9140.0
10236260.0,1204856.0,9140.0
10236185.6,1204858.4,9188.0
10235888.0,1204868.0,9380.0
10235888.0,1204868.0,9380.0
10235888.0,1204868.0,9380.0
10235888.0,1204868.0,9380.0
10235888.0,1204868.0,9380.0
10235888.0,1204868.0,9380.0
10235888.0,1204868.0,9380.0
10235888.0,1204868.0,9380.0
10235888.0,1204868.0,9380.0
10235888.0,1204868.0,9380.0
10235888.0,1204868.0,9380.0
