7984808.0,45540.0,3184.0
7984808.0,45540.0,3184.0
7805049.3333,76420.0,3897.3333333
7445532.0,138180.0,5324.0
7445532.0,138180.0,5324.0
7440649.3333,138918.66667,5414.6666667
7430884.0,140396.0,5596.0
7404370.6667,140406.66667,5617.3333333
7351344.0,140428.0,5660.0
7351344.0,140428.0,5660.0
7348465.6,140428.0,5682.4
7344148.0,140428.0,5716.0
7344148.0,140428.0,5716.0
7342510.6667,140431.2,5728.8
7338008.0,140440.0,5764.0
7300300.0,140700.0,5793.3333333
7224884.0,141220.0,5852.0
7224884.0,141220.0,5852.0
