3483484.8,372716.53333,6512.0
3759408.0,96372.0,3984.0
3759408.0,96372.0,3984.0
2330170.6667,437923.46667,4030.9333333
1810448.0,562124.0,4048.0
1369484.5333,589656.26667,4096.5333333
1301644.0,593892.0,4104.0
1301644.0,593892.0,4104.0
1311035.2,593898.93333,4152.5333333
1312480.0,593900.0,4160.0
1312480.0,593900.0,4160.0
1335120.0,593903.2,4211.2
1340780.0,593904.0,4224.0
1386335.2,603491.2,5884.8
1397724.0,605888.0,6300.0
1397724.0,605888.0,6300.0
1457170.4,605898.4,6348.5333333
1466316.0,605900.0,6356.0
1466316.0,605900.0,6356.0
1532435.7333,605910.4,6411.4666667
1542608.0,605912.0,6420.0
1542608.0,605912.0,6420.0
3172107.2,599763.2,6487.2
