7683920.2667,108719.46667,2967.2
7683920.2667,108719.46667,2967.2
7432904.0,149760.0,3908.0
7432904.0,149760.0,3908.0
7432904.0,149760.0,3908.0
7432904.0,149760.0,3908.0
7428883.2,149991.46667,4027.4666667
7428596.0,150008.0,4036.0
7428596.0,150008.0,4036.0
7426482.9333,150015.46667,4103.2
7426332.0,150016.0,4108.0
7426332.0,150016.0,4108.0
7345246.6667,150016.0,4156.5333333
7332772.0,150016.0,4164.0
7334013.6,150016.0,4208.8
7334324.0,150016.0,4220.0
7334324.0,150016.0,4220.0
7334324.0,150016.0,4220.0
7334324.0,150016.0,4220.0
7334324.0,150016.0,4220.0
7334324.0,150016.0,4220.0
7334324.0,150016.0,4220.0
7334324.0,150016.0,4220.0
7334324.0,150016.0,4220.0
7334324.0,150016.0,4220.0
7331620.0,150038.4,4399.2
7330944.0,150044.0,4444.0
7330944.0,150044.0,4444.0
7330944.0,150044.0,4444.0
7330944.0,150044.0,4444.0
7330944.0,150044.0,4444.0
7330944.0,150044.0,4444.0
7330944.0,150044.0,4444.0
7329843.2,150690.4,4719.2
7329568.0,150852.0,4788.0
