7953540.0,74104.0,3376.0
7065232.8,260514.4,3690.4
6473028.0,384788.0,3900.0
6473028.0,384788.0,3900.0
5396860.0,701044.0,3950.6666667
4858776.0,859172.0,3976.0
4858776.0,859172.0,3976.0
3681693.3333,1023553.3333,4018.6666667
3093152.0,1105744.0,4040.0
3093152.0,1105744.0,4040.0
3091712.0,1105760.0,4097.6
3091352.0,1105764.0,4112.0
3090273.6,1105760.8,4150.4
3090004.0,1105760.0,4160.0
3090004.0,1105760.0,4160.0
3090986.4,1105763.2,4208.0
3091232.0,1105764.0,4220.0
3091232.0,1105764.0,4220.0
3091232.0,1105764.0,4220.0
3091232.0,1105764.0,4220.0
3091232.0,1105764.0,4220.0
3091232.0,1105764.0,4220.0
3091232.0,1105764.0,4220.0
3091232.0,1105764.0,4220.0
3091232.0,1105764.0,4220.0
3091232.0,1105764.0,4220.0
3091232.0,1105764.0,4220.0
3090960.0,1105799.2,4396.0
3090892.0,1105808.0,4440.0
3090892.0,1105808.0,4440.0
3090892.0,1105808.0,4440.0
3090892.0,1105808.0,4440.0
3090892.0,1105808.0,4440.0
3090892.0,1105808.0,4440.0
3090892.0,1105808.0,4440.0
3090892.0,1105808.0,4440.0
3090892.0,1105808.0,4440.0
3090892.0,1105808.0,4440.0
3090892.0,1105808.0,4440.0
3089557.3333,1106563.7333,4831.7333333
3089352.0,1106680.0,4892.0
3089352.0,1106680.0,4892.0
3089352.0,1106680.0,4892.0
3089352.0,1106680.0,4892.0
3089352.0,1106680.0,4892.0
3089352.0,1106680.0,4892.0
3089352.0,1106680.0,4892.0
3089352.0,1106680.0,4892.0
3089352.0,1106680.0,4892.0
3089352.0,1106680.0,4892.0
3089352.0,1106680.0,4892.0
3089569.0667,1106691.7333,5073.8666667
3089648.0,1106696.0,5140.0
3089648.0,1106696.0,5140.0
3089648.0,1106696.0,5140.0
3089648.0,1106696.0,5140.0
3089648.0,1106696.0,5140.0
3089648.0,1106696.0,5140.0
3089648.0,1106696.0,5140.0
3089648.0,1106696.0,5140.0
3089648.0,1106696.0,5140.0
3089648.0,1106696.0,5140.0
3089648.0,1106696.0,5140.0
3088454.1333,1106722.4,5368.8
3088020.0,1106732.0,5452.0
3088020.0,1106732.0,5452.0
3088020.0,1106732.0,5452.0
3088020.0,1106732.0,5452.0
3088020.0,1106732.0,5452.0
3088020.0,1106732.0,5452.0
3088020.0,1106732.0,5452.0
3088020.0,1106732.0,5452.0
3088020.0,1106732.0,5452.0
3088020.0,1106732.0,5452.0
3088020.0,1106732.0,5452.0
3088008.2667,1106840.5333,5639.7333333
3088004.0,1106880.0,5708.0
3088004.0,1106880.0,5708.0
3088004.0,1106880.0,5708.0
3088004.0,1106880.0,5708.0
3088004.0,1106880.0,5708.0
3088004.0,1106880.0,5708.0
3086684.0,1106885.8667,5848.8
3086204.0,1106888.0,5900.0
3087570.4,1106894.4,5944.8
3087912.0,1106896.0,5956.0
3087912.0,1106896.0,5956.0
3087912.0,1106896.0,5956.0
3087912.0,1106896.0,5956.0
3087912.0,1106896.0,5956.0
3087912.0,1106896.0,5956.0
3087912.0,1106896.0,5956.0
3087912.0,1106896.0,5956.0
3087912.0,1106896.0,5956.0
3087912.0,1106896.0,5956.0
3087912.0,1106896.0,5956.0
3087281.0667,1106923.7333,6167.4666667
3087184.0,1106928.0,6200.0
3087184.0,1106928.0,6200.0
3087184.0,1106928.0,6200.0
3087184.0,1106928.0,6200.0
3087184.0,1106928.0,6200.0
3087184.0,1106928.0,6200.0
3087184.0,1106928.0,6200.0
3087184.0,1106928.0,6200.0
3087184.0,1106928.0,6200.0
3087184.0,1106928.0,6200.0
3087184.0,1106928.0,6200.0
3086577.3333,1106941.8667,6456.5333333
3086484.0,1106944.0,6496.0
3086484.0,1106944.0,6496.0
3086484.0,1106944.0,6496.0
3086484.0,1106944.0,6496.0
3086484.0,1106944.0,6496.0
3084438.1333,1108922.6667,6947.7333333
3084292.0,1109064.0,6980.0
3084292.0,1109064.0,6980.0
3084292.0,1109064.0,6980.0
3084292.0,1109064.0,6980.0
3084292.0,1109064.0,6980.0
3084292.0,1109064.0,6980.0
3084292.0,1109064.0,6980.0
3084292.0,1109064.0,6980.0
3084292.0,1109064.0,6980.0
3084292.0,1109064.0,6980.0
3084292.0,1109064.0,6980.0
3083567.7333,1109071.4667,7218.9333333
3083516.0,1109072.0,7236.0
3083516.0,1109072.0,7236.0
3083516.0,1109072.0,7236.0
3083516.0,1109072.0,7236.0
3083516.0,1109072.0,7236.0
3083516.0,1109072.0,7236.0
3083516.0,1109072.0,7236.0
3083516.0,1109072.0,7236.0
3083516.0,1109072.0,7236.0
3083516.0,1109072.0,7236.0
3083516.0,1109072.0,7236.0
3083432.0,1109092.0,7524.0
3083432.0,1109092.0,7524.0
3083432.0,1109092.0,7524.0
3083432.0,1109092.0,7524.0
3083432.0,1109092.0,7524.0
3083432.0,1109092.0,7524.0
3083432.0,1109092.0,7524.0
3083432.0,1109092.0,7524.0
3083432.0,1109092.0,7524.0
3083432.0,1109092.0,7524.0
3083432.0,1109092.0,7524.0
3083432.0,1109092.0,7524.0
3083632.0,1109112.0,7796.0
3083632.0,1109112.0,7796.0
3083632.0,1109112.0,7796.0
3083632.0,1109112.0,7796.0
3082328.0,1109128.0,7916.0
3082328.0,1109128.0,7916.0
3082328.0,1109128.0,7916.0
3082328.0,1109128.0,7916.0
3082328.0,1109128.0,7916.0
3082328.0,1109128.0,7916.0
3082328.0,1109128.0,7916.0
3082328.0,1109128.0,7916.0
3082328.0,1109128.0,7916.0
3082328.0,1109128.0,7916.0
3082328.0,1109128.0,7916.0
3082328.0,1109128.0,7916.0
3082785.6,1109159.2,8151.7333333
3082856.0,1109164.0,8188.0
3082856.0,1109164.0,8188.0
3082856.0,1109164.0,8188.0
3080776.0,1109174.4,8292.0
3080456.0,1109176.0,8308.0
3079353.6,1109179.4667,8363.4666667
3079184.0,1109180.0,8372.0
3079184.0,1109180.0,8372.0
3079184.0,1109180.0,8372.0
3079184.0,1109180.0,8372.0
3079184.0,1109180.0,8372.0
3077632.0,1109188.0,8484.0
3077632.0,1109188.0,8484.0
3077632.0,1109188.0,8484.0
3077632.0,1109188.0,8484.0
3077632.0,1109188.0,8484.0
3077632.0,1109188.0,8484.0
3077632.0,1109188.0,8484.0
3077632.0,1109188.0,8484.0
3077632.0,1109188.0,8484.0
3077632.0,1109188.0,8484.0
3077632.0,1109188.0,8484.0
3077632.0,1109188.0,8484.0
3077184.0,1109210.4,8670.6666667
3077152.0,1109212.0,8684.0
3077152.0,1109212.0,8684.0
3077152.0,1109212.0,8684.0
3077152.0,1109212.0,8684.0
3077152.0,1109212.0,8684.0
3077152.0,1109212.0,8684.0
3077152.0,1109212.0,8684.0
3077152.0,1109212.0,8684.0
3077152.0,1109212.0,8684.0
3077152.0,1109212.0,8684.0
3077152.0,1109212.0,8684.0
3077445.3333,1109285.3333,8865.8666667
3077552.0,1109312.0,8932.0
3077552.0,1109312.0,8932.0
3077552.0,1109312.0,8932.0
3077552.0,1109312.0,8932.0
3077552.0,1109312.0,8932.0
3077552.0,1109312.0,8932.0
3077552.0,1109312.0,8932.0
3077552.0,1109312.0,8932.0
3077552.0,1109312.0,8932.0
3077552.0,1109312.0,8932.0
3077552.0,1109312.0,8932.0
3077480.0,1109312.0,9092.0
3077444.0,1109312.0,9172.0
3077444.0,1109312.0,9172.0
3077444.0,1109312.0,9172.0
3077444.0,1109312.0,9172.0
3077444.0,1109312.0,9172.0
3077444.0,1109312.0,9172.0
3077444.0,1109312.0,9172.0
3077444.0,1109312.0,9172.0
3077444.0,1109312.0,9172.0
3077444.0,1109312.0,9172.0
3077444.0,1109312.0,9172.0
3077181.6,1109356.8,9312.8
3076952.0,1109396.0,9436.0
3076952.0,1109396.0,9436.0
3076952.0,1109396.0,9436.0
3076952.0,1109396.0,9436.0
3076952.0,1109396.0,9436.0
3076952.0,1109396.0,9436.0
3076952.0,1109396.0,9436.0
3163170.6667,1109420.0,9553.3333333
3206280.0,1109432.0,9612.0
3250746.6667,1109434.6667,9649.3333333
3272980.0,1109436.0,9668.0
3272980.0,1109436.0,9668.0
3272980.0,1109436.0,9668.0
3272980.0,1109436.0,9668.0
3272980.0,1109436.0,9668.0
3272980.0,1109436.0,9668.0
3272980.0,1109436.0,9668.0
3272980.0,1109436.0,9668.0
3272980.0,1109436.0,9668.0
3272980.0,1109436.0,9668.0
3272980.0,1109436.0,9668.0
3273022.6667,1109444.0,9822.6666667
3273044.0,1109448.0,9900.0
3273044.0,1109448.0,9900.0
3273044.0,1109448.0,9900.0
3273044.0,1109448.0,9900.0
3273044.0,1109448.0,9900.0
3273044.0,1109448.0,9900.0
3273044.0,1109448.0,9900.0
3273044.0,1109448.0,9900.0
3273044.0,1109448.0,9900.0
3273044.0,1109448.0,9900.0
3273044.0,1109448.0,9900.0
3272902.4,1109464.8,10087.2
3272808.0,1109476.0,10212.0
3272808.0,1109476.0,10212.0
3272808.0,1109476.0,10212.0
3272808.0,1109476.0,10212.0
3272808.0,1109476.0,10212.0
3272808.0,1109476.0,10212.0
3272808.0,1109476.0,10212.0
3272808.0,1109476.0,10212.0
3272808.0,1109476.0,10212.0
3272808.0,1109476.0,10212.0
3272808.0,1109476.0,10212.0
3272714.6667,1109494.6667,10366.666667
3272668.0,1109504.0,10444.0
3272668.0,1109504.0,10444.0
3272668.0,1109504.0,10444.0
3272668.0,1109504.0,10444.0
3272668.0,1109504.0,10444.0
3272668.0,1109504.0,10444.0
3272668.0,1109504.0,10444.0
3272668.0,1109504.0,10444.0
3272668.0,1109504.0,10444.0
3272668.0,1109504.0,10444.0
3272668.0,1109504.0,10444.0
3272279.2,1109525.6,10612.0
3272020.0,1109540.0,10724.0
3272020.0,1109540.0,10724.0
3272020.0,1109540.0,10724.0
3272020.0,1109540.0,10724.0
3272020.0,1109540.0,10724.0
3272020.0,1109540.0,10724.0
3272020.0,1109540.0,10724.0
3363766.6667,1109598.6667,10841.333333
3409640.0,1109628.0,10900.0
3409640.0,1109628.0,10900.0
3409640.0,1109628.0,10900.0
3409640.0,1109628.0,10900.0
3409640.0,1109628.0,10900.0
3409640.0,1109628.0,10900.0
3409640.0,1109628.0,10900.0
3409640.0,1109628.0,10900.0
3409640.0,1109628.0,10900.0
3409640.0,1109628.0,10900.0
3409640.0,1109628.0,10900.0
3409640.0,1109628.0,10900.0
3410011.2,1109634.4,11079.2
3410104.0,1109636.0,11124.0
3410104.0,1109636.0,11124.0
3410104.0,1109636.0,11124.0
3410104.0,1109636.0,11124.0
3410104.0,1109636.0,11124.0
3410104.0,1109636.0,11124.0
3410104.0,1109636.0,11124.0
3410104.0,1109636.0,11124.0
3410104.0,1109636.0,11124.0
3410104.0,1109636.0,11124.0
3410104.0,1109636.0,11124.0
3409672.0,1109706.4,11348.0
3409564.0,1109724.0,11404.0
3409564.0,1109724.0,11404.0
3409564.0,1109724.0,11404.0
3409564.0,1109724.0,11404.0
3409564.0,1109724.0,11404.0
3409564.0,1109724.0,11404.0
3409564.0,1109724.0,11404.0
3409564.0,1109724.0,11404.0
3409564.0,1109724.0,11404.0
3409564.0,1109724.0,11404.0
3409608.0,1109738.6667,11585.866667
3409624.0,1109744.0,11652.0
3409624.0,1109744.0,11652.0
3409624.0,1109744.0,11652.0
3409624.0,1109744.0,11652.0
3409624.0,1109744.0,11652.0
3409624.0,1109744.0,11652.0
3409624.0,1109744.0,11652.0
3409624.0,1109744.0,11652.0
3409624.0,1109744.0,11652.0
3408318.6667,1109814.4,11833.866667
3407844.0,1109840.0,11900.0
3407844.0,1109840.0,11900.0
3409324.2667,1109850.4,11948.533333
3409552.0,1109852.0,11956.0
3409552.0,1109852.0,11956.0
3409552.0,1109852.0,11956.0
3409552.0,1109852.0,11956.0
3409552.0,1109852.0,11956.0
3409552.0,1109852.0,11956.0
3409552.0,1109852.0,11956.0
3679233.0667,1109881.8667,12135.2
3698496.0,1109884.0,12148.0
3698496.0,1109884.0,12148.0
3698496.0,1109884.0,12148.0
3698409.3333,1109898.1333,12155.466667
3697196.0,1110096.0,12260.0
3697196.0,1110096.0,12260.0
3697444.0,1110096.8,12272.8
3698436.0,1110100.0,12324.0
3698436.0,1110100.0,12324.0
3698436.0,1110100.0,12324.0
3698436.0,1110100.0,12324.0
3698436.0,1110100.0,12324.0
3698436.0,1110100.0,12324.0
3698436.0,1110100.0,12324.0
3698436.0,1110100.0,12324.0
3698436.0,1110100.0,12324.0
3698436.0,1110100.0,12324.0
3698436.0,1110100.0,12324.0
3698407.2,1110119.2,12358.133333
3698220.0,1110244.0,12580.0
3698220.0,1110244.0,12580.0
3698220.0,1110244.0,12580.0
3698220.0,1110244.0,12580.0
3698220.0,1110244.0,12580.0
3698220.0,1110244.0,12580.0
3698220.0,1110244.0,12580.0
3698220.0,1110244.0,12580.0
3698220.0,1110244.0,12580.0
3698220.0,1110244.0,12580.0
3698220.0,1110244.0,12580.0
3698220.0,1110244.0,12580.0
3697596.5333,1110255.2,12833.866667
3697552.0,1110256.0,12852.0
3697552.0,1110256.0,12852.0
3697552.0,1110256.0,12852.0
3697552.0,1110256.0,12852.0
3697552.0,1110256.0,12852.0
3697552.0,1110256.0,12852.0
3697552.0,1110256.0,12852.0
3697552.0,1110256.0,12852.0
3697552.0,1110256.0,12852.0
3695916.8,1110334.4,13061.066667
3695800.0,1110340.0,13076.0
3695800.0,1110340.0,13076.0
3697076.8,1110347.4667,13128.266667
3697168.0,1110348.0,13132.0
3697168.0,1110348.0,13132.0
3697168.0,1110348.0,13132.0
3697168.0,1110348.0,13132.0
3697168.0,1110348.0,13132.0
3697168.0,1110348.0,13132.0
3697168.0,1110348.0,13132.0
3697168.0,1110348.0,13132.0
3697168.0,1110348.0,13132.0
3697168.0,1110348.0,13132.0
3968625.3333,1110476.2667,13346.933333
4010388.0,1110496.0,13380.0
4010388.0,1110496.0,13380.0
4010388.0,1110496.0,13380.0
4010388.0,1110496.0,13380.0
4010388.0,1110496.0,13380.0
4010388.0,1110496.0,13380.0
4010388.0,1110496.0,13380.0
4010388.0,1110496.0,13380.0
4010388.0,1110496.0,13380.0
4010388.0,1110496.0,13380.0
4010388.0,1110496.0,13380.0
4010350.6667,1110514.6667,13618.933333
4010348.0,1110516.0,13636.0
4010348.0,1110516.0,13636.0
4010348.0,1110516.0,13636.0
4010348.0,1110516.0,13636.0
4010348.0,1110516.0,13636.0
4010348.0,1110516.0,13636.0
4010348.0,1110516.0,13636.0
4010348.0,1110516.0,13636.0
4010348.0,1110516.0,13636.0
4010348.0,1110516.0,13636.0
4010280.8,1110573.6,13842.4
4010236.0,1110612.0,13980.0
4010236.0,1110612.0,13980.0
4010236.0,1110612.0,13980.0
4010236.0,1110612.0,13980.0
4010236.0,1110612.0,13980.0
4010236.0,1110612.0,13980.0
4010236.0,1110612.0,13980.0
4010236.0,1110612.0,13980.0
4010236.0,1110612.0,13980.0
4010236.0,1110612.0,13980.0
4010236.0,1110612.0,13980.0
4009916.0,1110673.3333,14134.666667
4009756.0,1110704.0,14212.0
4009756.0,1110704.0,14212.0
4009756.0,1110704.0,14212.0
4009756.0,1110704.0,14212.0
4009756.0,1110704.0,14212.0
4009756.0,1110704.0,14212.0
4009756.0,1110704.0,14212.0
4009756.0,1110704.0,14212.0
4009756.0,1110704.0,14212.0
4009756.0,1110704.0,14212.0
4009756.0,1110704.0,14212.0
4009057.6,1110708.8,14394.4
4008592.0,1110712.0,14516.0
4008592.0,1110712.0,14516.0
4008592.0,1110712.0,14516.0
4008592.0,1110712.0,14516.0
4008592.0,1110712.0,14516.0
4008592.0,1110712.0,14516.0
4008592.0,1110712.0,14516.0
4079719.4667,1110724.8,14614.133333
4141956.0,1110736.0,14700.0
4141956.0,1110736.0,14700.0
4191782.1333,1110731.7333,14738.4
4235380.0,1110728.0,14772.0
4235380.0,1110728.0,14772.0
4235380.0,1110728.0,14772.0
4235380.0,1110728.0,14772.0
4235380.0,1110728.0,14772.0
4235380.0,1110728.0,14772.0
4235380.0,1110728.0,14772.0
4235380.0,1110728.0,14772.0
4235380.0,1110728.0,14772.0
4235380.0,1110728.0,14772.0
4235380.0,1110728.0,14772.0
4235385.6,1110765.3333,14884.0
4235392.0,1110808.0,15012.0
4235392.0,1110808.0,15012.0
4235392.0,1110808.0,15012.0
4235392.0,1110808.0,15012.0
4235392.0,1110808.0,15012.0
4235392.0,1110808.0,15012.0
4235392.0,1110808.0,15012.0
4235392.0,1110808.0,15012.0
4235392.0,1110808.0,15012.0
4235392.0,1110808.0,15012.0
4235392.0,1110808.0,15012.0
4235302.4,1110828.8,15130.4
4235168.0,1110860.0,15308.0
4235168.0,1110860.0,15308.0
4235168.0,1110860.0,15308.0
4235168.0,1110860.0,15308.0
4235168.0,1110860.0,15308.0
4235168.0,1110860.0,15308.0
4235168.0,1110860.0,15308.0
4235168.0,1110860.0,15308.0
4235168.0,1110860.0,15308.0
4235168.0,1110860.0,15308.0
4235168.0,1110860.0,15308.0
4234762.6667,1110864.2667,15444.533333
4234408.0,1110868.0,15564.0
4234408.0,1110868.0,15564.0
4234408.0,1110868.0,15564.0
4234408.0,1110868.0,15564.0
4234408.0,1110868.0,15564.0
4234408.0,1110868.0,15564.0
4234408.0,1110868.0,15564.0
4234408.0,1110868.0,15564.0
4234408.0,1110868.0,15564.0
4234408.0,1110868.0,15564.0
4234408.0,1110868.0,15564.0
4234252.0,1110930.4,15746.4
4234148.0,1110972.0,15868.0
4234148.0,1110972.0,15868.0
4234148.0,1110972.0,15868.0
4234148.0,1110972.0,15868.0
4234148.0,1110972.0,15868.0
4234148.0,1110972.0,15868.0
4234148.0,1110972.0,15868.0
4376042.1333,1110977.8667,16008.8
4427640.0,1110980.0,16060.0
4427640.0,1110980.0,16060.0
4428512.0,1110985.3333,16097.333333
4428948.0,1110988.0,16116.0
4428948.0,1110988.0,16116.0
4428948.0,1110988.0,16116.0
4428948.0,1110988.0,16116.0
4428948.0,1110988.0,16116.0
4428948.0,1110988.0,16116.0
4428948.0,1110988.0,16116.0
4428948.0,1110988.0,16116.0
4428948.0,1110988.0,16116.0
4428948.0,1110988.0,16116.0
4428948.0,1110988.0,16116.0
4428462.6667,1111004.0,16270.666667
4428220.0,1111012.0,16348.0
4428220.0,1111012.0,16348.0
4428220.0,1111012.0,16348.0
4428220.0,1111012.0,16348.0
4428220.0,1111012.0,16348.0
4428220.0,1111012.0,16348.0
4428220.0,1111012.0,16348.0
4428220.0,1111012.0,16348.0
4428220.0,1111012.0,16348.0
4428220.0,1111012.0,16348.0
4428220.0,1111012.0,16348.0
4428777.3333,1111029.6,16576.8
4428980.0,1111036.0,16660.0
4428980.0,1111036.0,16660.0
4428980.0,1111036.0,16660.0
4428980.0,1111036.0,16660.0
4428980.0,1111036.0,16660.0
4428980.0,1111036.0,16660.0
4428980.0,1111036.0,16660.0
4428980.0,1111036.0,16660.0
4428980.0,1111036.0,16660.0
4428980.0,1111036.0,16660.0
4428980.0,1111036.0,16660.0
4428369.3333,1111054.6667,16793.333333
4428064.0,1111064.0,16860.0
4428064.0,1111064.0,16860.0
4428064.0,1111064.0,16860.0
4428064.0,1111064.0,16860.0
4428064.0,1111064.0,16860.0
4428064.0,1111064.0,16860.0
4428064.0,1111064.0,16860.0
4428064.0,1111064.0,16860.0
4427257.3333,1111081.6,17030.133333
4426964.0,1111088.0,17092.0
4426964.0,1111088.0,17092.0
4427826.4,1111093.8667,17127.2
4428140.0,1111096.0,17140.0
4428140.0,1111096.0,17140.0
4428140.0,1111096.0,17140.0
4428140.0,1111096.0,17140.0
6411429.6,1105857.6,17223.2
6907252.0,1104548.0,17244.0
