7779015.2,103268.0,2029.6
7051252.0,235012.0,3764.0
7051252.0,235012.0,3764.0
6644719.2,339344.0,3776.8
5018588.0,756672.0,3828.0
4801468.5333,803062.93333,3856.2666667
3390192.0,1104604.0,4040.0
3390192.0,1104604.0,4040.0
3368022.6667,1104604.2667,4045.0666667
3057652.0,1104608.0,4116.0
3057652.0,1104608.0,4116.0
3057652.0,1104608.0,4116.0
3057652.0,1104608.0,4116.0
3057652.0,1104608.0,4116.0
3057652.0,1104608.0,4116.0
3057652.0,1104608.0,4116.0
3057652.0,1104608.0,4116.0
3057652.0,1104608.0,4116.0
3057652.0,1104608.0,4116.0
3057652.0,1104608.0,4116.0
3057652.0,1104608.0,4116.0
3057032.0,1104640.0,4348.0
3057032.0,1104640.0,4348.0
3057032.0,1104640.0,4348.0
3057032.0,1104640.0,4348.0
3055356.0,1104644.0,4460.0
3055356.0,1104644.0,4460.0
3055356.0,1104644.0,4460.0
3055356.0,1104644.0,4460.0
3055356.0,1104644.0,4460.0
3055356.0,1104644.0,4460.0
3055356.0,1104644.0,4460.0
3055356.0,1104644.0,4460.0
3055356.0,1104644.0,4460.0
3055356.0,1104644.0,4460.0
3055356.0,1104644.0,4460.0
3055356.0,1104644.0,4460.0
3055604.0,1104660.0,4708.0
3053480.0,1104676.0,4776.0
3053480.0,1104676.0,4776.0
3053578.1333,1104676.2667,4779.7333333
3054952.0,1104680.0,4832.0
3054952.0,1104680.0,4832.0
3054542.9333,1104680.0,4840.5333333
3051884.0,1104680.0,4896.0
3051570.4,1104680.8,4908.8
3050316.0,1104684.0,4960.0
3050316.0,1104684.0,4960.0
3050316.0,1104684.0,4960.0
3050316.0,1104684.0,4960.0
3050316.0,1104684.0,4960.0
3050316.0,1104684.0,4960.0
3050316.0,1104684.0,4960.0
3050316.0,1104684.0,4960.0
3050316.0,1104684.0,4960.0
3050316.0,1104684.0,4960.0
3050229.0667,1104686.1333,4977.6
3049012.0,1104716.0,5224.0
3049012.0,1104716.0,5224.0
3066216.2667,1104716.5333,5232.5333333
3178044.0,1104720.0,5288.0
3178044.0,1104720.0,5288.0
3178044.0,1104720.0,5288.0
3178044.0,1104720.0,5288.0
3178044.0,1104720.0,5288.0
3178044.0,1104720.0,5288.0
3178044.0,1104720.0,5288.0
3178044.0,1104720.0,5288.0
3178044.0,1104720.0,5288.0
3178044.0,1104720.0,5288.0
3178044.0,1104720.0,5288.0
3178044.0,1104720.0,5288.0
3177160.0,1104856.0,5528.0
3178168.0,1104856.0,5595.2
3178240.0,1104856.0,5600.0
3178240.0,1104856.0,5600.0
3178240.0,1104856.0,5600.0
3178240.0,1104856.0,5600.0
3274665.3333,1104866.4,5704.0
3289500.0,1104868.0,5720.0
3289500.0,1104868.0,5720.0
3289500.0,1104868.0,5720.0
3289500.0,1104868.0,5720.0
3289500.0,1104868.0,5720.0
3289500.0,1104868.0,5720.0
3289500.0,1104868.0,5720.0
3289500.0,1104868.0,5720.0
3289500.0,1104868.0,5720.0
3289500.0,1104868.0,5720.0
3289500.0,1104868.0,5720.0
3289676.8,1104968.5333,5928.0
3289704.0,1104984.0,5960.0
3289704.0,1104984.0,5960.0
3289704.0,1104984.0,5960.0
3437959.4667,1104987.4667,6077.8666667
3460768.0,1104988.0,6096.0
3460768.0,1104988.0,6096.0
3460768.0,1104988.0,6096.0
3460768.0,1104988.0,6096.0
3460768.0,1104988.0,6096.0
3460768.0,1104988.0,6096.0
3460768.0,1104988.0,6096.0
3460768.0,1104988.0,6096.0
3460768.0,1104988.0,6096.0
3460768.0,1104988.0,6096.0
3460768.0,1104988.0,6096.0
3460540.8,1105112.8,6300.8
3459399.2,1105144.0,6396.8
3459128.0,1105144.0,6408.0
3459128.0,1105144.0,6408.0
3460507.2,1105150.4,6452.8
3460852.0,1105152.0,6464.0
3460852.0,1105152.0,6464.0
3560286.4,1105169.3333,6519.4666667
3575584.0,1105172.0,6528.0
3575584.0,1105172.0,6528.0
3575584.0,1105172.0,6528.0
3575584.0,1105172.0,6528.0
3575584.0,1105172.0,6528.0
3575584.0,1105172.0,6528.0
3575584.0,1105172.0,6528.0
3575584.0,1105172.0,6528.0
3575584.0,1105172.0,6528.0
3575584.0,1105172.0,6528.0
3575534.6667,1105172.8,6545.0666667
3574844.0,1105184.0,6784.0
3574844.0,1105184.0,6784.0
3574844.0,1105184.0,6784.0
3582117.3333,1105190.4,6792.0
3683944.0,1105280.0,6904.0
3683944.0,1105280.0,6904.0
3690621.3333,1105289.0667,6912.5333333
3734024.0,1105348.0,6968.0
3734024.0,1105348.0,6968.0
3734024.0,1105348.0,6968.0
3734024.0,1105348.0,6968.0
3734024.0,1105348.0,6968.0
3734024.0,1105348.0,6968.0
3734024.0,1105348.0,6968.0
3734024.0,1105348.0,6968.0
3734024.0,1105348.0,6968.0
3734024.0,1105348.0,6968.0
3734024.0,1105348.0,6968.0
3734193.6,1105406.6667,7034.1333333
3734660.0,1105568.0,7216.0
3734660.0,1105568.0,7216.0
3734660.0,1105568.0,7216.0
3766252.8,1105582.4,7238.4
3892624.0,1105640.0,7328.0
3892624.0,1105640.0,7328.0
3890593.0667,1107614.4,7757.8666667
3885008.0,1113044.0,8940.0
3885008.0,1113044.0,8940.0
3885008.0,1113044.0,8940.0
3885008.0,1113044.0,8940.0
3885008.0,1113044.0,8940.0
3885008.0,1113044.0,8940.0
3885008.0,1113044.0,8940.0
3885008.0,1113044.0,8940.0
3885008.0,1113044.0,8940.0
3885008.0,1113044.0,8940.0
3885058.1333,1113051.4667,8972.0
3885384.0,1113100.0,9180.0
3885384.0,1113100.0,9180.0
3885384.0,1113100.0,9180.0
3913554.6667,1113105.8667,9196.5333333
4096664.0,1113144.0,9304.0
4096664.0,1113144.0,9304.0
4096664.0,1113144.0,9304.0
4096664.0,1113144.0,9304.0
4096664.0,1113144.0,9304.0
4096664.0,1113144.0,9304.0
4096664.0,1113144.0,9304.0
4096664.0,1113144.0,9304.0
4096664.0,1113144.0,9304.0
4096664.0,1113144.0,9304.0
4096664.0,1113144.0,9304.0
4096664.0,1113144.0,9304.0
4096783.4667,1113155.2,9505.6
4096792.0,1113156.0,9520.0
4096792.0,1113156.0,9520.0
4096792.0,1113156.0,9520.0
4096792.0,1113156.0,9520.0
4096792.0,1113156.0,9520.0
4096792.0,1113156.0,9520.0
6727806.4,1107029.6,9669.3333333
