vda,20.80,0.09,0.00,0,0
vda,60.40,0.23,0.01,1,0
vda,2.20,0.00,0.01,0,0
vda,50.80,0.00,0.21,0,1
vda,75.60,0.45,0.03,2,0
vda,11.40,0.10,0.01,0,0
vda,214.00,9.79,0.01,48,0
vda,88.00,10.65,0.01,53,0
vda,77.40,9.40,0.01,47,0
vda,98.40,12.30,0.00,61,0
vda,104.40,9.12,0.13,45,0
vda,112.60,12.38,0.05,61,0
vda,83.00,7.81,0.82,39,4
vda,113.60,12.17,0.49,60,2
vda,101.40,11.65,0.03,58,0
vda,64.00,7.98,0.00,39,0
vda,1.40,0.00,0.01,0,0
vda,2.80,0.00,0.01,0,0
vda,4.60,0.00,0.02,0,0
vda,36.20,0.00,0.15,0,0
vda,41.40,0.00,0.16,0,0
vda,1.20,0.00,0.00,0,0
vda,1.20,0.00,0.00,0,0
vda,7.40,0.00,0.03,0,0
vda,41.60,0.00,0.17,0,0
vda,0.00,0.00,0.00,0,0
vda,1.60,0.00,0.01,0,0
vda,1.20,0.00,0.00,0,0
vda,1.20,0.00,0.00,0,0
vda,1.60,0.00,0.01,0,0
vda,1.80,0.00,0.01,0,0
vda,21.20,0.00,0.09,0,0
vda,36.00,0.00,0.14,0,0
vda,1.60,0.00,0.01,0,0
vda,0.00,0.00,0.00,0,0
vda,1.60,0.00,0.01,0,0
vda,43.60,0.00,0.18,0,0
vda,1.40,0.00,0.01,0,0
vda,2.20,0.00,0.01,0,0
vda,0.00,0.00,0.00,0,0
vda,1.60,0.00,0.00,0,0
vda,2.20,0.00,0.01,0,0
vda,0.40,0.00,0.00,0,0
vda,21.80,0.00,0.09,0,0
vda,34.20,0.00,0.14,0,0
vda,1.80,0.00,0.01,0,0
vda,2.20,0.00,0.01,0,0
vda,0.00,0.00,0.00,0,0
vda,1.60,0.00,0.01,0,0
vda,1.40,0.00,0.01,0,0
vda,10.20,0.00,0.05,0,0
vda,18.20,0.00,0.07,0,0
vda,1.20,0.00,0.00,0,0
vda,36.80,0.00,0.14,0,0
vda,2.20,0.00,0.01,0,0
vda,10.20,0.00,0.04,0,0
vda,0.20,0.00,0.00,0,0
vda,3.20,0.00,0.02,0,0
vda,12.20,0.00,0.05,0,0
vda,2.20,0.00,0.01,0,0
vda,1.60,0.00,0.01,0,0
vda,0.80,0.00,0.00,0,0
vda,39.00,0.00,0.15,0,0
vda,1.40,0.00,0.01,0,0
vda,1.60,0.00,0.01,0,0
vda,2.00,0.00,0.01,0,0
vda,18.60,0.00,0.07,0,0
vda,1.60,0.00,0.01,0,0
vda,1.60,0.00,0.01,0,0
vda,8.40,0.00,0.03,0,0
vda,1.20,0.00,0.00,0,0
vda,27.00,0.00,0.11,0,0
vda,1.60,0.00,0.01,0,0
vda,17.00,0.00,0.07,0,0
vda,2.20,0.00,0.01,0,0
vda,1.20,0.00,0.00,0,0
vda,0.00,0.00,0.00,0,0
vda,56.20,0.00,0.23,0,1
vda,1.40,0.00,0.01,0,0
vda,0.60,0.00,0.00,0,0
vda,2.20,0.00,0.01,0,0
vda,2.00,0.00,0.01,0,0
vda,2.79,0.00,0.01,0,0
vda,0.40,0.00,0.00,0,0
vda,14.40,0.00,0.06,0,0
vda,36.20,0.00,0.14,0,0
vda,0.60,0.00,0.00,0,0
vda,8.60,0.00,0.04,0,0
vda,0.00,0.00,0.00,0,0
vda,4.00,0.00,0.02,0,0
vda,1.80,0.00,0.01,0,0
vda,17.60,0.00,0.07,0,0
vda,4.40,0.00,0.02,0,0
vda,1.20,0.00,0.00,0,0
vda,23.60,0.00,0.09,0,0
vda,2.60,0.00,0.01,0,0
vda,8.80,0.00,0.04,0,0
vda,0.60,0.00,0.00,0,0
vda,19.60,0.00,0.08,0,0
vda,4.60,0.00,0.02,0,0
vda,2.60,0.00,0.01,0,0
vda,0.40,0.00,0.00,0,0
vda,1.40,0.00,0.01,0,0
vda,34.00,0.00,0.13,0,0
vda,2.20,0.00,0.01,0,0
vda,19.80,0.00,0.08,0,0
vda,1.80,0.00,0.01,0,0
vda,2.60,0.00,0.01,0,0
vda,36.00,0.00,0.15,0,0
vda,3.40,0.00,0.01,0,0
vda,2.80,0.00,0.01,0,0
vda,1.20,0.00,0.00,0,0
vda,51.80,0.00,0.21,0,1
vda,10.80,0.00,0.04,0,0
vda,1.20,0.00,0.00,0,0
vda,1.00,0.00,0.00,0,0
vda,2.20,0.00,0.01,0,0
vda,1.20,0.00,0.00,0,0
vda,2.00,0.00,0.01,0,0
vda,2.60,0.00,0.01,0,0
vda,14.40,0.00,0.06,0,0
vda,36.20,0.00,0.14,0,0
vda,9.40,0.00,0.04,0,0
vda,1.40,0.00,0.00,0,0
vda,43.00,0.00,0.17,0,0
vda,0.00,0.00,0.00,0,0
vda,1.20,0.00,0.00,0,0
vda,34.20,0.00,0.14,0,0
vda,2.40,0.00,0.01,0,0
vda,1.20,0.00,0.00,0,0
vda,4.40,0.00,0.02,0,0
vda,1.60,0.00,0.01,0,0
vda,0.00,0.00,0.00,0,0
vda,3.00,0.00,0.01,0,0
vda,4.20,0.00,0.02,0,0
vda,24.00,0.00,0.09,0,0
vda,57.20,0.00,0.23,0,1
vda,2.40,0.00,0.01,0,0
vda,1.40,0.00,0.00,0,0
vda,2.60,0.00,0.01,0,0
vda,1.40,0.00,0.01,0,0
vda,2.80,0.00,0.01,0,0
vda,15.60,0.00,0.07,0,0
vda,0.60,0.00,0.00,0,0
vda,1.20,0.00,0.00,0,0
vda,34.20,0.00,0.13,0,0
vda,2.40,0.00,0.01,0,0
vda,8.20,0.00,0.03,0,0
vda,1.00,0.00,0.00,0,0
vda,4.00,0.00,0.02,0,0
vda,19.80,0.00,0.08,0,0
vda,0.40,0.00,0.00,0,0
vda,2.40,0.00,0.01,0,0
vda,1.20,0.00,0.00,0,0
vda,43.00,0.00,0.17,0,0
vda,2.60,0.00,0.01,0,0
vda,1.20,0.00,0.00,0,0
vda,0.60,0.00,0.00,0,0
vda,3.60,0.00,0.01,0,0
vda,1.60,0.00,0.01,0,0
vda,0.20,0.00,0.00,0,0
vda,4.00,0.00,0.02,0,0
vda,18.40,0.00,0.07,0,0
vda,34.60,0.00,0.14,0,0
vda,9.20,0.00,0.04,0,0
vda,1.20,0.00,0.00,0,0
vda,1.20,0.00,0.01,0,0
vda,5.00,0.00,0.02,0,0
vda,1.40,0.00,0.01,0,0
vda,18.20,0.00,0.07,0,0
vda,2.20,0.00,0.01,0,0
vda,1.20,0.00,0.00,0,0
vda,34.20,0.00,0.13,0,0
vda,9.40,0.00,0.04,0,0
vda,1.20,0.00,0.00,0,0
vda,2.80,0.00,0.01,0,0
vda,1.60,0.00,0.01,0,0
vda,12.60,0.00,0.05,0,0
vda,4.20,0.00,0.02,0,0
vda,0.00,0.00,0.00,0,0
vda,1.60,0.00,0.01,0,0
vda,33.80,0.00,0.13,0,0
vda,4.00,0.00,0.02,0,0
vda,1.20,0.00,0.00,0,0
vda,24.80,0.00,0.10,0,0
vda,2.60,0.00,0.01,0,0
vda,1.20,0.00,0.00,0,0
vda,0.20,0.00,0.00,0,0
vda,4.20,0.00,0.02,0,0
vda,1.20,0.00,0.00,0,0
vda,34.00,0.00,0.14,0,0
vda,0.80,0.00,0.00,0,0
vda,12.60,0.00,0.05,0,0
vda,0.00,0.00,0.00,0,0
vda,2.20,0.00,0.01,0,0
vda,1.20,0.00,0.00,0,0
vda,1.20,0.00,0.00,0,0
vda,5.20,0.00,0.02,0,0
vda,0.80,0.00,0.01,0,0
vda,52.00,0.00,0.20,0,1
vda,2.20,0.00,0.01,0,0
vda,1.20,0.00,0.00,0,0
vda,0.40,0.00,0.00,0,0
vda,9.60,0.00,0.04,0,0
vda,1.60,0.00,0.01,0,0
vda,51.40,0.00,0.20,0,1
vda,4.00,0.00,0.02,0,0
vda,1.40,0.00,0.01,0,0
vda,3.80,0.00,0.01,0,0
vda,1.60,0.00,0.01,0,0
vda,0.00,0.00,0.00,0,0
vda,1.60,0.00,0.01,0,0
vda,14.40,0.00,0.06,0,0
vda,1.60,0.00,0.01,0,0
vda,29.20,0.00,0.12,0,0
vda,2.40,0.00,0.01,0,0
vda,1.20,0.00,0.00,0,0
vda,0.20,0.00,0.00,0,0
vda,4.80,0.00,0.02,0,0
vda,3.20,0.00,0.02,0,0
vda,17.40,0.00,0.07,0,0
vda,1.20,0.00,0.00,0,0
vda,1.20,0.00,0.00,0,0
vda,33.80,0.00,0.13,0,0
vda,9.80,0.00,0.04,0,0
vda,1.60,0.00,0.01,0,0
vda,2.40,0.00,0.01,0,0
vda,14.20,0.00,0.06,0,0
vda,1.80,0.00,0.01,0,0
vda,2.20,0.00,0.01,0,0
vda,0.40,0.00,0.00,0,0
vda,1.40,0.00,0.01,0,0
vda,35.40,0.00,0.14,0,0
vda,9.20,0.00,0.04,0,0
vda,1.60,0.00,0.01,0,0
vda,19.20,0.00,0.08,0,0
vda,1.60,0.00,0.01,0,0
vda,3.20,0.00,0.01,0,0
vda,2.60,0.00,0.01,0,0
vda,42.60,0.00,0.17,0,0
vda,1.60,0.00,0.01,0,0
vda,53.20,0.00,0.21,0,1
vda,2.00,0.00,0.01,0,0
vda,1.20,0.00,0.00,0,0
vda,36.20,0.00,0.15,0,0
vda,2.80,0.00,0.01,0,0
vda,1.60,0.00,0.01,0,0
vda,2.20,0.00,0.01,0,0
vda,42.20,0.00,0.17,0,0
vda,1.40,0.00,0.01,0,0
vda,36.60,0.00,0.14,0,0
vda,1.40,0.00,0.01,0,0
vda,0.00,0.00,0.00,0,0
vda,2.60,0.00,0.01,0,0
vda,50.60,0.00,0.21,0,1
vda,3.80,0.00,0.01,0,0
vda,0.00,0.00,0.00,0,0
vda,2.20,0.00,0.01,0,0
vda,2.20,0.00,0.01,0,0
vda,0.00,0.00,0.00,0,0
vda,1.60,0.00,0.01,0,0
vda,48.60,0.00,0.19,0,0
vda,15.00,0.00,0.06,0,0
vda,8.40,0.00,0.03,0,0
vda,36.80,0.45,0.01,2,0
vda,52.60,0.00,0.21,0,1
vda,26.80,0.00,0.13,0,0
vda,3.20,0.00,0.01,0,0
vda,0.00,0.00,0.00,0,0
vda,37.60,0.00,0.15,0,0
vda,1.40,0.00,0.01,0,0
vda,1.60,0.00,0.01,0,0
vda,45.20,0.00,0.18,0,0
vda,2.00,0.00,0.01,0,0
vda,2.20,0.00,0.01,0,0
vda,35.20,0.00,0.14,0,0
vda,1.40,0.00,0.01,0,0
vda,31.40,0.00,0.13,0,0
vda,1.40,0.00,0.01,0,0
vda,1.60,0.00,0.00,0,0
vda,54.40,0.00,0.22,0,1
vda,2.80,0.00,0.01,0,0
vda,1.60,0.00,0.01,0,0
vda,44.40,0.00,0.18,0,0
vda,0.00,0.00,0.00,0,0
vda,1.60,0.00,0.01,0,0
vda,37.00,0.00,0.15,0,0
vda,2.20,0.00,0.01,0,0
vda,1.20,0.00,0.00,0,0
vda,20.40,0.00,0.08,0,0
vda,26.60,0.00,0.10,0,0
vda,11.20,0.00,0.04,0,0
vda,2.60,0.00,0.01,0,0
vda,0.00,0.00,0.00,0,0
vda,44.20,0.00,0.18,0,0
vda,2.00,0.00,0.01,0,0
vda,1.20,0.00,0.00,0,0
vda,36.20,0.00,0.14,0,0
vda,2.40,0.00,0.01,0,0
vda,0.00,0.00,0.00,0,0
vda,36.80,0.00,0.15,0,0
vda,3.60,0.00,0.01,0,0
vda,1.00,0.00,0.00,0,0
vda,61.20,0.00,0.24,0,1
vda,0.00,0.00,0.00,0,0
vda,2.20,0.00,0.01,0,0
vda,36.20,0.00,0.15,0,0
vda,1.40,0.00,0.01,0,0
vda,1.60,0.00,0.01,0,0
vda,36.20,0.00,0.15,0,0
vda,4.60,0.00,0.02,0,0
vda,1.60,0.00,0.01,0,0
vda,43.20,0.00,0.18,0,0
vda,1.20,0.00,0.00,0,0
vda,2.20,0.00,0.01,0,0
vda,52.69,0.00,0.21,0,1
vda,2.60,0.00,0.01,0,0
vda,2.20,0.00,0.01,0,0
vda,37.20,0.00,0.15,0,0
vda,4.60,0.00,0.02,0,0
vda,1.60,0.00,0.01,0,0
vda,43.40,0.00,0.18,0,0
vda,4.00,0.00,0.01,0,0
vda,0.00,0.00,0.00,0,0
vda,37.00,0.00,0.15,0,0
vda,1.80,0.00,0.01,0,0
vda,53.40,0.00,0.21,0,1
vda,1.40,0.00,0.01,0,0
vda,4.60,0.00,0.02,0,0
vda,1.60,0.00,0.01,0,0
vda,0.00,0.00,0.00,0,0
vda,0.60,0.00,0.00,0,0
vda,2.60,0.00,0.01,0,0
vda,14.40,0.00,0.06,0,0
vda,24.20,0.00,0.09,0,0
vda,8.20,0.00,0.03,0,0
vda,144.40,0.56,0.23,2,1
vda,4.20,0.00,0.02,0,0
vda,2.00,0.00,0.01,0,0
vda,1.40,0.00,0.01,0,0
vda,32.80,0.00,0.15,0,0
vda,0.00,0.00,0.00,0,0
vda,1.20,0.00,0.00,0,0
vda,60.40,0.00,0.26,0,1
vda,1.80,0.00,0.01,0,0
vda,2.60,0.00,0.01,0,0
vda,2.60,0.00,0.01,0,0
vda,13.40,0.00,0.06,0,0
vda,1.80,0.00,0.01,0,0
vda,1.60,0.00,0.01,0,0
vda,1.60,0.00,0.01,0,0
vda,8.40,0.00,0.03,0,0
vda,36.20,0.00,0.14,0,0
vda,0.00,0.00,0.00,0,0
vda,19.80,0.00,0.08,0,0
vda,1.60,0.00,0.01,0,0
vda,2.80,0.00,0.01,0,0
vda,1.80,0.00,0.01,0,0
vda,0.00,0.00,0.00,0,0
vda,2.20,0.00,0.01,0,0
vda,1.20,0.00,0.00,0,0
vda,46.60,0.00,0.18,0,0
vda,9.60,0.00,0.04,0,0
vda,1.60,0.00,0.01,0,0
vda,1.60,0.00,0.01,0,0
vda,1.20,0.00,0.00,0,0
vda,2.40,0.00,0.01,0,0
vda,2.00,0.00,0.01,0,0
vda,20.20,0.00,0.08,0,0
vda,0.00,0.00,0.00,0,0
vda,24.60,0.00,0.10,0,0
vda,1.20,0.00,0.00,0,0
vda,7.60,0.00,0.03,0,0
vda,3.00,0.00,0.01,0,0
vda,3.00,0.00,0.01,0,0
vda,27.40,0.00,0.11,0,0
vda,0.00,0.00,0.00,0,0
vda,2.20,0.00,0.01,0,0
vda,0.00,0.00,0.00,0,0
vda,59.00,0.00,0.24,0,1
vda,3.20,0.00,0.01,0,0
vda,1.60,0.00,0.01,0,0
vda,3.80,0.00,0.02,0,0
vda,12.80,0.00,0.05,0,0
vda,2.00,0.00,0.01,0,0
vda,2.60,0.00,0.01,0,0
vda,0.00,0.00,0.00,0,0
vda,1.60,0.00,0.01,0,0
vda,44.00,0.00,0.17,0,0
vda,2.40,0.00,0.01,0,0
vda,17.20,0.00,0.07,0,0
vda,1.60,0.00,0.00,0,0
vda,3.20,0.00,0.01,0,0
vda,2.40,0.00,0.01,0,0
vda,2.20,0.00,0.01,0,0
vda,2.20,0.00,0.01,0,0
vda,0.20,0.00,0.00,0,0
vda,35.20,0.00,0.14,0,0
vda,19.40,0.00,0.08,0,0
vda,8.60,0.00,0.04,0,0
vda,1.00,0.00,0.00,0,0
vda,2.20,0.00,0.01,0,0
vda,3.60,0.00,0.02,0,0
vda,2.00,0.00,0.01,0,0
vda,2.40,0.00,0.01,0,0
vda,11.80,0.00,0.05,0,0
vda,24.40,0.00,0.09,0,0
vda,2.20,0.00,0.01,0,0
vda,7.60,0.00,0.03,0,0
vda,3.00,0.00,0.01,0,0
vda,2.40,0.00,0.01,0,0
vda,1.60,0.00,0.01,0,0
vda,2.60,0.00,0.01,0,0
vda,18.60,0.00,0.07,0,0
vda,1.60,0.00,0.01,0,0
vda,34.20,0.00,0.13,0,0
vda,3.60,0.00,0.02,0,0
vda,2.20,0.00,0.01,0,0
vda,0.00,0.00,0.00,0,0
vda,9.20,0.00,0.04,0,0
vda,12.60,0.00,0.05,0,0
vda,1.60,0.00,0.01,0,0
vda,3.00,0.00,0.01,0,0
vda,1.60,0.00,0.01,0,0
vda,35.20,0.00,0.14,0,0
vda,2.20,0.00,0.01,0,0
vda,1.20,0.00,0.00,0,0
vda,18.76,0.00,0.07,0,0
vda,8.40,0.00,0.04,0,0
vda,1.80,0.00,0.01,0,0
vda,2.00,0.00,0.01,0,0
vda,2.40,0.00,0.01,0,0
vda,3.00,0.00,0.01,0,0
vda,36.80,0.00,0.14,0,0
vda,1.20,0.00,0.00,0,0
vda,17.60,0.00,0.07,0,0
vda,1.80,0.00,0.01,0,0
vda,1.20,0.00,0.00,0,0
vda,10.20,0.00,0.04,0,0
vda,0.00,0.00,0.00,0,0
vda,4.80,0.00,0.02,0,0
vda,1.60,0.00,0.01,0,0
vda,34.20,0.00,0.14,0,0
vda,2.20,0.00,0.01,0,0
vda,1.40,0.00,0.00,0,0
vda,2.80,0.00,0.01,0,0
vda,8.60,0.00,0.04,0,0
vda,1.60,0.00,0.01,0,0
vda,0.80,0.00,0.00,0,0
vda,19.40,0.00,0.08,0,0
vda,1.20,0.00,0.00,0,0
vda,37.80,0.00,0.15,0,0
vda,11.20,0.00,0.05,0,0
vda,0.40,0.00,0.00,0,0
vda,1.40,0.00,0.01,0,0
vda,1.60,0.00,0.01,0,0
vda,1.20,0.00,0.00,0,0
vda,18.60,0.00,0.07,0,0
vda,1.60,0.00,0.01,0,0
vda,3.20,0.00,0.02,0,0
vda,38.20,0.00,0.15,0,0
vda,1.40,0.00,0.01,0,0
vda,1.60,0.00,0.01,0,0
vda,0.20,0.00,0.00,0,0
vda,45.40,0.00,0.18,0,0
vda,1.40,0.00,0.01,0,0
vda,35.00,0.00,0.14,0,0
vda,2.40,0.00,0.01,0,0
vda,8.20,0.00,0.04,0,0
vda,54.60,0.00,0.21,0,1
vda,3.80,0.00,0.01,0,0
vda,1.00,0.00,0.00,0,0
vda,42.60,0.00,0.17,0,0
vda,2.60,0.00,0.01,0,0
vda,1.20,0.00,0.00,0,0
vda,37.00,0.00,0.14,0,0
vda,1.80,0.00,0.01,0,0
vda,1.20,0.00,0.00,0,0
vda,36.40,0.00,0.14,0,0
vda,3.80,0.00,0.01,0,0
vda,1.20,0.00,0.00,0,0
vda,0.20,0.00,0.00,0,0
vda,52.60,0.00,0.21,0,1
vda,11.60,0.00,0.05,0,0
vda,1.20,0.00,0.00,0,0
vda,1.60,0.00,0.01,0,0
vda,1.20,0.00,0.00,0,0
vda,1.20,0.00,0.00,0,0
vda,4.00,0.00,0.02,0,0
vda,3.60,0.00,0.02,0,0
vda,34.40,0.00,0.13,0,0
vda,1.60,0.00,0.01,0,0
vda,1.20,0.00,0.00,0,0
vda,0.80,0.00,0.00,0,0
vda,55.00,0.00,0.22,0,1
vda,32.80,0.00,0.13,0,0
vda,3.20,0.00,0.01,0,0
vda,0.00,0.00,0.00,0,0
vda,2.60,0.00,0.01,0,0
vda,2.80,0.00,0.01,0,0
vda,0.40,0.00,0.00,0,0
vda,1.60,0.00,0.01,0,0
vda,37.60,0.00,0.15,0,0
vda,1.20,0.00,0.00,0,0
vda,7.00,0.00,0.03,0,0
vda,0.80,0.00,0.00,0,0
vda,2.60,0.00,0.01,0,0
vda,1.40,0.00,0.01,0,0
vda,3.20,0.00,0.01,0,0
vda,20.60,0.00,0.09,0,0
vda,0.60,0.00,0.00,0,0
vda,34.20,0.00,0.13,0,0
vda,2.60,0.00,0.01,0,0
vda,1.40,0.00,0.01,0,0
vda,8.20,0.00,0.03,0,0
vda,2.20,0.00,0.01,0,0
vda,2.00,0.00,0.01,0,0
vda,19.80,0.00,0.08,0,0
vda,2.00,0.00,0.01,0,0
vda,3.40,0.00,0.01,0,0
vda,44.80,0.00,0.18,0,0
vda,1.20,0.00,0.00,0,0
vda,0.20,0.00,0.00,0,0
vda,1.20,0.00,0.00,0,0
vda,14.60,0.00,0.06,0,0
vda,1.40,0.00,0.01,0,0
vda,0.60,0.00,0.00,0,0
vda,2.20,0.00,0.01,0,0
vda,1.20,0.00,0.00,0,0
vda,39.00,0.00,0.15,0,0
vda,2.00,0.00,0.01,0,0
vda,2.20,0.00,0.01,0,0
vda,17.40,0.00,0.07,0,0
vda,2.20,0.00,0.01,0,0
vda,1.20,0.00,0.00,0,0
vda,7.00,0.00,0.03,0,0
vda,3.00,0.00,0.01,0,0
vda,1.40,0.00,0.01,0,0
vda,26.80,0.00,0.11,0,0
vda,11.40,0.00,0.04,0,0
vda,1.60,0.00,0.01,0,0
vda,2.20,0.00,0.01,0,0
vda,0.40,0.00,0.00,0,0
vda,1.80,0.00,0.01,0,0
vda,8.80,0.00,0.04,0,0
vda,3.20,0.00,0.02,0,0
vda,18.40,0.00,0.07,0,0
vda,36.20,0.00,0.14,0,0
vda,2.40,0.00,0.01,0,0
vda,1.80,0.00,0.01,0,0
vda,1.60,0.00,0.01,0,0
vda,0.00,0.00,0.00,0,0
vda,3.60,0.00,0.02,0,0
vda,7.40,0.00,0.03,0,0
vda,20.00,0.00,0.08,0,0
vda,1.60,0.00,0.01,0,0
vda,2.60,0.00,0.01,0,0
vda,35.40,0.00,0.14,0,0
vda,1.60,0.00,0.01,0,0
vda,1.20,0.00,0.00,0,0
vda,1.40,0.00,0.01,0,0
vda,13.80,0.00,0.05,0,0
vda,8.20,0.00,0.03,0,0
vda,1.60,0.00,0.01,0,0
vda,1.40,0.00,0.01,0,0
vda,1.20,0.00,0.00,0,0
vda,35.20,0.00,0.14,0,0
vda,4.60,0.00,0.02,0,0
vda,1.60,0.00,0.01,0,0
vda,17.20,0.00,0.07,0,0
vda,2.20,0.00,0.01,0,0
vda,1.40,0.00,0.01,0,0
vda,8.00,0.00,0.03,0,0
vda,2.40,0.00,0.01,0,0
vda,2.20,0.00,0.01,0,0
vda,26.20,0.00,0.10,0,0
vda,18.20,0.00,0.07,0,0
vda,1.40,0.00,0.01,0,0
vda,0.80,0.00,0.00,0,0
vda,3.20,0.00,0.01,0,0
vda,8.20,0.00,0.03,0,0
vda,3.60,0.00,0.02,0,0
vda,1.20,0.00,0.00,0,0
vda,1.40,0.00,0.00,0,0
vda,47.80,0.00,0.19,0,0
vda,3.40,0.00,0.01,0,0
vda,1.60,0.00,0.01,0,0
vda,0.00,0.00,0.00,0,0
vda,3.60,0.00,0.02,0,0
vda,9.80,0.00,0.04,0,0
vda,20.20,0.00,0.08,0,0
vda,35.80,0.00,0.14,0,0
vda,0.20,0.00,0.00,0,0
vda,0.80,0.00,0.00,0,0
vda,2.20,0.00,0.01,0,0
vda,1.20,0.00,0.00,0,0
vda,4.80,0.00,0.02,0,0
vda,12.80,0.00,0.05,0,0
vda,2.60,0.00,0.01,0,0
vda,22.80,0.00,0.09,0,0
vda,2.20,0.00,0.01,0,0
vda,1.20,0.00,0.00,0,0
vda,0.60,0.00,0.00,0,0
vda,9.80,0.00,0.04,0,0
vda,2.40,0.00,0.01,0,0
vda,55.40,0.00,0.22,0,1
vda,3.00,0.00,0.01,0,0
vda,0.00,0.00,0.00,0,0
vda,43.20,0.00,0.18,0,0
vda,2.60,0.00,0.01,0,0
vda,1.20,0.00,0.00,0,0
vda,36.00,0.00,0.15,0,0
vda,2.80,0.00,0.01,0,0
vda,2.00,0.00,0.01,0,0
vda,37.20,0.00,0.15,0,0
vda,21.20,0.00,0.09,0,0
vda,2.40,0.00,0.01,0,0
vda,60.80,0.00,0.24,0,1
vda,8.40,0.00,0.04,0,0
vda,1.20,0.00,0.00,0,0
vda,37.00,0.00,0.15,0,0
vda,1.40,0.00,0.01,0,0
vda,13.60,0.00,0.05,0,0
vda,23.80,0.00,0.09,0,0
vda,2.40,0.00,0.01,0,0
vda,19.60,0.00,0.08,0,0
vda,3.00,0.00,0.01,0,0
vda,0.00,0.00,0.00,0,0
vda,56.60,0.00,0.23,0,1
vda,2.60,0.00,0.01,0,0
vda,0.00,0.00,0.00,0,0
vda,37.00,0.00,0.15,0,0
vda,2.40,0.00,0.01,0,0
vda,1.20,0.00,0.00,0,0
vda,37.40,0.00,0.15,0,0
vda,2.40,0.00,0.01,0,0
vda,1.40,0.00,0.01,0,0
vda,50.60,0.00,0.20,0,1
vda,2.60,0.00,0.01,0,0
vda,0.00,0.00,0.00,0,0
vda,46.80,0.00,0.18,0,0
vda,3.40,0.00,0.02,0,0
vda,1.20,0.00,0.00,0,0
vda,36.40,0.00,0.14,0,0
vda,3.80,0.00,0.01,0,0
vda,1.40,0.00,0.01,0,0
vda,43.00,0.00,0.17,0,0
vda,2.20,0.00,0.01,0,0
vda,1.20,0.00,0.00,0,0
vda,41.00,0.00,0.16,0,0
vda,2.40,0.00,0.01,0,0
vda,1.20,0.00,0.00,0,0
vda,46.60,0.00,0.19,0,0
vda,1.60,0.00,0.01,0,0
vda,2.20,0.00,0.01,0,0
vda,46.40,0.00,0.19,0,0
vda,3.19,0.00,0.01,0,0
vda,31.40,0.00,0.13,0,0
vda,1.40,0.00,0.01,0,0
vda,35.40,0.00,0.14,0,0
vda,3.00,0.00,0.01,0,0
vda,20.20,0.00,0.08,0,0
vda,41.80,0.00,0.16,0,0
vda,2.40,0.00,0.01,0,0
vda,3.20,0.00,0.01,0,0
vda,45.00,0.00,0.18,0,0
vda,0.00,0.00,0.00,0,0
vda,1.20,0.00,0.00,0,0
vda,36.40,0.00,0.14,0,0
vda,2.40,0.00,0.01,0,0
vda,13.40,0.00,0.05,0,0
vda,25.20,0.00,0.10,0,0
vda,2.40,0.00,0.01,0,0
vda,2.60,0.00,0.01,0,0
vda,53.00,0.00,0.21,0,1
vda,11.00,0.00,0.04,0,0
vda,1.20,0.00,0.00,0,0
vda,35.00,0.00,0.14,0,0
vda,2.40,0.00,0.01,0,0
vda,1.20,0.00,0.00,0,0
vda,35.80,0.00,0.14,0,0
vda,2.40,0.00,0.01,0,0
vda,1.20,0.00,0.00,0,0
vda,2.00,0.00,0.01,0,0
vda,2.60,0.00,0.01,0,0
vda,0.00,0.00,0.00,0,0
vda,1.60,0.00,0.01,0,0
vda,4.00,0.00,0.02,0,0
vda,19.00,0.00,0.07,0,0
vda,42.20,0.00,0.17,0,0
vda,2.40,0.00,0.01,0,0
vda,0.60,0.00,0.00,0,0
vda,46.00,0.00,0.18,0,0
vda,2.80,0.00,0.01,0,0
vda,0.00,0.00,0.00,0,0
vda,25.00,0.00,0.10,0,0
vda,2.40,0.00,0.01,0,0
vda,0.20,0.00,0.00,0,0
vda,1.20,0.00,0.00,0,0
vda,2.20,0.00,0.01,0,0
vda,0.00,0.00,0.00,0,0
vda,22.00,0.00,0.09,0,0
vda,19.00,0.00,0.07,0,0
vda,1.20,0.00,0.01,0,0
vda,17.40,0.00,0.07,0,0
vda,2.20,0.00,0.01,0,0
vda,0.60,0.00,0.00,0,0
vda,8.60,0.00,0.04,0,0
vda,2.60,0.00,0.01,0,0
vda,41.80,0.00,0.17,0,0
vda,1.60,0.00,0.01,0,0
vda,3.40,0.00,0.01,0,0
vda,56.00,0.00,0.22,0,1
vda,1.80,0.00,0.01,0,0
vda,1.20,0.00,0.00,0,0
vda,34.80,0.00,0.14,0,0
vda,2.00,0.00,0.01,0,0
vda,4.80,0.00,0.02,0,0
vda,38.00,0.00,0.15,0,0
vda,1.60,0.00,0.01,0,0
vda,3.40,0.00,0.01,0,0
vda,1.60,0.00,0.01,0,0
vda,48.00,0.00,0.19,0,0
vda,2.20,0.00,0.01,0,0
vda,1.20,0.00,0.00,0,0
