7968460.0,64052.0,1768.0
7276064.2667,183858.13333,3445.8666667
7024284.0,227424.0,4056.0
7024284.0,227424.0,4056.0
5668290.4,526281.6,4222.4
5329292.0,600996.0,4264.0
5328362.1333,601004.8,4310.9333333
5328024.0,601008.0,4328.0
5328024.0,601008.0,4328.0
5328024.0,601008.0,4328.0
5328024.0,601008.0,4328.0
5328024.0,601008.0,4328.0
5328024.0,601008.0,4328.0
5328024.0,601008.0,4328.0
5328024.0,601008.0,4328.0
5328024.0,601008.0,4328.0
5328024.0,601008.0,4328.0
5328024.0,601008.0,4328.0
5327476.8,601030.4,4513.6
5327340.0,601036.0,4560.0
5327340.0,601036.0,4560.0
5327340.0,601036.0,4560.0
5327340.0,601036.0,4560.0
5327340.0,601036.0,4560.0
5327340.0,601036.0,4560.0
5327340.0,601036.0,4560.0
5327340.0,601036.0,4560.0
5327340.0,601036.0,4560.0
5108607.2,601046.4,4768.0
5074956.0,601048.0,4800.0
5073531.2,601058.4,4855.4666667
5073312.0,601060.0,4864.0
5073312.0,601060.0,4864.0
5073312.0,601060.0,4864.0
5073312.0,601060.0,4864.0
5073312.0,601060.0,4864.0
5073312.0,601060.0,4864.0
5073312.0,601060.0,4864.0
5073312.0,601060.0,4864.0
5073312.0,601060.0,4864.0
5073312.0,601060.0,4864.0
5073312.0,601060.0,4864.0
5073312.0,601060.0,4864.0
5072802.4,601101.6,5082.4
5072724.0,601108.0,5116.0
5072724.0,601108.0,5116.0
5072724.0,601108.0,5116.0
5072724.0,601108.0,5116.0
5072724.0,601108.0,5116.0
5072724.0,601108.0,5116.0
5072724.0,601108.0,5116.0
5072724.0,601108.0,5116.0
5064948.0,601133.6,5320.8
5063004.0,601140.0,5372.0
5063004.0,601140.0,5372.0
5061177.0667,601153.86667,5427.4666667
5060896.0,601156.0,5436.0
5060896.0,601156.0,5436.0
5060896.0,601156.0,5436.0
5060896.0,601156.0,5436.0
5060896.0,601156.0,5436.0
5060896.0,601156.0,5436.0
5060896.0,601156.0,5436.0
5060896.0,601156.0,5436.0
5060896.0,601156.0,5436.0
5060896.0,601156.0,5436.0
5060896.0,601156.0,5436.0
5060805.8667,601166.4,5630.1333333
5060792.0,601168.0,5660.0
5060792.0,601168.0,5660.0
5060792.0,601168.0,5660.0
5060792.0,601168.0,5660.0
5060792.0,601168.0,5660.0
5060792.0,601168.0,5660.0
5060792.0,601168.0,5660.0
5060792.0,601168.0,5660.0
5060792.0,601168.0,5660.0
5060792.0,601168.0,5660.0
5060792.0,601168.0,5660.0
5060468.0,601408.0,5956.0
5060468.0,601408.0,5956.0
5060468.0,601408.0,5956.0
5060468.0,601408.0,5956.0
5060468.0,601408.0,5956.0
5060468.0,601408.0,5956.0
5060468.0,601408.0,5956.0
5060468.0,601408.0,5956.0
5055772.0,603640.0,6504.0
5055772.0,603640.0,6504.0
5055772.0,603640.0,6504.0
5055772.0,603640.0,6504.0
5055772.0,603640.0,6504.0
5055772.0,603640.0,6504.0
5055772.0,603640.0,6504.0
5055772.0,603640.0,6504.0
5055772.0,603640.0,6504.0
5055772.0,603640.0,6504.0
5055772.0,603640.0,6504.0
5055772.0,603640.0,6504.0
5055279.2,603669.86667,6735.4666667
5047407.7333,603672.0,6811.7333333
5046848.0,603672.0,6816.0
5046848.0,603672.0,6816.0
5046848.0,603672.0,6816.0
5046848.0,603672.0,6816.0
5046848.0,603672.0,6816.0
5046848.0,603672.0,6816.0
5046848.0,603672.0,6816.0
5046848.0,603672.0,6816.0
5046848.0,603672.0,6816.0
5046848.0,603672.0,6816.0
5043286.4,604971.2,8727.4666667
5043032.0,605064.0,8864.0
5041490.1333,605071.46667,8916.2666667
5041380.0,605072.0,8920.0
5041380.0,605072.0,8920.0
5043153.3333,605072.0,8972.2666667
5043280.0,605072.0,8976.0
5043280.0,605072.0,8976.0
5043280.0,605072.0,8976.0
5043280.0,605072.0,8976.0
5043280.0,605072.0,8976.0
5043280.0,605072.0,8976.0
5043280.0,605072.0,8976.0
5043280.0,605072.0,8976.0
5043280.0,605072.0,8976.0
5043280.0,605072.0,8976.0
5043280.0,605072.0,8976.0
5042770.4,605085.86667,9177.0666667
5042692.0,605088.0,9208.0
5042692.0,605088.0,9208.0
5042692.0,605088.0,9208.0
5042692.0,605088.0,9208.0
5042692.0,605088.0,9208.0
5042692.0,605088.0,9208.0
5042692.0,605088.0,9208.0
5042692.0,605088.0,9208.0
5042692.0,605088.0,9208.0
5042692.0,605088.0,9208.0
5042692.0,605088.0,9208.0
5042314.9333,605229.86667,9491.7333333
5042288.0,605240.0,9512.0
5042288.0,605240.0,9512.0
5042288.0,605240.0,9512.0
5042288.0,605240.0,9512.0
5036093.0667,605253.86667,9616.0
5035140.0,605256.0,9632.0
5035140.0,605256.0,9632.0
5035140.0,605256.0,9632.0
5035140.0,605256.0,9632.0
5035140.0,605256.0,9632.0
5033978.4,605268.8,9747.2
5033688.0,605272.0,9776.0
5033688.0,605272.0,9776.0
5033688.0,605272.0,9776.0
5033688.0,605272.0,9776.0
5033688.0,605272.0,9776.0
5033688.0,605272.0,9776.0
5033688.0,605272.0,9776.0
5033438.4,605304.0,9923.2
5033376.0,605312.0,9960.0
5033376.0,605312.0,9960.0
5033376.0,605312.0,9960.0
5033376.0,605312.0,9960.0
5033376.0,605312.0,9960.0
5033376.0,605312.0,9960.0
5033376.0,605312.0,9960.0
5033376.0,605312.0,9960.0
5033376.0,605312.0,9960.0
5033376.0,605312.0,9960.0
5033376.0,605312.0,9960.0
5033143.7333,605357.06667,10161.066667
5033108.0,605364.0,10192.0
5033108.0,605364.0,10192.0
5033108.0,605364.0,10192.0
5032224.8,605370.4,10300.8
5032004.0,605372.0,10328.0
5033156.8,605372.0,10369.066667
5033576.0,605372.0,10384.0
5033576.0,605372.0,10384.0
5033576.0,605372.0,10384.0
5033576.0,605372.0,10384.0
5033576.0,605372.0,10384.0
5033576.0,605372.0,10384.0
5033576.0,605372.0,10384.0
5033576.0,605372.0,10384.0
5033576.0,605372.0,10384.0
5033576.0,605372.0,10384.0
5033576.0,605372.0,10384.0
5033145.0667,605382.66667,10503.466667
5031392.8,605396.8,10646.4
5030476.0,605400.0,10672.0
5030476.0,605400.0,10672.0
5028817.6,605404.8,10710.4
5027712.0,605408.0,10736.0
5027712.0,605408.0,10736.0
5028341.3333,605414.4,10770.133333
5028892.0,605420.0,10800.0
5028892.0,605420.0,10800.0
5028892.0,605420.0,10800.0
5028892.0,605420.0,10800.0
5028892.0,605420.0,10800.0
5028892.0,605420.0,10800.0
5028892.0,605420.0,10800.0
5028892.0,605420.0,10800.0
5028892.0,605420.0,10800.0
5028892.0,605420.0,10800.0
5028892.0,605420.0,10800.0
5029033.6,605432.0,10944.0
5029128.0,605440.0,11040.0
5029128.0,605440.0,11040.0
5029128.0,605440.0,11040.0
5029128.0,605440.0,11040.0
5029128.0,605440.0,11040.0
5029128.0,605440.0,11040.0
5029128.0,605440.0,11040.0
5029128.0,605440.0,11040.0
5029128.0,605440.0,11040.0
5029128.0,605440.0,11040.0
5029128.0,605440.0,11040.0
5028795.2,605452.8,11202.133333
5028504.0,605464.0,11344.0
5028504.0,605464.0,11344.0
5028504.0,605464.0,11344.0
5028504.0,605464.0,11344.0
5028504.0,605464.0,11344.0
5028504.0,605464.0,11344.0
5028504.0,605464.0,11344.0
5028504.0,605464.0,11344.0
5028504.0,605464.0,11344.0
5028504.0,605464.0,11344.0
5028504.0,605464.0,11344.0
5028411.2,605473.6,11443.2
5028272.0,605488.0,11592.0
5028272.0,605488.0,11592.0
5028272.0,605488.0,11592.0
5028272.0,605488.0,11592.0
5028272.0,605488.0,11592.0
5985145.6,602860.8,11668.8
