3173966.6667,198868.26667,3922.9333333
3125408.0,209176.0,4104.0
3125408.0,209176.0,4104.0
1729416.0,541310.4,4152.5333333
1514648.0,592408.0,4160.0
1353771.2,592516.8,4211.2
1313552.0,592544.0,4224.0
1313552.0,592544.0,4224.0
1313552.0,592544.0,4224.0
1313552.0,592544.0,4224.0
1313552.0,592544.0,4224.0
1313552.0,592544.0,4224.0
1313552.0,592544.0,4224.0
1313552.0,592544.0,4224.0
1313552.0,592544.0,4224.0
1313552.0,592544.0,4224.0
1313552.0,592544.0,4224.0
1313091.2,592569.6,4422.4
1312976.0,592576.0,4472.0
1312976.0,592576.0,4472.0
1312976.0,592576.0,4472.0
1312976.0,592576.0,4472.0
1312976.0,592576.0,4472.0
1312976.0,592576.0,4472.0
1312976.0,592576.0,4472.0
1312976.0,592576.0,4472.0
1312976.0,592576.0,4472.0
1312976.0,592576.0,4472.0
1312976.0,592576.0,4472.0
1312204.5333,592643.46667,4694.9333333
1311924.0,592668.0,4776.0
1311924.0,592668.0,4776.0
1311924.0,592668.0,4776.0
1311924.0,592668.0,4776.0
1311924.0,592668.0,4776.0
1310221.6,593442.4,5192.0
1309796.0,593636.0,5296.0
1309796.0,593636.0,5296.0
1309796.0,593636.0,5296.0
1309796.0,593636.0,5296.0
1309796.0,593636.0,5296.0
1309796.0,593636.0,5296.0
1309796.0,593636.0,5296.0
1309796.0,593636.0,5296.0
1309796.0,593636.0,5296.0
1309796.0,593636.0,5296.0
1309796.0,593636.0,5296.0
1309255.2,593744.8,5462.4
1309120.0,593772.0,5504.0
1309120.0,593772.0,5504.0
1309120.0,593772.0,5504.0
1309120.0,593772.0,5504.0
1309120.0,593772.0,5504.0
1324498.1333,593785.86667,5656.5333333
1326864.0,593788.0,5680.0
1326864.0,593788.0,5680.0
1326864.0,593788.0,5680.0
1326864.0,593788.0,5680.0
1326864.0,593788.0,5680.0
1326864.0,593788.0,5680.0
1326864.0,593788.0,5680.0
1326864.0,593788.0,5680.0
1326864.0,593788.0,5680.0
1326864.0,593788.0,5680.0
1326864.0,593788.0,5680.0
1326764.8,593816.8,5852.8
1326740.0,593824.0,5896.0
1326740.0,593824.0,5896.0
1326740.0,593824.0,5896.0
1326740.0,593824.0,5896.0
1326740.0,593824.0,5896.0
1326740.0,593824.0,5896.0
1325264.8,593984.0,6030.4
1324896.0,594024.0,6064.0
1324896.0,594024.0,6064.0
1326112.0,594030.4,6121.6
1326416.0,594032.0,6136.0
1326416.0,594032.0,6136.0
1326416.0,594032.0,6136.0
1326416.0,594032.0,6136.0
1326416.0,594032.0,6136.0
1326416.0,594032.0,6136.0
1326416.0,594032.0,6136.0
1326416.0,594032.0,6136.0
1326416.0,594032.0,6136.0
1326416.0,594032.0,6136.0
1326416.0,594032.0,6136.0
1325663.7333,594042.4,6323.2
1325548.0,594044.0,6352.0
1325548.0,594044.0,6352.0
1325548.0,594044.0,6352.0
1325548.0,594044.0,6352.0
1325548.0,594044.0,6352.0
1325548.0,594044.0,6352.0
1325548.0,594044.0,6352.0
1325548.0,594044.0,6352.0
1325548.0,594044.0,6352.0
1325548.0,594044.0,6352.0
1325548.0,594044.0,6352.0
1341458.4,594069.6,6576.0
1345436.0,594076.0,6632.0
1345436.0,594076.0,6632.0
1345436.0,594076.0,6632.0
1345436.0,594076.0,6632.0
1345436.0,594076.0,6632.0
1345436.0,594076.0,6632.0
1345436.0,594076.0,6632.0
1345436.0,594076.0,6632.0
1345436.0,594076.0,6632.0
1345436.0,594076.0,6632.0
1345436.0,594076.0,6632.0
1345025.3333,594087.73333,6813.8666667
1344876.0,594092.0,6880.0
1344876.0,594092.0,6880.0
1344876.0,594092.0,6880.0
1344876.0,594092.0,6880.0
1344876.0,594092.0,6880.0
1344876.0,594092.0,6880.0
1344876.0,594092.0,6880.0
1344876.0,594092.0,6880.0
1344876.0,594092.0,6880.0
1344876.0,594092.0,6880.0
1344876.0,594092.0,6880.0
1345090.1333,594115.46667,7100.0
1345168.0,594124.0,7180.0
1345168.0,594124.0,7180.0
1345168.0,594124.0,7180.0
1345168.0,594124.0,7180.0
1345168.0,594124.0,7180.0
1345168.0,594124.0,7180.0
1345168.0,594124.0,7180.0
1345168.0,594124.0,7180.0
1345168.0,594124.0,7180.0
1345168.0,594124.0,7180.0
1345168.0,594124.0,7180.0
1344661.3333,594270.66667,7345.3333333
1344408.0,594344.0,7428.0
1344408.0,594344.0,7428.0
1344408.0,594344.0,7428.0
1344408.0,594344.0,7428.0
1344408.0,594344.0,7428.0
1344408.0,594344.0,7428.0
1344408.0,594344.0,7428.0
1344408.0,594344.0,7428.0
1344408.0,594344.0,7428.0
1344408.0,594344.0,7428.0
1344408.0,594344.0,7428.0
1386257.6,594456.0,7684.0
1396720.0,594484.0,7748.0
1396720.0,594484.0,7748.0
1397750.4,594484.0,7792.8
1398008.0,594484.0,7804.0
1398008.0,594484.0,7804.0
1398008.0,594484.0,7804.0
1398008.0,594484.0,7804.0
1398008.0,594484.0,7804.0
1398008.0,594484.0,7804.0
1398008.0,594484.0,7804.0
1398008.0,594484.0,7804.0
1398008.0,594484.0,7804.0
1398008.0,594484.0,7804.0
1398008.0,594484.0,7804.0
1398049.6,594522.13333,8018.9333333
1398056.0,594528.0,8052.0
1398056.0,594528.0,8052.0
1398056.0,594528.0,8052.0
1398056.0,594528.0,8052.0
1398056.0,594528.0,8052.0
1398056.0,594528.0,8052.0
1398056.0,594528.0,8052.0
1398056.0,594528.0,8052.0
1398056.0,594528.0,8052.0
1398056.0,594528.0,8052.0
1397932.8,594545.6,8286.6666667
1397888.0,594552.0,8372.0
1397888.0,594552.0,8372.0
1397888.0,594552.0,8372.0
1397888.0,594552.0,8372.0
1397888.0,594552.0,8372.0
1397888.0,594552.0,8372.0
1397888.0,594552.0,8372.0
1397888.0,594552.0,8372.0
1397888.0,594552.0,8372.0
1397888.0,594552.0,8372.0
1397888.0,594552.0,8372.0
1397472.0,594557.33333,8558.6666667
1397264.0,594560.0,8652.0
1397264.0,594560.0,8652.0
1397264.0,594560.0,8652.0
1397264.0,594560.0,8652.0
1397264.0,594560.0,8652.0
1397264.0,594560.0,8652.0
1397264.0,594560.0,8652.0
1397264.0,594560.0,8652.0
1397264.0,594560.0,8652.0
1436387.2,594585.6,8850.4
1446168.0,594592.0,8900.0
1446168.0,594592.0,8900.0
1446168.0,594592.0,8900.0
1446168.0,594592.0,8900.0
1446168.0,594592.0,8900.0
1446168.0,594592.0,8900.0
1446168.0,594592.0,8900.0
1446168.0,594592.0,8900.0
1446168.0,594592.0,8900.0
1446168.0,594592.0,8900.0
1446168.0,594592.0,8900.0
1446032.8,594664.8,9121.8666667
1446012.0,594676.0,9156.0
1446012.0,594676.0,9156.0
1446012.0,594676.0,9156.0
1446012.0,594676.0,9156.0
1446012.0,594676.0,9156.0
1446012.0,594676.0,9156.0
1446012.0,594676.0,9156.0
1446012.0,594676.0,9156.0
1446012.0,594676.0,9156.0
1446012.0,594676.0,9156.0
1446012.0,594676.0,9156.0
1445245.8667,594703.73333,9426.4
1445128.0,594708.0,9468.0
1445128.0,594708.0,9468.0
1445128.0,594708.0,9468.0
1445128.0,594708.0,9468.0
1445128.0,594708.0,9468.0
1445128.0,594708.0,9468.0
1445128.0,594708.0,9468.0
1445128.0,594708.0,9468.0
1445128.0,594708.0,9468.0
1445128.0,594708.0,9468.0
1445128.0,594708.0,9468.0
1444949.0667,594775.46667,9661.6
1444884.0,594800.0,9732.0
1444884.0,594800.0,9732.0
1444884.0,594800.0,9732.0
1442588.0,596637.33333,10038.666667
1441440.0,597556.0,10192.0
1441440.0,597556.0,10192.0
1441440.0,597556.0,10192.0
1441440.0,597556.0,10192.0
1441440.0,597556.0,10192.0
1441440.0,597556.0,10192.0
1441440.0,597556.0,10192.0
1475477.3333,597572.0,10304.0
1492496.0,597580.0,10360.0
1492496.0,597580.0,10360.0
1492496.0,597580.0,10360.0
1492496.0,597580.0,10360.0
1492496.0,597580.0,10360.0
1492496.0,597580.0,10360.0
1492496.0,597580.0,10360.0
1492496.0,597580.0,10360.0
1492496.0,597580.0,10360.0
1492496.0,597580.0,10360.0
1492496.0,597580.0,10360.0
1492619.7333,597592.8,10500.8
1492728.0,597604.0,10624.0
1492728.0,597604.0,10624.0
1492728.0,597604.0,10624.0
1492728.0,597604.0,10624.0
1492728.0,597604.0,10624.0
1492728.0,597604.0,10624.0
1492728.0,597604.0,10624.0
1492728.0,597604.0,10624.0
1492728.0,597604.0,10624.0
1492728.0,597604.0,10624.0
1492728.0,597604.0,10624.0
1492757.8667,597611.46667,10743.466667
1492792.0,597620.0,10880.0
1492792.0,597620.0,10880.0
1492792.0,597620.0,10880.0
1492792.0,597620.0,10880.0
1492792.0,597620.0,10880.0
1492792.0,597620.0,10880.0
1492792.0,597620.0,10880.0
1492792.0,597620.0,10880.0
1492792.0,597620.0,10880.0
1492792.0,597620.0,10880.0
1492792.0,597620.0,10880.0
1492500.8,597671.2,10969.6
1492064.0,597748.0,11104.0
1492064.0,597748.0,11104.0
1492064.0,597748.0,11104.0
1492064.0,597748.0,11104.0
1492064.0,597748.0,11104.0
1492064.0,597748.0,11104.0
1492064.0,597748.0,11104.0
1492064.0,597748.0,11104.0
1522733.3333,597758.66667,11186.666667
1584072.0,597780.0,11352.0
1584072.0,597780.0,11352.0
1584072.0,597780.0,11352.0
1584072.0,597780.0,11352.0
1584072.0,597780.0,11352.0
1584072.0,597780.0,11352.0
1584072.0,597780.0,11352.0
1584072.0,597780.0,11352.0
1584072.0,597780.0,11352.0
1584072.0,597780.0,11352.0
1584072.0,597780.0,11352.0
1584254.4,597783.2,11400.0
1584984.0,597796.0,11592.0
1584984.0,597796.0,11592.0
1584984.0,597796.0,11592.0
1584984.0,597796.0,11592.0
1584984.0,597796.0,11592.0
1584984.0,597796.0,11592.0
1584984.0,597796.0,11592.0
1584984.0,597796.0,11592.0
1584984.0,597796.0,11592.0
1584984.0,597796.0,11592.0
1584984.0,597796.0,11592.0
1584866.4,597804.0,11652.8
1584396.0,597836.0,11896.0
1584396.0,597836.0,11896.0
1584396.0,597836.0,11896.0
1584396.0,597836.0,11896.0
1584203.2,597839.2,11920.0
1583432.0,597852.0,12016.0
1583432.0,597852.0,12016.0
1583432.0,597852.0,12016.0
1583432.0,597852.0,12016.0
1583432.0,597852.0,12016.0
1583432.0,597852.0,12016.0
1583432.0,597852.0,12016.0
1583432.0,597852.0,12016.0
1583432.0,597852.0,12016.0
1583432.0,597852.0,12016.0
1583432.0,597852.0,12016.0
1583565.3333,597853.06667,12082.133333
1583932.0,597856.0,12264.0
1583932.0,597856.0,12264.0
1583932.0,597856.0,12264.0
1583932.0,597856.0,12264.0
1583932.0,597856.0,12264.0
1583932.0,597856.0,12264.0
1615619.4667,597860.26667,12313.066667
1702760.0,597872.0,12448.0
1702760.0,597872.0,12448.0
1702760.0,597872.0,12448.0
1702760.0,597872.0,12448.0
1702760.0,597872.0,12448.0
1702760.0,597872.0,12448.0
1702760.0,597872.0,12448.0
1702760.0,597872.0,12448.0
1702760.0,597872.0,12448.0
1702760.0,597872.0,12448.0
1702760.0,597872.0,12448.0
1702599.2,597892.0,12494.4
1701956.0,597972.0,12680.0
1701956.0,597972.0,12680.0
1701956.0,597972.0,12680.0
1698285.6,600342.13333,13120.533333
1688192.0,606860.0,14332.0
1687925.6,607512.0,14384.8
1686860.0,610120.0,14596.0
1686860.0,610120.0,14596.0
1686860.0,610120.0,14596.0
1686860.0,610120.0,14596.0
1686860.0,610120.0,14596.0
1686860.0,610120.0,14596.0
1686860.0,610120.0,14596.0
1686860.0,610120.0,14596.0
1686860.0,610120.0,14596.0
1686860.0,610120.0,14596.0
1686860.0,610120.0,14596.0
1686853.6,610151.2,14640.8
1686828.0,610276.0,14820.0
1686828.0,610276.0,14820.0
1686828.0,610276.0,14820.0
1686828.0,610276.0,14820.0
1686828.0,610276.0,14820.0
1686828.0,610276.0,14820.0
1686828.0,610276.0,14820.0
1686828.0,610276.0,14820.0
1686828.0,610276.0,14820.0
1686828.0,610276.0,14820.0
1686828.0,610276.0,14820.0
1686657.6,610315.2,14879.2
1685976.0,610472.0,15116.0
1685976.0,610472.0,15116.0
1704773.8667,610475.2,15128.8
1756468.0,610484.0,15164.0
1756468.0,610484.0,15164.0
1769301.6,610488.8,15186.4
1788552.0,610496.0,15220.0
1788552.0,610496.0,15220.0
1788552.0,610496.0,15220.0
1788552.0,610496.0,15220.0
1788552.0,610496.0,15220.0
1788552.0,610496.0,15220.0
1788552.0,610496.0,15220.0
1788552.0,610496.0,15220.0
1788552.0,610496.0,15220.0
1788552.0,610496.0,15220.0
1788552.0,610496.0,15220.0
1788525.3333,610500.26667,15245.6
1788352.0,610528.0,15412.0
1788352.0,610528.0,15412.0
1788352.0,610528.0,15412.0
1788352.0,610528.0,15412.0
1788352.0,610528.0,15412.0
1788352.0,610528.0,15412.0
1788352.0,610528.0,15412.0
1788352.0,610528.0,15412.0
1788352.0,610528.0,15412.0
1788352.0,610528.0,15412.0
1788352.0,610528.0,15412.0
1788329.0667,610528.8,15432.266667
1788008.0,610540.0,15716.0
1788008.0,610540.0,15716.0
1788008.0,610540.0,15716.0
1788008.0,610540.0,15716.0
1788008.0,610540.0,15716.0
1788008.0,610540.0,15716.0
1788008.0,610540.0,15716.0
1788008.0,610540.0,15716.0
1788008.0,610540.0,15716.0
1788008.0,610540.0,15716.0
1788008.0,610540.0,15716.0
1788009.3333,610540.8,15732.0
1788028.0,610552.0,15956.0
1788028.0,610552.0,15956.0
1788028.0,610552.0,15956.0
1788028.0,610552.0,15956.0
1788028.0,610552.0,15956.0
1788028.0,610552.0,15956.0
1788028.0,610552.0,15956.0
1788028.0,610552.0,15956.0
1788028.0,610552.0,15956.0
1876656.0,610584.0,16212.0
1876656.0,610584.0,16212.0
1876656.0,610584.0,16212.0
1868348.0,614492.0,17124.0
1868348.0,614492.0,17124.0
1870617.8667,615066.93333,17318.133333
1870780.0,615108.0,17332.0
1870780.0,615108.0,17332.0
1870780.0,615108.0,17332.0
1870780.0,615108.0,17332.0
1870780.0,615108.0,17332.0
1870780.0,615108.0,17332.0
1870780.0,615108.0,17332.0
1870780.0,615108.0,17332.0
1870780.0,615108.0,17332.0
1870780.0,615108.0,17332.0
1870780.0,615108.0,17332.0
1870481.8667,615201.6,17540.0
1870436.0,615216.0,17572.0
1870436.0,615216.0,17572.0
1870436.0,615216.0,17572.0
1870436.0,615216.0,17572.0
1870436.0,615216.0,17572.0
1870436.0,615216.0,17572.0
1870436.0,615216.0,17572.0
1870436.0,615216.0,17572.0
1870436.0,615216.0,17572.0
1870436.0,615216.0,17572.0
1870436.0,615216.0,17572.0
1869303.2,615289.6,17815.2
1869020.0,615308.0,17876.0
1869020.0,615308.0,17876.0
1870137.6,615308.0,17917.066667
1870544.0,615308.0,17932.0
1870544.0,615308.0,17932.0
1870544.0,615308.0,17932.0
1870544.0,615308.0,17932.0
1870544.0,615308.0,17932.0
1870544.0,615308.0,17932.0
1870544.0,615308.0,17932.0
1870544.0,615308.0,17932.0
1870544.0,615308.0,17932.0
1870544.0,615308.0,17932.0
1870544.0,615308.0,17932.0
1870464.8,615328.53333,18108.0
1870436.0,615336.0,18172.0
1870436.0,615336.0,18172.0
1870436.0,615336.0,18172.0
