vda,38.00,0.15,0.00,0,0
vda,23.80,0.00,0.10,0,0
vda,36.20,0.14,0.00,0,0
vda,96.80,0.41,0.12,2,0
vda,36.53,0.12,0.13,0,0
vda,2.40,0.00,0.01,0,0
vda,129.80,3.30,0.12,16,0
vda,102.60,2.44,1.36,12,6
vda,111.60,12.97,0.01,64,0
vda,100.40,12.30,0.01,61,0
vda,80.40,9.93,0.00,49,0
vda,120.60,10.38,0.17,51,0
vda,103.40,12.58,0.01,62,0
vda,51.60,6.12,0.01,30,0
vda,111.60,8.79,0.17,43,0
vda,25.40,0.00,0.10,0,0
vda,0.60,0.00,0.00,0,0
vda,35.40,0.00,0.15,0,0
vda,15.00,0.00,0.06,0,0
vda,1.20,0.00,0.00,0,0
vda,28.80,0.00,0.12,0,0
vda,4.20,0.00,0.02,0,0
vda,22.20,0.00,0.09,0,0
vda,31.20,0.00,0.12,0,0
vda,19.40,0.00,0.08,0,0
vda,0.80,0.00,0.00,0,0
vda,38.60,0.00,0.15,0,0
vda,14.80,0.00,0.06,0,0
vda,2.40,0.00,0.01,0,0
vda,41.00,0.00,0.17,0,0
vda,18.80,0.00,0.07,0,0
vda,1.60,0.00,0.01,0,0
vda,30.20,0.00,0.12,0,0
vda,15.00,0.00,0.06,0,0
vda,1.20,0.00,0.00,0,0
vda,25.80,0.00,0.10,0,0
vda,35.20,0.06,0.11,0,0
vda,22.60,0.08,0.06,0,0
vda,17.00,0.05,0.02,0,0
vda,26.20,0.00,0.11,0,0
vda,37.20,0.00,0.15,0,0
vda,13.40,0.00,0.05,0,0
vda,31.00,0.00,0.12,0,0
vda,1.20,0.00,0.00,0,0
vda,12.60,0.00,0.05,0,0
vda,31.80,0.00,0.13,0,0
vda,1.20,0.00,0.00,0,0
vda,12.60,0.00,0.05,0,0
vda,40.40,0.00,0.17,0,0
vda,1.40,0.00,0.01,0,0
vda,32.40,0.00,0.13,0,0
vda,29.20,0.00,0.12,0,0
vda,1.00,0.00,0.00,0,0
vda,15.60,0.00,0.06,0,0
vda,29.40,0.00,0.12,0,0
vda,1.20,0.00,0.00,0,0
vda,12.60,0.00,0.05,0,0
vda,41.60,0.00,0.17,0,0
vda,20.40,0.00,0.08,0,0
vda,0.00,0.00,0.00,0,0
vda,31.80,0.00,0.13,0,0
vda,19.60,0.00,0.08,0,0
vda,39.20,0.00,0.16,0,0
vda,4.40,0.00,0.02,0,0
vda,13.80,0.00,0.06,0,0
vda,29.80,0.00,0.12,0,0
vda,3.20,0.00,0.02,0,0
vda,20.40,0.00,0.09,0,0
vda,27.60,0.00,0.11,0,0
vda,12.20,0.00,0.05,0,0
vda,1.00,0.00,0.00,0,0
vda,26.00,0.00,0.10,0,0
vda,8.60,0.00,0.03,0,0
vda,22.60,0.00,0.09,0,0
vda,34.00,0.00,0.14,0,0
vda,8.80,0.00,0.03,0,0
vda,0.00,0.00,0.00,0,0
vda,3.40,0.00,0.01,0,0
vda,41.80,0.00,0.17,0,0
vda,1.80,0.00,0.01,0,0
vda,20.80,0.00,0.09,0,0
vda,31.00,0.00,0.12,0,0
vda,1.20,0.00,0.00,0,0
vda,13.00,0.00,0.05,0,0
vda,31.80,0.00,0.13,0,0
vda,1.20,0.00,0.00,0,0
vda,18.60,0.00,0.07,0,0
vda,35.00,0.00,0.14,0,0
vda,11.80,0.00,0.05,0,0
vda,23.00,0.00,0.09,0,0
vda,29.60,0.00,0.12,0,0
vda,1.20,0.00,0.00,0,0
vda,0.60,0.00,0.00,0,0
vda,37.20,0.00,0.15,0,0
vda,0.80,0.00,0.00,0,0
vda,1.00,0.00,0.00,0,0
vda,37.40,0.00,0.15,0,0
vda,2.60,0.00,0.01,0,0
vda,27.40,0.00,0.11,0,0
vda,38.80,0.00,0.15,0,0
vda,17.60,0.00,0.07,0,0
vda,1.00,0.00,0.00,0,0
vda,28.00,0.00,0.11,0,0
vda,3.20,0.00,0.01,0,0
vda,1.20,0.00,0.00,0,0
vda,37.33,0.00,0.15,0,0
vda,1.20,0.00,0.00,0,0
vda,22.20,0.00,0.09,0,0
vda,31.80,0.00,0.13,0,0
vda,0.00,0.00,0.00,0,0
vda,1.00,0.00,0.00,0,0
vda,41.40,0.00,0.16,0,0
vda,14.40,0.00,0.06,0,0
vda,1.20,0.00,0.00,0,0
vda,37.60,0.00,0.15,0,0
vda,0.00,0.00,0.00,0,0
vda,36.20,0.00,0.14,0,0
vda,5.80,0.00,0.02,0,0
vda,20.20,0.00,0.08,0,0
vda,1.20,0.00,0.00,0,0
vda,32.00,0.00,0.13,0,0
vda,1.20,0.00,0.00,0,0
vda,36.20,0.00,0.14,0,0
vda,19.00,0.00,0.07,0,0
vda,1.00,0.00,0.00,0,0
vda,33.00,0.00,0.13,0,0
vda,4.60,0.00,0.02,0,0
vda,2.40,0.00,0.01,0,0
vda,38.40,0.00,0.15,0,0
vda,8.60,0.00,0.04,0,0
vda,0.00,0.00,0.00,0,0
vda,14.40,0.00,0.06,0,0
vda,23.80,0.00,0.09,0,0
vda,19.20,0.00,0.08,0,0
vda,1.20,0.00,0.00,0,0
vda,40.80,0.00,0.17,0,0
vda,3.40,0.00,0.01,0,0
vda,3.80,0.00,0.02,0,0
vda,41.40,0.00,0.17,0,0
vda,1.20,0.00,0.00,0,0
vda,20.60,0.00,0.09,0,0
vda,31.60,0.00,0.13,0,0
vda,0.80,0.00,0.00,0,0
vda,1.00,0.00,0.00,0,0
vda,27.80,0.00,0.11,0,0
vda,10.40,0.00,0.04,0,0
vda,20.20,0.00,0.08,0,0
vda,41.20,0.00,0.16,0,0
vda,2.80,0.00,0.01,0,0
vda,2.40,0.00,0.01,0,0
vda,38.40,0.00,0.15,0,0
vda,6.00,0.00,0.02,0,0
vda,1.20,0.00,0.00,0,0
vda,37.60,0.00,0.15,0,0
vda,1.20,0.00,0.00,0,0
vda,0.80,0.00,0.00,0,0
vda,28.00,0.00,0.12,0,0
vda,10.80,0.00,0.04,0,0
vda,1.20,0.00,0.00,0,0
vda,37.60,0.00,0.16,0,0
vda,49.40,0.00,0.20,0,0
vda,0.00,0.00,0.00,0,0
vda,2.00,0.00,0.01,0,0
vda,26.80,0.00,0.11,0,0
vda,18.20,0.00,0.07,0,0
vda,2.00,0.00,0.01,0,0
vda,35.20,0.00,0.14,0,0
vda,1.20,0.00,0.00,0,0
vda,65.00,0.27,0.17,1,0
vda,47.40,0.21,0.19,1,0
vda,5.40,0.00,0.02,0,0
vda,40.60,0.00,0.17,0,0
vda,5.20,0.00,0.02,0,0
vda,0.00,0.00,0.00,0,0
vda,37.80,0.00,0.15,0,0
vda,1.20,0.00,0.00,0,0
vda,0.00,0.00,0.00,0,0
vda,46.80,0.00,0.19,0,0
vda,2.40,0.00,0.01,0,0
vda,1.00,0.00,0.00,0,0
vda,28.20,0.00,0.11,0,0
vda,9.20,0.00,0.04,0,0
vda,19.80,0.00,0.08,0,0
vda,2.20,0.00,0.01,0,0
vda,36.80,0.00,0.15,0,0
vda,11.40,0.00,0.05,0,0
vda,30.80,0.00,0.12,0,0
vda,2.80,0.00,0.01,0,0
vda,2.20,0.00,0.01,0,0
vda,27.40,0.00,0.11,0,0
vda,17.40,0.00,0.07,0,0
vda,1.00,0.00,0.00,0,0
vda,2.00,0.00,0.01,0,0
vda,12.80,0.00,0.05,0,0
vda,38.00,0.00,0.15,0,0
vda,2.00,0.00,0.01,0,0
vda,0.00,0.00,0.00,0,0
vda,34.40,0.00,0.14,0,0
vda,16.60,0.00,0.07,0,0
vda,0.80,0.00,0.00,0,0
vda,0.20,0.00,0.00,0,0
vda,27.80,0.00,0.12,0,0
vda,11.60,0.00,0.05,0,0
vda,0.00,0.00,0.00,0,0
vda,11.60,0.00,0.05,0,0
vda,27.60,0.00,0.11,0,0
vda,2.00,0.00,0.01,0,0
vda,2.40,0.00,0.01,0,0
vda,39.32,0.00,0.16,0,0
vda,22.40,0.00,0.09,0,0
vda,2.00,0.00,0.01,0,0
vda,35.20,0.00,0.14,0,0
vda,1.20,0.00,0.00,0,0
vda,31.40,0.00,0.13,0,0
vda,6.80,0.00,0.03,0,0
vda,1.00,0.00,0.00,0,0
vda,34.80,0.00,0.14,0,0
vda,3.60,0.00,0.01,0,0
vda,1.40,0.00,0.01,0,0
vda,0.20,0.00,0.00,0,0
vda,2.00,0.00,0.01,0,0
vda,1.00,0.00,0.00,0,0
vda,1.00,0.00,0.00,0,0
vda,10.80,0.00,0.05,0,0
vda,18.60,0.00,0.07,0,0
vda,35.00,0.00,0.14,0,0
vda,3.80,0.00,0.01,0,0
vda,1.00,0.00,0.00,0,0
vda,38.00,0.00,0.15,0,0
vda,7.40,0.00,0.03,0,0
vda,1.00,0.00,0.00,0,0
vda,28.60,0.00,0.11,0,0
vda,27.00,0.00,0.11,0,0
vda,1.00,0.00,0.00,0,0
vda,0.60,0.00,0.00,0,0
vda,3.80,0.00,0.01,0,0
vda,1.40,0.00,0.01,0,0
vda,0.40,0.00,0.00,0,0
vda,4.00,0.00,0.02,0,0
vda,12.60,0.00,0.05,0,0
vda,22.40,0.00,0.09,0,0
vda,9.20,0.00,0.04,0,0
vda,1.00,0.00,0.00,0,0
vda,0.40,0.00,0.00,0,0
vda,3.80,0.00,0.01,0,0
vda,1.00,0.00,0.00,0,0
vda,18.40,0.00,0.07,0,0
vda,10.60,0.00,0.04,0,0
vda,40.60,0.00,0.16,0,0
vda,9.80,0.00,0.04,0,0
vda,0.00,0.00,0.00,0,0
vda,36.40,0.00,0.15,0,0
vda,2.20,0.00,0.01,0,0
vda,0.00,0.00,0.00,0,0
vda,32.20,0.00,0.13,0,0
vda,24.40,0.00,0.10,0,0
vda,2.20,0.00,0.01,0,0
vda,1.00,0.00,0.00,0,0
vda,0.00,0.00,0.00,0,0
vda,2.20,0.00,0.01,0,0
vda,1.40,0.00,0.01,0,0
vda,30.40,0.00,0.12,0,0
vda,1.60,0.00,0.01,0,0
vda,1.00,0.00,0.00,0,0
vda,23.80,0.00,0.09,0,0
vda,2.20,0.00,0.01,0,0
vda,1.60,0.00,0.01,0,0
vda,1.40,0.00,0.01,0,0
vda,2.00,0.00,0.01,0,0
vda,18.60,0.00,0.07,0,0
vda,20.60,0.00,0.08,0,0
vda,2.00,0.00,0.01,0,0
vda,0.00,0.00,0.00,0,0
vda,36.00,0.00,0.15,0,0
vda,3.60,0.00,0.01,0,0
vda,1.40,0.00,0.01,0,0
vda,0.00,0.00,0.00,0,0
vda,2.00,0.00,0.01,0,0
vda,1.80,0.00,0.01,0,0
vda,1.00,0.00,0.00,0,0
vda,51.40,0.00,0.21,0,1
vda,33.20,0.00,0.14,0,0
vda,0.00,0.00,0.00,0,0
vda,2.00,0.00,0.01,0,0
vda,36.60,0.00,0.15,0,0
vda,11.40,0.00,0.05,0,0
vda,1.80,0.00,0.01,0,0
vda,0.00,0.00,0.00,0,0
vda,35.80,0.00,0.15,0,0
vda,5.80,0.00,0.02,0,0
vda,33.40,0.00,0.13,0,0
vda,18.80,0.00,0.08,0,0
vda,2.00,0.00,0.01,0,0
vda,44.40,0.00,0.18,0,0
vda,1.40,0.00,0.01,0,0
vda,2.00,0.00,0.01,0,0
vda,0.00,0.00,0.00,0,0
vda,0.80,0.00,0.00,0,0
vda,2.00,0.00,0.01,0,0
vda,1.40,0.00,0.01,0,0
vda,8.60,0.00,0.04,0,0
vda,53.60,0.00,0.21,0,1
vda,2.80,0.00,0.01,0,0
vda,1.20,0.00,0.00,0,0
vda,2.00,0.00,0.01,0,0
vda,38.20,0.00,0.16,0,0
vda,6.00,0.00,0.02,0,0
vda,2.00,0.00,0.01,0,0
vda,1.00,0.00,0.00,0,0
vda,0.60,0.00,0.00,0,0
vda,2.00,0.00,0.01,0,0
vda,2.80,0.00,0.01,0,0
vda,15.00,0.00,0.06,0,0
vda,35.40,0.00,0.14,0,0
vda,9.40,0.00,0.04,0,0
vda,0.00,0.00,0.00,0,0
vda,43.51,0.00,0.18,0,0
vda,1.80,0.00,0.01,0,0
vda,0.60,0.00,0.00,0,0
vda,37.40,0.00,0.15,0,0
vda,1.20,0.00,0.00,0,0
vda,3.00,0.00,0.01,0,0
vda,43.80,0.00,0.18,0,0
vda,1.60,0.00,0.01,0,0
vda,0.00,0.00,0.00,0,0
vda,36.60,0.00,0.15,0,0
vda,19.20,0.00,0.08,0,0
vda,0.60,0.00,0.00,0,0
vda,2.00,0.00,0.01,0,0
vda,1.00,0.00,0.00,0,0
vda,3.40,0.00,0.01,0,0
vda,1.00,0.00,0.00,0,0
vda,13.40,0.00,0.05,0,0
vda,1.40,0.00,0.00,0,0
vda,40.80,0.00,0.17,0,0
vda,4.60,0.00,0.02,0,0
vda,1.00,0.00,0.00,0,0
vda,41.00,0.00,0.17,0,0
vda,14.40,0.00,0.06,0,0
vda,1.00,0.00,0.00,0,0
vda,2.00,0.00,0.01,0,0
vda,2.40,0.00,0.01,0,0
vda,1.00,0.00,0.00,0,0
vda,2.60,0.00,0.01,0,0
vda,13.20,0.00,0.05,0,0
vda,1.60,0.00,0.01,0,0
vda,24.00,0.00,0.10,0,0
vda,7.80,0.00,0.03,0,0
vda,1.40,0.00,0.00,0,0
vda,2.40,0.00,0.01,0,0
vda,2.60,0.00,0.01,0,0
vda,3.80,0.00,0.01,0,0
vda,17.60,0.00,0.07,0,0
vda,0.60,0.00,0.00,0,0
vda,34.60,0.00,0.14,0,0
vda,2.40,0.00,0.01,0,0
vda,8.20,0.00,0.03,0,0
vda,1.00,0.00,0.00,0,0
vda,34.20,0.00,0.14,0,0
vda,5.80,0.00,0.02,0,0
vda,2.20,0.00,0.01,0,0
vda,0.20,0.00,0.00,0,0
vda,27.00,0.00,0.11,0,0
vda,34.80,0.00,0.14,0,0
vda,2.00,0.00,0.01,0,0
vda,0.60,0.00,0.00,0,0
vda,1.00,0.00,0.00,0,0
vda,2.00,0.00,0.01,0,0
vda,2.40,0.00,0.01,0,0
vda,3.00,0.00,0.01,0,0
vda,12.60,0.00,0.05,0,0
vda,0.00,0.00,0.00,0,0
vda,24.00,0.00,0.09,0,0
vda,2.00,0.00,0.01,0,0
vda,8.20,0.00,0.03,0,0
vda,2.40,0.00,0.01,0,0
vda,2.60,0.00,0.01,0,0
vda,18.60,0.00,0.07,0,0
vda,4.20,0.00,0.02,0,0
vda,1.40,0.00,0.01,0,0
vda,0.40,0.00,0.00,0,0
vda,44.60,0.00,0.18,0,0
vda,1.60,0.00,0.01,0,0
vda,0.80,0.00,0.00,0,0
vda,1.00,0.00,0.00,0,0
vda,19.40,0.00,0.08,0,0
vda,4.20,0.00,0.02,0,0
vda,2.60,0.00,0.01,0,0
vda,0.80,0.00,0.00,0,0
vda,0.00,0.00,0.00,0,0
vda,35.80,0.00,0.14,0,0
vda,2.00,0.00,0.01,0,0
vda,20.20,0.00,0.08,0,0
vda,2.20,0.00,0.01,0,0
vda,0.00,0.00,0.00,0,0
vda,2.40,0.00,0.01,0,0
vda,1.80,0.00,0.01,0,0
vda,4.60,0.00,0.02,0,0
vda,1.40,0.00,0.01,0,0
vda,37.60,0.00,0.15,0,0
vda,33.60,0.00,0.13,0,0
vda,10.60,0.00,0.05,0,0
vda,1.60,0.00,0.00,0,0
vda,2.00,0.00,0.01,0,0
vda,1.20,0.00,0.01,0,0
vda,6.40,0.00,0.03,0,0
vda,2.40,0.00,0.01,0,0
vda,0.00,0.00,0.00,0,0
vda,12.80,0.00,0.05,0,0
vda,35.80,0.00,0.14,0,0
vda,0.60,0.00,0.00,0,0
vda,8.80,0.00,0.04,0,0
vda,3.40,0.00,0.02,0,0
vda,0.60,0.00,0.00,0,0
vda,2.60,0.00,0.01,0,0
vda,19.80,0.00,0.08,0,0
vda,1.00,0.00,0.00,0,0
vda,0.60,0.00,0.00,0,0
vda,24.40,0.00,0.10,0,0
vda,0.60,0.00,0.00,0,0
vda,2.20,0.00,0.01,0,0
vda,9.20,0.00,0.04,0,0
vda,0.80,0.00,0.00,0,0
vda,20.40,0.00,0.08,0,0
vda,2.40,0.00,0.01,0,0
vda,0.20,0.00,0.00,0,0
vda,1.00,0.00,0.00,0,0
vda,37.00,0.00,0.15,0,0
vda,0.60,0.00,0.00,0,0
vda,8.60,0.00,0.04,0,0
vda,13.80,0.00,0.05,0,0
vda,0.60,0.00,0.00,0,0
vda,1.60,0.00,0.01,0,0
vda,2.60,0.00,0.01,0,0
vda,2.40,0.00,0.01,0,0
vda,3.00,0.00,0.01,0,0
vda,36.00,0.00,0.14,0,0
vda,18.40,0.00,0.07,0,0
vda,0.20,0.00,0.00,0,0
vda,2.20,0.00,0.01,0,0
vda,8.20,0.00,0.03,0,0
vda,1.00,0.00,0.00,0,0
vda,3.40,0.00,0.02,0,0
vda,1.00,0.00,0.00,0,0
vda,0.80,0.00,0.00,0,0
vda,54.40,0.00,0.22,0,1
vda,9.80,0.00,0.04,0,0
vda,1.00,0.00,0.00,0,0
vda,2.20,0.00,0.01,0,0
vda,2.40,0.00,0.01,0,0
vda,0.20,0.00,0.00,0,0
vda,2.00,0.00,0.01,0,0
vda,12.60,0.00,0.05,0,0
vda,1.40,0.00,0.00,0,0
vda,26.60,0.00,0.11,0,0
vda,1.40,0.00,0.01,0,0
vda,1.20,0.00,0.01,0,0
vda,2.00,0.00,0.01,0,0
vda,0.80,0.00,0.00,0,0
vda,0.80,0.00,0.00,0,0
vda,20.00,0.00,0.08,0,0
vda,9.00,0.00,0.04,0,0
vda,0.80,0.00,0.00,0,0
vda,37.40,0.00,0.15,0,0
vda,2.40,0.00,0.01,0,0
vda,3.00,0.00,0.01,0,0
vda,0.00,0.00,0.00,0,0
vda,12.80,0.00,0.05,0,0
vda,2.00,0.00,0.01,0,0
vda,0.00,0.00,0.00,0,0
vda,1.00,0.00,0.00,0,0
vda,33.80,0.00,0.14,0,0
vda,13.60,0.00,0.05,0,0
vda,2.00,0.00,0.01,0,0
vda,0.20,0.00,0.00,0,0
vda,12.80,0.00,0.05,0,0
vda,6.80,0.00,0.03,0,0
vda,0.40,0.00,0.00,0,0
vda,3.00,0.00,0.01,0,0
vda,8.80,0.00,0.04,0,0
vda,23.80,0.00,0.10,0,0
vda,20.80,0.00,0.08,0,0
vda,1.40,0.00,0.01,0,0
vda,2.40,0.00,0.01,0,0
vda,0.20,0.00,0.00,0,0
vda,2.40,0.00,0.01,0,0
vda,1.80,0.00,0.01,0,0
vda,7.40,0.00,0.03,0,0
vda,1.60,0.00,0.01,0,0
vda,2.40,0.00,0.01,0,0
vda,48.80,0.00,0.19,0,0
vda,1.20,0.00,0.00,0,0
vda,1.80,0.00,0.01,0,0
vda,1.80,0.00,0.01,0,0
vda,1.20,0.00,0.00,0,0
vda,2.00,0.00,0.01,0,0
vda,0.60,0.00,0.00,0,0
vda,26.00,0.00,0.10,0,0
vda,35.80,0.00,0.14,0,0
vda,0.60,0.00,0.00,0,0
vda,0.80,0.00,0.01,0,0
vda,2.20,0.00,0.01,0,0
vda,3.00,0.00,0.01,0,0
vda,1.20,0.00,0.00,0,0
vda,13.80,0.00,0.05,0,0
vda,0.00,0.00,0.00,0,0
vda,1.00,0.00,0.00,0,0
vda,43.60,0.00,0.18,0,0
vda,0.60,0.00,0.00,0,0
vda,1.00,0.00,0.00,0,0
vda,21.40,0.00,0.08,0,0
vda,1.40,0.00,0.01,0,0
vda,0.00,0.00,0.00,0,0
vda,1.00,0.00,0.00,0,0
vda,12.40,0.00,0.05,0,0
vda,1.20,0.00,0.00,0,0
vda,0.19,0.00,0.00,0,0
vda,26.60,0.00,0.11,0,0
vda,27.20,0.00,0.11,0,0
vda,2.60,0.00,0.01,0,0
vda,0.20,0.00,0.00,0,0
vda,1.00,0.00,0.00,0,0
vda,5.20,0.00,0.02,0,0
vda,13.40,0.00,0.06,0,0
vda,2.80,0.00,0.01,0,0
vda,59.40,0.00,0.23,0,1
