16222924.0,41796.0,1928.0
15850906.4,108642.4,2670.4
15292880.0,208912.0,3784.0
15292880.0,208912.0,3784.0
14721627.2,306398.4,3809.6
13864748.0,452628.0,3848.0
13864748.0,452628.0,3848.0
13671917.6,452658.4,3873.6
13382672.0,452704.0,3912.0
13381235.2,452702.4,3934.4
13379080.0,452700.0,3968.0
13379080.0,452700.0,3968.0
13378049.6,452740.0,3990.4
13376504.0,452800.0,4024.0
13376504.0,452800.0,4024.0
13376504.0,452800.0,4024.0
13376504.0,452800.0,4024.0
13376504.0,452800.0,4024.0
13376504.0,452800.0,4024.0
13376504.0,452800.0,4024.0
13376504.0,452800.0,4024.0
13376504.0,452800.0,4024.0
13376504.0,452800.0,4024.0
13375326.667,453072.0,4146.6666667
13372972.0,453616.0,4392.0
13372972.0,453616.0,4392.0
13372972.0,453616.0,4392.0
13372972.0,453616.0,4392.0
13372972.0,453616.0,4392.0
13372972.0,453616.0,4392.0
13372972.0,453616.0,4392.0
13372145.333,453648.0,4453.3333333
13370492.0,453712.0,4576.0
14347632.8,451080.0,4598.4
15813344.0,447132.0,4632.0
