vda,121.40,0.61,0.01,3,0
vda,22.40,0.19,0.01,0,0
vda,1.40,0.00,0.01,0,0
vda,2.00,0.00,0.01,0,0
vda,1.20,0.00,0.00,0,0
vda,1.60,0.00,0.01,0,0
vda,236.00,9.40,0.14,46,0
vda,64.00,6.17,0.06,30,0
vda,6.00,0.01,0.01,0,0
vda,15.40,0.05,0.01,0,0
vda,2.20,0.00,0.01,0,0
vda,45.80,0.00,1.00,0,5
vda,25.40,0.00,0.56,0,2
vda,1.80,0.00,0.01,0,0
vda,0.20,0.00,0.00,0,0
vda,2.20,0.00,0.01,0,0
vda,1.40,0.00,0.01,0,0
vda,8.00,0.00,0.04,0,0
vda,16.00,0.00,0.07,0,0
vda,1.20,0.00,0.00,0,0
vda,15.60,0.00,0.06,0,0
vda,2.00,0.00,0.01,0,0
vda,1.20,0.00,0.00,0,0
vda,0.40,0.00,0.00,0,0
vda,13.80,0.00,0.06,0,0
vda,2.40,0.00,0.01,0,0
vda,26.60,0.00,0.11,0,0
vda,23.00,0.00,0.09,0,0
vda,0.20,0.00,0.00,0,0
vda,1.00,0.00,0.00,0,0
vda,2.40,0.00,0.01,0,0
vda,2.60,0.00,0.01,0,0
vda,2.00,0.00,0.01,0,0
vda,25.80,0.00,0.10,0,0
vda,8.20,0.00,0.03,0,0
vda,0.40,0.00,0.00,0,0
vda,22.20,0.00,0.09,0,0
vda,9.20,0.00,0.04,0,0
vda,0.00,0.00,0.00,0,0
vda,1.60,0.00,0.01,0,0
vda,6.00,0.00,0.03,0,0
vda,13.40,0.00,0.05,0,0
vda,10.00,0.00,0.04,0,0
vda,0.20,0.00,0.00,0,0
vda,0.60,0.00,0.00,0,0
vda,1.20,0.00,0.00,0,0
vda,33.40,0.00,0.13,0,0
vda,0.80,0.00,0.00,0,0
vda,6.40,0.00,0.03,0,0
vda,18.20,0.00,0.07,0,0
vda,0.00,0.00,0.00,0,0
vda,1.20,0.00,0.00,0,0
vda,15.60,0.00,0.06,0,0
vda,0.00,0.00,0.00,0,0
