vda,108.00,0.64,0.01,3,0
vda,52.80,0.05,0.17,0,0
vda,5.80,0.02,0.00,0,0
vda,1.60,0.00,0.01,0,0
vda,1.60,0.00,0.01,0,0
vda,35.40,0.00,0.14,0,0
vda,221.40,11.69,0.00,58,0
vda,76.20,3.87,1.46,19,7
vda,9.40,0.02,0.01,0,0
vda,11.60,0.05,0.00,0,0
vda,4.20,0.00,0.02,0,0
vda,1.00,0.00,0.00,0,0
vda,51.40,0.00,0.21,0,1
vda,11.40,0.00,0.05,0,0
vda,1.40,0.00,0.01,0,0
vda,35.00,0.00,0.15,0,0
vda,0.00,0.00,0.00,0,0
vda,1.20,0.00,0.00,0,0
vda,35.60,0.00,0.15,0,0
vda,4.20,0.00,0.02,0,0
vda,1.00,0.00,0.00,0,0
vda,47.60,0.00,0.20,0,0
vda,2.60,0.00,0.01,0,0
vda,1.20,0.00,0.00,0,0
vda,46.20,0.00,0.19,0,0
vda,3.40,0.00,0.01,0,0
vda,1.20,0.00,0.00,0,0
vda,39.40,0.00,0.16,0,0
vda,2.40,0.00,0.01,0,0
vda,39.20,0.00,0.16,0,0
vda,2.00,0.00,0.01,0,0
vda,2.20,0.00,0.01,0,0
vda,40.40,0.00,0.17,0,0
vda,0.60,0.00,0.00,0,0
vda,2.20,0.00,0.01,0,0
