3874012.0,31700.0,1624.0
3695591.2,71811.466667,2011.2
2535856.0,332536.0,4528.0
2535856.0,332536.0,4528.0
2227278.4,420671.2,4539.2
992968.0,773212.0,4584.0
928337.6,735840.0,4568.8
669816.0,586352.0,4508.0
669816.0,586352.0,4508.0
669105.6,586496.8,4520.8
666264.0,587076.0,4572.0
666264.0,587076.0,4572.0
666264.0,587076.0,4572.0
666264.0,587076.0,4572.0
666264.0,587076.0,4572.0
666264.0,587076.0,4572.0
666264.0,587076.0,4572.0
666264.0,587076.0,4572.0
666264.0,587076.0,4572.0
666264.0,587076.0,4572.0
665607.2,587080.8,4621.6
662980.0,587100.0,4820.0
662980.0,587100.0,4820.0
662980.0,587100.0,4820.0
662980.0,587100.0,4820.0
664489.33333,587838.66667,4888.0
667508.0,589316.0,5024.0
667508.0,589316.0,5024.0
667508.0,589316.0,5024.0
667508.0,589316.0,5024.0
667508.0,589316.0,5024.0
667508.0,589316.0,5024.0
667508.0,589316.0,5024.0
667508.0,589316.0,5024.0
667508.0,589316.0,5024.0
667508.0,589316.0,5024.0
693396.0,589324.0,5109.3333333
745172.0,589340.0,5280.0
745701.33333,589344.0,5304.0
746760.0,589352.0,5352.0
746760.0,589352.0,5352.0
746350.4,589676.8,5374.4
745736.0,590164.0,5408.0
745736.0,590164.0,5408.0
835050.4,590162.13333,5437.8666667
937124.0,590160.0,5472.0
951900.0,590164.8,5500.8
974064.0,590172.0,5544.0
974064.0,590172.0,5544.0
970740.8,591965.6,5942.4
965756.0,594656.0,6540.0
965756.0,594656.0,6540.0
994125.6,595296.26667,6825.6
1026548.0,596028.0,7152.0
1051140.0,600408.8,7872.0
1088028.0,606980.0,8952.0
1088028.0,606980.0,8952.0
1089470.6667,607048.0,8981.3333333
1092356.0,607184.0,9040.0
1092356.0,607184.0,9040.0
1092356.0,607184.0,9040.0
1092356.0,607184.0,9040.0
1127336.8,607281.6,9084.8
1179808.0,607428.0,9152.0
1179808.0,607428.0,9152.0
1179808.0,607428.0,9152.0
1179808.0,607428.0,9152.0
1179808.0,607428.0,9152.0
1179808.0,607428.0,9152.0
1179808.0,607428.0,9152.0
1195192.0,607452.0,9202.6666667
1225960.0,607500.0,9304.0
1225960.0,607500.0,9304.0
1225960.0,607500.0,9304.0
1225960.0,607500.0,9304.0
1225960.0,607500.0,9304.0
1225960.0,607500.0,9304.0
1225960.0,607500.0,9304.0
1236153.3333,607518.66667,9365.3333333
1256540.0,607556.0,9488.0
1256540.0,607556.0,9488.0
1259074.6667,607597.33333,9512.0
1264144.0,607680.0,9560.0
1264144.0,607680.0,9560.0
1264144.0,607680.0,9560.0
1264144.0,607680.0,9560.0
1267166.4,607692.8,9608.0
1271700.0,607712.0,9680.0
1271700.0,607712.0,9680.0
1277113.3333,607719.46667,9708.0
1283300.0,607728.0,9740.0
1283300.0,607728.0,9740.0
1283300.0,607728.0,9740.0
1283300.0,607728.0,9740.0
1283300.0,607728.0,9740.0
1283300.0,607728.0,9740.0
1283300.0,607728.0,9740.0
2219817.8667,606173.06667,9818.4
3290124.0,604396.0,9908.0
