6616566.9333,1393314.9333,14577.066667
7894200.0,100796.0,3716.0
7732352.8,133732.8,3729.0666667
5466492.0,594848.0,3912.0
5466492.0,594848.0,3912.0
5466492.0,594848.0,3912.0
3617904.0,1147268.0,3968.0
3617904.0,1147268.0,3968.0
2957825.0667,1385627.4667,4002.1333333
2957825.0667,1385627.4667,4002.1333333
2380256.0,1594192.0,4032.0
2378024.0,1594192.0,4096.0
2378024.0,1594192.0,4096.0
2378024.0,1594192.0,4096.0
2378024.0,1594192.0,4096.0
2378024.0,1594192.0,4096.0
2378024.0,1594192.0,4096.0
2378024.0,1594192.0,4096.0
2378024.0,1594192.0,4096.0
2376428.0,1594208.0,4308.0
2376428.0,1594208.0,4308.0
2376428.0,1594208.0,4308.0
2376428.0,1594208.0,4308.0
2376428.0,1594208.0,4308.0
2376428.0,1594208.0,4308.0
2376428.0,1594208.0,4308.0
2376428.0,1594208.0,4308.0
2377140.0,1594568.0,4460.0
2377140.0,1594568.0,4460.0
2377140.0,1594568.0,4460.0
2377140.0,1594568.0,4460.0
2377140.0,1594568.0,4460.0
2377140.0,1594568.0,4460.0
2377140.0,1594568.0,4460.0
2377140.0,1594568.0,4460.0
2377140.0,1594568.0,4460.0
2377140.0,1594568.0,4460.0
2377140.0,1594568.0,4460.0
2377140.0,1594568.0,4460.0
2376666.4,1594638.4,4639.2
2376548.0,1594656.0,4684.0
2376548.0,1594656.0,4684.0
2376548.0,1594656.0,4684.0
2376548.0,1594656.0,4684.0
2376548.0,1594656.0,4684.0
2376548.0,1594656.0,4684.0
2376548.0,1594656.0,4684.0
2376548.0,1594656.0,4684.0
2376548.0,1594656.0,4684.0
2376548.0,1594656.0,4684.0
2376548.0,1594656.0,4684.0
2375799.2,1594687.2,4947.4666667
2375684.0,1594692.0,4988.0
2375684.0,1594692.0,4988.0
2375684.0,1594692.0,4988.0
2375684.0,1594692.0,4988.0
2375684.0,1594692.0,4988.0
2375684.0,1594692.0,4988.0
2375684.0,1594692.0,4988.0
2375684.0,1594692.0,4988.0
2375684.0,1594692.0,4988.0
2375684.0,1594692.0,4988.0
2375684.0,1594692.0,4988.0
2375590.4,1594785.6,5132.0
2375528.0,1594848.0,5228.0
2375528.0,1594848.0,5228.0
2375528.0,1594848.0,5228.0
2373162.1333,1596102.4,5554.4
2371092.0,1597200.0,5840.0
2369470.6667,1597204.2667,5861.3333333
2368052.0,1597208.0,5880.0
2368052.0,1597208.0,5880.0
2368052.0,1597208.0,5880.0
2368052.0,1597208.0,5880.0
2368052.0,1597208.0,5880.0
2368052.0,1597208.0,5880.0
2368052.0,1597208.0,5880.0
2368052.0,1597208.0,5880.0
2368052.0,1597208.0,5880.0
2368052.0,1597208.0,5880.0
2368052.0,1597208.0,5880.0
2367792.8,1597292.0,6028.8
2367620.0,1597348.0,6128.0
2366379.2,1597345.6,6161.6
2365552.0,1597344.0,6184.0
2366579.2,1597356.0,6212.8
2367264.0,1597364.0,6232.0
2367264.0,1597364.0,6232.0
2367264.0,1597364.0,6232.0
2367264.0,1597364.0,6232.0
2367264.0,1597364.0,6232.0
2367264.0,1597364.0,6232.0
2367264.0,1597364.0,6232.0
2367264.0,1597364.0,6232.0
2367264.0,1597364.0,6232.0
2367264.0,1597364.0,6232.0
2367264.0,1597364.0,6232.0
2367264.0,1597364.0,6232.0
2366645.3333,1597372.0,6397.3333333
2366336.0,1597376.0,6480.0
2366336.0,1597376.0,6480.0
2366336.0,1597376.0,6480.0
2366336.0,1597376.0,6480.0
2366336.0,1597376.0,6480.0
2366336.0,1597376.0,6480.0
2366336.0,1597376.0,6480.0
2366336.0,1597376.0,6480.0
2366336.0,1597376.0,6480.0
2366336.0,1597376.0,6480.0
2366336.0,1597376.0,6480.0
2366504.0,1597388.0,6648.0
2366616.0,1597396.0,6760.0
2366616.0,1597396.0,6760.0
2366616.0,1597396.0,6760.0
2366616.0,1597396.0,6760.0
2366616.0,1597396.0,6760.0
2366616.0,1597396.0,6760.0
2366616.0,1597396.0,6760.0
2366616.0,1597396.0,6760.0
2366616.0,1597396.0,6760.0
2365124.8,1597418.4,6926.4
2364752.0,1597424.0,6968.0
2364752.0,1597424.0,6968.0
2366204.5333,1597430.9333,7016.5333333
2366428.0,1597432.0,7024.0
2366428.0,1597432.0,7024.0
2365484.0,1597432.0,7075.2
2365248.0,1597432.0,7088.0
2365248.0,1597432.0,7088.0
2365248.0,1597432.0,7088.0
2365248.0,1597432.0,7088.0
2363539.2,1597432.0,7177.6
2363112.0,1597432.0,7200.0
2363112.0,1597432.0,7200.0
2363112.0,1597432.0,7200.0
2363112.0,1597432.0,7200.0
2363112.0,1597432.0,7200.0
2363112.0,1597432.0,7200.0
2363112.0,1597432.0,7200.0
2363112.0,1597432.0,7200.0
2363112.0,1597432.0,7200.0
2363112.0,1597432.0,7200.0
2363112.0,1597432.0,7200.0
2362649.0667,1597446.9333,7386.6666667
2362616.0,1597448.0,7400.0
2362616.0,1597448.0,7400.0
2362616.0,1597448.0,7400.0
2362616.0,1597448.0,7400.0
2362616.0,1597448.0,7400.0
2362616.0,1597448.0,7400.0
2362616.0,1597448.0,7400.0
2362616.0,1597448.0,7400.0
2362616.0,1597448.0,7400.0
2362616.0,1597448.0,7400.0
2362616.0,1597448.0,7400.0
2361576.0,1597544.0,7676.0
2361576.0,1597544.0,7676.0
2361576.0,1597544.0,7676.0
2361576.0,1597544.0,7676.0
2361576.0,1597544.0,7676.0
2361576.0,1597544.0,7676.0
2361576.0,1597544.0,7676.0
2361576.0,1597544.0,7676.0
2361576.0,1597544.0,7676.0
2361576.0,1597544.0,7676.0
2361576.0,1597544.0,7676.0
2361646.9333,1597548.2667,7705.8666667
2362108.0,1597576.0,7900.0
2362108.0,1597576.0,7900.0
2362108.0,1597576.0,7900.0
2362108.0,1597576.0,7900.0
2362108.0,1597576.0,7900.0
2362108.0,1597576.0,7900.0
2362108.0,1597576.0,7900.0
2362108.0,1597576.0,7900.0
2362108.0,1597576.0,7900.0
2359778.4,1598663.2,8183.2
2350460.0,1603012.0,9316.0
2350677.6,1603340.0,9325.6
2351548.0,1604652.0,9364.0
2351548.0,1604652.0,9364.0
2351548.0,1604652.0,9364.0
2351548.0,1604652.0,9364.0
2351548.0,1604652.0,9364.0
2351548.0,1604652.0,9364.0
2351548.0,1604652.0,9364.0
2351548.0,1604652.0,9364.0
2352973.6,1604653.6,9398.4
2358676.0,1604660.0,9536.0
2358676.0,1604660.0,9536.0
2358676.0,1604660.0,9536.0
2358676.0,1604660.0,9536.0
2358676.0,1604660.0,9536.0
2358676.0,1604660.0,9536.0
2358676.0,1604660.0,9536.0
2358676.0,1604660.0,9536.0
2358676.0,1604660.0,9536.0
2358676.0,1604660.0,9536.0
2358676.0,1604660.0,9536.0
2358588.8,1604664.8,9588.8
2358240.0,1604684.0,9800.0
2358240.0,1604684.0,9800.0
2358240.0,1604684.0,9800.0
2358240.0,1604684.0,9800.0
2358240.0,1604684.0,9800.0
2358240.0,1604684.0,9800.0
2358240.0,1604684.0,9800.0
2358240.0,1604684.0,9800.0
2358240.0,1604684.0,9800.0
2358240.0,1604684.0,9800.0
2358240.0,1604684.0,9800.0
2358180.8,1604688.0,9857.6
2357944.0,1604704.0,10088.0
2358132.8,1604705.6,10094.4
2359360.0,1604716.0,10136.0
2359360.0,1604716.0,10136.0
2359360.0,1604716.0,10136.0
2359360.0,1604716.0,10136.0
2359360.0,1604716.0,10136.0
2359360.0,1604716.0,10136.0
2359360.0,1604716.0,10136.0
2359360.0,1604716.0,10136.0
2359360.0,1604716.0,10136.0
2359360.0,1604716.0,10136.0
2359360.0,1604716.0,10136.0
2359284.8,1604720.0,10176.0
2358984.0,1604736.0,10336.0
2358984.0,1604736.0,10336.0
2358984.0,1604736.0,10336.0
2358984.0,1604736.0,10336.0
2358984.0,1604736.0,10336.0
2358984.0,1604736.0,10336.0
2358754.4,1604740.8,10368.0
2357836.0,1604760.0,10496.0
2357836.0,1604760.0,10496.0
2357836.0,1604760.0,10496.0
2357836.0,1604760.0,10496.0
2357836.0,1604760.0,10496.0
2357836.0,1604760.0,10496.0
2357836.0,1604760.0,10496.0
2357864.8,1604762.6667,10516.266667
2358052.0,1604780.0,10648.0
2358052.0,1604780.0,10648.0
2405445.6,1604780.0,10659.2
2595020.0,1604780.0,10704.0
2605654.6667,1604782.1333,10709.333333
2674780.0,1604796.0,10744.0
2674780.0,1604796.0,10744.0
2674780.0,1604796.0,10744.0
2674780.0,1604796.0,10744.0
2674780.0,1604796.0,10744.0
2674780.0,1604796.0,10744.0
2674780.0,1604796.0,10744.0
2674780.0,1604796.0,10744.0
2674780.0,1604796.0,10744.0
2674780.0,1604796.0,10744.0
2674780.0,1604796.0,10744.0
2674745.3333,1604808.2667,10772.8
2674297.6,1604889.0667,10966.4
2672852.0,1604896.0,11008.0
2672852.0,1604896.0,11008.0
2673191.2,1604894.4,11022.4
2674548.0,1604888.0,11080.0
2674548.0,1604888.0,11080.0
2674548.0,1604888.0,11080.0
2674548.0,1604888.0,11080.0
2674548.0,1604888.0,11080.0
2674548.0,1604888.0,11080.0
2674548.0,1604888.0,11080.0
2674548.0,1604888.0,11080.0
2674548.0,1604888.0,11080.0
2674548.0,1604888.0,11080.0
2674548.0,1604888.0,11080.0
2674490.4,1604889.0667,11148.266667
2674332.0,1604892.0,11336.0
2674332.0,1604892.0,11336.0
2674332.0,1604892.0,11336.0
2674332.0,1604892.0,11336.0
2674332.0,1604892.0,11336.0
2674332.0,1604892.0,11336.0
2674332.0,1604892.0,11336.0
2674332.0,1604892.0,11336.0
2674332.0,1604892.0,11336.0
2674332.0,1604892.0,11336.0
2674332.0,1604892.0,11336.0
2674073.3333,1604940.0,11445.333333
2673556.0,1605036.0,11664.0
2673556.0,1605036.0,11664.0
2673556.0,1605036.0,11664.0
2673556.0,1605036.0,11664.0
2673556.0,1605036.0,11664.0
2673556.0,1605036.0,11664.0
2673556.0,1605036.0,11664.0
2673663.7333,1605040.2667,11700.266667
2673960.0,1605052.0,11800.0
2673960.0,1605052.0,11800.0
2673960.0,1605052.0,11800.0
2673960.0,1605052.0,11800.0
2673960.0,1605052.0,11800.0
2673960.0,1605052.0,11800.0
2673960.0,1605052.0,11800.0
2703022.4,1605056.0,11836.8
2819272.0,1605072.0,11984.0
2819272.0,1605072.0,11984.0
2854370.6667,1605074.1333,12001.066667
2950892.0,1605080.0,12048.0
2950892.0,1605080.0,12048.0
2950892.0,1605080.0,12048.0
2950892.0,1605080.0,12048.0
2951290.9333,1605086.4,12081.066667
2952388.0,1605104.0,12172.0
2952388.0,1605104.0,12172.0
2952388.0,1605104.0,12172.0
2952388.0,1605104.0,12172.0
2952388.0,1605104.0,12172.0
2952388.0,1605104.0,12172.0
2952388.0,1605104.0,12172.0
2952388.0,1605104.0,12172.0
2952388.0,1605104.0,12172.0
2952388.0,1605104.0,12172.0
2952388.0,1605104.0,12172.0
2952127.2,1605185.6,12271.2
2951736.0,1605308.0,12420.0
2951736.0,1605308.0,12420.0
2951736.0,1605308.0,12420.0
2951736.0,1605308.0,12420.0
2951736.0,1605308.0,12420.0
2951736.0,1605308.0,12420.0
2951736.0,1605308.0,12420.0
2951736.0,1605308.0,12420.0
2951736.0,1605308.0,12420.0
2951736.0,1605308.0,12420.0
2951736.0,1605308.0,12420.0
2951680.0,1605312.0,12479.2
2951456.0,1605328.0,12716.0
2951456.0,1605328.0,12716.0
2951456.0,1605328.0,12716.0
2951456.0,1605328.0,12716.0
2951456.0,1605328.0,12716.0
2951456.0,1605328.0,12716.0
2951456.0,1605328.0,12716.0
2951456.0,1605328.0,12716.0
2951456.0,1605328.0,12716.0
2951456.0,1605328.0,12716.0
2951456.0,1605328.0,12716.0
2951277.8667,1605339.2,12752.266667
2950120.0,1605412.0,12988.0
2950120.0,1605412.0,12988.0
2950120.0,1605412.0,12988.0
2950120.0,1605412.0,12988.0
2950120.0,1605412.0,12988.0
2950120.0,1605412.0,12988.0
2950120.0,1605412.0,12988.0
2950120.0,1605412.0,12988.0
2950120.0,1605412.0,12988.0
2950120.0,1605412.0,12988.0
2950120.0,1605412.0,12988.0
2950120.0,1605414.4,13045.6
2950120.0,1605424.0,13276.0
2950120.0,1605424.0,13276.0
2972944.0,1605424.5333,13283.466667
3121300.0,1605428.0,13332.0
3121300.0,1605428.0,13332.0
3121300.0,1605428.0,13332.0
3121300.0,1605428.0,13332.0
3121300.0,1605428.0,13332.0
3121300.0,1605428.0,13332.0
3121300.0,1605428.0,13332.0
3121300.0,1605428.0,13332.0
3121300.0,1605428.0,13332.0
3121300.0,1605428.0,13332.0
3121300.0,1605428.0,13332.0
3121300.0,1605428.0,13332.0
3121148.0,1605452.0,13572.0
3121148.0,1605452.0,13572.0
3121148.0,1605452.0,13572.0
3121148.0,1605452.0,13572.0
3121148.0,1605452.0,13572.0
3121148.0,1605452.0,13572.0
3121148.0,1605452.0,13572.0
3121148.0,1605452.0,13572.0
3121148.0,1605452.0,13572.0
3121148.0,1605452.0,13572.0
3121148.0,1605452.0,13572.0
3121168.2667,1605455.7333,13611.466667
3121300.0,1605480.0,13868.0
3121300.0,1605480.0,13868.0
3121300.0,1605480.0,13868.0
3121300.0,1605480.0,13868.0
3121300.0,1605480.0,13868.0
3121300.0,1605480.0,13868.0
3121300.0,1605480.0,13868.0
3121300.0,1605480.0,13868.0
3121300.0,1605480.0,13868.0
3121300.0,1605480.0,13868.0
3121300.0,1605480.0,13868.0
3120994.9333,1605488.5333,13987.466667
3120994.9333,1605488.5333,13987.466667
3120728.0,1605496.0,14092.0
3120728.0,1605496.0,14092.0
3120728.0,1605496.0,14092.0
3120728.0,1605496.0,14092.0
3120728.0,1605496.0,14092.0
3120728.0,1605496.0,14092.0
3120728.0,1605496.0,14092.0
3120597.8667,1605501.8667,14108.533333
3118776.0,1605584.0,14340.0
3118776.0,1605584.0,14340.0
3118879.2,1605584.8,14344.266667
3120324.0,1605596.0,14404.0
3120324.0,1605596.0,14404.0
3120324.0,1605596.0,14404.0
3120324.0,1605596.0,14404.0
3120324.0,1605596.0,14404.0
3120324.0,1605596.0,14404.0
3120324.0,1605596.0,14404.0
3120324.0,1605596.0,14404.0
3120324.0,1605596.0,14404.0
3120324.0,1605596.0,14404.0
3304932.0,1605620.0,14644.0
3304932.0,1605620.0,14644.0
3304932.0,1605620.0,14644.0
3304932.0,1605620.0,14644.0
3304932.0,1605620.0,14644.0
3304932.0,1605620.0,14644.0
3304932.0,1605620.0,14644.0
3304932.0,1605620.0,14644.0
3304932.0,1605620.0,14644.0
3304932.0,1605620.0,14644.0
3304932.0,1605620.0,14644.0
3304932.0,1605620.0,14644.0
3304706.1333,1605640.5333,14814.133333
3304624.0,1605648.0,14876.0
3304624.0,1605648.0,14876.0
3304624.0,1605648.0,14876.0
3304624.0,1605648.0,14876.0
3304624.0,1605648.0,14876.0
3304624.0,1605648.0,14876.0
3304624.0,1605648.0,14876.0
3304624.0,1605648.0,14876.0
3304624.0,1605648.0,14876.0
3304624.0,1605648.0,14876.0
3304624.0,1605648.0,14876.0
3304866.6667,1605724.2667,15104.8
3304904.0,1605736.0,15140.0
3304904.0,1605736.0,15140.0
3304904.0,1605736.0,15140.0
3304904.0,1605736.0,15140.0
3304904.0,1605736.0,15140.0
3304904.0,1605736.0,15140.0
3304904.0,1605736.0,15140.0
3304904.0,1605736.0,15140.0
3304904.0,1605736.0,15140.0
3304904.0,1605736.0,15140.0
3304904.0,1605736.0,15140.0
3304493.6,1605745.6,15293.6
3304220.0,1605752.0,15396.0
3304220.0,1605752.0,15396.0
3304220.0,1605752.0,15396.0
3304220.0,1605752.0,15396.0
3304220.0,1605752.0,15396.0
3304220.0,1605752.0,15396.0
3304220.0,1605752.0,15396.0
3304220.0,1605752.0,15396.0
3304220.0,1605752.0,15396.0
3304220.0,1605752.0,15396.0
3304220.0,1605752.0,15396.0
3304116.0,1605776.0,15588.0
3304064.0,1605788.0,15684.0
3304064.0,1605788.0,15684.0
3304064.0,1605788.0,15684.0
3304064.0,1605788.0,15684.0
3304064.0,1605788.0,15684.0
3304064.0,1605788.0,15684.0
3304064.0,1605788.0,15684.0
3304064.0,1605788.0,15684.0
3304064.0,1605788.0,15684.0
3304064.0,1605788.0,15684.0
3378033.0667,1605796.5333,15824.8
3442756.0,1605804.0,15948.0
3442756.0,1605804.0,15948.0
3442756.0,1605804.0,15948.0
3442756.0,1605804.0,15948.0
3442756.0,1605804.0,15948.0
3442756.0,1605804.0,15948.0
3442756.0,1605804.0,15948.0
3442037.0667,1605816.8,16046.133333
3441408.0,1605828.0,16132.0
3442269.8667,1605834.4,16166.133333
3443024.0,1605840.0,16196.0
3443024.0,1605840.0,16196.0
3443024.0,1605840.0,16196.0
3443024.0,1605840.0,16196.0
3443024.0,1605840.0,16196.0
3443024.0,1605840.0,16196.0
3443024.0,1605840.0,16196.0
3443024.0,1605840.0,16196.0
3443024.0,1605840.0,16196.0
3443024.0,1605840.0,16196.0
3443024.0,1605840.0,16196.0
3442866.1333,1605842.1333,16328.266667
3442728.0,1605844.0,16444.0
3442728.0,1605844.0,16444.0
3442728.0,1605844.0,16444.0
3442728.0,1605844.0,16444.0
3442728.0,1605844.0,16444.0
3442728.0,1605844.0,16444.0
3442728.0,1605844.0,16444.0
3442728.0,1605844.0,16444.0
3442728.0,1605844.0,16444.0
3442728.0,1605844.0,16444.0
3442728.0,1605844.0,16444.0
3442395.7333,1605857.0667,16582.133333
3442016.0,1605872.0,16740.0
3442016.0,1605872.0,16740.0
3442016.0,1605872.0,16740.0
3442016.0,1605872.0,16740.0
3442016.0,1605872.0,16740.0
3442016.0,1605872.0,16740.0
3442016.0,1605872.0,16740.0
3442016.0,1605872.0,16740.0
3442016.0,1605872.0,16740.0
3442016.0,1605872.0,16740.0
3442016.0,1605872.0,16740.0
3441941.3333,1605879.4667,16863.2
3441856.0,1605888.0,17004.0
3441856.0,1605888.0,17004.0
3441856.0,1605888.0,17004.0
3441856.0,1605888.0,17004.0
3441856.0,1605888.0,17004.0
3441856.0,1605888.0,17004.0
3441856.0,1605888.0,17004.0
3441856.0,1605888.0,17004.0
3441856.0,1605888.0,17004.0
3441856.0,1605888.0,17004.0
3441856.0,1605888.0,17004.0
3486645.3333,1605905.0667,17178.933333
3525836.0,1605920.0,17332.0
3525836.0,1605920.0,17332.0
3525836.0,1605920.0,17332.0
3525836.0,1605920.0,17332.0
3525836.0,1605920.0,17332.0
3525836.0,1605920.0,17332.0
3525836.0,1605920.0,17332.0
3525836.0,1605920.0,17332.0
3525836.0,1605920.0,17332.0
3525836.0,1605920.0,17332.0
3525836.0,1605920.0,17332.0
3525660.8,1606006.4,17471.2
3525544.0,1606064.0,17564.0
3525544.0,1606064.0,17564.0
3525544.0,1606064.0,17564.0
3525544.0,1606064.0,17564.0
3525544.0,1606064.0,17564.0
3525544.0,1606064.0,17564.0
3525544.0,1606064.0,17564.0
3525544.0,1606064.0,17564.0
3525544.0,1606064.0,17564.0
3525544.0,1606064.0,17564.0
3525544.0,1606064.0,17564.0
3525618.4,1606085.6,17736.8
3525668.0,1606100.0,17852.0
3525668.0,1606100.0,17852.0
3525668.0,1606100.0,17852.0
3525668.0,1606100.0,17852.0
3525668.0,1606100.0,17852.0
3525668.0,1606100.0,17852.0
3525668.0,1606100.0,17852.0
3524544.8,1606109.6,17967.2
3523796.0,1606116.0,18044.0
3523796.0,1606116.0,18044.0
3524799.2,1606118.4,18082.4
3525468.0,1606120.0,18108.0
3525468.0,1606120.0,18108.0
3525468.0,1606120.0,18108.0
3525468.0,1606120.0,18108.0
3525468.0,1606120.0,18108.0
3525468.0,1606120.0,18108.0
3525468.0,1606120.0,18108.0
3525468.0,1606120.0,18108.0
3525468.0,1606120.0,18108.0
3525468.0,1606120.0,18108.0
3525468.0,1606120.0,18108.0
3524872.8,1606132.0,18261.6
3524476.0,1606140.0,18364.0
3524476.0,1606140.0,18364.0
3524476.0,1606140.0,18364.0
3524476.0,1606140.0,18364.0
3524476.0,1606140.0,18364.0
3524476.0,1606140.0,18364.0
3524476.0,1606140.0,18364.0
3524476.0,1606140.0,18364.0
3567014.6667,1606150.6667,18474.933333
3604236.0,1606160.0,18572.0
3604236.0,1606160.0,18572.0
