7952612.0,78020.0,3416.0
7952612.0,78020.0,3416.0
7734054.6667,116787.46667,3665.6
6313432.0,368776.0,5288.0
6313439.4667,369035.2,5297.6
6313488.0,370720.0,5360.0
6313488.0,370720.0,5360.0
6313488.0,370720.0,5360.0
6313488.0,370720.0,5360.0
6313488.0,370720.0,5360.0
6273481.0667,370825.06667,5382.4
6013436.0,371508.0,5528.0
6013436.0,371508.0,5528.0
6013436.0,371508.0,5528.0
6013436.0,371508.0,5528.0
6013436.0,371508.0,5528.0
6013436.0,371508.0,5528.0
6013436.0,371508.0,5528.0
6012973.6,371510.4,5564.8
6011124.0,371520.0,5712.0
6011124.0,371520.0,5712.0
6011124.0,371520.0,5712.0
6011124.0,371520.0,5712.0
6010252.8,371548.8,5783.2
6006768.0,371664.0,6068.0
6006768.0,371664.0,6068.0
6006399.2,371666.4,6079.2
6004924.0,371676.0,6124.0
6004924.0,371676.0,6124.0
6004924.0,371676.0,6124.0
6004924.0,371676.0,6124.0
6004924.0,371676.0,6124.0
6004924.0,371676.0,6124.0
6004924.0,371676.0,6124.0
6004924.0,371676.0,6124.0
6004924.0,371676.0,6124.0
6004924.0,371676.0,6124.0
6004924.0,371676.0,6124.0
6004941.8667,371677.06667,6141.0666667
5998322.1333,371692.53333,6384.5333333
5902144.0,371700.0,6448.0
5902144.0,371700.0,6448.0
5902144.0,371700.0,6448.0
5902144.0,371700.0,6448.0
5902144.0,371700.0,6448.0
5902144.0,371700.0,6448.0
5902144.0,371700.0,6448.0
5902144.0,371700.0,6448.0
5902144.0,371700.0,6448.0
5902144.0,371700.0,6448.0
5900950.4,371726.66667,6504.5333333
5897668.0,371800.0,6660.0
5897668.0,371800.0,6660.0
5897668.0,371800.0,6660.0
5897668.0,371800.0,6660.0
5897668.0,371800.0,6660.0
5897668.0,371800.0,6660.0
5897668.0,371800.0,6660.0
5897668.0,371800.0,6660.0
5897668.0,371800.0,6660.0
5897668.0,371800.0,6660.0
5897668.0,371800.0,6660.0
5897486.1333,371810.13333,6689.8666667
6132020.8,371000.26667,6891.4666667
