16207476.0,54804.0,1940.0
16207476.0,54804.0,1940.0
15459558.667,177622.66667,3566.6666667
15085600.0,239032.0,4380.0
13628506.667,568245.33333,4428.0
12899960.0,732852.0,4452.0
12899960.0,732852.0,4452.0
11753749.333,1070494.6667,4494.6666667
11180644.0,1239316.0,4516.0
11180644.0,1239316.0,4516.0
10372837.6,1448440.0,4818.4
9834300.0,1587856.0,5020.0
9085116.0,1587853.6,5053.6
8585660.0,1587852.0,5076.0
8585660.0,1587852.0,5076.0
8585660.0,1587852.0,5076.0
8585660.0,1587852.0,5076.0
8585660.0,1587852.0,5076.0
8585660.0,1587852.0,5076.0
8585660.0,1587852.0,5076.0
8585660.0,1587852.0,5076.0
8585660.0,1587852.0,5076.0
8585660.0,1587852.0,5076.0
8585660.0,1587852.0,5076.0
8584776.8,1587864.0,5232.0
8584188.0,1587872.0,5336.0
8584188.0,1587872.0,5336.0
8584188.0,1587872.0,5336.0
8584188.0,1587872.0,5336.0
8584188.0,1587872.0,5336.0
8584188.0,1587872.0,5336.0
8584188.0,1587872.0,5336.0
8584188.0,1587872.0,5336.0
8584188.0,1587872.0,5336.0
8584188.0,1587872.0,5336.0
8584188.0,1587872.0,5336.0
8584036.0,1587986.6667,5528.0
8583960.0,1588044.0,5624.0
8583960.0,1588044.0,5624.0
8583960.0,1588044.0,5624.0
8583960.0,1588044.0,5624.0
8583960.0,1588044.0,5624.0
8583960.0,1588044.0,5624.0
8583960.0,1588044.0,5624.0
8583960.0,1588044.0,5624.0
8583960.0,1588044.0,5624.0
8583960.0,1588044.0,5624.0
8583960.0,1588044.0,5624.0
8583960.0,1588044.0,5624.0
8583686.1333,1588057.8667,5818.1333333
8582587.4667,1588063.7333,5892.8
8582512.0,1588064.0,5896.0
8582512.0,1588064.0,5896.0
8582512.0,1588064.0,5896.0
8582512.0,1588064.0,5896.0
8581571.2,1588078.9333,6000.5333333
8581504.0,1588080.0,6008.0
8581504.0,1588080.0,6008.0
8582665.0667,1588072.5333,6067.7333333
8582748.0,1588072.0,6072.0
8582748.0,1588072.0,6072.0
8582748.0,1588072.0,6072.0
8582748.0,1588072.0,6072.0
8582748.0,1588072.0,6072.0
8582748.0,1588072.0,6072.0
8582748.0,1588072.0,6072.0
8582748.0,1588072.0,6072.0
8582748.0,1588072.0,6072.0
8582748.0,1588072.0,6072.0
8582748.0,1588072.0,6072.0
8583105.0667,1588117.0667,6280.0
8583160.0,1588124.0,6312.0
8583160.0,1588124.0,6312.0
8583160.0,1588124.0,6312.0
8583160.0,1588124.0,6312.0
8583160.0,1588124.0,6312.0
8583160.0,1588124.0,6312.0
8582301.3333,1588135.2,6476.2666667
8582240.0,1588136.0,6488.0
8582240.0,1588136.0,6488.0
8582240.0,1588136.0,6488.0
8582240.0,1588136.0,6488.0
8582617.6,1588136.0,6577.6
8582712.0,1588136.0,6600.0
8582712.0,1588136.0,6600.0
8582712.0,1588136.0,6600.0
8582712.0,1588136.0,6600.0
8582712.0,1588136.0,6600.0
8582712.0,1588136.0,6600.0
8582712.0,1588136.0,6600.0
8582712.0,1588136.0,6600.0
8582712.0,1588136.0,6600.0
8582712.0,1588136.0,6600.0
8582712.0,1588136.0,6600.0
8582658.6667,1588152.0,6770.6666667
8582632.0,1588160.0,6856.0
8582632.0,1588160.0,6856.0
8582632.0,1588160.0,6856.0
8582632.0,1588160.0,6856.0
8582632.0,1588160.0,6856.0
8582632.0,1588160.0,6856.0
8582632.0,1588160.0,6856.0
8582632.0,1588160.0,6856.0
8582632.0,1588160.0,6856.0
8582632.0,1588160.0,6856.0
8582632.0,1588160.0,6856.0
8582152.0,1588248.8,7048.0
8581832.0,1588308.0,7176.0
8581832.0,1588308.0,7176.0
8581832.0,1588308.0,7176.0
8581832.0,1588308.0,7176.0
8581832.0,1588308.0,7176.0
8581832.0,1588308.0,7176.0
8581832.0,1588308.0,7176.0
8581832.0,1588308.0,7176.0
8581832.0,1588308.0,7176.0
8581832.0,1588308.0,7176.0
8581626.6667,1588321.0667,7299.2
8581392.0,1588336.0,7440.0
8581392.0,1588336.0,7440.0
8581392.0,1588336.0,7440.0
8581392.0,1588336.0,7440.0
8581392.0,1588336.0,7440.0
8581392.0,1588336.0,7440.0
8581392.0,1588336.0,7440.0
8581392.0,1588336.0,7440.0
8581392.0,1588336.0,7440.0
8581392.0,1588336.0,7440.0
8581392.0,1588336.0,7440.0
8581392.0,1588336.0,7440.0
8581259.7333,1588346.6667,7602.1333333
8581144.0,1588356.0,7744.0
8581144.0,1588356.0,7744.0
8581144.0,1588356.0,7744.0
8581144.0,1588356.0,7744.0
8581144.0,1588356.0,7744.0
8581144.0,1588356.0,7744.0
8581144.0,1588356.0,7744.0
8580085.6,1588370.4,7859.2
8579380.0,1588380.0,7936.0
8579380.0,1588380.0,7936.0
8579380.0,1588380.0,7936.0
8579380.0,1588380.0,7936.0
8579380.0,1588380.0,7936.0
8579380.0,1588380.0,7936.0
8579380.0,1588380.0,7936.0
8579380.0,1588380.0,7936.0
8579380.0,1588380.0,7936.0
8579380.0,1588380.0,7936.0
8579097.3333,1588380.0,8029.3333333
8578532.0,1588380.0,8216.0
8578532.0,1588380.0,8216.0
8578532.0,1588380.0,8216.0
8578532.0,1588380.0,8216.0
8578532.0,1588380.0,8216.0
8578532.0,1588380.0,8216.0
8578532.0,1588380.0,8216.0
8578532.0,1588380.0,8216.0
8578532.0,1588380.0,8216.0
8578532.0,1588380.0,8216.0
8578532.0,1588380.0,8216.0
8578484.0,1588388.0,8337.6
8578412.0,1588400.0,8520.0
8578412.0,1588400.0,8520.0
8578412.0,1588400.0,8520.0
8578412.0,1588400.0,8520.0
8578412.0,1588400.0,8520.0
8578412.0,1588400.0,8520.0
8578412.0,1588400.0,8520.0
8578412.0,1588400.0,8520.0
8578412.0,1588400.0,8520.0
8578412.0,1588400.0,8520.0
8578412.0,1588400.0,8520.0
8578412.0,1588400.0,8520.0
8578466.1333,1588411.2,8635.7333333
8578528.0,1588424.0,8768.0
8578528.0,1588424.0,8768.0
8578528.0,1588424.0,8768.0
8578528.0,1588424.0,8768.0
8578528.0,1588424.0,8768.0
8578528.0,1588424.0,8768.0
8578528.0,1588424.0,8768.0
8578528.0,1588424.0,8768.0
8578528.0,1588424.0,8768.0
8578528.0,1588424.0,8768.0
8578528.0,1588424.0,8768.0
8577813.0667,1588437.0667,8906.1333333
8576996.0,1588452.0,9064.0
8576996.0,1588452.0,9064.0
8576996.0,1588452.0,9064.0
8576996.0,1588452.0,9064.0
8576996.0,1588452.0,9064.0
8576996.0,1588452.0,9064.0
8576996.0,1588452.0,9064.0
8576996.0,1588452.0,9064.0
8576996.0,1588452.0,9064.0
8576996.0,1588452.0,9064.0
8576996.0,1588452.0,9064.0
8577076.2667,1588461.3333,9179.7333333
8577168.0,1588472.0,9312.0
8577168.0,1588472.0,9312.0
8577168.0,1588472.0,9312.0
8577168.0,1588472.0,9312.0
8577168.0,1588472.0,9312.0
8577168.0,1588472.0,9312.0
8577168.0,1588472.0,9312.0
8577168.0,1588472.0,9312.0
8576644.0,1588474.6667,9394.6666667
8575596.0,1588480.0,9560.0
8575961.8667,1588484.2667,9577.0666667
8576968.0,1588496.0,9624.0
8576968.0,1588496.0,9624.0
8576669.3333,1588675.2,9644.2666667
8575848.0,1589168.0,9700.0
8575848.0,1589168.0,9700.0
8575848.0,1589168.0,9700.0
8575848.0,1589168.0,9700.0
8575848.0,1589168.0,9700.0
8575848.0,1589168.0,9700.0
8575848.0,1589168.0,9700.0
8575848.0,1589168.0,9700.0
8575848.0,1589168.0,9700.0
8575848.0,1589168.0,9700.0
8575848.0,1589168.0,9700.0
8575854.4,1589169.6,9714.9333333
8575944.0,1589192.0,9924.0
8575944.0,1589192.0,9924.0
8575944.0,1589192.0,9924.0
8575944.0,1589192.0,9924.0
8575944.0,1589192.0,9924.0
8575944.0,1589192.0,9924.0
8575944.0,1589192.0,9924.0
8575944.0,1589192.0,9924.0
8575944.0,1589192.0,9924.0
8575944.0,1589192.0,9924.0
8575944.0,1589192.0,9924.0
8575944.0,1589192.0,9924.0
8574508.0,1589200.0,10196.0
8574508.0,1589200.0,10196.0
8572692.0,1589200.0,10244.0
8572692.0,1589200.0,10244.0
8572692.0,1589200.0,10244.0
8574618.4,1589200.0,10288.8
8574756.0,1589200.0,10292.0
8574756.0,1589200.0,10292.0
8574756.0,1589200.0,10292.0
8574756.0,1589200.0,10292.0
8574756.0,1589200.0,10292.0
8574756.0,1589200.0,10292.0
8574756.0,1589200.0,10292.0
8574756.0,1589200.0,10292.0
8574756.0,1589200.0,10292.0
8574756.0,1589200.0,10292.0
8574837.6,1589215.2,10344.8
8575164.0,1589276.0,10556.0
8575164.0,1589276.0,10556.0
8575164.0,1589276.0,10556.0
8575164.0,1589276.0,10556.0
8575164.0,1589276.0,10556.0
8575164.0,1589276.0,10556.0
8575164.0,1589276.0,10556.0
8575164.0,1589276.0,10556.0
8575164.0,1589276.0,10556.0
8575164.0,1589276.0,10556.0
8575164.0,1589276.0,10556.0
8574987.4667,1589290.4,10596.533333
8573840.0,1589384.0,10860.0
8573840.0,1589384.0,10860.0
8573840.0,1589384.0,10860.0
8573840.0,1589384.0,10860.0
8573840.0,1589384.0,10860.0
8573840.0,1589384.0,10860.0
8573840.0,1589384.0,10860.0
8573840.0,1589384.0,10860.0
8573840.0,1589384.0,10860.0
8573840.0,1589384.0,10860.0
8573840.0,1589384.0,10860.0
8573936.0,1589391.2,10909.6
8574320.0,1589420.0,11108.0
8574320.0,1589420.0,11108.0
8574320.0,1589420.0,11108.0
8574320.0,1589420.0,11108.0
8574320.0,1589420.0,11108.0
8574320.0,1589420.0,11108.0
8574320.0,1589420.0,11108.0
8574320.0,1589420.0,11108.0
8574320.0,1589420.0,11108.0
8573887.2,1589423.2,11156.0
8572156.0,1589436.0,11348.0
8572556.0,1589438.4,11360.8
8574156.0,1589448.0,11412.0
8574156.0,1589448.0,11412.0
8574156.0,1589448.0,11412.0
8574156.0,1589448.0,11412.0
8574156.0,1589448.0,11412.0
8574156.0,1589448.0,11412.0
8574156.0,1589448.0,11412.0
8574156.0,1589448.0,11412.0
8574156.0,1589448.0,11412.0
8574156.0,1589448.0,11412.0
8574156.0,1589448.0,11412.0
8573998.1333,1589468.2667,11480.266667
8573564.0,1589524.0,11668.0
8573564.0,1589524.0,11668.0
8573564.0,1589524.0,11668.0
8573564.0,1589524.0,11668.0
8573564.0,1589524.0,11668.0
8573564.0,1589524.0,11668.0
8573564.0,1589524.0,11668.0
8573564.0,1589524.0,11668.0
8573564.0,1589524.0,11668.0
8573564.0,1589524.0,11668.0
8573564.0,1589524.0,11668.0
8573496.2667,1589526.1333,11706.4
8573056.0,1589540.0,11956.0
8573056.0,1589540.0,11956.0
8573056.0,1589540.0,11956.0
8573056.0,1589540.0,11956.0
8573056.0,1589540.0,11956.0
8573056.0,1589540.0,11956.0
8573056.0,1589540.0,11956.0
8572814.4,1589543.2,11981.066667
8571244.0,1589564.0,12144.0
8571244.0,1589564.0,12144.0
8571612.8,1589567.2,12156.0
8573088.0,1589580.0,12204.0
8573088.0,1589580.0,12204.0
8573088.0,1589580.0,12204.0
8573088.0,1589580.0,12204.0
8573088.0,1589580.0,12204.0
8573088.0,1589580.0,12204.0
8573088.0,1589580.0,12204.0
8573088.0,1589580.0,12204.0
8573088.0,1589580.0,12204.0
8573088.0,1589580.0,12204.0
8573088.0,1589580.0,12204.0
8573060.8,1589586.4,12237.066667
8572884.0,1589628.0,12452.0
8572884.0,1589628.0,12452.0
8572884.0,1589628.0,12452.0
8572884.0,1589628.0,12452.0
8572884.0,1589628.0,12452.0
8572884.0,1589628.0,12452.0
8572884.0,1589628.0,12452.0
8572884.0,1589628.0,12452.0
8572884.0,1589628.0,12452.0
8572884.0,1589628.0,12452.0
8572884.0,1589628.0,12452.0
8572973.0667,1589632.2667,12495.733333
8573552.0,1589660.0,12780.0
8573552.0,1589660.0,12780.0
8573552.0,1589660.0,12780.0
8570572.0,1589728.0,12836.0
8570572.0,1589728.0,12836.0
8572748.0,1589744.0,12900.0
8572748.0,1589744.0,12900.0
8572748.0,1589744.0,12900.0
8572748.0,1589744.0,12900.0
8572748.0,1589744.0,12900.0
8572748.0,1589744.0,12900.0
8572748.0,1589744.0,12900.0
8572748.0,1589744.0,12900.0
8572748.0,1589744.0,12900.0
8572748.0,1589744.0,12900.0
8572748.0,1589744.0,12900.0
8572748.0,1589744.0,12900.0
8572420.0,1589896.0,13148.0
8572420.0,1589896.0,13148.0
8572420.0,1589896.0,13148.0
8572420.0,1589896.0,13148.0
8570776.0,1589972.0,13300.0
8570776.0,1589972.0,13300.0
8570776.0,1589972.0,13300.0
8570776.0,1589972.0,13300.0
8570776.0,1589972.0,13300.0
8570776.0,1589972.0,13300.0
8570776.0,1589972.0,13300.0
8570776.0,1589972.0,13300.0
8570776.0,1589972.0,13300.0
8570776.0,1589972.0,13300.0
8570776.0,1589972.0,13300.0
8570776.0,1589972.0,13300.0
8571424.0,1589996.0,13548.0
8571424.0,1589996.0,13548.0
8571424.0,1589996.0,13548.0
8571424.0,1589996.0,13548.0
8571424.0,1589996.0,13548.0
8571424.0,1589996.0,13548.0
8571424.0,1589996.0,13548.0
8571424.0,1589996.0,13548.0
8571424.0,1589996.0,13548.0
8571424.0,1589996.0,13548.0
8571424.0,1589996.0,13548.0
8571424.0,1589996.0,13548.0
8571670.1333,1590013.3333,13804.533333
8571708.0,1590016.0,13844.0
8571708.0,1590016.0,13844.0
8571708.0,1590016.0,13844.0
8571708.0,1590016.0,13844.0
8571708.0,1590016.0,13844.0
8571708.0,1590016.0,13844.0
8571708.0,1590016.0,13844.0
8571708.0,1590016.0,13844.0
8571708.0,1590016.0,13844.0
8571708.0,1590016.0,13844.0
8571708.0,1590016.0,13844.0
8571240.0,1590024.0,14068.0
8571240.0,1590024.0,14068.0
8568612.0,1590032.0,14132.0
8568612.0,1590032.0,14132.0
8570777.3333,1590046.9333,14191.733333
8570932.0,1590048.0,14196.0
8570932.0,1590048.0,14196.0
8570932.0,1590048.0,14196.0
8570932.0,1590048.0,14196.0
8570932.0,1590048.0,14196.0
8570932.0,1590048.0,14196.0
8570932.0,1590048.0,14196.0
8570932.0,1590048.0,14196.0
8570932.0,1590048.0,14196.0
8570932.0,1590048.0,14196.0
8570665.3333,1590058.6667,14298.4
8570665.3333,1590058.6667,14298.4
8570432.0,1590068.0,14388.0
8570432.0,1590068.0,14388.0
8570432.0,1590068.0,14388.0
8570432.0,1590068.0,14388.0
8570432.0,1590068.0,14388.0
8570432.0,1590068.0,14388.0
8570432.0,1590068.0,14388.0
8570432.0,1590068.0,14388.0
8570432.0,1590068.0,14388.0
8570432.0,1590068.0,14388.0
8570432.0,1590068.0,14388.0
8570659.7333,1590094.1333,14686.666667
8570676.0,1590096.0,14708.0
8570676.0,1590096.0,14708.0
8570676.0,1590096.0,14708.0
8570676.0,1590096.0,14708.0
8570676.0,1590096.0,14708.0
8570676.0,1590096.0,14708.0
8570676.0,1590096.0,14708.0
8570676.0,1590096.0,14708.0
8570676.0,1590096.0,14708.0
8570676.0,1590096.0,14708.0
8570676.0,1590096.0,14708.0
8570377.8667,1590127.2,14922.933333
8570332.0,1590132.0,14956.0
8570332.0,1590132.0,14956.0
8570332.0,1590132.0,14956.0
8570332.0,1590132.0,14956.0
8570332.0,1590132.0,14956.0
8570332.0,1590132.0,14956.0
8570332.0,1590132.0,14956.0
8570332.0,1590132.0,14956.0
8570332.0,1590132.0,14956.0
8570332.0,1590132.0,14956.0
8570332.0,1590132.0,14956.0
8569625.0667,1590137.8667,15173.066667
8569368.0,1590140.0,15252.0
8569368.0,1590140.0,15252.0
8569368.0,1590140.0,15252.0
8569368.0,1590140.0,15252.0
8569368.0,1590140.0,15252.0
8569368.0,1590140.0,15252.0
8569368.0,1590140.0,15252.0
8568468.8,1590143.2,15399.2
8568244.0,1590144.0,15436.0
8568244.0,1590144.0,15436.0
8569766.4,1590146.9333,15482.933333
8570320.0,1590148.0,15500.0
8570320.0,1590148.0,15500.0
8570320.0,1590148.0,15500.0
8570320.0,1590148.0,15500.0
8570320.0,1590148.0,15500.0
8570320.0,1590148.0,15500.0
8570320.0,1590148.0,15500.0
8570320.0,1590148.0,15500.0
8570320.0,1590148.0,15500.0
8570320.0,1590148.0,15500.0
8570320.0,1590148.0,15500.0
8570355.2,1590167.2,15704.8
8570364.0,1590172.0,15756.0
8570364.0,1590172.0,15756.0
8570364.0,1590172.0,15756.0
8570364.0,1590172.0,15756.0
8570364.0,1590172.0,15756.0
8570364.0,1590172.0,15756.0
8570364.0,1590172.0,15756.0
8570364.0,1590172.0,15756.0
8570364.0,1590172.0,15756.0
8570364.0,1590172.0,15756.0
8570364.0,1590172.0,15756.0
8569381.6,1590191.2,15986.4
8569136.0,1590196.0,16044.0
8569136.0,1590196.0,16044.0
8569136.0,1590196.0,16044.0
8569136.0,1590196.0,16044.0
8569136.0,1590196.0,16044.0
8569136.0,1590196.0,16044.0
8569136.0,1590196.0,16044.0
8569136.0,1590196.0,16044.0
8569136.0,1590196.0,16044.0
8569136.0,1590196.0,16044.0
8569136.0,1590196.0,16044.0
8569397.3333,1590196.0,16275.466667
8569416.0,1590196.0,16292.0
8569416.0,1590196.0,16292.0
8569416.0,1590196.0,16292.0
8569416.0,1590196.0,16292.0
8569416.0,1590196.0,16292.0
8569416.0,1590196.0,16292.0
8569416.0,1590196.0,16292.0
8569416.0,1590196.0,16292.0
8569416.0,1590196.0,16292.0
8569416.0,1590196.0,16292.0
8569416.0,1590196.0,16292.0
8568424.5333,1590293.0667,16562.4
8568272.0,1590308.0,16604.0
8568272.0,1590308.0,16604.0
8568272.0,1590308.0,16604.0
8568272.0,1590308.0,16604.0
8568272.0,1590308.0,16604.0
8568272.0,1590308.0,16604.0
8568272.0,1590308.0,16604.0
8568272.0,1590308.0,16604.0
8568272.0,1590308.0,16604.0
8568272.0,1590308.0,16604.0
8568272.0,1590308.0,16604.0
8568632.5333,1590318.4,16818.933333
8566857.6,1590323.4667,16900.533333
8566576.0,1590324.0,16908.0
8566576.0,1590324.0,16908.0
8568534.6667,1590330.9333,16963.466667
8568836.0,1590332.0,16972.0
8568836.0,1590332.0,16972.0
8568836.0,1590332.0,16972.0
8568836.0,1590332.0,16972.0
8568836.0,1590332.0,16972.0
8568836.0,1590332.0,16972.0
8568836.0,1590332.0,16972.0
8568836.0,1590332.0,16972.0
8568836.0,1590332.0,16972.0
8568836.0,1590332.0,16972.0
8568836.0,1590332.0,16972.0
8568177.3333,1590345.8667,17186.933333
8568076.0,1590348.0,17220.0
8568076.0,1590348.0,17220.0
8568076.0,1590348.0,17220.0
8568076.0,1590348.0,17220.0
8568076.0,1590348.0,17220.0
8568076.0,1590348.0,17220.0
8568076.0,1590348.0,17220.0
8568076.0,1590348.0,17220.0
8568076.0,1590348.0,17220.0
8568076.0,1590348.0,17220.0
8568076.0,1590348.0,17220.0
8567469.3333,1590368.8,17490.4
8567376.0,1590372.0,17532.0
8567376.0,1590372.0,17532.0
8567376.0,1590372.0,17532.0
8567376.0,1590372.0,17532.0
8567376.0,1590372.0,17532.0
8567376.0,1590372.0,17532.0
8567376.0,1590372.0,17532.0
8567376.0,1590372.0,17532.0
8567376.0,1590372.0,17532.0
8567376.0,1590372.0,17532.0
8567376.0,1590372.0,17532.0
8566643.2,1590384.8,17698.4
8566460.0,1590388.0,17740.0
8566460.0,1590388.0,17740.0
8566460.0,1590388.0,17740.0
8566460.0,1590388.0,17740.0
8566460.0,1590388.0,17740.0
8566460.0,1590388.0,17740.0
8566460.0,1590388.0,17740.0
8566460.0,1590388.0,17740.0
8566460.0,1590388.0,17740.0
8566460.0,1590388.0,17740.0
8566460.0,1590388.0,17740.0
8566720.0,1590422.6667,17975.733333
8566760.0,1590428.0,18012.0
8566760.0,1590428.0,18012.0
8566760.0,1590428.0,18012.0
8566760.0,1590428.0,18012.0
8566760.0,1590428.0,18012.0
8566760.0,1590428.0,18012.0
8566760.0,1590428.0,18012.0
8566760.0,1590428.0,18012.0
8566760.0,1590428.0,18012.0
8566760.0,1590428.0,18012.0
8566760.0,1590428.0,18012.0
8566506.1333,1590431.7333,18258.4
8566488.0,1590432.0,18276.0
8566488.0,1590432.0,18276.0
8566488.0,1590432.0,18276.0
8566488.0,1590432.0,18276.0
8566488.0,1590432.0,18276.0
8566488.0,1590432.0,18276.0
8566488.0,1590432.0,18276.0
8566488.0,1590432.0,18276.0
8566488.0,1590432.0,18276.0
8566488.0,1590432.0,18276.0
8566488.0,1590432.0,18276.0
8567454.9333,1590446.9333,18574.666667
8567524.0,1590448.0,18596.0
8567524.0,1590448.0,18596.0
8567524.0,1590448.0,18596.0
8567524.0,1590448.0,18596.0
8567524.0,1590448.0,18596.0
8567524.0,1590448.0,18596.0
8567524.0,1590448.0,18596.0
8567524.0,1590448.0,18596.0
8567524.0,1590448.0,18596.0
8567524.0,1590448.0,18596.0
8567524.0,1590448.0,18596.0
8567127.2,1590470.4,18768.8
8567028.0,1590476.0,18812.0
8567028.0,1590476.0,18812.0
8567028.0,1590476.0,18812.0
8567028.0,1590476.0,18812.0
8567028.0,1590476.0,18812.0
8567028.0,1590476.0,18812.0
8567028.0,1590476.0,18812.0
8567028.0,1590476.0,18812.0
8567028.0,1590476.0,18812.0
8567028.0,1590476.0,18812.0
8567028.0,1590476.0,18812.0
8566476.5333,1590643.2,19046.666667
8566276.0,1590704.0,19132.0
8566276.0,1590704.0,19132.0
8566276.0,1590704.0,19132.0
8566276.0,1590704.0,19132.0
8566276.0,1590704.0,19132.0
8566276.0,1590704.0,19132.0
8566276.0,1590704.0,19132.0
8566276.0,1590704.0,19132.0
8566276.0,1590704.0,19132.0
8566276.0,1590704.0,19132.0
8566276.0,1590704.0,19132.0
8566630.9333,1590715.7333,19319.733333
8566760.0,1590720.0,19388.0
8566760.0,1590720.0,19388.0
8566760.0,1590720.0,19388.0
8566760.0,1590720.0,19388.0
8566760.0,1590720.0,19388.0
8566760.0,1590720.0,19388.0
8566760.0,1590720.0,19388.0
8566760.0,1590720.0,19388.0
8566760.0,1590720.0,19388.0
8566760.0,1590720.0,19388.0
8566760.0,1590720.0,19388.0
8566266.6667,1590736.0,19596.0
8566020.0,1590744.0,19700.0
8566020.0,1590744.0,19700.0
8566020.0,1590744.0,19700.0
8566020.0,1590744.0,19700.0
8566020.0,1590744.0,19700.0
8566020.0,1590744.0,19700.0
8566020.0,1590744.0,19700.0
8565301.0667,1591341.3333,19798.133333
8564672.0,1591864.0,19884.0
8564672.0,1591864.0,19884.0
8564672.0,1591864.0,19884.0
8564672.0,1591864.0,19884.0
8564672.0,1591864.0,19884.0
8564672.0,1591864.0,19884.0
8564672.0,1591864.0,19884.0
8564672.0,1591864.0,19884.0
8564672.0,1591864.0,19884.0
8564672.0,1591864.0,19884.0
8564672.0,1591864.0,19884.0
8564636.5333,1591869.6,20003.466667
8564596.0,1591876.0,20140.0
8564596.0,1591876.0,20140.0
8564596.0,1591876.0,20140.0
8564596.0,1591876.0,20140.0
8564596.0,1591876.0,20140.0
8564596.0,1591876.0,20140.0
8564596.0,1591876.0,20140.0
8564596.0,1591876.0,20140.0
8564596.0,1591876.0,20140.0
8564596.0,1591876.0,20140.0
8564596.0,1591876.0,20140.0
8564508.2667,1591890.9333,20263.2
8564408.0,1591908.0,20404.0
8564408.0,1591908.0,20404.0
8564408.0,1591908.0,20404.0
8564408.0,1591908.0,20404.0
8563537.6,1591914.4,20472.266667
8562776.0,1591920.0,20532.0
8562776.0,1591920.0,20532.0
8563278.1333,1591946.1333,20558.133333
8563852.0,1591976.0,20588.0
8563852.0,1591976.0,20588.0
8563852.0,1591976.0,20588.0
8563852.0,1591976.0,20588.0
8563852.0,1591976.0,20588.0
8563852.0,1591976.0,20588.0
8563852.0,1591976.0,20588.0
8563852.0,1591976.0,20588.0
8563852.0,1591976.0,20588.0
8563852.0,1591976.0,20588.0
8563852.0,1591976.0,20588.0
8563824.0,1591984.0,20673.333333
8563768.0,1592000.0,20844.0
8563768.0,1592000.0,20844.0
8563768.0,1592000.0,20844.0
8584624.0,1592004.0,20886.666667
8626336.0,1592012.0,20972.0
8626336.0,1592012.0,20972.0
8626336.0,1592012.0,20972.0
8626336.0,1592012.0,20972.0
8626336.0,1592012.0,20972.0
8626336.0,1592012.0,20972.0
8626336.0,1592012.0,20972.0
8626336.0,1592012.0,20972.0
8626336.0,1592012.0,20972.0
8626336.0,1592012.0,20972.0
8626336.0,1592012.0,20972.0
8626403.2,1592021.3333,21091.466667
8626480.0,1592032.0,21228.0
8626480.0,1592032.0,21228.0
8626480.0,1592032.0,21228.0
8626480.0,1592032.0,21228.0
8626480.0,1592032.0,21228.0
8626480.0,1592032.0,21228.0
8626480.0,1592032.0,21228.0
8626480.0,1592032.0,21228.0
8626480.0,1592032.0,21228.0
8626480.0,1592032.0,21228.0
8626480.0,1592032.0,21228.0
8626190.6667,1592050.6667,21373.6
8625860.0,1592072.0,21540.0
8625860.0,1592072.0,21540.0
8625860.0,1592072.0,21540.0
8625860.0,1592072.0,21540.0
8625860.0,1592072.0,21540.0
8625860.0,1592072.0,21540.0
8625860.0,1592072.0,21540.0
8625860.0,1592072.0,21540.0
8625860.0,1592072.0,21540.0
8625860.0,1592072.0,21540.0
8625860.0,1592072.0,21540.0
8625796.0,1592088.0,21705.333333
8625764.0,1592096.0,21788.0
8625764.0,1592096.0,21788.0
8625764.0,1592096.0,21788.0
8625764.0,1592096.0,21788.0
8625764.0,1592096.0,21788.0
8625764.0,1592096.0,21788.0
8625764.0,1592096.0,21788.0
8625764.0,1592096.0,21788.0
8625764.0,1592096.0,21788.0
8625764.0,1592096.0,21788.0
8625764.0,1592096.0,21788.0
8625672.8,1592105.6,21956.0
8625612.0,1592112.0,22068.0
8625612.0,1592112.0,22068.0
8625612.0,1592112.0,22068.0
8625612.0,1592112.0,22068.0
8625612.0,1592112.0,22068.0
8625612.0,1592112.0,22068.0
8625612.0,1592112.0,22068.0
8625612.0,1592112.0,22068.0
8625612.0,1592112.0,22068.0
8625612.0,1592112.0,22068.0
8625612.0,1592112.0,22068.0
8625132.0,1592118.4,22200.266667
8624712.0,1592124.0,22316.0
8624712.0,1592124.0,22316.0
8624712.0,1592124.0,22316.0
8624712.0,1592124.0,22316.0
8624712.0,1592124.0,22316.0
8624712.0,1592124.0,22316.0
8624712.0,1592124.0,22316.0
8624712.0,1592124.0,22316.0
8624525.6,1592126.4,22368.8
8623780.0,1592136.0,22580.0
8623780.0,1592136.0,22580.0
8624000.0,1592140.8,22592.8
8624880.0,1592160.0,22644.0
8624880.0,1592160.0,22644.0
8624880.0,1592160.0,22644.0
8624880.0,1592160.0,22644.0
8624880.0,1592160.0,22644.0
8624880.0,1592160.0,22644.0
8624880.0,1592160.0,22644.0
8624880.0,1592160.0,22644.0
8624880.0,1592160.0,22644.0
8624880.0,1592160.0,22644.0
8624880.0,1592160.0,22644.0
8624766.9333,1592163.2,22668.0
8624032.0,1592184.0,22824.0
8624032.0,1592184.0,22824.0
8624032.0,1592184.0,22824.0
8624032.0,1592184.0,22824.0
8624032.0,1592184.0,22824.0
8624032.0,1592184.0,22824.0
8624032.0,1592184.0,22824.0
8624032.0,1592184.0,22824.0
8624032.0,1592184.0,22824.0
8624032.0,1592184.0,22824.0
8624032.0,1592184.0,22824.0
8624072.5333,1592189.3333,22885.866667
8624184.0,1592204.0,23056.0
8624184.0,1592204.0,23056.0
8624184.0,1592204.0,23056.0
8624184.0,1592204.0,23056.0
8624184.0,1592204.0,23056.0
8624184.0,1592204.0,23056.0
8624184.0,1592204.0,23056.0
8624184.0,1592204.0,23056.0
8624184.0,1592204.0,23056.0
8624184.0,1592204.0,23056.0
8624184.0,1592204.0,23056.0
8624210.6667,1592206.6667,23079.466667
8624384.0,1592224.0,23232.0
8624384.0,1592224.0,23232.0
8624384.0,1592224.0,23232.0
8624384.0,1592224.0,23232.0
8624384.0,1592224.0,23232.0
8624384.0,1592224.0,23232.0
8624384.0,1592224.0,23232.0
8624384.0,1592224.0,23232.0
8709085.8667,1592228.2667,23286.4
8942016.0,1592240.0,23436.0
8942016.0,1592240.0,23436.0
8942016.0,1592240.0,23436.0
8942016.0,1592240.0,23436.0
8942016.0,1592240.0,23436.0
8942016.0,1592240.0,23436.0
8942016.0,1592240.0,23436.0
8941193.3333,1592244.0,23478.666667
8939548.0,1592252.0,23564.0
8939548.0,1592252.0,23564.0
8940341.6,1592255.2,23581.6
8941532.0,1592260.0,23608.0
8941532.0,1592260.0,23608.0
8941532.0,1592260.0,23608.0
8941532.0,1592260.0,23608.0
8941532.0,1592260.0,23608.0
8941532.0,1592260.0,23608.0
8941532.0,1592260.0,23608.0
8941532.0,1592260.0,23608.0
8941532.0,1592260.0,23608.0
8941532.0,1592260.0,23608.0
8941532.0,1592260.0,23608.0
8941657.8667,1592281.3333,23704.0
8941768.0,1592300.0,23788.0
8941768.0,1592300.0,23788.0
8941768.0,1592300.0,23788.0
8941768.0,1592300.0,23788.0
8941768.0,1592300.0,23788.0
8941768.0,1592300.0,23788.0
8941768.0,1592300.0,23788.0
8941768.0,1592300.0,23788.0
8941768.0,1592300.0,23788.0
8941768.0,1592300.0,23788.0
8941768.0,1592300.0,23788.0
8941519.7333,1592341.0667,23885.066667
8941236.0,1592388.0,23996.0
8941236.0,1592388.0,23996.0
8941236.0,1592388.0,23996.0
8941236.0,1592388.0,23996.0
8941236.0,1592388.0,23996.0
8941236.0,1592388.0,23996.0
8941236.0,1592388.0,23996.0
8941236.0,1592388.0,23996.0
8941236.0,1592388.0,23996.0
8941236.0,1592388.0,23996.0
8941236.0,1592388.0,23996.0
8941274.4,1592427.4667,24045.066667
8941380.0,1592536.0,24180.0
8941380.0,1592536.0,24180.0
8941380.0,1592536.0,24180.0
8941380.0,1592536.0,24180.0
8941380.0,1592536.0,24180.0
8941380.0,1592536.0,24180.0
8941380.0,1592536.0,24180.0
8941380.0,1592536.0,24180.0
8940712.2667,1592550.9333,24229.066667
8938876.0,1592592.0,24364.0
8938876.0,1592592.0,24364.0
8939196.0,1592596.0,24375.2
8940476.0,1592612.0,24420.0
8940476.0,1592612.0,24420.0
8940476.0,1592612.0,24420.0
8940476.0,1592612.0,24420.0
8940476.0,1592612.0,24420.0
8940476.0,1592612.0,24420.0
8940476.0,1592612.0,24420.0
8940476.0,1592612.0,24420.0
8940476.0,1592612.0,24420.0
8940094.4,1592618.4,24456.0
8938568.0,1592644.0,24600.0
8938568.0,1592644.0,24600.0
8939106.6667,1592644.0,24612.8
8940588.0,1592644.0,24648.0
8940588.0,1592644.0,24648.0
8940588.0,1592644.0,24648.0
8940588.0,1592644.0,24648.0
8940588.0,1592644.0,24648.0
8940588.0,1592644.0,24648.0
8940588.0,1592644.0,24648.0
8940588.0,1592644.0,24648.0
8940588.0,1592644.0,24648.0
8940588.0,1592644.0,24648.0
8940588.0,1592644.0,24648.0
8940641.3333,1592649.3333,24691.733333
8940788.0,1592664.0,24812.0
8940788.0,1592664.0,24812.0
8940788.0,1592664.0,24812.0
8940788.0,1592664.0,24812.0
8940788.0,1592664.0,24812.0
8940788.0,1592664.0,24812.0
8940788.0,1592664.0,24812.0
8940788.0,1592664.0,24812.0
8940788.0,1592664.0,24812.0
8940788.0,1592664.0,24812.0
8940788.0,1592664.0,24812.0
8940520.0,1592672.0,24878.666667
8939984.0,1592688.0,25012.0
8939984.0,1592688.0,25012.0
8939984.0,1592688.0,25012.0
8939984.0,1592688.0,25012.0
8939984.0,1592688.0,25012.0
8939984.0,1592688.0,25012.0
8939984.0,1592688.0,25012.0
8939984.0,1592688.0,25012.0
8939984.0,1592688.0,25012.0
8939984.0,1592688.0,25012.0
8939617.6,1592694.4,25046.4
8938152.0,1592720.0,25184.0
8938573.3333,1592722.1333,25197.866667
8939732.0,1592728.0,25236.0
8939732.0,1592728.0,25236.0
8939732.0,1592728.0,25236.0
8939732.0,1592728.0,25236.0
8939732.0,1592728.0,25236.0
8990220.0,1592734.6667,25258.666667
9091196.0,1592748.0,25304.0
9129438.1333,1592745.8667,25317.866667
9234604.0,1592740.0,25356.0
9234604.0,1592740.0,25356.0
9234604.0,1592740.0,25356.0
9234604.0,1592740.0,25356.0
9234604.0,1592740.0,25356.0
9234604.0,1592740.0,25356.0
9234604.0,1592740.0,25356.0
9234351.7333,1592743.7333,25371.466667
9232712.0,1592768.0,25472.0
9232712.0,1592768.0,25472.0
9232985.0667,1592769.0667,25477.333333
9234760.0,1592776.0,25512.0
9234760.0,1592776.0,25512.0
9234760.0,1592776.0,25512.0
9234760.0,1592776.0,25512.0
9234760.0,1592776.0,25512.0
9234760.0,1592776.0,25512.0
9234760.0,1592776.0,25512.0
9234760.0,1592776.0,25512.0
9234760.0,1592776.0,25512.0
9234760.0,1592776.0,25512.0
9234760.0,1592776.0,25512.0
9234772.5333,1592777.8667,25522.133333
9234797.0667,1592805.0667,25668.8
9233816.0,1592812.0,25700.0
9233816.0,1592812.0,25700.0
9233816.0,1592812.0,25700.0
9233816.0,1592812.0,25700.0
9233816.0,1592812.0,25700.0
9233816.0,1592812.0,25700.0
9233816.0,1592812.0,25700.0
9233816.0,1592812.0,25700.0
9233816.0,1592812.0,25700.0
9233816.0,1592812.0,25700.0
9233816.0,1592812.0,25700.0
9233964.8,1592826.4,25736.0
9234560.0,1592884.0,25880.0
9234560.0,1592884.0,25880.0
9234560.0,1592884.0,25880.0
9234560.0,1592884.0,25880.0
9234560.0,1592884.0,25880.0
9234560.0,1592884.0,25880.0
9234560.0,1592884.0,25880.0
9234560.0,1592884.0,25880.0
9234560.0,1592884.0,25880.0
9234560.0,1592884.0,25880.0
9234560.0,1592884.0,25880.0
9234488.8,1592892.0,25928.8
9234204.0,1592924.0,26124.0
9234204.0,1592924.0,26124.0
9234204.0,1592924.0,26124.0
9234204.0,1592924.0,26124.0
9234204.0,1592924.0,26124.0
9234204.0,1592924.0,26124.0
9234204.0,1592924.0,26124.0
9234204.0,1592924.0,26124.0
9234204.0,1592924.0,26124.0
9234204.0,1592924.0,26124.0
9234204.0,1592924.0,26124.0
9234160.8,1592927.2,26161.6
9233988.0,1592940.0,26312.0
9233988.0,1592940.0,26312.0
9233988.0,1592940.0,26312.0
9233988.0,1592940.0,26312.0
9233988.0,1592940.0,26312.0
9233988.0,1592940.0,26312.0
9233988.0,1592940.0,26312.0
9233988.0,1592940.0,26312.0
9233988.0,1592940.0,26312.0
9233988.0,1592940.0,26312.0
9233988.0,1592940.0,26312.0
9233969.0667,1592940.5333,26326.666667
9233704.0,1592948.0,26532.0
9233704.0,1592948.0,26532.0
9233704.0,1592948.0,26532.0
9233704.0,1592948.0,26532.0
9233704.0,1592948.0,26532.0
9233704.0,1592948.0,26532.0
9233704.0,1592948.0,26532.0
9233704.0,1592948.0,26532.0
9234156.0,1592972.0,26656.0
9234156.0,1592972.0,26656.0
9234156.0,1592972.0,26656.0
9234156.0,1592972.0,26656.0
9234156.0,1592972.0,26656.0
9234156.0,1592972.0,26656.0
9234156.0,1592972.0,26656.0
9234156.0,1592972.0,26656.0
9234156.0,1592972.0,26656.0
9234156.0,1592972.0,26656.0
9234156.0,1592972.0,26656.0
9234079.7333,1592973.6,26682.133333
9233584.0,1592984.0,26852.0
9232538.6667,1592990.4,26879.733333
9232538.6667,1592990.4,26879.733333
9231624.0,1592996.0,26904.0
9233148.0,1593000.0,26956.0
9233148.0,1593000.0,26956.0
9233148.0,1593000.0,26956.0
9233148.0,1593000.0,26956.0
9233148.0,1593000.0,26956.0
9233148.0,1593000.0,26956.0
9233148.0,1593000.0,26956.0
9233148.0,1593000.0,26956.0
9233148.0,1593000.0,26956.0
9233148.0,1593000.0,26956.0
9233148.0,1593000.0,26956.0
9233167.7333,1593001.0667,26966.4
9233444.0,1593016.0,27112.0
9233444.0,1593016.0,27112.0
9233444.0,1593016.0,27112.0
9233444.0,1593016.0,27112.0
9233444.0,1593016.0,27112.0
9233444.0,1593016.0,27112.0
9233444.0,1593016.0,27112.0
9503176.0,1593036.0,27248.0
9503176.0,1593036.0,27248.0
9503176.0,1593036.0,27248.0
9503176.0,1593036.0,27248.0
9503176.0,1593036.0,27248.0
9503176.0,1593036.0,27248.0
9503176.0,1593036.0,27248.0
9503176.0,1593036.0,27248.0
9503176.0,1593036.0,27248.0
9503176.0,1593036.0,27248.0
9503176.0,1593036.0,27248.0
9503176.0,1593036.0,27248.0
9503779.2,1593060.2667,27376.266667
9503872.0,1593064.0,27396.0
9503872.0,1593064.0,27396.0
9503872.0,1593064.0,27396.0
9503437.8667,1593069.8667,27445.866667
9503280.0,1593072.0,27464.0
9504512.0,1593072.0,27499.2
9504960.0,1593072.0,27512.0
9504960.0,1593072.0,27512.0
9504960.0,1593072.0,27512.0
9504960.0,1593072.0,27512.0
9504960.0,1593072.0,27512.0
9504960.0,1593072.0,27512.0
9504960.0,1593072.0,27512.0
9504960.0,1593072.0,27512.0
9504960.0,1593072.0,27512.0
9504960.0,1593072.0,27512.0
9504960.0,1593072.0,27512.0
9504413.8667,1593084.8,27597.333333
9503936.0,1593096.0,27672.0
9503936.0,1593096.0,27672.0
9503936.0,1593096.0,27672.0
9503936.0,1593096.0,27672.0
9503936.0,1593096.0,27672.0
9503936.0,1593096.0,27672.0
9502530.6667,1593122.6667,27760.0
9501828.0,1593136.0,27804.0
9501828.0,1593136.0,27804.0
9502963.2,1593138.9333,27833.333333
9503376.0,1593140.0,27844.0
9503376.0,1593140.0,27844.0
9503376.0,1593140.0,27844.0
9503376.0,1593140.0,27844.0
9503376.0,1593140.0,27844.0
9503376.0,1593140.0,27844.0
9503376.0,1593140.0,27844.0
9503376.0,1593140.0,27844.0
9503376.0,1593140.0,27844.0
9503376.0,1593140.0,27844.0
9503376.0,1593140.0,27844.0
9503012.0,1593261.3333,28003.466667
9502956.0,1593280.0,28028.0
9502956.0,1593280.0,28028.0
9502956.0,1593280.0,28028.0
9502956.0,1593280.0,28028.0
9502956.0,1593280.0,28028.0
9502956.0,1593280.0,28028.0
9502956.0,1593280.0,28028.0
9502956.0,1593280.0,28028.0
9502956.0,1593280.0,28028.0
9502956.0,1593280.0,28028.0
9502956.0,1593280.0,28028.0
9502394.4,1593311.2,28201.333333
9502308.0,1593316.0,28228.0
9502308.0,1593316.0,28228.0
9502308.0,1593316.0,28228.0
9502308.0,1593316.0,28228.0
9502308.0,1593316.0,28228.0
9502308.0,1593316.0,28228.0
9502308.0,1593316.0,28228.0
9502308.0,1593316.0,28228.0
9502308.0,1593316.0,28228.0
9502308.0,1593316.0,28228.0
9502308.0,1593316.0,28228.0
9502726.1333,1593334.6667,28373.6
9502756.0,1593336.0,28384.0
9502756.0,1593336.0,28384.0
9502756.0,1593336.0,28384.0
9502756.0,1593336.0,28384.0
9502756.0,1593336.0,28384.0
9502756.0,1593336.0,28384.0
9502756.0,1593336.0,28384.0
9502756.0,1593336.0,28384.0
9501044.0,1593352.0,28544.0
9500616.0,1593356.0,28584.0
9500616.0,1593356.0,28584.0
9501748.8,1593359.2,28616.0
9502032.0,1593360.0,28624.0
9502032.0,1593360.0,28624.0
9502032.0,1593360.0,28624.0
9502032.0,1593360.0,28624.0
9502032.0,1593360.0,28624.0
9502032.0,1593360.0,28624.0
9502032.0,1593360.0,28624.0
9502032.0,1593360.0,28624.0
9502032.0,1593360.0,28624.0
9502032.0,1593360.0,28624.0
9502032.0,1593360.0,28624.0
9502850.6667,1593368.0,28757.333333
9503260.0,1593372.0,28824.0
9503260.0,1593372.0,28824.0
9503260.0,1593372.0,28824.0
9503260.0,1593372.0,28824.0
9503260.0,1593372.0,28824.0
9503260.0,1593372.0,28824.0
9503260.0,1593372.0,28824.0
9503260.0,1593372.0,28824.0
9503260.0,1593372.0,28824.0
9503260.0,1593372.0,28824.0
9502908.0,1593378.6667,28906.666667
9502204.0,1593392.0,29072.0
9502204.0,1593392.0,29072.0
11560295.2,1590772.8,29084.8
14647432.0,1586844.0,29104.0
