vda,10.20,0.04,0.01,0,0
vda,0.00,0.00,0.00,0,0
vda,1.00,0.00,0.00,0,0
vda,1.00,0.00,0.00,0,0
vda,42.80,0.16,0.00,0,0
vda,13.20,0.00,0.05,0,0
vda,85.80,1.91,0.05,9,0
vda,18.80,0.82,0.01,4,0
vda,33.60,0.51,0.01,2,0
vda,111.60,1.38,0.00,6,0
vda,108.80,7.07,0.10,35,0
vda,35.60,2.43,0.07,12,0
vda,57.20,6.98,0.00,34,0
vda,23.80,0.00,0.10,0,0
vda,0.00,0.00,0.00,0,0
vda,7.40,0.00,0.03,0,0
vda,8.20,0.00,1.30,0,6
vda,0.00,0.00,0.00,0,0
vda,1.00,0.00,0.00,0,0
vda,38.00,0.00,0.15,0,0
vda,8.00,0.00,0.04,0,0
vda,17.40,0.00,0.07,0,0
vda,2.20,0.00,0.01,0,0
vda,4.20,0.00,0.02,0,0
vda,3.60,0.00,0.02,0,0
vda,2.20,0.00,0.01,0,0
vda,1.00,0.00,0.00,0,0
