16218192.0,43872.0,1632.0
16208878.667,51252.266667,3069.3333333
16205492.0,53936.0,3592.0
16205492.0,53936.0,3592.0
15042541.6,242070.4,3768.0
14751804.0,289104.0,3812.0
13566024.8,583011.2,3856.8
13269580.0,656488.0,3868.0
13269580.0,656488.0,3868.0
12182328.8,910689.6,3919.2
11910516.0,974240.0,3932.0
11910516.0,974240.0,3932.0
11037210.667,1171559.2,4115.7333333
10902856.0,1201916.0,4144.0
10902856.0,1201916.0,4144.0
10349108.0,1201919.4667,4199.4666667
10263916.0,1201920.0,4208.0
10262574.4,1201996.2667,4263.4666667
10262368.0,1202008.0,4272.0
10262368.0,1202008.0,4272.0
10262368.0,1202008.0,4272.0
10262368.0,1202008.0,4272.0
10260620.8,1202088.0,4374.4
10260184.0,1202108.0,4400.0
10260184.0,1202108.0,4400.0
10261674.133,1202108.0,4446.9333333
10262216.0,1202108.0,4464.0
10262216.0,1202108.0,4464.0
10262216.0,1202108.0,4464.0
10262216.0,1202108.0,4464.0
10262216.0,1202108.0,4464.0
10262216.0,1202108.0,4464.0
10262216.0,1202108.0,4464.0
10262216.0,1202108.0,4464.0
10262216.0,1202108.0,4464.0
10262216.0,1202108.0,4464.0
10262216.0,1202108.0,4464.0
10261885.333,1202148.0,4624.0
10261720.0,1202168.0,4704.0
10261720.0,1202168.0,4704.0
10261720.0,1202168.0,4704.0
10261720.0,1202168.0,4704.0
10261720.0,1202168.0,4704.0
10261720.0,1202168.0,4704.0
10261720.0,1202168.0,4704.0
10261720.0,1202168.0,4704.0
10261323.2,1202180.8,4844.8
10260976.0,1202192.0,4968.0
10260976.0,1202192.0,4968.0
10260976.0,1202192.0,4968.0
10260976.0,1202192.0,4968.0
10260976.0,1202192.0,4968.0
10260976.0,1202192.0,4968.0
10260976.0,1202192.0,4968.0
10260976.0,1202192.0,4968.0
10260976.0,1202192.0,4968.0
10260976.0,1202192.0,4968.0
10260976.0,1202192.0,4968.0
10261144.0,1202203.2,5067.2
10261396.0,1202220.0,5216.0
10261396.0,1202220.0,5216.0
10261396.0,1202220.0,5216.0
10261396.0,1202220.0,5216.0
10261396.0,1202220.0,5216.0
10261396.0,1202220.0,5216.0
10261396.0,1202220.0,5216.0
10261396.0,1202220.0,5216.0
10261396.0,1202220.0,5216.0
10261396.0,1202220.0,5216.0
10261396.0,1202220.0,5216.0
10260974.667,1202294.6667,5322.6666667
10260132.0,1202444.0,5536.0
10260132.0,1202444.0,5536.0
10255564.0,1202449.3333,5554.6666667
10246428.0,1202460.0,5592.0
10245870.667,1202486.6667,5614.6666667
10244756.0,1202540.0,5660.0
10244756.0,1202540.0,5660.0
10244756.0,1202540.0,5660.0
10244756.0,1202540.0,5660.0
10244756.0,1202540.0,5660.0
10244756.0,1202540.0,5660.0
10244756.0,1202540.0,5660.0
10244756.0,1202540.0,5660.0
10244756.0,1202540.0,5660.0
10244756.0,1202540.0,5660.0
10244756.0,1202540.0,5660.0
10244756.0,1202540.0,5660.0
10244444.0,1202556.0,5830.6666667
10244288.0,1202564.0,5916.0
10244288.0,1202564.0,5916.0
10244288.0,1202564.0,5916.0
10243933.867,1202570.4,5984.2666667
10243624.0,1202576.0,6044.0
10243624.0,1202576.0,6044.0
10243624.0,1202576.0,6044.0
10243624.0,1202576.0,6044.0
10243624.0,1202576.0,6044.0
10243624.0,1202576.0,6044.0
10243624.0,1202576.0,6044.0
10243624.0,1202576.0,6044.0
10243624.0,1202576.0,6044.0
10243624.0,1202576.0,6044.0
10243624.0,1202576.0,6044.0
10243658.133,1202578.1333,6176.2666667
10243688.0,1202580.0,6292.0
10243688.0,1202580.0,6292.0
10243688.0,1202580.0,6292.0
10243688.0,1202580.0,6292.0
10243688.0,1202580.0,6292.0
10242984.267,1202589.3333,6381.6
10242180.0,1202600.0,6484.0
10242180.0,1202600.0,6484.0
10242180.0,1202600.0,6484.0
10242180.0,1202600.0,6484.0
10242180.0,1202600.0,6484.0
10242180.0,1202600.0,6484.0
10242180.0,1202600.0,6484.0
10242180.0,1202600.0,6484.0
10242180.0,1202600.0,6484.0
10242180.0,1202600.0,6484.0
10241571.467,1202603.7333,6599.7333333
10240876.0,1202608.0,6732.0
10240876.0,1202608.0,6732.0
10240876.0,1202608.0,6732.0
10240876.0,1202608.0,6732.0
10240876.0,1202608.0,6732.0
10240876.0,1202608.0,6732.0
10240876.0,1202608.0,6732.0
10240876.0,1202608.0,6732.0
10240876.0,1202608.0,6732.0
10240876.0,1202608.0,6732.0
10240876.0,1202608.0,6732.0
10240727.2,1202617.6,6834.4
10240008.0,1203412.0,7073.3333333
10239016.0,1204972.0,7244.0
10239016.0,1204972.0,7244.0
10239016.0,1204972.0,7244.0
10239016.0,1204972.0,7244.0
10239016.0,1204972.0,7244.0
10239016.0,1204972.0,7244.0
10239016.0,1204972.0,7244.0
10239016.0,1204972.0,7244.0
10239016.0,1204972.0,7244.0
10239016.0,1204972.0,7244.0
10239016.0,1204972.0,7244.0
10238769.333,1204985.3333,7316.0
10238276.0,1205012.0,7460.0
10238276.0,1205012.0,7460.0
10238276.0,1205012.0,7460.0
10238276.0,1205012.0,7460.0
10238276.0,1205012.0,7460.0
10238276.0,1205012.0,7460.0
10238276.0,1205012.0,7460.0
10238276.0,1205012.0,7460.0
10238276.0,1205012.0,7460.0
10238276.0,1205012.0,7460.0
10238276.0,1205012.0,7460.0
10238015.2,1205018.4,7584.8
10237624.0,1205028.0,7772.0
10237624.0,1205028.0,7772.0
10237624.0,1205028.0,7772.0
10237624.0,1205028.0,7772.0
10237624.0,1205028.0,7772.0
10237624.0,1205028.0,7772.0
10237624.0,1205028.0,7772.0
10237046.667,1205030.6667,7833.3333333
10235892.0,1205036.0,7956.0
10235892.0,1205036.0,7956.0
10236354.667,1205037.3333,7974.6666667
10237280.0,1205040.0,8012.0
10237280.0,1205040.0,8012.0
10237280.0,1205040.0,8012.0
10237280.0,1205040.0,8012.0
10237280.0,1205040.0,8012.0
10237280.0,1205040.0,8012.0
10237280.0,1205040.0,8012.0
10237280.0,1205040.0,8012.0
10237280.0,1205040.0,8012.0
10237280.0,1205040.0,8012.0
10237280.0,1205040.0,8012.0
10237163.2,1205046.4,8122.4
10236988.0,1205056.0,8288.0
10236988.0,1205056.0,8288.0
10236988.0,1205056.0,8288.0
10236988.0,1205056.0,8288.0
10236988.0,1205056.0,8288.0
10236988.0,1205056.0,8288.0
10236988.0,1205056.0,8288.0
10236988.0,1205056.0,8288.0
10231588.0,1205064.0,8373.3333333
10220788.0,1205080.0,8544.0
10220788.0,1205080.0,8544.0
10220788.0,1205080.0,8544.0
10220788.0,1205080.0,8544.0
10220788.0,1205080.0,8544.0
10220788.0,1205080.0,8544.0
10220788.0,1205080.0,8544.0
10220788.0,1205080.0,8544.0
10220788.0,1205080.0,8544.0
10220788.0,1205080.0,8544.0
10220788.0,1205080.0,8544.0
10220834.667,1205086.6667,8624.0
10220928.0,1205100.0,8784.0
10220928.0,1205100.0,8784.0
10220928.0,1205100.0,8784.0
10220928.0,1205100.0,8784.0
10220928.0,1205100.0,8784.0
10220928.0,1205100.0,8784.0
10220928.0,1205100.0,8784.0
10220928.0,1205100.0,8784.0
10220928.0,1205100.0,8784.0
10220928.0,1205100.0,8784.0
10220928.0,1205100.0,8784.0
10220376.0,1205116.0,8912.0
10219548.0,1205140.0,9104.0
10219548.0,1205140.0,9104.0
10219548.0,1205140.0,9104.0
10219548.0,1205140.0,9104.0
10219548.0,1205140.0,9104.0
10219548.0,1205140.0,9104.0
10219548.0,1205140.0,9104.0
10219548.0,1205140.0,9104.0
10219548.0,1205140.0,9104.0
10219548.0,1205140.0,9104.0
10219548.0,1205140.0,9104.0
10219770.4,1205140.0,9200.0
10220104.0,1205140.0,9344.0
10219194.667,1205145.3333,9365.3333333
10217376.0,1205156.0,9408.0
10218126.667,1205157.3333,9426.6666667
10219628.0,1205160.0,9464.0
10219628.0,1205160.0,9464.0
10219628.0,1205160.0,9464.0
10219628.0,1205160.0,9464.0
10219628.0,1205160.0,9464.0
10219628.0,1205160.0,9464.0
10219628.0,1205160.0,9464.0
10219430.667,1205165.3333,9526.6666667
10219036.0,1205176.0,9652.0
10219036.0,1205176.0,9652.0
10219036.0,1205176.0,9652.0
10219036.0,1205176.0,9652.0
10219036.0,1205176.0,9652.0
10218285.6,1205179.2,9701.6
10217160.0,1205184.0,9776.0
10217776.0,1205186.6667,9797.3333333
10219008.0,1205192.0,9840.0
10219008.0,1205192.0,9840.0
10219008.0,1205192.0,9840.0
10219008.0,1205192.0,9840.0
10219008.0,1205192.0,9840.0
10219008.0,1205192.0,9840.0
10219008.0,1205192.0,9840.0
10219008.0,1205192.0,9840.0
10219008.0,1205192.0,9840.0
10219008.0,1205192.0,9840.0
10219008.0,1205192.0,9840.0
10218896.0,1205204.8,9929.6
10218728.0,1205224.0,10064.0
10218728.0,1205224.0,10064.0
10218728.0,1205224.0,10064.0
10218728.0,1205224.0,10064.0
10218728.0,1205224.0,10064.0
10218728.0,1205224.0,10064.0
10218728.0,1205224.0,10064.0
10218728.0,1205224.0,10064.0
10218728.0,1205224.0,10064.0
10218728.0,1205224.0,10064.0
10218728.0,1205224.0,10064.0
10218672.0,1205228.8,10188.8
10218588.0,1205236.0,10376.0
10218588.0,1205236.0,10376.0
10218588.0,1205236.0,10376.0
10218588.0,1205236.0,10376.0
10218588.0,1205236.0,10376.0
10218588.0,1205236.0,10376.0
10218588.0,1205236.0,10376.0
10218588.0,1205236.0,10376.0
10218588.0,1205236.0,10376.0
10218588.0,1205236.0,10376.0
10218588.0,1205236.0,10376.0
10218457.6,1205243.2,10419.2
10217936.0,1205272.0,10592.0
10217936.0,1205272.0,10592.0
10217936.0,1205272.0,10592.0
10217936.0,1205272.0,10592.0
10217936.0,1205272.0,10592.0
10217936.0,1205272.0,10592.0
10217936.0,1205272.0,10592.0
10217936.0,1205272.0,10592.0
10217936.0,1205272.0,10592.0
10217936.0,1205272.0,10592.0
10217936.0,1205272.0,10592.0
10217762.133,1205301.8667,10666.666667
10217284.0,1205384.0,10872.0
10217284.0,1205384.0,10872.0
10217284.0,1205384.0,10872.0
10217284.0,1205384.0,10872.0
10217284.0,1205384.0,10872.0
10217284.0,1205384.0,10872.0
10217284.0,1205384.0,10872.0
10217284.0,1205384.0,10872.0
10217284.0,1205384.0,10872.0
10217284.0,1205384.0,10872.0
10216607.733,1205390.4,10929.6
10214748.0,1205408.0,11088.0
10214748.0,1205408.0,11088.0
10214326.667,1205420.8,11107.2
10213168.0,1205456.0,11160.0
10213168.0,1205456.0,11160.0
10213168.0,1205456.0,11160.0
10213168.0,1205456.0,11160.0
10213168.0,1205456.0,11160.0
10213168.0,1205456.0,11160.0
10213168.0,1205456.0,11160.0
10213168.0,1205456.0,11160.0
10213168.0,1205456.0,11160.0
10213168.0,1205456.0,11160.0
10213168.0,1205456.0,11160.0
10213004.8,1205463.4667,11224.0
10212556.0,1205484.0,11400.0
10212556.0,1205484.0,11400.0
10212556.0,1205484.0,11400.0
10212556.0,1205484.0,11400.0
10212556.0,1205484.0,11400.0
10212556.0,1205484.0,11400.0
10212556.0,1205484.0,11400.0
10212556.0,1205484.0,11400.0
10212556.0,1205484.0,11400.0
10212556.0,1205484.0,11400.0
10212556.0,1205484.0,11400.0
10212042.4,1205490.4,11515.2
10211272.0,1205500.0,11688.0
10211272.0,1205500.0,11688.0
10211272.0,1205500.0,11688.0
10211272.0,1205500.0,11688.0
10211272.0,1205500.0,11688.0
10211272.0,1205500.0,11688.0
10211272.0,1205500.0,11688.0
10211272.0,1205500.0,11688.0
10211272.0,1205500.0,11688.0
10211272.0,1205500.0,11688.0
10211272.0,1205500.0,11688.0
10211469.333,1205505.3333,11765.333333
10211864.0,1205516.0,11920.0
10211864.0,1205516.0,11920.0
10211864.0,1205516.0,11920.0
10211864.0,1205516.0,11920.0
10211864.0,1205516.0,11920.0
10211864.0,1205516.0,11920.0
10211864.0,1205516.0,11920.0
10211864.0,1205516.0,11920.0
10211864.0,1205516.0,11920.0
10211864.0,1205516.0,11920.0
10211864.0,1205516.0,11920.0
10211485.333,1205526.6667,12016.0
10210728.0,1205548.0,12208.0
10210728.0,1205548.0,12208.0
10210728.0,1205548.0,12208.0
10210728.0,1205548.0,12208.0
10210728.0,1205548.0,12208.0
10210728.0,1205548.0,12208.0
10210728.0,1205548.0,12208.0
10205843.2,1205556.0,12265.6
10198516.0,1205568.0,12352.0
10198516.0,1205568.0,12352.0
10198516.0,1205568.0,12352.0
10198516.0,1205568.0,12352.0
10197572.0,1205569.3333,12386.666667
10195684.0,1205572.0,12456.0
10195684.0,1205572.0,12456.0
10196282.667,1205578.6667,12474.666667
10197480.0,1205592.0,12512.0
10197480.0,1205592.0,12512.0
10197480.0,1205592.0,12512.0
10197480.0,1205592.0,12512.0
10197480.0,1205592.0,12512.0
10197480.0,1205592.0,12512.0
10197480.0,1205592.0,12512.0
10197480.0,1205592.0,12512.0
10197480.0,1205592.0,12512.0
10197480.0,1205592.0,12512.0
10197480.0,1205592.0,12512.0
10197369.867,1205603.2,12620.266667
10196288.267,1205616.0,12770.133333
10195196.0,1205616.0,12800.0
10195196.0,1205616.0,12800.0
10195816.8,1205617.6,12828.8
10196748.0,1205620.0,12872.0
10196748.0,1205620.0,12872.0
10196748.0,1205620.0,12872.0
10196748.0,1205620.0,12872.0
10196748.0,1205620.0,12872.0
10196748.0,1205620.0,12872.0
10196748.0,1205620.0,12872.0
10196748.0,1205620.0,12872.0
10196748.0,1205620.0,12872.0
10196748.0,1205620.0,12872.0
10196748.0,1205620.0,12872.0
10196410.133,1205690.9333,12998.933333
10196024.0,1205772.0,13144.0
10196024.0,1205772.0,13144.0
10196024.0,1205772.0,13144.0
10196024.0,1205772.0,13144.0
10196024.0,1205772.0,13144.0
10196024.0,1205772.0,13144.0
10196024.0,1205772.0,13144.0
10196024.0,1205772.0,13144.0
10196024.0,1205772.0,13144.0
10196024.0,1205772.0,13144.0
10196024.0,1205772.0,13144.0
10195956.0,1205777.3333,13229.333333
10195820.0,1205788.0,13400.0
10195820.0,1205788.0,13400.0
10195820.0,1205788.0,13400.0
10195820.0,1205788.0,13400.0
10195820.0,1205788.0,13400.0
10195820.0,1205788.0,13400.0
10195820.0,1205788.0,13400.0
10195187.2,1205789.8667,13478.4
10194464.0,1205792.0,13568.0
10194956.8,1205793.6,13593.6
10195696.0,1205796.0,13632.0
10195696.0,1205796.0,13632.0
10195696.0,1205796.0,13632.0
10195696.0,1205796.0,13632.0
10195696.0,1205796.0,13632.0
10195696.0,1205796.0,13632.0
10195696.0,1205796.0,13632.0
10195696.0,1205796.0,13632.0
10195696.0,1205796.0,13632.0
10195696.0,1205796.0,13632.0
10195696.0,1205796.0,13632.0
10195696.0,1205796.0,13632.0
10196041.6,1205808.0,13785.6
10196272.0,1205816.0,13888.0
10196272.0,1205816.0,13888.0
10196272.0,1205816.0,13888.0
10196272.0,1205816.0,13888.0
10196272.0,1205816.0,13888.0
10196272.0,1205816.0,13888.0
10196272.0,1205816.0,13888.0
10196272.0,1205816.0,13888.0
10196272.0,1205816.0,13888.0
10196272.0,1205816.0,13888.0
10196272.0,1205816.0,13888.0
10195691.733,1205830.9333,14054.4
10195184.0,1205844.0,14200.0
10194164.267,1205844.0,14229.866667
10193272.0,1205844.0,14256.0
10193272.0,1205844.0,14256.0
10194200.0,1205854.6667,14285.866667
10195012.0,1205864.0,14312.0
10195012.0,1205864.0,14312.0
10195012.0,1205864.0,14312.0
10195012.0,1205864.0,14312.0
10195012.0,1205864.0,14312.0
10195012.0,1205864.0,14312.0
10195012.0,1205864.0,14312.0
10195012.0,1205864.0,14312.0
10195012.0,1205864.0,14312.0
10195012.0,1205864.0,14312.0
10195012.0,1205864.0,14312.0
10194713.333,1205889.6,14440.0
10194452.0,1205912.0,14552.0
10194452.0,1205912.0,14552.0
10194452.0,1205912.0,14552.0
10194452.0,1205912.0,14552.0
10194452.0,1205912.0,14552.0
10194452.0,1205912.0,14552.0
10194452.0,1205912.0,14552.0
10194452.0,1205912.0,14552.0
10194452.0,1205912.0,14552.0
10194452.0,1205912.0,14552.0
10194452.0,1205912.0,14552.0
10188820.267,1205913.8667,14690.133333
10182384.0,1205916.0,14848.0
10182384.0,1205916.0,14848.0
10182384.0,1205916.0,14848.0
10182384.0,1205916.0,14848.0
10182384.0,1205916.0,14848.0
10182384.0,1205916.0,14848.0
10182384.0,1205916.0,14848.0
10182384.0,1205916.0,14848.0
10182384.0,1205916.0,14848.0
10182384.0,1205916.0,14848.0
10182384.0,1205916.0,14848.0
10181700.8,1205938.4,14956.266667
10180920.0,1205964.0,15080.0
10180920.0,1205964.0,15080.0
10180920.0,1205964.0,15080.0
10180920.0,1205964.0,15080.0
10180920.0,1205964.0,15080.0
10180920.0,1205964.0,15080.0
10180059.467,1205973.3333,15150.933333
10179076.0,1205984.0,15232.0
10179076.0,1205984.0,15232.0
10179076.0,1205984.0,15232.0
10179076.0,1205984.0,15232.0
10179076.0,1205984.0,15232.0
10179076.0,1205984.0,15232.0
10179076.0,1205984.0,15232.0
10179076.0,1205984.0,15232.0
10179076.0,1205984.0,15232.0
10179076.0,1205984.0,15232.0
10179076.0,1205984.0,15232.0
10179626.667,1206025.0667,15336.533333
10180256.0,1206072.0,15456.0
10180256.0,1206072.0,15456.0
10180256.0,1206072.0,15456.0
10180256.0,1206072.0,15456.0
10180256.0,1206072.0,15456.0
10180256.0,1206072.0,15456.0
10180256.0,1206072.0,15456.0
10180256.0,1206072.0,15456.0
10180256.0,1206072.0,15456.0
10180256.0,1206072.0,15456.0
10180174.4,1206080.0,15561.6
10180052.0,1206092.0,15720.0
10180052.0,1206092.0,15720.0
10180052.0,1206092.0,15720.0
10180052.0,1206092.0,15720.0
10180052.0,1206092.0,15720.0
10180052.0,1206092.0,15720.0
10180052.0,1206092.0,15720.0
10180052.0,1206092.0,15720.0
10180052.0,1206092.0,15720.0
10180052.0,1206092.0,15720.0
10179317.6,1206098.4,15809.6
10178216.0,1206108.0,15944.0
10178216.0,1206108.0,15944.0
10178216.0,1206108.0,15944.0
10178216.0,1206108.0,15944.0
10178216.0,1206108.0,15944.0
10179098.933,1206124.8,15996.266667
10180108.0,1206144.0,16056.0
10180108.0,1206144.0,16056.0
10180108.0,1206144.0,16056.0
10180108.0,1206144.0,16056.0
10180108.0,1206144.0,16056.0
10180108.0,1206144.0,16056.0
10180108.0,1206144.0,16056.0
10180108.0,1206144.0,16056.0
10180108.0,1206144.0,16056.0
10180108.0,1206144.0,16056.0
10180108.0,1206144.0,16056.0
10179752.8,1206145.6,16139.2
10179220.0,1206148.0,16264.0
10179220.0,1206148.0,16264.0
10179220.0,1206148.0,16264.0
10179220.0,1206148.0,16264.0
10179220.0,1206148.0,16264.0
10179220.0,1206148.0,16264.0
10179220.0,1206148.0,16264.0
10179220.0,1206148.0,16264.0
10179220.0,1206148.0,16264.0
10179220.0,1206148.0,16264.0
10179060.0,1206156.0,16357.333333
10178740.0,1206172.0,16544.0
10178740.0,1206172.0,16544.0
10178740.0,1206172.0,16544.0
10178740.0,1206172.0,16544.0
10178740.0,1206172.0,16544.0
10178740.0,1206172.0,16544.0
10178740.0,1206172.0,16544.0
10178740.0,1206172.0,16544.0
10178740.0,1206172.0,16544.0
10178740.0,1206172.0,16544.0
10178740.0,1206172.0,16544.0
10178773.067,1206174.6667,16572.8
10178988.0,1206192.0,16760.0
10178988.0,1206192.0,16760.0
10178988.0,1206192.0,16760.0
10178988.0,1206192.0,16760.0
10178988.0,1206192.0,16760.0
10178988.0,1206192.0,16760.0
10178988.0,1206192.0,16760.0
10178988.0,1206192.0,16760.0
10178988.0,1206192.0,16760.0
10178988.0,1206192.0,16760.0
10178988.0,1206192.0,16760.0
10179049.867,1206196.2667,16795.2
10179452.0,1206224.0,17024.0
10179452.0,1206224.0,17024.0
10179452.0,1206224.0,17024.0
10179452.0,1206224.0,17024.0
10179452.0,1206224.0,17024.0
10503846.133,1205786.9333,17031.466667
