7949936.0,79660.0,3384.0
7949936.0,79660.0,3384.0
6823347.2,325453.6,3710.4
6072288.0,489316.0,3928.0
6072288.0,489316.0,3928.0
5843100.0,489880.0,4048.0
5690308.0,490256.0,4128.0
5690308.0,490256.0,4128.0
5691049.3333,490266.66667,4165.3333333
5691420.0,490272.0,4184.0
5691420.0,490272.0,4184.0
5691420.0,490272.0,4184.0
5691420.0,490272.0,4184.0
5691420.0,490272.0,4184.0
5691420.0,490272.0,4184.0
5691420.0,490272.0,4184.0
5691420.0,490272.0,4184.0
5691420.0,490272.0,4184.0
5691420.0,490272.0,4184.0
5691420.0,490272.0,4184.0
5690697.6,490296.0,4325.6
5690216.0,490312.0,4420.0
5690216.0,490312.0,4420.0
5690216.0,490312.0,4420.0
5690216.0,490312.0,4420.0
5690216.0,490312.0,4420.0
5690216.0,490312.0,4420.0
5690216.0,490312.0,4420.0
5690216.0,490312.0,4420.0
5690216.0,490312.0,4420.0
5690216.0,490312.0,4420.0
5690216.0,490312.0,4420.0
5689692.8,490355.2,4607.2
5689344.0,490384.0,4732.0
5689344.0,490384.0,4732.0
5689344.0,490384.0,4732.0
5689344.0,490384.0,4732.0
5689344.0,490384.0,4732.0
5689344.0,490384.0,4732.0
5689344.0,490384.0,4732.0
5688525.6,490398.66667,4861.0666667
5688228.0,490404.0,4908.0
5688974.6667,490412.0,4956.0
5689348.0,490416.0,4980.0
5689348.0,490416.0,4980.0
5689348.0,490416.0,4980.0
5689348.0,490416.0,4980.0
5689348.0,490416.0,4980.0
5689348.0,490416.0,4980.0
5689348.0,490416.0,4980.0
5687478.4,490425.6,5104.8
5686232.0,490432.0,5188.0
5686232.0,490432.0,5188.0
5686232.0,490432.0,5188.0
5686232.0,490432.0,5188.0
5686232.0,490432.0,5188.0
5686232.0,490432.0,5188.0
5686232.0,490432.0,5188.0
5686232.0,490432.0,5188.0
5686232.0,490432.0,5188.0
5686232.0,490432.0,5188.0
5686232.0,490432.0,5188.0
5686229.8667,490513.06667,5320.2666667
5686228.0,490584.0,5436.0
5686228.0,490584.0,5436.0
5686228.0,490584.0,5436.0
5686228.0,490584.0,5436.0
5686228.0,490584.0,5436.0
5686228.0,490584.0,5436.0
5686228.0,490584.0,5436.0
5686228.0,490584.0,5436.0
5686228.0,490584.0,5436.0
5686228.0,490584.0,5436.0
5686228.0,490584.0,5436.0
5685622.6667,490682.66667,5649.3333333
5685320.0,490732.0,5756.0
5685320.0,490732.0,5756.0
5685320.0,490732.0,5756.0
5685320.0,490732.0,5756.0
5685320.0,490732.0,5756.0
5685320.0,490732.0,5756.0
5685320.0,490732.0,5756.0
5685320.0,490732.0,5756.0
5685320.0,490732.0,5756.0
5685320.0,490732.0,5756.0
5672224.0,490761.33333,5916.0
5665676.0,490776.0,5996.0
5665676.0,490776.0,5996.0
5665676.0,490776.0,5996.0
5665676.0,490776.0,5996.0
5663605.0667,492404.0,6362.6666667
5662852.0,492996.0,6496.0
5662852.0,492996.0,6496.0
5662852.0,492996.0,6496.0
5662852.0,492996.0,6496.0
5662852.0,492996.0,6496.0
5662852.0,492996.0,6496.0
5662852.0,492996.0,6496.0
5662852.0,492996.0,6496.0
5662852.0,492996.0,6496.0
5662852.0,492996.0,6496.0
5662852.0,492996.0,6496.0
5662628.0,493057.33333,6648.0
5662516.0,493088.0,6724.0
5662516.0,493088.0,6724.0
5662516.0,493088.0,6724.0
5662516.0,493088.0,6724.0
5662516.0,493088.0,6724.0
5662516.0,493088.0,6724.0
5662516.0,493088.0,6724.0
5662516.0,493088.0,6724.0
5662516.0,493088.0,6724.0
5662324.0,493140.8,6868.0
5662196.0,493176.0,6964.0
5662196.0,493176.0,6964.0
5662196.0,493176.0,6964.0
5662196.0,493176.0,6964.0
5662196.0,493176.0,6964.0
5662196.0,493176.0,6964.0
5662196.0,493176.0,6964.0
5662196.0,493176.0,6964.0
5662196.0,493176.0,6964.0
5662196.0,493176.0,6964.0
5662182.9333,493185.33333,7079.7333333
5662168.0,493196.0,7212.0
5652338.1333,493199.73333,7234.4
5641104.0,493204.0,7260.0
5641104.0,493204.0,7260.0
5641104.0,493204.0,7260.0
5641104.0,493204.0,7260.0
5640193.0667,493240.26667,7332.5333333
5639396.0,493272.0,7396.0
5639396.0,493272.0,7396.0
5639396.0,493272.0,7396.0
5639396.0,493272.0,7396.0
5639396.0,493272.0,7396.0
5639396.0,493272.0,7396.0
5639396.0,493272.0,7396.0
5639396.0,493272.0,7396.0
5639396.0,493272.0,7396.0
5639396.0,493272.0,7396.0
5639396.0,493272.0,7396.0
5639293.3333,493274.66667,7481.3333333
5639088.0,493280.0,7652.0
5639088.0,493280.0,7652.0
5639088.0,493280.0,7652.0
5639088.0,493280.0,7652.0
5639088.0,493280.0,7652.0
5639088.0,493280.0,7652.0
5639088.0,493280.0,7652.0
5639088.0,493280.0,7652.0
5639088.0,493280.0,7652.0
5639088.0,493280.0,7652.0
5639088.0,493280.0,7652.0
5638379.2,493342.4,7773.6
5637316.0,493436.0,7956.0
5637316.0,493436.0,7956.0
5637746.6667,493440.0,7974.6666667
5638608.0,493448.0,8012.0
5638608.0,493448.0,8012.0
5638608.0,493448.0,8012.0
5638608.0,493448.0,8012.0
5638608.0,493448.0,8012.0
5638608.0,493448.0,8012.0
5638608.0,493448.0,8012.0
5633504.0,493481.6,8085.6
5625848.0,493532.0,8196.0
5625342.6667,493532.0,8212.0
5624332.0,493532.0,8244.0
5624332.0,493532.0,8244.0
5624770.4,493530.93333,8263.2
5625976.0,493528.0,8316.0
5625976.0,493528.0,8316.0
5625448.0,493533.33333,8337.3333333
5624392.0,493544.0,8380.0
5624392.0,493544.0,8380.0
5624392.0,493544.0,8380.0
5624392.0,493544.0,8380.0
5624392.0,493544.0,8380.0
5624392.0,493544.0,8380.0
5624392.0,493544.0,8380.0
5623932.8,493553.6,8456.8
5623244.0,493568.0,8572.0
5623626.6667,493569.33333,8590.6666667
5624392.0,493572.0,8628.0
5624392.0,493572.0,8628.0
5624392.0,493572.0,8628.0
5624392.0,493572.0,8628.0
5624392.0,493572.0,8628.0
5624392.0,493572.0,8628.0
5624392.0,493572.0,8628.0
5624392.0,493572.0,8628.0
5624392.0,493572.0,8628.0
5624392.0,493572.0,8628.0
5624392.0,493572.0,8628.0
5624246.4,493575.2,8727.2
5624028.0,493580.0,8876.0
5624028.0,493580.0,8876.0
5624028.0,493580.0,8876.0
5624028.0,493580.0,8876.0
5624028.0,493580.0,8876.0
5624028.0,493580.0,8876.0
5624028.0,493580.0,8876.0
5624028.0,493580.0,8876.0
5624028.0,493580.0,8876.0
