3594027.2,196646.4,6144.0
3182216.0,183168.0,4176.0
3151995.2,184875.2,4265.6
3031112.0,191704.0,4624.0
3031112.0,191704.0,4624.0
3030844.8,191704.8,4636.8
3029776.0,191708.0,4688.0
3029776.0,191708.0,4688.0
3029479.2,191709.6,4699.2
3028292.0,191716.0,4744.0
3028292.0,191716.0,4744.0
3028292.0,191716.0,4744.0
3028292.0,191716.0,4744.0
3028292.0,191716.0,4744.0
3028292.0,191716.0,4744.0
3028292.0,191716.0,4744.0
3028292.0,191716.0,4744.0
3028292.0,191716.0,4744.0
3024664.0,191736.8,4785.6
3010152.0,191820.0,4952.0
3010152.0,191820.0,4952.0
3010152.0,191820.0,4952.0
3010152.0,191820.0,4952.0
3010152.0,191820.0,4952.0
3009204.2667,191821.06667,4968.0
3003044.0,191828.0,5072.0
3003044.0,191828.0,5072.0
3003044.0,191828.0,5072.0
3003044.0,191828.0,5072.0
