15570384.8,684372.8,11782.4
16199780.0,62168.0,2832.0
16189644.8,66195.2,3039.2
16149104.0,82304.0,3868.0
16149104.0,82304.0,3868.0
16036300.8,98085.333333,3875.4666667
15303080.0,200664.0,3924.0
15170883.467,225331.46667,3927.7333333
13320132.0,570676.0,3980.0
13320132.0,570676.0,3980.0
13199140.533,605191.2,3987.4666667
12412696.0,829540.0,4036.0
12412696.0,829540.0,4036.0
12412518.133,829540.0,4039.7333333
12410028.0,829540.0,4092.0
12408193.867,830533.06667,4328.8
12396272.0,836988.0,5868.0
12396272.0,836988.0,5868.0
12396272.0,836988.0,5868.0
12396272.0,836988.0,5868.0
12396272.0,836988.0,5868.0
12395916.8,837607.73333,5967.2
12394940.0,839312.0,6240.0
12394940.0,839312.0,6240.0
12394940.0,839312.0,6240.0
12394940.0,839312.0,6240.0
12394940.0,839312.0,6240.0
12394940.0,839312.0,6240.0
12394940.0,839312.0,6240.0
12394940.0,839312.0,6240.0
12394940.0,839312.0,6240.0
12394940.0,839312.0,6240.0
12394940.0,839312.0,6240.0
12394981.6,839320.53333,6299.7333333
12395096.0,839344.0,6464.0
12395096.0,839344.0,6464.0
12395096.0,839344.0,6464.0
12395096.0,839344.0,6464.0
12395096.0,839344.0,6464.0
12395096.0,839344.0,6464.0
12395096.0,839344.0,6464.0
12395096.0,839344.0,6464.0
12395096.0,839344.0,6464.0
12395096.0,839344.0,6464.0
12395096.0,839344.0,6464.0
12244926.4,839352.8,6549.6
11644248.0,839388.0,6892.0
11644248.0,839388.0,6892.0
11644248.0,839388.0,6892.0
11644248.0,839388.0,6892.0
11643710.4,839426.4,6915.4666667
11642232.0,839532.0,6980.0
11642232.0,839532.0,6980.0
11642232.0,839532.0,6980.0
11642232.0,839532.0,6980.0
11642232.0,839532.0,6980.0
11639846.933,839546.93333,7018.4
11637760.0,839560.0,7052.0
11637760.0,839560.0,7052.0
11637760.0,839560.0,7052.0
11637760.0,839560.0,7052.0
11637760.0,839560.0,7052.0
11637760.0,839560.0,7052.0
11637760.0,839560.0,7052.0
11637760.0,839560.0,7052.0
11637760.0,839560.0,7052.0
11637760.0,839560.0,7052.0
11637760.0,839560.0,7052.0
11638513.067,839634.66667,7130.9333333
11639172.0,839700.0,7200.0
11639172.0,839700.0,7200.0
11639172.0,839700.0,7200.0
11639172.0,839700.0,7200.0
11639172.0,839700.0,7200.0
11639172.0,839700.0,7200.0
11639172.0,839700.0,7200.0
11639172.0,839700.0,7200.0
nan,nan,nan
nan,nan,nan
nan,nan,nan
nan,nan,nan
nan,nan,nan
nan,nan,nan
nan,nan,nan
nan,nan,nan
nan,nan,nan
nan,nan,nan
nan,nan,nan
nan,nan,nan
nan,nan,nan
nan,nan,nan
nan,nan,nan
nan,nan,nan
nan,nan,nan
nan,nan,nan
nan,nan,nan
nan,nan,nan
nan,nan,nan
nan,nan,nan
11639132.0,840240.0,7564.0
11639132.0,840240.0,7564.0
11639132.0,840240.0,7564.0
11639132.0,840240.0,7564.0
11639132.0,840240.0,7564.0
11639132.0,840240.0,7564.0
11639132.0,840240.0,7564.0
11639132.0,840240.0,7564.0
11639132.0,840240.0,7564.0
11638575.2,840510.4,7656.8
11637740.0,840916.0,7796.0
11637740.0,840916.0,7796.0
11637740.0,840916.0,7796.0
11637740.0,840916.0,7796.0
11637740.0,840916.0,7796.0
11637740.0,840916.0,7796.0
11637740.0,840916.0,7796.0
11637740.0,840916.0,7796.0
11637740.0,840916.0,7796.0
11637740.0,840916.0,7796.0
11637740.0,840916.0,7796.0
11637901.333,840964.0,7894.6666667
11638224.0,841060.0,8092.0
11638224.0,841060.0,8092.0
11638224.0,841060.0,8092.0
11638224.0,841060.0,8092.0
11638224.0,841060.0,8092.0
11638224.0,841060.0,8092.0
11638224.0,841060.0,8092.0
11638224.0,841060.0,8092.0
11638224.0,841060.0,8092.0
11638224.0,841060.0,8092.0
11638224.0,841060.0,8092.0
11637976.0,841064.8,8184.8
11637604.0,841072.0,8324.0
11637604.0,841072.0,8324.0
11637604.0,841072.0,8324.0
11637604.0,841072.0,8324.0
11637604.0,841072.0,8324.0
11637604.0,841072.0,8324.0
11637604.0,841072.0,8324.0
11637604.0,841072.0,8324.0
11637604.0,841072.0,8324.0
11637604.0,841072.0,8324.0
11637604.0,841072.0,8324.0
11637604.0,841072.0,8324.0
11637896.267,841093.33333,8486.1333333
11638152.0,841112.0,8628.0
11638152.0,841112.0,8628.0
11638152.0,841112.0,8628.0
11638152.0,841112.0,8628.0
11638152.0,841112.0,8628.0
11638152.0,841112.0,8628.0
11636845.333,841114.66667,8750.6666667
11636192.0,841116.0,8812.0
11636192.0,841116.0,8812.0
11636192.0,841116.0,8812.0
11636192.0,841116.0,8812.0
11635761.067,841116.0,8876.0
11635384.0,841116.0,8932.0
11635384.0,841116.0,8932.0
11636403.733,841118.13333,8974.6666667
11637296.0,841120.0,9012.0
11637296.0,841120.0,9012.0
11637296.0,841120.0,9012.0
11637296.0,841120.0,9012.0
11637296.0,841120.0,9012.0
11637296.0,841120.0,9012.0
11637296.0,841120.0,9012.0
11637296.0,841120.0,9012.0
11637296.0,841120.0,9012.0
11637296.0,841120.0,9012.0
11637296.0,841120.0,9012.0
11637494.4,841126.4,9144.2666667
11637668.0,841132.0,9260.0
11637668.0,841132.0,9260.0
11637668.0,841132.0,9260.0
11637668.0,841132.0,9260.0
11637668.0,841132.0,9260.0
11637668.0,841132.0,9260.0
11637668.0,841132.0,9260.0
11637668.0,841132.0,9260.0
11637066.933,841146.93333,9368.2666667
11636380.0,841164.0,9492.0
11636380.0,841164.0,9492.0
11636380.0,841164.0,9492.0
11636380.0,841164.0,9492.0
11636380.0,841164.0,9492.0
11636380.0,841164.0,9492.0
11636380.0,841164.0,9492.0
11635665.333,841169.33333,9550.6666667
11634236.0,841180.0,9668.0
11634236.0,841180.0,9668.0
11634666.933,841180.0,9685.0666667
11635852.0,841180.0,9732.0
11635852.0,841180.0,9732.0
11635852.0,841180.0,9732.0
11635852.0,841180.0,9732.0
11635852.0,841180.0,9732.0
11635852.0,841180.0,9732.0
11635852.0,841180.0,9732.0
11635705.867,841180.53333,9757.6
11634756.0,841184.0,9924.0
11634972.8,841184.0,9936.8
11635840.0,841184.0,9988.0
11635840.0,841184.0,9988.0
11635840.0,841184.0,9988.0
11635840.0,841184.0,9988.0
11635840.0,841184.0,9988.0
11635840.0,841184.0,9988.0
11635840.0,841184.0,9988.0
11635840.0,841184.0,9988.0
11635840.0,841184.0,9988.0
11635840.0,841184.0,9988.0
11635840.0,841184.0,9988.0
11635840.0,841184.0,9988.0
11636332.8,841217.6,10226.933333
11634490.133,841223.73333,10296.266667
11634356.0,841224.0,10300.0
11634356.0,841224.0,10300.0
11634356.0,841224.0,10300.0
11634356.0,841224.0,10300.0
11634356.0,841224.0,10300.0
11634356.0,841224.0,10300.0
11634356.0,841224.0,10300.0
11634356.0,841224.0,10300.0
11634356.0,841224.0,10300.0
11634356.0,841224.0,10300.0
11634356.0,841224.0,10300.0
11634886.933,841244.53333,10493.6
11635080.0,841252.0,10564.0
11635080.0,841252.0,10564.0
11635080.0,841252.0,10564.0
11633784.0,841254.66667,10649.333333
11633136.0,841256.0,10692.0
11633136.0,841256.0,10692.0
11634118.667,841261.86667,10738.933333
11634476.0,841264.0,10756.0
11634476.0,841264.0,10756.0
11634476.0,841264.0,10756.0
11634476.0,841264.0,10756.0
11634476.0,841264.0,10756.0
nan,nan,nan
nan,nan,nan
nan,nan,nan
nan,nan,nan
nan,nan,nan
nan,nan,nan
nan,nan,nan
nan,nan,nan
nan,nan,nan
nan,nan,nan
nan,nan,nan
nan,nan,nan
nan,nan,nan
nan,nan,nan
nan,nan,nan
nan,nan,nan
nan,nan,nan
nan,nan,nan
nan,nan,nan
nan,nan,nan
nan,nan,nan
nan,nan,nan
nan,nan,nan
nan,nan,nan
nan,nan,nan
nan,nan,nan
nan,nan,nan
nan,nan,nan
nan,nan,nan
nan,nan,nan
nan,nan,nan
nan,nan,nan
nan,nan,nan
11630984.0,845204.0,10976.0
11630984.0,845204.0,10976.0
11630984.0,845204.0,10976.0
11630984.0,845204.0,10976.0
11630984.0,845204.0,10976.0
11630984.0,845204.0,10976.0
11630984.0,845204.0,10976.0
11630984.0,845204.0,10976.0
11630984.0,845204.0,10976.0
11630984.0,845204.0,10976.0
11630638.4,845295.73333,11048.533333
11630336.0,845376.0,11112.0
11630336.0,845376.0,11112.0
11630336.0,845376.0,11112.0
11630336.0,845376.0,11112.0
11630336.0,845376.0,11112.0
11630336.0,845376.0,11112.0
11630336.0,845376.0,11112.0
11630336.0,845376.0,11112.0
11630153.6,845387.2,11156.8
11629880.0,845404.0,11224.0
11629880.0,845404.0,11224.0
11629880.0,845404.0,11224.0
11629880.0,845404.0,11224.0
11629880.0,845404.0,11224.0
11629880.0,845404.0,11224.0
11629880.0,845404.0,11224.0
11629880.0,845404.0,11224.0
11629880.0,845404.0,11224.0
11629880.0,845404.0,11224.0
11629880.0,845404.0,11224.0
11629407.01,845422.47619,11268.342857
11629407.01,845422.47619,11268.342857
11629407.01,845422.47619,11268.342857
11629407.01,845422.47619,11268.342857
11629407.01,845422.47619,11268.342857
11629407.01,845422.47619,11268.342857
11629407.01,845422.47619,11268.342857
11629368.0,845424.0,11272.0
11629368.0,845424.0,11272.0
11629368.0,845424.0,11272.0
11629368.0,845424.0,11272.0
nan,nan,nan
nan,nan,nan
nan,nan,nan
nan,nan,nan
nan,nan,nan
nan,nan,nan
nan,nan,nan
nan,nan,nan
nan,nan,nan
nan,nan,nan
nan,nan,nan
nan,nan,nan
nan,nan,nan
nan,nan,nan
nan,nan,nan
nan,nan,nan
nan,nan,nan
nan,nan,nan
nan,nan,nan
nan,nan,nan
nan,nan,nan
nan,nan,nan
nan,nan,nan
nan,nan,nan
nan,nan,nan
nan,nan,nan
nan,nan,nan
nan,nan,nan
nan,nan,nan
nan,nan,nan
nan,nan,nan
nan,nan,nan
nan,nan,nan
nan,nan,nan
nan,nan,nan
nan,nan,nan
nan,nan,nan
nan,nan,nan
nan,nan,nan
nan,nan,nan
nan,nan,nan
11629576.0,845640.0,11380.0
11630284.0,845644.8,11401.6
11630756.0,845648.0,11416.0
11630756.0,845648.0,11416.0
11630756.0,845648.0,11416.0
11630756.0,845648.0,11416.0
11630756.0,845648.0,11416.0
11630756.0,845648.0,11416.0
11630756.0,845648.0,11416.0
nan,nan,nan
nan,nan,nan
nan,nan,nan
nan,nan,nan
nan,nan,nan
nan,nan,nan
