data_points,dimensions,k,time
100000,10,10,13
100000,10,100,33
100000,10,200,54
100000,10,300,75
100000,10,400,95
100000,10,500,118
100000,10,600,142
100000,10,700,167
100000,10,800,191
100000,10,900,209
100000,10,1000,240
100000,10,1200,286
100000,10,1400,332
100000,10,1600,383
100000,50,10,53
100000,50,100,137
100000,50,200,234
100000,50,300,316
100000,50,400,413
100000,50,500,505
100000,50,600,594
100000,50,700,695
100000,50,800,786
100000,50,900,929
100000,50,1000,959
100000,50,1200,1170
100000,50,1400,1368
100000,50,1600,1543
100000,100,10,106
100000,100,100,272
100000,100,200,455
100000,100,300,657
100000,100,400,850
100000,100,500,1049
100000,100,600,1246
100000,100,700,1440
100000,100,800,1632
100000,100,900,1838
100000,100,1000,1902
100000,100,1200,2248
100000,100,1400,2564
100000,100,1600,2944
100000,250,10,318
100000,250,100,642
100000,250,200,1048
100000,250,300,1482
100000,250,400,1929
100000,250,500,2362
100000,250,600,2807
100000,250,700,3199
100000,250,800,3636
100000,250,900,4126
100000,250,1000,4564
100000,250,1200,5528
100000,250,1400,6320
100000,250,1600,7144
100000,500,10,580
100000,500,100,1355
100000,500,200,2291
100000,500,300,2812
100000,500,400,3627
100000,500,500,4487
100000,500,600,5173
100000,500,700,5947
100000,500,800,6907
100000,500,900,7618
100000,500,1000,8555
100000,500,1200,10287
100000,500,1400,11876
100000,500,1600,13343
100000,750,10,668
100000,750,100,1765
100000,750,200,2919
100000,750,300,4095
100000,750,400,5296
100000,750,500,6573
100000,750,600,7813
100000,750,700,8894
100000,750,800,10340
100000,750,900,11404
100000,750,1000,12645
100000,750,1200,15155
100000,750,1400,17544
100000,750,1600,20321
100000,1000,10,1305
100000,1000,100,2688
100000,1000,200,4262
100000,1000,300,6172
100000,1000,400,7774
100000,1000,500,9661
100000,1000,600,11131
100000,1000,700,13183
100000,1000,800,15339
100000,1000,900,17444
100000,1000,1000,18799
100000,1000,1200,23375
100000,1000,1400,27269
100000,1000,1600,31007
