data_points,dimensions,k,mem_used_kb
100000,10,10,364464.0
100000,10,100,149305.0
100000,10,200,269748.159993
100000,10,300,319007.238095
100000,10,400,324348.8889
100000,10,500,363892.000007
100000,10,600,327491.6606
100000,10,700,340516.738462
100000,10,800,382971.161902
100000,10,900,353309.2
100000,10,1000,370801.896296
100000,10,1200,374977.745456
100000,10,1400,371947.988893
100000,10,1600,376515.071606
100000,50,10,466424.32
100000,50,100,657391.490912
100000,50,200,729203.88148
100000,50,300,687808.915948
100000,50,400,800925.940229
100000,50,500,754780.11852
100000,50,600,783850.939683
100000,50,700,776415.488887
100000,50,800,811313.939396
100000,50,900,810263.370833
100000,50,1000,778945.458588
100000,50,1200,821315.873334
100000,50,1400,808741.809318
100000,50,1600,824593.406985
100000,100,10,660148.933333
100000,100,100,1033093.46667
100000,100,200,1104713.1798
100000,100,300,1194071.91111
100000,100,400,1241702.14713
100000,100,500,1156912.01482
100000,100,600,1161392.35137
100000,100,700,1164023.6136
100000,100,800,1189706.86367
100000,100,900,1282783.52
100000,100,1000,1195592.13437
100000,100,1200,1166470.97193
100000,100,1400,1276807.01503
100000,100,1600,1136687.55556
100000,250,10,1674903.97681
100000,250,100,1814877.38667
100000,250,200,1831982.62963
100000,250,300,2006878.47129
100000,250,400,1871214.30229
100000,250,500,1978751.91279
100000,250,600,1903540.92839
100000,250,700,1904926.80247
100000,250,800,1927860.16393
100000,250,900,1935779.67365
100000,250,1000,1985637.99303
100000,250,1200,1757769.67784
100000,250,1400,1982769.85091
100000,250,1600,1904169.80363
100000,500,10,6360104.66342
100000,500,100,6082567.26308
100000,500,200,6355763.24817
100000,500,300,3612658.75697
100000,500,400,3589633.4612
100000,500,500,3702699.32097
100000,500,600,3662666.60809
100000,500,700,3638480.60972
100000,500,800,3523196.14399
100000,500,900,3698188.48775
100000,500,1000,3522893.70769
100000,500,1200,3512256.71008
100000,500,1400,3507273.44719
100000,500,1600,3662815.32391
100000,750,10,3494699.93623
100000,750,100,4174878.84889
100000,750,200,4157301.34687
100000,750,300,4016626.80824
100000,750,400,3911976.57765
100000,750,500,3863714.67333
100000,750,600,3786266.71867
100000,750,700,3678419.78443
100000,750,800,3866539.66127
100000,750,900,4094501.48976
100000,750,1000,3845353.89002
100000,750,1200,3551139.2945
100000,750,1400,3911595.62972
100000,750,1600,3638833.18693
100000,1000,10,6605695.06817
100000,1000,100,6376170.97459
100000,1000,200,6088836.62253
100000,1000,300,6933353.16029
100000,1000,400,6412383.62841
100000,1000,500,7293413.53395
100000,1000,600,7256822.90394
100000,1000,700,6764110.88702
100000,1000,800,7050712.50576
100000,1000,900,7006714.41007
100000,1000,1000,7074031.52548
100000,1000,1200,6700742.64564
100000,1000,1400,6606804.12103
100000,1000,1600,6721440.46715
