7769960.0,118700.0,3888.0
7769960.0,118700.0,3888.0
7731605.6,124132.0,3891.7333333
7194644.0,200180.0,3944.0
7194644.0,200180.0,3944.0
7194454.1333,200177.86667,3952.5333333
7193220.0,200164.0,4008.0
7193220.0,200164.0,4008.0
7193220.0,200164.0,4008.0
7193220.0,200164.0,4008.0
7169236.5333,200273.86667,4042.1333333
7013344.0,200988.0,4264.0
7013344.0,200988.0,4264.0
7013344.0,200988.0,4264.0
7013344.0,200988.0,4264.0
7013344.0,200988.0,4264.0
7013344.0,200988.0,4264.0
7013344.0,200988.0,4264.0
7012909.6,200991.2,4299.2
7011172.0,201004.0,4440.0
7011172.0,201004.0,4440.0
7010836.8,201004.0,4452.8
7009496.0,201004.0,4504.0
7009160.8,201004.0,4515.2
7007820.0,201004.0,4560.0
7007820.0,201004.0,4560.0
7007820.0,201004.0,4560.0
7007820.0,201004.0,4560.0
7007820.0,201004.0,4560.0
7007820.0,201004.0,4560.0
7007820.0,201004.0,4560.0
6985872.8,201008.0,4601.6
6898084.0,201024.0,4768.0
6898084.0,201024.0,4768.0
6898084.0,201024.0,4768.0
6898084.0,201024.0,4768.0
6898084.0,201024.0,4768.0
6898084.0,201024.0,4768.0
6898084.0,201024.0,4768.0
6898084.0,201024.0,4768.0
6898084.0,201024.0,4768.0
6898084.0,201024.0,4768.0
6898084.0,201024.0,4768.0
6898022.1333,201033.06667,4800.0
6897620.0,201092.0,5008.0
6897620.0,201092.0,5008.0
6897620.0,201092.0,5008.0
6897620.0,201092.0,5008.0
6897620.0,201092.0,5008.0
6897620.0,201092.0,5008.0
6897160.8,201514.4,5121.6
6895324.0,203204.0,5576.0
6895324.0,203204.0,5576.0
6894171.2,203204.8,5588.8
6889560.0,203208.0,5640.0
6889560.0,203208.0,5640.0
6889560.0,203208.0,5640.0
6889560.0,203208.0,5640.0
6889560.0,203208.0,5640.0
6889560.0,203208.0,5640.0
6889560.0,203208.0,5640.0
6889560.0,203208.0,5640.0
6889560.0,203208.0,5640.0
6889560.0,203208.0,5640.0
6889560.0,203208.0,5640.0
6889628.8,203212.8,5686.4
6889080.5333,203230.93333,5889.0666667
6886816.0,203228.0,5936.0
6886816.0,203228.0,5936.0
6886580.8,203228.8,5948.8
6885640.0,203232.0,6000.0
6885640.0,203232.0,6000.0
6885640.0,203232.0,6000.0
6885640.0,203232.0,6000.0
7074725.6,201927.2,6025.6
7831068.0,196708.0,6128.0
