vda,60.20,0.37,0.00,1,0
vda,12.22,0.00,0.15,0,2
vda,0.00,0.00,0.00,0,0
vda,6.40,0.00,0.03,0,0
vda,6.40,0.00,0.03,0,0
vda,4.80,0.00,0.02,0,0
vda,53.40,0.74,0.48,3,2
vda,8.20,0.19,0.03,0,0
vda,11.96,0.04,0.21,0,2
vda,30.60,0.15,0.50,0,2
vda,0.80,0.10,0.00,0,0
vda,8.40,0.02,0.13,0,2
vda,0.60,0.05,0.00,0,0
vda,6.40,0.00,0.03,0,0
vda,25.80,0.04,0.49,0,2
vda,5.40,0.04,0.02,0,0
vda,5.80,0.00,0.02,0,0
vda,0.00,0.00,0.00,0,0
vda,0.00,0.00,0.00,0,0
vda,26.80,0.03,0.10,0,0
vda,13.57,0.11,0.14,1,2
vda,6.15,0.03,0.10,0,2
vda,2.20,0.01,0.01,0,0
vda,11.05,0.02,0.15,0,2
vda,3.80,0.00,0.02,0,0
vda,11.45,0.01,0.24,0,2
vda,0.00,0.00,0.00,0,0
vda,13.80,0.02,0.05,0,0
vda,26.40,0.08,0.49,0,2
vda,11.60,0.56,0.00,2,0
vda,9.69,0.02,0.13,0,2
vda,2.80,0.02,0.00,0,0
vda,12.69,0.05,0.16,0,2
vda,1.20,0.00,0.00,0,0
vda,10.96,0.05,0.14,0,2
vda,15.23,0.02,0.17,0,2
vda,6.80,0.00,0.03,0,0
vda,19.40,0.00,0.08,0,0
vda,9.80,0.00,0.43,0,2
vda,0.00,0.00,0.00,0,0
vda,0.00,0.00,0.00,0,0
vda,0.00,0.00,0.00,0,0
vda,35.20,0.04,0.52,0,2
vda,5.40,0.06,0.01,0,0
vda,6.37,0.00,0.07,0,2
vda,0.00,0.00,0.00,0,0
vda,18.00,0.03,0.08,0,0
vda,13.80,0.16,0.40,0,2
vda,1.00,0.03,0.00,0,0
vda,4.74,0.01,0.02,0,0
vda,0.00,0.00,0.00,0,0
vda,0.00,0.00,0.00,0,0
vda,31.40,0.07,0.50,0,2
vda,3.00,0.05,0.00,0,0
vda,11.94,0.05,0.15,0,2
vda,5.03,0.00,0.06,0,2
vda,25.40,0.00,0.20,0,0
vda,19.80,0.26,0.41,1,2
vda,11.40,0.06,0.03,0,0
vda,13.40,0.00,0.06,0,0
vda,9.20,0.00,0.04,0,0
vda,13.60,0.00,0.05,0,0
vda,29.20,0.94,0.47,4,2
vda,11.60,0.30,0.40,1,2
vda,10.40,0.03,0.37,0,6
vda,49.80,3.41,0.86,17,4
vda,0.80,0.00,0.39,0,1
vda,1.40,0.00,0.00,0,0
vda,3.20,0.00,0.40,0,2
vda,1.60,0.00,0.01,0,0
vda,0.00,0.00,0.00,0,0
vda,0.00,0.00,0.00,0,0
vda,28.40,0.00,0.50,0,2
vda,0.40,0.00,0.00,0,0
vda,1.86,0.00,0.01,0,0
vda,0.00,0.00,0.00,0,0
vda,53.80,0.00,0.62,0,3
vda,2.60,0.00,0.40,0,1
vda,9.60,0.00,0.05,0,0
vda,27.40,0.00,0.11,0,0
vda,1.00,0.00,0.39,0,1
vda,7.01,0.00,0.03,0,0
vda,0.00,0.00,0.00,0,0
vda,0.00,0.00,0.00,0,0
vda,35.60,0.00,0.53,0,2
vda,28.20,0.00,0.50,0,2
vda,10.20,0.00,0.43,0,2
vda,35.20,0.00,0.14,0,0
vda,2.60,0.00,0.40,0,1
vda,32.40,0.00,0.52,0,2
vda,15.00,0.00,0.45,0,2
vda,1.00,0.00,0.00,0,0
vda,31.80,0.00,0.52,0,2
vda,3.00,0.00,0.40,0,1
vda,32.20,0.00,0.52,0,2
vda,36.40,0.00,0.53,0,2
vda,30.20,0.00,0.12,0,0
vda,37.00,0.00,0.54,0,2
vda,3.40,0.00,0.40,0,2
vda,15.20,0.00,0.45,0,2
vda,0.20,0.00,0.00,0,0
vda,30.00,0.00,0.51,0,2
vda,13.80,0.00,0.44,0,2
vda,4.00,0.00,0.02,0,0
vda,74.60,0.47,0.57,2,2
vda,4.60,0.00,0.41,0,2
vda,27.60,0.00,0.53,0,2
vda,8.20,0.00,0.03,0,0
vda,18.66,0.00,0.24,0,2
vda,35.00,0.00,0.53,0,2
