16223286.4,42039.2,2523.2
16222472.0,42548.0,2792.0
16222472.0,42548.0,2792.0
16217019.467,47282.933333,3129.3333333
16217019.467,47282.933333,3129.3333333
16215360.0,48724.0,3232.0
16212840.733,51197.333333,3497.0
16212840.733,51197.333333,3497.0
16212840.733,51197.333333,3497.0
16212840.733,51197.333333,3497.0
16205198.0,55925.111111,3588.6666667
16205198.0,55925.111111,3588.6666667
16205198.0,55925.111111,3588.6666667
16205198.0,55925.111111,3588.6666667
16205198.0,55925.111111,3588.6666667
16205198.0,55925.111111,3588.6666667
16204516.267,56376.533333,3595.7333333
16202880.0,57628.0,3620.0
16202880.0,57628.0,3620.0
16202045.867,58002.4,3626.4
16199752.0,59032.0,3644.0
16199419.2,59139.2,3648.0
16198088.0,59568.0,3664.0
16198088.0,59568.0,3664.0
16198088.0,59568.0,3664.0
16198088.0,59568.0,3664.0
16196075.111,60660.0,3679.5555556
16196075.111,60660.0,3679.5555556
16196075.111,60660.0,3679.5555556
16195500.0,60972.0,3684.0
16195500.0,60972.0,3684.0
16195500.0,60972.0,3684.0
16195500.0,60972.0,3684.0
16192700.0,62349.6,3833.3333333
16192500.0,62448.0,3844.0
16167172.0,76468.0,3928.0
16167172.0,76468.0,3928.0
16167172.0,76468.0,3928.0
16041266.133,92463.2,3976.5333333
16021896.0,94924.0,3984.0
15966299.2,94931.466667,4006.4
15962328.0,94932.0,4008.0
15962328.0,94932.0,4008.0
15962328.0,94932.0,4008.0
15962328.0,94932.0,4008.0
15959668.0,94934.4,4018.4
15949028.0,94944.0,4060.0
15949028.0,94944.0,4060.0
15949028.0,94944.0,4060.0
15949028.0,94944.0,4060.0
15949028.0,94944.0,4060.0
15994680.0,93635.2,4085.6
16177288.0,88400.0,4188.0
