vda,25.80,0.11,0.00,0,0
vda,36.60,0.13,0.01,0,0
vda,2.00,0.00,0.01,0,0
vda,86.40,0.61,0.01,3,0
vda,182.40,2.22,0.05,11,0
vda,5.80,0.00,0.03,0,0
vda,263.20,13.36,0.10,66,0
vda,168.80,11.52,0.22,57,1
vda,101.20,12.38,0.01,61,0
vda,79.20,9.75,0.00,48,0
vda,123.20,15.28,0.00,76,0
vda,108.40,13.15,0.01,65,0
vda,89.80,11.07,0.00,55,0
vda,130.20,14.52,1.33,72,6
vda,128.20,13.93,0.07,69,0
vda,39.52,4.74,0.01,23,0
vda,114.00,14.17,0.00,70,0
vda,134.20,12.45,0.14,62,0
vda,23.20,2.06,0.00,10,0
vda,82.20,10.18,0.00,50,0
vda,65.60,6.78,0.05,33,0
vda,196.40,15.88,0.28,79,1
vda,117.80,14.60,0.00,73,0
vda,119.60,14.52,0.01,72,0
vda,143.20,11.18,0.22,55,1
vda,1.00,0.03,0.00,0,0
vda,146.40,12.12,0.21,60,1
vda,66.00,8.08,0.01,40,0
vda,12.40,1.47,0.00,7,0
vda,174.40,15.58,0.20,77,0
vda,120.60,14.85,0.01,74,0
vda,162.60,14.57,0.02,72,0
vda,213.80,13.48,0.42,67,2
vda,68.20,8.15,0.01,40,0
vda,10.60,0.00,0.04,0,0
vda,71.00,8.45,0.01,42,0
vda,64.80,7.73,0.01,38,0
vda,0.00,0.00,0.00,0,0
vda,35.00,4.05,0.01,20,0
vda,26.80,1.40,0.07,7,0
vda,60.00,2.96,0.06,14,0
vda,73.40,3.71,0.15,18,0
vda,13.00,0.74,0.01,3,0
vda,88.80,4.84,0.10,24,0
vda,2.60,0.00,0.01,0,0
vda,101.00,3.12,0.31,15,1
vda,24.40,2.93,0.00,14,0
vda,58.00,0.52,0.07,2,0
vda,25.40,2.67,0.02,13,0
vda,50.20,0.24,0.20,1,1
vda,23.00,2.48,0.01,12,0
vda,22.80,2.38,0.01,11,0
vda,4.20,0.06,0.01,0,0
vda,19.60,2.12,0.01,10,0
vda,0.00,0.00,0.00,0,0
vda,17.40,1.98,0.01,9,0
vda,70.80,0.12,0.28,0,1
vda,16.80,1.68,0.02,8,0
vda,21.40,1.70,0.03,8,0
vda,2.40,0.00,0.01,0,0
vda,13.60,1.55,0.00,7,0
vda,13.60,1.45,0.01,7,0
vda,6.20,0.08,0.02,0,0
vda,23.40,1.32,0.05,6,0
vda,3.60,0.45,0.00,2,0
vda,47.60,0.80,0.20,4,1
vda,13.00,1.12,0.02,5,0
vda,1.40,0.00,0.01,0,0
vda,17.80,1.05,0.04,5,0
vda,8.00,0.80,0.01,4,0
vda,2.20,0.18,0.00,0,0
vda,28.40,0.90,0.09,4,0
vda,7.00,0.02,0.03,0,0
vda,11.80,0.91,0.01,4,0
vda,54.80,0.78,0.19,3,0
vda,1.40,0.00,0.01,0,0
vda,6.00,0.73,0.00,3,0
vda,2.40,0.00,0.01,0,0
vda,17.40,0.65,0.05,3,0
vda,14.20,0.60,0.04,3,0
vda,25.20,0.06,0.08,0,0
vda,17.60,0.63,0.02,3,0
vda,80.00,0.50,0.32,2,1
vda,3.60,0.08,0.01,0,0
vda,3.80,0.47,0.00,2,0
vda,53.80,0.00,0.22,0,1
vda,6.60,0.45,0.01,2,0
vda,4.60,0.40,0.01,2,0
vda,45.80,0.00,0.19,0,0
vda,5.40,0.38,0.01,1,0
vda,8.00,0.03,0.00,0,0
vda,61.80,0.40,0.22,2,1
vda,3.80,0.43,0.00,2,0
vda,2.20,0.00,0.01,0,0
vda,3.60,0.30,0.00,1,0
vda,4.40,0.27,0.01,1,0
vda,0.60,0.00,0.00,0,0
vda,3.80,0.25,0.01,1,0
vda,79.00,0.00,0.32,0,1
vda,3.20,0.25,0.00,1,0
vda,12.40,0.26,0.07,1,0
vda,4.60,0.00,0.02,0,0
vda,1.80,0.22,0.00,1,0
vda,11.00,0.18,0.04,0,0
vda,2.40,0.00,0.01,0,0
vda,71.60,0.18,0.29,0,1
vda,2.60,0.00,0.01,0,0
vda,3.60,0.18,0.01,0,0
vda,47.40,0.15,0.19,0,0
vda,1.40,0.00,0.01,0,0
vda,3.19,0.12,0.01,0,0
vda,4.01,0.03,0.01,0,0
vda,3.60,0.12,0.01,0,0
vda,19.60,0.20,0.00,0,0
vda,10.40,0.09,0.01,0,0
vda,3.20,0.10,0.01,0,0
vda,70.46,0.10,0.28,0,1
vda,7.60,0.00,0.03,0,0
vda,2.20,0.10,0.01,0,0
vda,2.20,0.00,0.01,0,0
vda,5.00,0.11,0.02,0,0
vda,1.60,0.07,0.00,0,0
vda,4.00,0.00,0.02,0,0
vda,11.60,0.07,0.05,0,0
vda,1.80,0.05,0.00,0,0
vda,40.20,0.00,0.20,0,0
vda,12.00,0.07,0.05,0,0
vda,1.00,0.00,0.00,0,0
vda,72.20,0.05,0.30,0,1
vda,4.80,0.11,0.01,0,0
vda,1.40,0.00,0.01,0,0
vda,55.20,0.05,0.22,0,1
vda,1.60,0.05,0.00,0,0
vda,2.40,0.00,0.01,0,0
vda,44.60,0.05,0.19,0,0
vda,1.80,0.05,0.01,0,0
vda,1.00,0.00,0.00,0,0
vda,34.80,0.03,0.15,0,0
vda,15.20,0.02,0.06,0,0
vda,3.00,0.03,0.01,0,0
vda,35.93,0.00,0.15,0,0
vda,47.80,0.06,0.22,0,1
vda,4.20,0.03,0.02,0,0
vda,47.80,0.00,0.20,0,1
vda,2.80,0.03,0.01,0,0
vda,0.20,0.00,0.00,0,0
vda,48.00,0.03,0.20,0,0
vda,3.20,0.05,0.01,0,0
vda,2.80,0.00,0.01,0,0
vda,52.10,0.02,0.22,0,1
vda,18.60,0.47,0.01,2,0
vda,25.00,0.09,0.01,0,0
vda,101.60,0.00,0.41,0,2
vda,34.00,0.67,0.01,3,0
vda,1.40,0.00,0.01,0,0
vda,2.20,0.00,0.01,0,0
vda,2.60,0.00,0.01,0,0
vda,3.00,0.02,0.01,0,0
vda,2.20,0.03,0.00,0,0
vda,20.00,0.00,0.09,0,0
vda,1.20,0.00,0.00,0,0
vda,41.40,0.00,0.20,0,1
vda,3.80,0.00,0.01,0,0
vda,17.60,0.01,0.09,0,0
vda,5.00,0.00,0.03,0,0
vda,0.20,0.00,0.00,0,0
vda,6.60,0.03,0.03,0,0
