vda,35.00,0.13,0.01,0,0
vda,6.00,0.02,0.00,0,0
vda,107.80,0.53,0.15,2,0
vda,13.40,0.04,0.01,0,0
vda,1.80,0.00,0.01,0,0
vda,34.80,0.00,0.14,0,0
vda,210.60,10.48,0.00,52,0
vda,86.00,10.15,0.02,50,0
vda,107.00,13.23,0.00,66,0
vda,109.80,8.45,0.99,42,4
vda,30.00,2.45,0.47,12,2
vda,0.00,0.00,0.00,0,0
vda,14.80,0.05,0.01,0,0
vda,2.20,0.00,0.01,0,0
vda,0.00,0.00,0.00,0,0
vda,1.40,0.00,0.01,0,0
vda,28.00,0.00,0.11,0,0
vda,3.60,0.00,0.02,0,0
vda,34.00,0.00,0.13,0,0
vda,1.60,0.00,0.01,0,0
vda,1.20,0.00,0.00,0,0
vda,23.00,0.00,0.10,0,0
vda,3.00,0.00,0.01,0,0
vda,0.00,0.00,0.00,0,0
vda,52.60,0.00,0.21,0,1
vda,3.00,0.00,0.01,0,0
vda,1.20,0.00,0.00,0,0
vda,1.20,0.00,0.00,0,0
vda,35.00,0.00,0.14,0,0
vda,2.80,0.00,0.01,0,0
vda,2.60,0.00,0.01,0,0
vda,44.80,0.00,0.18,0,0
vda,0.00,0.00,0.00,0,0
vda,1.20,0.00,0.00,0,0
vda,72.00,0.07,0.21,0,1
vda,28.20,0.11,0.07,0,0
vda,2.00,0.00,0.01,0,0
vda,0.80,0.00,0.00,0,0
vda,2.20,0.00,0.01,0,0
vda,2.40,0.00,0.01,0,0
vda,0.40,0.00,0.00,0,0
vda,26.20,0.00,0.12,0,0
vda,2.20,0.00,0.01,0,0
vda,22.40,0.00,0.09,0,0
vda,2.20,0.00,0.01,0,0
vda,1.20,0.00,0.00,0,0
vda,1.20,0.00,0.00,0,0
vda,54.00,0.00,0.22,0,1
vda,2.20,0.00,0.01,0,0
vda,0.80,0.00,0.00,0,0
vda,4.20,0.00,0.02,0,0
vda,1.00,0.00,0.00,0,0
vda,28.80,0.00,0.11,0,0
vda,15.60,0.00,0.06,0,0
vda,1.40,0.00,0.00,0,0
vda,16.80,0.00,0.07,0,0
vda,19.80,0.00,0.08,0,0
vda,1.40,0.00,0.01,0,0
vda,1.60,0.00,0.01,0,0
vda,1.20,0.00,0.00,0,0
vda,53.80,0.00,0.22,0,1
vda,4.40,0.00,0.02,0,0
vda,0.00,0.00,0.00,0,0
vda,1.20,0.00,0.00,0,0
vda,44.80,0.00,0.18,0,0
vda,0.00,0.00,0.00,0,0
vda,13.40,0.00,0.06,0,0
vda,2.00,0.00,0.01,0,0
vda,35.80,0.00,0.15,0,0
vda,1.40,0.00,0.01,0,0
vda,3.00,0.00,0.01,0,0
vda,1.00,0.00,0.00,0,0
vda,1.40,0.00,0.01,0,0
vda,2.20,0.00,0.01,0,0
vda,0.40,0.00,0.00,0,0
vda,19.60,0.00,0.08,0,0
vda,42.60,0.00,0.17,0,0
vda,1.40,0.00,0.01,0,0
vda,1.20,0.00,0.00,0,0
vda,1.60,0.00,0.01,0,0
vda,3.80,0.00,0.01,0,0
vda,9.40,0.00,0.04,0,0
vda,3.80,0.00,0.02,0,0
vda,17.00,0.00,0.07,0,0
vda,1.40,0.00,0.01,0,0
vda,36.20,0.00,0.14,0,0
vda,1.00,0.00,0.01,0,0
vda,1.40,0.00,0.01,0,0
vda,26.60,0.00,0.11,0,0
vda,0.00,0.00,0.00,0,0
vda,4.40,0.00,0.02,0,0
vda,2.60,0.00,0.01,0,0
vda,0.00,0.00,0.00,0,0
vda,1.20,0.00,0.00,0,0
vda,2.80,0.00,0.01,0,0
vda,1.80,0.00,0.01,0,0
vda,18.20,0.00,0.07,0,0
vda,42.60,0.00,0.17,0,0
vda,1.40,0.00,0.01,0,0
vda,1.20,0.00,0.00,0,0
vda,4.20,0.00,0.02,0,0
vda,1.60,0.00,0.01,0,0
vda,1.40,0.00,0.01,0,0
vda,12.80,0.00,0.05,0,0
vda,1.20,0.00,0.00,0,0
vda,2.20,0.00,0.01,0,0
vda,22.80,0.00,0.09,0,0
vda,8.40,0.00,0.03,0,0
vda,1.40,0.00,0.00,0,0
vda,2.40,0.00,0.01,0,0
vda,2.60,0.00,0.01,0,0
vda,18.60,0.00,0.07,0,0
vda,2.80,0.00,0.01,0,0
vda,0.00,0.00,0.00,0,0
vda,1.20,0.00,0.00,0,0
vda,36.20,0.00,0.14,0,0
vda,8.40,0.00,0.04,0,0
vda,1.60,0.00,0.01,0,0
vda,4.20,0.00,0.02,0,0
vda,18.80,0.00,0.07,0,0
vda,0.00,0.00,0.00,0,0
vda,1.80,0.00,0.01,0,0
vda,1.20,0.00,0.00,0,0
vda,3.40,0.00,0.02,0,0
vda,34.20,0.00,0.14,0,0
vda,8.40,0.00,0.04,0,0
vda,12.60,0.00,0.05,0,0
vda,1.60,0.00,0.01,0,0
vda,1.20,0.00,0.00,0,0
vda,1.20,0.00,0.00,0,0
vda,4.80,0.00,0.02,0,0
vda,1.80,0.00,0.01,0,0
vda,2.40,0.00,0.01,0,0
vda,34.00,0.00,0.13,0,0
vda,18.40,0.00,0.07,0,0
vda,1.40,0.00,0.00,0,0
vda,9.00,0.00,0.04,0,0
vda,2.60,0.00,0.01,0,0
vda,3.60,0.00,0.01,0,0
vda,1.60,0.00,0.01,0,0
vda,0.00,0.00,0.00,0,0
vda,12.60,0.00,0.05,0,0
vda,24.80,0.00,0.10,0,0
vda,1.40,0.00,0.01,0,0
vda,2.80,0.00,0.02,0,0
vda,9.00,0.00,0.04,0,0
vda,1.40,0.00,0.01,0,0
vda,2.60,0.00,0.01,0,0
vda,2.60,0.00,0.01,0,0
vda,18.20,0.00,0.07,0,0
vda,9.40,0.00,0.04,0,0
vda,37.80,0.00,0.15,0,0
vda,1.20,0.00,0.00,0,0
vda,2.20,0.00,0.01,0,0
vda,0.40,0.00,0.00,0,0
vda,2.40,0.00,0.01,0,0
vda,26.80,0.00,0.11,0,0
vda,1.80,0.00,0.01,0,0
vda,1.40,0.00,0.01,0,0
vda,49.60,0.00,0.19,0,0
vda,1.60,0.00,0.01,0,0
vda,12.00,0.00,0.05,0,0
vda,2.00,0.00,0.01,0,0
vda,39.00,0.00,0.16,0,0
vda,1.60,0.00,0.01,0,0
vda,1.20,0.00,0.00,0,0
vda,42.40,0.00,0.17,0,0
