vda,55.20,0.26,0.00,1,0
vda,3.40,0.00,0.01,0,0
vda,82.80,0.64,0.01,3,0
vda,2.60,0.00,0.01,0,0
vda,203.00,2.34,0.05,11,0
vda,14.40,0.00,0.06,0,0
vda,286.00,13.79,0.11,68,0
vda,115.00,11.38,0.10,56,0
vda,95.80,11.82,0.00,59,0
vda,117.40,8.77,1.40,43,6
vda,5.20,0.00,0.02,0,0
vda,0.80,0.01,0.00,0,0
vda,3.40,0.06,0.01,0,0
vda,74.20,0.00,0.30,0,1
vda,0.00,0.00,0.00,0,0
vda,1.40,0.00,0.00,0,0
vda,47.40,0.00,0.19,0,0
vda,0.00,0.00,0.00,0,0
vda,38.80,0.99,0.00,4,0
vda,77.60,0.00,0.32,0,1
vda,2.00,0.03,0.01,0,0
vda,2.80,0.05,0.01,0,0
vda,2.60,0.00,0.01,0,0
vda,0.00,0.00,0.00,0,0
vda,1.40,0.00,0.00,0,0
vda,2.60,0.00,0.01,0,0
vda,13.00,0.00,0.06,0,0
vda,42.20,0.00,0.17,0,0
vda,2.40,0.00,0.01,0,0
vda,0.80,0.00,0.00,0,0
vda,55.00,0.01,0.23,0,1
vda,2.60,0.00,0.01,0,0
vda,0.00,0.00,0.00,0,0
vda,76.80,0.00,0.31,0,1
vda,2.40,0.00,0.01,0,0
vda,0.00,0.00,0.00,0,0
vda,46.20,0.00,0.19,0,0
vda,2.40,0.00,0.01,0,0
vda,0.60,0.00,0.00,0,0
vda,56.80,0.06,0.23,0,1
vda,1.60,0.00,0.01,0,0
vda,0.00,0.00,0.00,0,0
vda,54.00,0.00,0.22,0,1
vda,2.40,0.00,0.01,0,0
vda,0.00,0.00,0.00,0,0
vda,69.40,0.00,0.28,0,1
vda,2.40,0.00,0.01,0,0
vda,0.60,0.00,0.00,0,0
vda,54.00,0.02,0.24,0,1
vda,8.80,0.10,0.02,0,0
vda,1.60,0.00,0.01,0,0
vda,0.00,0.00,0.00,0,0
vda,2.40,0.00,0.01,0,0
vda,0.00,0.00,0.00,0,0
vda,1.80,0.00,0.01,0,0
vda,62.20,0.00,0.25,0,1
vda,2.60,0.00,0.01,0,0
vda,2.60,0.00,0.01,0,0
vda,3.20,0.07,0.01,0,0
vda,1.00,0.00,0.00,0,0
vda,9.40,0.00,0.04,0,0
vda,2.40,0.00,0.01,0,0
vda,5.60,0.00,0.03,0,0
vda,59.80,0.00,0.24,0,1
vda,2.00,0.00,0.01,0,0
vda,1.20,0.00,0.00,0,0
vda,20.20,0.07,0.01,0,0
vda,30.00,0.67,0.01,3,0
vda,3.60,0.05,0.01,0,0
vda,2.20,0.00,0.01,0,0
vda,92.80,0.00,0.37,0,1
vda,1.40,0.00,0.01,0,0
vda,1.80,0.00,0.01,0,0
vda,14.20,0.00,0.06,0,0
vda,1.40,0.00,0.01,0,0
vda,1.20,0.00,0.00,0,0
vda,4.20,0.03,0.02,0,0
vda,2.40,0.00,0.01,0,0
vda,12.60,0.00,0.05,0,0
vda,53.60,0.00,0.21,0,1
vda,5.60,0.00,0.05,0,0
vda,3.80,0.00,0.01,0,0
vda,2.40,0.00,0.01,0,0
vda,10.20,0.00,0.05,0,0
vda,3.60,0.00,0.01,0,0
vda,74.40,0.14,0.21,0,1
vda,4.60,0.00,0.02,0,0
vda,1.60,0.00,0.01,0,0
vda,56.60,0.00,0.23,0,1
vda,0.00,0.00,0.00,0,0
vda,6.80,0.00,0.06,0,0
vda,4.00,0.00,0.02,0,0
vda,1.40,0.00,0.01,0,0
vda,73.60,0.00,0.30,0,1
vda,0.20,0.00,0.00,0,0
vda,3.40,0.07,0.01,0,0
vda,4.80,0.00,0.02,0,0
vda,58.80,0.00,0.33,0,1
vda,1.60,0.00,0.01,0,0
vda,0.60,0.00,0.00,0,0
vda,47.40,0.00,0.19,0,0
vda,1.20,0.00,0.00,0,0
vda,0.80,0.00,0.00,0,0
vda,59.00,0.00,0.23,0,1
vda,1.20,0.00,0.00,0,0
