3810566.9333,73398.666667,3988.8
3810566.9333,73398.666667,3988.8
3804756.0,72260.0,6072.0
2719700.0,261181.6,6139.2
2642196.0,274676.0,6144.0
2642196.0,274676.0,6144.0
2560462.1333,279652.53333,6412.8
2554624.0,280008.0,6432.0
2520456.5333,280014.93333,6473.6
2515200.0,280016.0,6480.0
2515200.0,280016.0,6480.0
2516773.8667,280074.93333,6528.5333333
2517016.0,280084.0,6536.0
2517016.0,280084.0,6536.0
2517016.0,280084.0,6536.0
2517016.0,280084.0,6536.0
2516710.1333,280145.86667,6543.7333333
2512428.0,281012.0,6652.0
2512428.0,281012.0,6652.0
2510540.0,281416.0,6708.0
2510540.0,281416.0,6708.0
2510540.0,281416.0,6708.0
2506444.5333,285201.6,6905.8666667
2506152.0,285472.0,6920.0
2502825.6,285628.8,6979.7333333
2502588.0,285640.0,6984.0
2502588.0,285640.0,6984.0
2501356.0,286020.0,7444.0
2501356.0,286020.0,7444.0
2501356.0,286020.0,7444.0
2501356.0,286020.0,7444.0
2501356.0,286020.0,7444.0
3460561.8667,281048.8,7541.0666667
