7950488.0,79592.0,3380.0
7442353.3333,186800.0,3613.3333333
6426084.0,401216.0,4080.0
6426084.0,401216.0,4080.0
6194525.6,436662.4,4102.4
5847188.0,489832.0,4136.0
5847188.0,489832.0,4136.0
5847188.0,489832.0,4136.0
5847188.0,489832.0,4136.0
5847188.0,489832.0,4136.0
5847188.0,489832.0,4136.0
5847188.0,489832.0,4136.0
5847188.0,489832.0,4136.0
5847188.0,489832.0,4136.0
5847188.0,489832.0,4136.0
5847188.0,489832.0,4136.0
5846827.7333,489833.86667,4251.7333333
5752005.6,489845.33333,4413.8666667
5644108.0,489856.0,4448.0
5644108.0,489856.0,4448.0
5644108.0,489856.0,4448.0
5644108.0,489856.0,4448.0
5644108.0,489856.0,4448.0
5643282.4,489856.0,4499.2
5642044.0,489856.0,4576.0
5642044.0,489856.0,4576.0
5642044.0,489856.0,4576.0
5642044.0,489856.0,4576.0
5642044.0,489856.0,4576.0
5642044.0,489856.0,4576.0
5642044.0,489856.0,4576.0
5636447.7333,489954.93333,4658.1333333
5630052.0,490068.0,4752.0
5628631.4667,490068.0,4781.8666667
5627008.0,490068.0,4816.0
5627008.0,490068.0,4816.0
5627008.0,490068.0,4816.0
5627008.0,490068.0,4816.0
5627008.0,490068.0,4816.0
5626634.6667,490079.2,4864.5333333
5626208.0,490092.0,4920.0
5626208.0,490092.0,4920.0
5626208.0,490092.0,4920.0
5626208.0,490092.0,4920.0
5626208.0,490092.0,4920.0
5626208.0,490092.0,4920.0
5626208.0,490092.0,4920.0
5626208.0,490092.0,4920.0
5626208.0,490092.0,4920.0
5626208.0,490092.0,4920.0
5626208.0,490092.0,4920.0
5626456.0,490129.33333,5000.0
5626356.8,490210.4,5182.4
5625464.0,490220.0,5216.0
5625464.0,490220.0,5216.0
5625464.0,490220.0,5216.0
5625464.0,490220.0,5216.0
5622188.0,490221.33333,5256.0
5615636.0,490224.0,5336.0
5615636.0,490224.0,5336.0
5614991.2,490257.6,5355.2
5614024.0,490308.0,5384.0
5614024.0,490308.0,5384.0
5614024.0,490308.0,5384.0
5614024.0,490308.0,5384.0
5614024.0,490308.0,5384.0
5614024.0,490308.0,5384.0
5614024.0,490308.0,5384.0
5614024.0,490308.0,5384.0
5614024.0,490308.0,5384.0
5614024.0,490308.0,5384.0
5614024.0,490308.0,5384.0
5613829.8667,490369.6,5494.1333333
5613608.0,490440.0,5620.0
5613608.0,490440.0,5620.0
5613608.0,490440.0,5620.0
5613608.0,490440.0,5620.0
5613608.0,490440.0,5620.0
5613608.0,490440.0,5620.0
5613608.0,490440.0,5620.0
5613608.0,490440.0,5620.0
5613608.0,490440.0,5620.0
5613608.0,490440.0,5620.0
5613608.0,490440.0,5620.0
5612866.9333,490453.06667,5758.1333333
5612020.0,490468.0,5916.0
5612020.0,490468.0,5916.0
5611029.6,491370.4,6087.2
5609544.0,492724.0,6344.0
5609544.0,492724.0,6344.0
5609544.0,492724.0,6344.0
5609544.0,492724.0,6344.0
5609544.0,492724.0,6344.0
5609544.0,492724.0,6344.0
5609544.0,492724.0,6344.0
5609544.0,492724.0,6344.0
5609544.0,492724.0,6344.0
5609162.1333,492764.53333,6401.6
5608112.0,492876.0,6560.0
5608112.0,492876.0,6560.0
5608534.4,492876.0,6572.8
5609696.0,492876.0,6608.0
5609696.0,492876.0,6608.0
5609696.0,492876.0,6608.0
5609696.0,492876.0,6608.0
5609696.0,492876.0,6608.0
5609696.0,492876.0,6608.0
5609696.0,492876.0,6608.0
5607905.6,492908.0,6678.4
5605220.0,492956.0,6784.0
5605220.0,492956.0,6784.0
5605220.0,492956.0,6784.0
5605220.0,492956.0,6784.0
5604388.0,492960.8,6822.4
5603140.0,492968.0,6880.0
5603140.0,492968.0,6880.0
5603605.3333,492969.33333,6898.6666667
5604536.0,492972.0,6936.0
5604536.0,492972.0,6936.0
5604536.0,492972.0,6936.0
5604536.0,492972.0,6936.0
5604536.0,492972.0,6936.0
5604536.0,492972.0,6936.0
5604536.0,492972.0,6936.0
5604536.0,492972.0,6936.0
5604536.0,492972.0,6936.0
5604536.0,492972.0,6936.0
5604536.0,492972.0,6936.0
5603961.6,492986.4,7019.2
5603100.0,493008.0,7144.0
5603100.0,493008.0,7144.0
5603100.0,493008.0,7144.0
5603100.0,493008.0,7144.0
5603100.0,493008.0,7144.0
5603100.0,493008.0,7144.0
6248613.3333,490844.0,7216.0
