7951576.0,75820.0,2032.0
7951576.0,75820.0,2032.0
7487066.9333,151875.2,3709.8666667
7415604.0,163576.0,3968.0
7413645.3333,163621.06667,4023.4666667
7413344.0,163628.0,4032.0
7413344.0,163628.0,4032.0
7411865.6,163631.73333,4076.8
7411760.0,163632.0,4080.0
7411760.0,163632.0,4080.0
7411760.0,163632.0,4080.0
7411760.0,163632.0,4080.0
7361618.1333,163645.86667,4184.0
7353904.0,163648.0,4200.0
7353904.0,163648.0,4200.0
7314280.0,163908.0,5024.0
7314280.0,163908.0,5024.0
7314199.4667,163913.33333,5028.2666667
7313072.0,163988.0,5088.0
7313072.0,163988.0,5088.0
7313072.0,163988.0,5088.0
7313072.0,163988.0,5088.0
7313072.0,163988.0,5088.0
7313072.0,163988.0,5088.0
7313072.0,163988.0,5088.0
7313072.0,163988.0,5088.0
7310977.6,163991.73333,5259.7333333
7310828.0,163992.0,5272.0
7309772.0,164000.0,5336.0
7309772.0,164000.0,5336.0
7309678.9333,164056.53333,5350.6666667
7308376.0,164848.0,5556.0
7308376.0,164848.0,5556.0
7308376.0,164848.0,5556.0
7308376.0,164848.0,5556.0
7308376.0,164848.0,5556.0
7308376.0,164848.0,5556.0
7308376.0,164848.0,5556.0
7302033.6,164849.6,5567.7333333
7213240.0,164872.0,5732.0
7213240.0,164872.0,5732.0
7213240.0,164872.0,5732.0
7213240.0,164872.0,5732.0
7213240.0,164872.0,5732.0
7134592.0,164884.0,5852.0
7134592.0,164884.0,5852.0
7134592.0,164884.0,5852.0
7134592.0,164884.0,5852.0
7134592.0,164884.0,5852.0
