vda,78.00,0.49,0.01,2,0
vda,38.60,0.12,0.11,0,0
vda,37.60,0.06,0.09,0,0
vda,35.60,0.00,0.14,0,0
vda,10.00,0.00,0.04,0,0
vda,0.60,0.00,0.00,0,0
vda,64.80,1.57,0.11,7,0
vda,60.60,1.45,0.04,7,0
vda,47.20,0.79,0.01,3,0
vda,60.60,1.12,0.13,5,0
vda,34.40,0.78,0.04,3,0
vda,43.60,1.58,0.90,7,4
vda,43.60,2.57,0.55,12,2
vda,29.80,3.48,0.01,17,0
vda,37.60,4.70,0.00,23,0
vda,45.40,2.25,0.12,11,0
vda,3.60,0.26,0.00,1,0
vda,36.60,0.00,0.15,0,0
vda,2.00,0.00,0.01,0,0
vda,27.80,0.00,0.12,0,0
vda,5.80,0.00,0.02,0,0
vda,28.20,0.00,0.12,0,0
vda,7.60,0.00,0.03,0,0
vda,34.40,0.00,0.14,0,0
vda,2.20,0.00,0.01,0,0
vda,7.80,0.00,0.04,0,0
vda,39.40,0.00,0.16,0,0
vda,15.20,0.00,0.06,0,0
vda,8.20,0.00,0.04,0,0
vda,4.80,0.00,0.02,0,0
vda,32.60,0.00,0.14,0,0
vda,11.20,0.00,0.04,0,0
vda,0.00,0.00,0.00,0,0
vda,27.80,0.00,0.12,0,0
vda,9.60,0.00,0.04,0,0
vda,30.00,0.00,0.12,0,0
vda,2.20,0.00,0.01,0,0
vda,19.20,0.00,0.08,0,0
vda,2.40,0.00,0.01,0,0
vda,35.20,0.00,0.15,0,0
vda,22.00,0.00,0.09,0,0
vda,28.40,0.00,0.12,0,0
vda,2.20,0.00,0.01,0,0
vda,12.80,0.00,0.05,0,0
vda,1.20,0.00,0.00,0,0
vda,11.06,0.00,0.05,0,0
vda,6.60,0.00,0.03,0,0
vda,0.00,0.00,0.00,0,0
vda,35.00,0.00,0.15,0,0
vda,8.80,0.00,0.04,0,0
vda,32.00,0.00,0.13,0,0
vda,5.00,0.00,0.02,0,0
vda,18.00,0.00,0.07,0,0
vda,31.00,0.00,0.13,0,0
vda,5.20,0.00,0.02,0,0
vda,1.80,0.00,0.01,0,0
vda,9.80,0.00,0.04,0,0
vda,33.80,0.00,0.14,0,0
vda,2.00,0.00,0.01,0,0
vda,1.00,0.00,0.00,0,0
vda,35.20,0.00,0.15,0,0
vda,38.00,0.00,0.15,0,0
vda,17.40,0.00,0.07,0,0
vda,0.60,0.00,0.00,0,0
vda,29.80,0.00,0.12,0,0
vda,23.00,0.00,0.10,0,0
vda,0.20,0.00,0.00,0,0
vda,37.20,0.00,0.15,0,0
vda,1.20,0.00,0.00,0,0
vda,0.00,0.00,0.00,0,0
vda,34.20,0.00,0.14,0,0
vda,3.80,0.00,0.02,0,0
vda,1.20,0.00,0.00,0,0
vda,41.60,0.00,0.16,0,0
vda,20.80,0.00,0.09,0,0
vda,13.60,0.00,0.06,0,0
vda,2.20,0.00,0.01,0,0
vda,26.80,0.00,0.11,0,0
vda,0.80,0.00,0.00,0,0
vda,14.40,0.00,0.06,0,0
vda,23.80,0.00,0.10,0,0
vda,12.80,0.00,0.05,0,0
vda,4.20,0.00,0.02,0,0
vda,50.00,0.11,0.17,0,0
vda,20.20,0.07,0.01,0,0
vda,1.60,0.00,0.01,0,0
vda,1.00,0.00,0.00,0,0
vda,1.40,0.00,0.01,0,0
vda,7.40,0.00,0.03,0,0
vda,34.20,0.00,0.13,0,0
vda,7.00,0.00,0.03,0,0
vda,38.80,0.00,0.16,0,0
vda,0.20,0.00,0.00,0,0
vda,27.60,0.00,0.12,0,0
vda,31.80,0.00,0.13,0,0
vda,45.40,0.47,0.05,2,0
vda,39.00,0.00,0.19,0,0
vda,35.20,0.00,0.14,0,0
vda,1.00,0.00,0.00,0,0
