16224996.0,42140.0,2720.0
16208241.6,53614.4,3351.2
16197072.0,61264.0,3772.0
15690972.0,116917.6,3896.8
15353572.0,154020.0,3980.0
15353572.0,154020.0,3980.0
15351954.933,154024.26667,4009.8666667
15350540.0,154028.0,4036.0
15350540.0,154028.0,4036.0
15349629.067,154030.13333,4074.4
15348832.0,154032.0,4108.0
15343825.067,154032.0,4142.1333333
15339444.0,154032.0,4172.0
15339444.0,154032.0,4172.0
15338887.2,154032.0,4197.6
15338400.0,154032.0,4220.0
15338400.0,154032.0,4220.0
15338400.0,154032.0,4220.0
15338400.0,154032.0,4220.0
15338400.0,154032.0,4220.0
15338400.0,154032.0,4220.0
15338400.0,154032.0,4220.0
15282602.667,154038.4,4309.6
15233780.0,154044.0,4388.0
15233780.0,154044.0,4388.0
15196084.0,154046.13333,4417.8666667
15163100.0,154048.0,4444.0
15162445.067,154468.26667,4554.9333333
15161872.0,154836.0,4652.0
15161872.0,154836.0,4652.0
15735008.8,150904.8,4695.2
