7546082.4,409455.2,3701.6
7789244.0,118908.0,3052.0
7789244.0,118908.0,3052.0
6529073.3333,386472.8,3596.0
5426424.0,620592.0,4072.0
4932270.4,712779.2,4097.6
4191040.0,851060.0,4136.0
4191040.0,851060.0,4136.0
4190590.4,851064.8,4158.4
4189916.0,851072.0,4192.0
4189916.0,851072.0,4192.0
4187685.6,851072.0,4217.6
4184340.0,851072.0,4256.0
4184340.0,851072.0,4256.0
4184340.0,851072.0,4256.0
4184340.0,851072.0,4256.0
4183686.6667,851074.66667,4298.6666667
4182380.0,851080.0,4384.0
4182380.0,851080.0,4384.0
4182380.0,851080.0,4384.0
4182380.0,851080.0,4384.0
4181270.6667,851106.66667,4424.0
4179052.0,851160.0,4504.0
4179052.0,851160.0,4504.0
4179052.0,851160.0,4504.0
4179052.0,851160.0,4504.0
4179052.0,851160.0,4504.0
4179052.0,851160.0,4504.0
4179052.0,851160.0,4504.0
4178070.6667,851305.33333,4617.3333333
4176108.0,851596.0,4844.0
4176108.0,851596.0,4844.0
4176108.0,851596.0,4844.0
4176108.0,851596.0,4844.0
4176108.0,851596.0,4844.0
4176108.0,851596.0,4844.0
4176108.0,851596.0,4844.0
4175792.2667,851697.33333,4893.0666667
4174924.0,851976.0,5028.0
4174924.0,851976.0,5028.0
4174015.2,851974.93333,5042.9333333
4171516.0,851972.0,5084.0
4171516.0,851972.0,5084.0
4171516.0,851972.0,5084.0
4171516.0,851972.0,5084.0
4171516.0,851972.0,5084.0
4171516.0,851972.0,5084.0
4171516.0,851972.0,5084.0
4171516.0,851972.0,5084.0
4171516.0,851972.0,5084.0
4171516.0,851972.0,5084.0
4171042.4,851977.86667,5117.0666667
4167964.0,852016.0,5332.0
4167889.8667,852020.8,5336.8
4166852.0,852088.0,5404.0
4166852.0,852088.0,5404.0
4166852.0,852088.0,5404.0
4166852.0,852088.0,5404.0
4166852.0,852088.0,5404.0
4166852.0,852088.0,5404.0
4166852.0,852088.0,5404.0
4367732.2667,851650.4,5416.2666667
7180056.0,845524.0,5588.0
