vda,83.80,0.33,0.00,1,0
vda,3.60,0.00,0.01,0,0
vda,1.20,0.00,0.00,0,0
vda,0.20,0.00,0.00,0,0
vda,2.20,0.00,0.01,0,0
vda,9.40,0.00,0.05,0,0
vda,364.80,13.37,0.29,66,1
vda,93.40,11.63,0.00,58,0
vda,101.00,12.47,0.00,62,0
vda,129.20,8.14,1.32,40,6
vda,52.00,0.09,0.20,0,1
vda,1.80,0.00,0.01,0,0
vda,0.40,0.00,0.00,0,0
vda,16.20,0.08,0.01,0,0
vda,1.80,0.02,0.00,0,0
vda,76.80,0.00,0.32,0,1
vda,2.40,0.00,0.01,0,0
vda,1.20,0.00,0.00,0,0
vda,46.20,0.00,0.19,0,0
vda,2.00,0.05,0.01,0,0
vda,4.40,0.15,0.01,0,0
vda,21.60,0.00,0.09,0,0
vda,44.20,0.00,0.19,0,0
vda,1.40,0.00,0.01,0,0
vda,57.80,0.88,0.00,4,0
vda,102.00,0.00,0.41,0,2
vda,1.80,0.00,0.01,0,0
vda,2.40,0.00,0.01,0,0
vda,46.80,0.06,0.20,0,0
vda,1.60,0.00,0.01,0,0
vda,0.00,0.00,0.00,0,0
vda,54.20,0.00,0.23,0,1
vda,1.60,0.00,0.01,0,0
vda,2.00,0.00,0.01,0,0
vda,45.40,0.00,0.19,0,0
vda,1.80,0.00,0.01,0,0
vda,2.20,0.00,0.01,0,0
vda,77.00,0.00,0.32,0,1
vda,1.60,0.00,0.01,0,0
vda,9.00,0.00,0.04,0,0
vda,44.80,0.00,0.19,0,0
vda,1.40,0.00,0.01,0,0
vda,2.00,0.00,0.01,0,0
vda,45.40,0.00,0.19,0,0
vda,1.40,0.00,0.01,0,0
vda,2.00,0.00,0.01,0,0
vda,45.60,0.00,0.19,0,0
vda,3.79,0.07,0.01,0,0
vda,2.60,0.00,0.01,0,0
vda,0.00,0.00,0.00,0,0
vda,1.40,0.00,0.00,0,0
vda,163.60,2.12,0.06,10,0
vda,9.60,0.57,0.02,2,0
vda,27.80,0.00,0.12,0,0
vda,52.40,0.00,0.21,0,1
vda,0.00,0.00,0.00,0,0
vda,1.60,0.00,0.00,0,0
vda,47.60,0.00,0.20,0,0
vda,5.00,0.01,0.02,0,0
vda,1.80,0.00,0.01,0,0
vda,2.20,0.00,0.01,0,0
vda,0.00,0.00,0.00,0,0
vda,1.40,0.00,0.00,0,0
vda,2.40,0.00,0.01,0,0
vda,27.00,0.00,0.12,0,0
vda,1.60,0.00,0.01,0,0
vda,52.20,0.00,0.21,0,1
vda,1.40,0.00,0.01,0,0
vda,3.40,0.07,0.01,0,0
vda,3.20,0.00,0.01,0,0
vda,0.00,0.00,0.00,0,0
vda,13.60,0.00,0.06,0,0
vda,2.00,0.00,0.01,0,0
vda,1.20,0.00,0.00,0,0
vda,1.20,0.00,0.00,0,0
vda,59.60,0.00,0.24,0,1
vda,1.20,0.03,0.00,0,0
vda,2.80,0.03,0.01,0,0
vda,20.00,0.00,0.08,0,0
vda,0.00,0.00,0.00,0,0
vda,1.20,0.00,0.00,0,0
vda,2.60,0.00,0.01,0,0
vda,0.80,0.00,0.00,0,0
vda,9.00,0.00,0.04,0,0
vda,52.20,0.00,0.21,0,1
vda,1.80,0.00,0.01,0,0
vda,18.20,0.00,0.07,0,0
vda,5.20,0.07,0.02,0,0
vda,1.60,0.00,0.01,0,0
vda,0.00,0.00,0.00,0,0
vda,2.20,0.00,0.01,0,0
vda,0.60,0.00,0.00,0,0
vda,7.00,0.00,0.03,0,0
vda,52.60,0.00,0.21,0,1
vda,0.80,0.00,0.00,0,0
vda,1.20,0.00,0.00,0,0
vda,2.20,0.00,0.01,0,0
vda,4.40,0.04,0.88,0,4
vda,2.40,0.00,0.01,0,0
vda,1.60,0.00,0.01,0,0
