3745190.4,84272.0,3284.0
3677896.0,104240.0,3268.0
3357716.8,156245.6,3863.2
3144264.0,190916.0,4260.0
3144264.0,190916.0,4260.0
3144264.0,190916.0,4260.0
3144264.0,190916.0,4260.0
3144264.0,190916.0,4260.0
3079683.7333,190986.4,4328.2666667
3023176.0,191048.0,4388.0
3021744.5333,191278.4,4626.9333333
3020492.0,191480.0,4836.0
3020492.0,191480.0,4836.0
3020492.0,191480.0,4836.0
3020492.0,191480.0,4836.0
3020492.0,191480.0,4836.0
3020492.0,191480.0,4836.0
3020492.0,191480.0,4836.0
3020492.0,191480.0,4836.0
3020492.0,191480.0,4836.0
3020492.0,191480.0,4836.0
3020492.0,191480.0,4836.0
3020763.2,191768.0,4984.8
3020944.0,191960.0,5084.0
3020944.0,191960.0,5084.0
3020944.0,191960.0,5084.0
3020944.0,191960.0,5084.0
3020944.0,191960.0,5084.0
3020944.0,191960.0,5084.0
3020944.0,191960.0,5084.0
3020944.0,191960.0,5084.0
3020944.0,191960.0,5084.0
3020944.0,191960.0,5084.0
3020944.0,191960.0,5084.0
3021033.6,191974.93333,5258.9333333
3021112.0,191988.0,5412.0
3021112.0,191988.0,5412.0
3021112.0,191988.0,5412.0
3021112.0,191988.0,5412.0
3021112.0,191988.0,5412.0
3014035.7333,191992.26667,5467.4666667
3007844.0,191996.0,5516.0
3007844.0,191996.0,5516.0
3007844.0,191996.0,5516.0
3007844.0,191996.0,5516.0
3007844.0,191996.0,5516.0
3007844.0,191996.0,5516.0
3007844.0,191996.0,5516.0
3007844.0,191996.0,5516.0
3007844.0,191996.0,5516.0
3007844.0,191996.0,5516.0
3007545.3333,192021.33333,5590.6666667
3006948.0,192072.0,5740.0
3005588.0,192074.13333,5757.0666667
3001848.0,192080.0,5804.0
3001848.0,192080.0,5804.0
3001848.0,192080.0,5804.0
3001848.0,192080.0,5804.0
3001848.0,192080.0,5804.0
3001848.0,192080.0,5804.0
3001848.0,192080.0,5804.0
3001848.0,192080.0,5804.0
3001848.0,192080.0,5804.0
3191437.3333,190355.2,5859.4666667
3712808.0,185612.0,6012.0
3712808.0,185612.0,6012.0
