7771438.6667,104853.33333,2637.3333333
7411204.0,164208.0,4176.0
7411204.0,164208.0,4176.0
7411204.0,164208.0,4176.0
7411204.0,164208.0,4176.0
7411204.0,164208.0,4176.0
7411204.0,164208.0,4176.0
7411204.0,164208.0,4176.0
7399288.8,164251.2,4252.8
7381416.0,164316.0,4368.0
7381416.0,164316.0,4368.0
7381416.0,164316.0,4368.0
7381416.0,164316.0,4368.0
7381416.0,164316.0,4368.0
7345059.7333,164322.4,4436.2666667
7313248.0,164328.0,4496.0
7313248.0,164328.0,4496.0
7313248.0,164328.0,4496.0
7313248.0,164328.0,4496.0
7313248.0,164328.0,4496.0
7313248.0,164328.0,4496.0
7313248.0,164328.0,4496.0
7313248.0,164328.0,4496.0
7313248.0,164328.0,4496.0
7313248.0,164328.0,4496.0
7311005.8667,164338.66667,4619.7333333
7309044.0,164348.0,4728.0
7309044.0,164348.0,4728.0
7309044.0,164348.0,4728.0
7309044.0,164348.0,4728.0
7301174.6667,164353.33333,4818.6666667
7297240.0,164356.0,4864.0
7297240.0,164356.0,4864.0
7297240.0,164356.0,4864.0
7297240.0,164356.0,4864.0
7216092.2667,164405.86667,4963.7333333
7186584.0,164424.0,5000.0
7186584.0,164424.0,5000.0
7594010.4,160502.4,5033.6
