vda,19.80,0.08,0.00,0,0
vda,44.20,0.16,0.01,0,0
vda,13.20,0.04,0.01,0,0
vda,72.00,0.53,0.01,2,0
vda,0.00,0.00,0.00,0,0
vda,4.40,0.00,0.02,0,0
vda,108.40,3.14,0.06,15,0
vda,126.40,2.41,0.20,12,1
vda,101.80,11.17,0.00,55,0
vda,109.40,13.53,0.00,67,0
vda,64.80,8.10,0.00,40,0
vda,32.40,3.78,0.01,18,0
vda,101.40,11.92,0.03,59,0
vda,99.60,10.63,1.33,53,6
vda,86.60,10.35,0.01,51,0
vda,113.40,14.05,0.00,70,0
vda,48.00,5.73,0.01,28,0
vda,127.80,11.72,0.14,58,0
vda,109.40,12.68,0.03,63,0
vda,119.20,14.57,0.02,72,0
vda,121.00,14.80,0.01,74,0
vda,111.00,11.62,0.07,58,0
vda,78.40,6.80,0.10,34,0
vda,5.00,0.00,0.02,0,0
vda,111.20,13.73,0.01,68,0
vda,112.60,10.00,0.14,50,0
vda,103.40,11.60,0.05,58,0
vda,120.20,14.90,0.00,74,0
vda,91.20,7.33,0.14,36,0
vda,22.40,0.00,0.09,0,0
vda,2.40,0.00,0.01,0,0
vda,1.00,0.00,0.00,0,0
vda,34.40,0.00,0.15,0,0
vda,3.60,0.00,0.01,0,0
vda,3.20,0.00,0.01,0,0
vda,0.20,0.00,0.00,0,0
vda,1.40,0.00,0.01,0,0
vda,0.80,0.00,0.00,0,0
vda,2.20,0.00,0.01,0,0
vda,19.40,0.00,0.08,0,0
vda,0.60,0.00,0.00,0,0
vda,41.80,0.00,0.17,0,0
vda,1.20,0.00,0.00,0,0
vda,0.80,0.00,0.00,0,0
vda,37.60,0.00,0.16,0,0
vda,0.00,0.00,0.00,0,0
vda,1.40,0.00,0.01,0,0
vda,27.80,0.00,0.12,0,0
vda,16.00,0.00,0.06,0,0
vda,0.60,0.00,0.00,0,0
vda,40.20,0.00,0.17,0,0
vda,14.40,0.00,0.06,0,0
vda,0.60,0.00,0.00,0,0
vda,2.00,0.00,0.01,0,0
vda,1.00,0.00,0.00,0,0
vda,2.00,0.00,0.01,0,0
vda,2.40,0.00,0.01,0,0
vda,12.80,0.00,0.05,0,0
vda,23.60,0.00,0.10,0,0
vda,2.00,0.00,0.01,0,0
vda,0.00,0.00,0.00,0,0
vda,27.20,0.00,0.11,0,0
vda,22.00,0.00,0.09,0,0
vda,0.60,0.00,0.00,0,0
vda,1.20,0.00,0.00,0,0
vda,3.40,0.00,0.01,0,0
vda,41.20,0.00,0.17,0,0
vda,12.40,0.00,0.05,0,0
vda,2.20,0.00,0.01,0,0
vda,0.00,0.00,0.00,0,0
vda,35.20,0.00,0.14,0,0
vda,2.20,0.00,0.01,0,0
vda,0.60,0.00,0.00,0,0
vda,33.40,0.00,0.14,0,0
vda,20.80,0.00,0.08,0,0
vda,0.60,0.00,0.00,0,0
vda,4.20,0.01,0.01,0,0
vda,1.40,0.00,0.01,0,0
vda,0.00,0.00,0.00,0,0
vda,1.40,0.00,0.01,0,0
vda,3.60,0.00,0.02,0,0
vda,11.40,0.00,0.05,0,0
vda,29.00,0.00,0.12,0,0
vda,3.20,0.00,0.01,0,0
vda,0.00,0.00,0.00,0,0
vda,4.20,0.00,0.02,0,0
vda,1.40,0.00,0.01,0,0
vda,1.80,0.00,0.01,0,0
vda,20.00,0.00,0.08,0,0
vda,6.20,0.00,0.03,0,0
vda,0.80,0.00,0.00,0,0
vda,35.00,0.00,0.14,0,0
vda,2.20,0.00,0.01,0,0
vda,0.60,0.00,0.00,0,0
vda,2.60,0.00,0.01,0,0
vda,4.20,0.00,0.02,0,0
vda,10.80,0.00,0.04,0,0
vda,32.20,0.18,0.02,0,0
vda,1.80,0.00,0.01,0,0
vda,0.00,0.00,0.00,0,0
vda,33.40,0.00,0.14,0,0
vda,25.00,0.00,0.10,0,0
vda,1.00,0.00,0.00,0,0
vda,17.00,0.00,0.07,0,0
vda,15.00,0.00,0.06,0,0
vda,0.00,0.00,0.00,0,0
vda,0.80,0.00,0.00,0,0
vda,2.00,0.00,0.01,0,0
vda,1.20,0.00,0.00,0,0
vda,0.80,0.00,0.00,0,0
vda,41.80,0.00,0.17,0,0
vda,19.20,0.00,0.08,0,0
vda,1.00,0.00,0.00,0,0
vda,2.00,0.00,0.01,0,0
vda,3.00,0.00,0.01,0,0
vda,2.00,0.00,0.01,0,0
vda,2.60,0.00,0.01,0,0
vda,0.00,0.00,0.00,0,0
vda,13.20,0.00,0.06,0,0
vda,23.80,0.00,0.10,0,0
vda,6.80,0.00,0.03,0,0
vda,1.60,0.00,0.00,0,0
vda,2.60,0.00,0.01,0,0
vda,0.80,0.00,0.00,0,0
vda,3.80,0.00,0.01,0,0
vda,17.60,0.00,0.07,0,0
vda,1.00,0.00,0.00,0,0
vda,1.00,0.00,0.00,0,0
vda,36.00,0.00,0.14,0,0
vda,0.20,0.00,0.00,0,0
vda,1.00,0.00,0.00,0,0
vda,8.20,0.00,0.03,0,0
vda,1.60,0.00,0.01,0,0
vda,11.80,0.00,0.05,0,0
vda,2.40,0.00,0.01,0,0
vda,2.60,0.00,0.01,0,0
vda,1.20,0.00,0.00,0,0
vda,35.40,0.00,0.14,0,0
vda,0.00,0.00,0.00,0,0
vda,2.20,0.00,0.01,0,0
vda,19.00,0.00,0.08,0,0
vda,6.80,0.00,0.03,0,0
vda,1.20,0.00,0.00,0,0
vda,2.40,0.00,0.01,0,0
vda,2.80,0.00,0.01,0,0
vda,9.20,0.00,0.04,0,0
vda,35.40,0.00,0.15,0,0
vda,0.80,0.00,0.00,0,0
vda,17.60,0.00,0.07,0,0
vda,2.00,0.00,0.01,0,0
vda,0.80,0.00,0.00,0,0
vda,1.00,0.00,0.00,0,0
vda,2.40,0.00,0.01,0,0
vda,1.40,0.00,0.01,0,0
vda,1.00,0.00,0.00,0,0
vda,36.20,0.00,0.15,0,0
vda,1.40,0.00,0.01,0,0
vda,0.20,0.00,0.00,0,0
vda,2.40,0.00,0.01,0,0
vda,1.20,0.00,0.00,0,0
vda,1.40,0.00,0.01,0,0
vda,8.00,0.00,0.03,0,0
vda,17.20,0.00,0.07,0,0
vda,1.20,0.00,0.00,0,0
vda,35.40,0.00,0.14,0,0
vda,3.80,0.00,0.01,0,0
vda,1.20,0.00,0.00,0,0
vda,2.80,0.00,0.01,0,0
vda,0.00,0.00,0.00,0,0
vda,1.00,0.00,0.00,0,0
vda,19.60,0.00,0.08,0,0
vda,6.40,0.00,0.03,0,0
vda,1.60,0.00,0.01,0,0
vda,35.40,0.00,0.14,0,0
vda,1.20,0.00,0.01,0,0
vda,3.40,0.00,0.01,0,0
vda,0.40,0.00,0.00,0,0
vda,13.40,0.00,0.05,0,0
vda,1.20,0.00,0.00,0,0
vda,2.00,0.00,0.01,0,0
vda,0.00,0.00,0.00,0,0
vda,2.80,0.00,0.01,0,0
vda,42.40,0.00,0.17,0,0
vda,0.00,0.00,0.00,0,0
vda,1.00,0.00,0.00,0,0
vda,20.00,0.00,0.08,0,0
vda,0.20,0.00,0.00,0,0
vda,1.40,0.00,0.01,0,0
vda,2.60,0.00,0.01,0,0
vda,1.20,0.00,0.01,0,0
vda,1.00,0.00,0.00,0,0
vda,22.80,0.00,0.09,0,0
vda,19.00,0.00,0.08,0,0
vda,1.00,0.00,0.00,0,0
vda,2.80,0.00,0.01,0,0
vda,1.80,0.00,0.01,0,0
vda,2.40,0.00,0.01,0,0
vda,2.00,0.00,0.01,0,0
vda,0.00,0.00,0.00,0,0
vda,1.40,0.00,0.01,0,0
vda,18.60,0.00,0.07,0,0
vda,41.60,0.00,0.17,0,0
vda,1.00,0.00,0.00,0,0
vda,2.00,0.00,0.01,0,0
vda,1.20,0.00,0.01,0,0
vda,2.40,0.00,0.01,0,0
vda,2.00,0.00,0.01,0,0
vda,19.00,0.00,0.08,0,0
vda,0.00,0.00,0.00,0,0
vda,1.00,0.00,0.00,0,0
vda,35.20,0.00,0.14,0,0
vda,8.20,0.00,0.04,0,0
vda,1.60,0.00,0.01,0,0
vda,2.20,0.00,0.01,0,0
vda,1.00,0.00,0.00,0,0
vda,15.40,0.00,0.06,0,0
vda,1.40,0.00,0.01,0,0
vda,1.40,0.00,0.01,0,0
vda,49.40,0.00,0.19,0,0
vda,1.20,0.00,0.00,0,0
vda,0.20,0.00,0.00,0,0
vda,11.00,0.00,0.05,0,0
vda,24.80,0.00,0.10,0,0
vda,0.60,0.00,0.00,0,0
vda,4.40,0.00,0.02,0,0
vda,4.80,0.00,0.02,0,0
vda,0.00,0.00,0.00,0,0
vda,23.20,0.00,0.09,0,0
vda,2.00,0.00,0.01,0,0
vda,17.20,0.00,0.07,0,0
vda,7.40,0.00,0.03,0,0
vda,2.00,0.00,0.01,0,0
vda,1.00,0.00,0.00,0,0
vda,4.60,0.00,0.02,0,0
vda,1.80,0.00,0.01,0,0
vda,1.40,0.00,0.01,0,0
vda,36.20,0.00,0.14,0,0
vda,11.00,0.00,0.04,0,0
vda,1.00,0.00,0.00,0,0
vda,7.00,0.00,0.03,0,0
vda,3.40,0.00,0.02,0,0
vda,1.20,0.00,0.00,0,0
vda,5.20,0.00,0.02,0,0
vda,1.40,0.00,0.01,0,0
vda,0.00,0.00,0.00,0,0
vda,51.60,0.00,0.21,0,1
vda,1.80,0.00,0.01,0,0
vda,2.60,0.00,0.01,0,0
vda,8.80,0.00,0.04,0,0
vda,0.00,0.00,0.00,0,0
vda,1.40,0.00,0.01,0,0
vda,1.00,0.00,0.00,0,0
vda,12.80,0.00,0.05,0,0
vda,2.40,0.00,0.01,0,0
vda,15.60,0.00,0.06,0,0
vda,24.00,0.00,0.10,0,0
vda,0.00,0.00,0.00,0,0
vda,1.00,0.00,0.00,0,0
vda,2.00,0.00,0.01,0,0
vda,23.00,0.00,0.09,0,0
vda,1.40,0.00,0.00,0,0
vda,2.20,0.00,0.01,0,0
vda,2.20,0.00,0.01,0,0
vda,23.80,0.00,0.10,0,0
vda,3.00,0.00,0.01,0,0
vda,1.40,0.00,0.01,0,0
vda,0.20,0.00,0.00,0,0
vda,19.20,0.00,0.08,0,0
vda,1.20,0.00,0.00,0,0
vda,9.20,0.00,0.04,0,0
vda,0.00,0.00,0.00,0,0
vda,1.00,0.00,0.00,0,0
vda,1.00,0.00,0.00,0,0
vda,36.60,0.00,0.15,0,0
vda,2.00,0.00,0.01,0,0
vda,20.00,0.00,0.08,0,0
vda,1.60,0.00,0.01,0,0
vda,1.00,0.00,0.00,0,0
vda,2.80,0.00,0.01,0,0
vda,0.00,0.00,0.00,0,0
vda,1.40,0.00,0.01,0,0
vda,4.60,0.00,0.02,0,0
vda,34.40,0.00,0.14,0,0
vda,20.00,0.00,0.08,0,0
vda,1.00,0.00,0.00,0,0
vda,2.00,0.00,0.01,0,0
vda,0.40,0.00,0.00,0,0
vda,1.20,0.00,0.00,0,0
vda,7.80,0.00,0.03,0,0
vda,1.20,0.00,0.00,0,0
vda,19.00,0.00,0.07,0,0
vda,36.80,0.00,0.15,0,0
vda,3.00,0.00,0.01,0,0
vda,2.00,0.00,0.01,0,0
vda,2.00,0.00,0.01,0,0
vda,0.00,0.00,0.00,0,0
vda,1.00,0.00,0.00,0,0
vda,2.00,0.00,0.01,0,0
vda,19.60,0.00,0.09,0,0
vda,1.40,0.00,0.01,0,0
vda,23.80,0.00,0.10,0,0
vda,1.00,0.00,0.00,0,0
vda,3.80,0.00,0.01,0,0
vda,0.00,0.00,0.00,0,0
vda,1.60,0.00,0.01,0,0
vda,19.60,0.00,0.08,0,0
vda,2.00,0.00,0.01,0,0
vda,1.00,0.00,0.00,0,0
vda,2.00,0.00,0.01,0,0
vda,39.60,0.00,0.16,0,0
vda,1.20,0.00,0.00,0,0
vda,3.80,0.00,0.01,0,0
vda,1.20,0.00,0.01,0,0
vda,12.60,0.00,0.05,0,0
vda,1.00,0.00,0.00,0,0
vda,1.80,0.00,0.01,0,0
vda,1.00,0.00,0.00,0,0
vda,1.00,0.00,0.00,0,0
vda,42.20,0.00,0.17,0,0
vda,2.80,0.00,0.02,0,0
vda,17.80,0.00,0.07,0,0
vda,3.80,0.00,0.02,0,0
vda,1.00,0.00,0.00,0,0
vda,2.00,0.00,0.01,0,0
vda,0.00,0.00,0.00,0,0
vda,1.60,0.00,0.01,0,0
vda,36.00,0.00,0.14,0,0
vda,24.60,0.00,0.10,0,0
vda,1.20,0.00,0.00,0,0
vda,1.00,0.00,0.00,0,0
vda,2.00,0.00,0.01,0,0
vda,0.40,0.00,0.00,0,0
vda,3.20,0.00,0.01,0,0
vda,4.20,0.00,0.02,0,0
vda,0.80,0.00,0.00,0,0
vda,13.00,0.00,0.05,0,0
vda,22.00,0.00,0.09,0,0
vda,1.40,0.00,0.01,0,0
vda,12.20,0.00,0.05,0,0
vda,2.40,0.00,0.01,0,0
vda,3.00,0.00,0.02,0,0
vda,9.00,0.00,0.04,0,0
vda,22.60,0.00,0.09,0,0
vda,1.40,0.00,0.01,0,0
vda,1.60,0.00,0.01,0,0
vda,48.00,0.00,0.19,0,0
vda,1.00,0.00,0.00,0,0
vda,3.40,0.00,0.02,0,0
vda,2.20,0.00,0.01,0,0
vda,23.60,0.37,0.01,1,0
vda,13.40,0.00,0.05,0,0
vda,1.80,0.00,0.01,0,0
vda,1.60,0.00,0.01,0,0
vda,0.20,0.00,0.00,0,0
vda,37.20,0.00,0.15,0,0
vda,1.00,0.00,0.00,0,0
vda,16.00,0.00,0.07,0,0
vda,19.00,0.00,0.08,0,0
vda,0.60,0.00,0.00,0,0
vda,1.20,0.00,0.00,0,0
vda,3.60,0.00,0.01,0,0
vda,2.00,0.00,0.01,0,0
vda,1.60,0.00,0.01,0,0
vda,35.80,0.00,0.14,0,0
vda,17.60,0.00,0.07,0,0
vda,1.00,0.00,0.00,0,0
vda,8.00,0.00,0.03,0,0
vda,1.20,0.00,0.00,0,0
vda,1.20,0.00,0.00,0,0
vda,2.80,0.00,0.01,0,0
vda,0.00,0.00,0.00,0,0
vda,2.60,0.00,0.01,0,0
vda,35.40,0.00,0.14,0,0
vda,1.40,0.00,0.01,0,0
vda,28.40,0.00,0.12,0,0
vda,22.40,0.00,0.09,0,0
vda,1.00,0.00,0.00,0,0
vda,39.20,0.00,0.16,0,0
vda,3.60,0.00,0.01,0,0
vda,0.60,0.00,0.00,0,0
vda,27.00,0.00,0.11,0,0
vda,11.80,0.00,0.05,0,0
vda,1.40,0.00,0.01,0,0
vda,26.00,0.00,0.11,0,0
vda,16.40,0.00,0.07,0,0
vda,0.60,0.00,0.00,0,0
vda,38.20,0.00,0.16,0,0
vda,16.40,0.00,0.06,0,0
vda,0.60,0.00,0.00,0,0
vda,35.00,0.00,0.14,0,0
vda,2.20,0.00,0.01,0,0
vda,0.60,0.00,0.00,0,0
vda,43.20,0.00,0.18,0,0
vda,3.80,0.00,0.01,0,0
vda,1.00,0.00,0.00,0,0
vda,34.60,0.00,0.14,0,0
vda,2.20,0.00,0.01,0,0
vda,0.00,0.00,0.00,0,0
vda,40.20,0.00,0.16,0,0
vda,14.60,0.00,0.06,0,0
vda,0.60,0.00,0.00,0,0
vda,41.20,0.00,0.17,0,0
vda,5.00,0.00,0.02,0,0
vda,0.00,0.00,0.00,0,0
vda,27.00,0.00,0.11,0,0
vda,11.60,0.00,0.05,0,0
vda,0.00,0.00,0.00,0,0
vda,16.00,0.00,0.06,0,0
vda,21.20,0.00,0.09,0,0
vda,9.80,0.00,0.04,0,0
vda,25.60,0.00,0.10,0,0
vda,19.80,0.00,0.08,0,0
vda,8.80,0.00,0.03,0,0
vda,1.20,0.00,0.00,0,0
vda,2.00,0.00,0.01,0,0
vda,34.60,0.00,0.14,0,0
vda,1.20,0.00,0.00,0,0
vda,36.20,0.00,0.14,0,0
vda,0.00,0.00,0.00,0,0
vda,5.00,0.00,0.02,0,0
vda,0.00,0.00,0.00,0,0
vda,1.00,0.00,0.00,0,0
vda,1.20,0.00,0.00,0,0
vda,2.60,0.00,0.01,0,0
vda,1.40,0.00,0.01,0,0
vda,18.00,0.00,0.07,0,0
vda,41.60,0.00,0.17,0,0
vda,0.80,0.00,0.00,0,0
vda,1.00,0.00,0.00,0,0
vda,34.40,0.00,0.14,0,0
vda,4.80,0.00,0.02,0,0
vda,1.60,0.00,0.01,0,0
vda,38.40,0.00,0.16,0,0
vda,5.00,0.00,0.02,0,0
vda,1.00,0.00,0.00,0,0
vda,28.00,0.00,0.11,0,0
vda,25.80,0.00,0.10,0,0
vda,1.00,0.00,0.00,0,0
vda,36.60,0.00,0.15,0,0
vda,0.80,0.00,0.00,0,0
vda,3.80,0.00,0.01,0,0
vda,42.20,0.00,0.17,0,0
vda,0.00,0.00,0.00,0,0
vda,1.00,0.00,0.00,0,0
vda,37.40,0.00,0.15,0,0
vda,1.20,0.00,0.00,0,0
vda,0.20,0.00,0.00,0,0
vda,34.20,0.00,0.14,0,0
vda,20.60,0.00,0.08,0,0
vda,1.00,0.00,0.00,0,0
vda,35.40,0.00,0.14,0,0
vda,3.00,0.00,0.01,0,0
vda,38.00,0.00,0.16,0,0
vda,2.00,0.00,0.01,0,0
vda,0.00,0.00,0.00,0,0
vda,34.33,0.00,0.14,0,0
vda,3.80,0.00,0.01,0,0
vda,24.00,0.00,0.09,0,0
vda,56.00,0.00,0.23,0,1
vda,2.40,0.00,0.01,0,0
vda,1.40,0.00,0.01,0,0
vda,45.20,0.00,0.19,0,0
vda,1.40,0.00,0.01,0,0
vda,0.20,0.00,0.00,0,0
vda,31.20,0.00,0.13,0,0
vda,12.60,0.00,0.05,0,0
vda,0.00,0.00,0.00,0,0
vda,31.20,0.00,0.13,0,0
vda,1.20,0.00,0.00,0,0
vda,0.80,0.00,0.00,0,0
vda,41.60,0.00,0.17,0,0
vda,13.60,0.00,0.05,0,0
vda,2.20,0.00,0.01,0,0
vda,41.00,0.00,0.17,0,0
vda,4.40,0.00,0.02,0,0
vda,1.40,0.00,0.00,0,0
vda,34.60,0.00,0.14,0,0
vda,2.20,0.00,0.01,0,0
vda,28.40,0.00,0.11,0,0
vda,9.80,0.00,0.04,0,0
vda,0.00,0.00,0.00,0,0
vda,41.40,0.00,0.17,0,0
vda,21.20,0.00,0.08,0,0
vda,1.40,0.00,0.01,0,0
vda,0.20,0.00,0.00,0,0
vda,11.20,0.00,0.05,0,0
vda,26.00,0.00,0.10,0,0
vda,6.60,0.00,0.03,0,0
vda,37.20,0.00,0.15,0,0
vda,1.80,0.00,0.01,0,0
vda,0.60,0.00,0.00,0,0
vda,29.60,0.00,0.12,0,0
vda,15.00,0.00,0.06,0,0
vda,25.60,0.00,0.10,0,0
vda,2.40,0.00,0.01,0,0
vda,7.20,0.00,0.03,0,0
vda,25.40,0.00,0.10,0,0
vda,15.80,0.00,0.06,0,0
vda,2.00,0.00,0.01,0,0
vda,29.20,0.00,0.12,0,0
vda,1.20,0.00,0.00,0,0
vda,36.80,0.00,0.15,0,0
vda,2.60,0.00,0.01,0,0
vda,2.40,0.00,0.01,0,0
vda,0.00,0.00,0.00,0,0
vda,26.40,0.00,0.11,0,0
vda,25.40,0.00,0.10,0,0
vda,2.00,0.00,0.01,0,0
vda,0.60,0.00,0.00,0,0
vda,28.20,0.00,0.11,0,0
vda,19.40,0.00,0.08,0,0
vda,2.20,0.00,0.01,0,0
vda,2.20,0.00,0.01,0,0
vda,0.00,0.00,0.00,0,0
vda,1.00,0.00,0.00,0,0
vda,2.00,0.00,0.01,0,0
vda,13.40,0.00,0.05,0,0
vda,7.80,0.00,0.03,0,0
vda,35.80,0.00,0.14,0,0
vda,0.60,0.00,0.00,0,0
vda,1.00,0.00,0.00,0,0
vda,2.00,0.00,0.01,0,0
vda,2.20,0.00,0.01,0,0
vda,3.00,0.00,0.01,0,0
vda,19.20,0.00,0.07,0,0
vda,0.00,0.00,0.00,0,0
vda,1.00,0.00,0.00,0,0
vda,24.20,0.00,0.10,0,0
vda,7.00,0.00,0.03,0,0
vda,1.20,0.00,0.00,0,0
vda,3.40,0.00,0.02,0,0
vda,19.60,0.00,0.08,0,0
vda,1.40,0.00,0.01,0,0
vda,0.00,0.00,0.00,0,0
vda,2.20,0.00,0.01,0,0
vda,1.20,0.00,0.00,0,0
vda,35.80,0.00,0.14,0,0
vda,6.20,0.00,0.03,0,0
vda,2.80,0.00,0.01,0,0
vda,13.40,0.00,0.05,0,0
vda,1.00,0.00,0.00,0,0
vda,4.80,0.00,0.02,0,0
vda,53.60,0.00,0.22,0,1
vda,7.98,0.00,0.03,0,0
vda,0.00,0.00,0.00,0,0
vda,35.60,0.00,0.15,0,0
vda,3.60,0.00,0.01,0,0
vda,1.00,0.00,0.00,0,0
vda,2.00,0.00,0.01,0,0
vda,0.60,0.00,0.00,0,0
vda,1.00,0.00,0.00,0,0
vda,2.40,0.00,0.01,0,0
vda,14.00,0.00,0.06,0,0
vda,2.80,0.00,0.01,0,0
vda,36.00,0.00,0.14,0,0
vda,0.00,0.00,0.00,0,0
vda,1.00,0.00,0.00,0,0
vda,2.40,0.00,0.01,0,0
vda,0.80,0.00,0.00,0,0
vda,7.40,0.00,0.03,0,0
vda,21.00,0.00,0.09,0,0
vda,2.40,0.00,0.01,0,0
vda,2.40,0.00,0.01,0,0
vda,22.80,0.00,0.09,0,0
vda,1.20,0.00,0.00,0,0
vda,0.80,0.00,0.00,0,0
vda,2.20,0.00,0.01,0,0
vda,24.20,0.00,0.10,0,0
vda,1.20,0.00,0.01,0,0
vda,2.40,0.00,0.01,0,0
vda,0.80,0.00,0.00,0,0
vda,37.60,0.00,0.15,0,0
vda,1.00,0.00,0.00,0,0
vda,0.40,0.00,0.00,0,0
vda,1.80,0.00,0.01,0,0
vda,15.40,0.00,0.06,0,0
vda,0.80,0.00,0.00,0,0
vda,36.20,0.00,0.15,0,0
vda,3.00,0.00,0.01,0,0
vda,0.00,0.00,0.00,0,0
vda,1.20,0.00,0.00,0,0
vda,3.40,0.00,0.01,0,0
vda,1.40,0.00,0.01,0,0
vda,0.40,0.00,0.00,0,0
vda,83.40,0.00,0.34,0,1
vda,1.60,0.00,0.01,0,0
vda,1.00,0.00,0.00,0,0
vda,2.00,0.00,0.01,0,0
vda,35.60,0.00,0.14,0,0
vda,2.60,0.00,0.01,0,0
vda,41.00,0.00,0.17,0,0
vda,20.00,0.00,0.08,0,0
vda,1.40,0.00,0.01,0,0
vda,38.00,0.00,0.15,0,0
vda,1.20,0.00,0.00,0,0
vda,0.20,0.00,0.00,0,0
vda,2.00,0.00,0.01,0,0
vda,0.60,0.00,0.00,0,0
vda,1.00,0.00,0.00,0,0
vda,2.40,0.00,0.01,0,0
vda,14.40,0.00,0.06,0,0
vda,32.60,0.00,0.13,0,0
vda,20.60,0.00,0.09,0,0
vda,1.20,0.00,0.00,0,0
vda,35.60,0.00,0.14,0,0
vda,13.00,0.00,0.05,0,0
vda,0.00,0.00,0.00,0,0
vda,35.80,0.00,0.14,0,0
vda,3.00,0.00,0.01,0,0
vda,2.40,0.00,0.01,0,0
vda,33.40,0.00,0.14,0,0
vda,1.20,0.00,0.00,0,0
vda,0.00,0.00,0.00,0,0
vda,39.80,0.00,0.16,0,0
vda,16.00,0.00,0.06,0,0
vda,0.60,0.00,0.00,0,0
vda,24.80,0.00,0.10,0,0
vda,3.60,0.00,0.01,0,0
vda,0.00,0.00,0.00,0,0
vda,40.00,0.00,0.16,0,0
vda,5.40,0.00,0.02,0,0
vda,0.60,0.00,0.00,0,0
vda,1.00,0.00,0.00,0,0
vda,28.20,0.00,0.11,0,0
vda,10.40,0.00,0.04,0,0
vda,0.00,0.00,0.00,0,0
vda,36.40,0.00,0.15,0,0
vda,20.40,0.00,0.08,0,0
vda,1.40,0.00,0.01,0,0
vda,2.00,0.00,0.01,0,0
vda,33.40,0.00,0.14,0,0
vda,11.80,0.00,0.05,0,0
vda,38.40,0.00,0.15,0,0
vda,1.20,0.00,0.00,0,0
vda,0.60,0.00,0.00,0,0
vda,28.00,0.00,0.11,0,0
vda,10.38,0.00,0.04,0,0
vda,2.20,0.00,0.01,0,0
vda,0.00,0.00,0.00,0,0
vda,5.49,0.00,0.02,0,0
vda,2.75,0.00,0.01,0,0
vda,6.40,0.00,0.03,0,0
vda,7.80,0.00,0.03,0,0
vda,0.00,0.00,0.00,0,0
vda,5.60,0.00,0.02,0,0
vda,1.40,0.00,0.00,0,0
vda,19.07,0.00,0.08,0,1
vda,12.40,0.00,0.05,0,0
vda,37.60,0.00,0.15,0,0
vda,0.00,0.00,0.00,0,0
vda,1.00,0.00,0.00,0,0
vda,45.80,0.00,0.18,0,0
vda,4.80,0.00,0.02,0,0
vda,1.00,0.00,0.00,0,0
vda,38.60,0.00,0.15,0,0
vda,6.20,0.00,0.02,0,0
vda,1.40,0.00,0.01,0,0
vda,38.40,0.00,0.15,0,0
vda,7.20,0.00,0.03,0,0
vda,1.60,0.00,0.01,0,0
vda,38.60,0.00,0.15,0,0
vda,1.20,0.00,0.00,0,0
vda,0.20,0.00,0.00,0,0
vda,36.40,0.00,0.15,0,0
vda,21.40,0.00,0.08,0,0
vda,1.40,0.00,0.01,0,0
vda,36.80,0.00,0.15,0,0
vda,3.60,0.00,0.01,0,0
vda,2.00,0.00,0.01,0,0
vda,35.80,0.00,0.14,0,0
vda,1.40,0.00,0.00,0,0
vda,0.80,0.00,0.00,0,0
vda,2.00,0.00,0.01,0,0
vda,0.60,0.00,0.00,0,0
vda,37.00,0.00,0.14,0,0
vda,9.40,0.00,0.04,0,0
vda,1.40,0.00,0.01,0,0
vda,28.40,0.00,0.11,0,0
vda,28.60,0.00,0.11,0,0
vda,1.00,0.00,0.00,0,0
vda,36.00,0.00,0.14,0,0
vda,2.20,0.00,0.01,0,0
vda,1.00,0.00,0.00,0,0
vda,26.20,0.00,0.10,0,0
vda,7.60,0.00,0.03,0,0
vda,20.00,0.00,0.08,0,0
vda,2.00,0.00,0.01,0,0
vda,30.40,0.00,0.12,0,0
vda,34.20,0.00,0.14,0,0
vda,0.00,0.00,0.00,0,0
vda,40.80,0.00,0.16,0,0
vda,22.20,0.00,0.09,0,0
vda,0.60,0.00,0.00,0,0
vda,32.00,0.00,0.13,0,0
vda,2.40,0.00,0.01,0,0
vda,1.20,0.00,0.00,0,0
vda,28.40,0.00,0.11,0,0
vda,17.00,0.00,0.07,0,0
vda,0.20,0.00,0.00,0,0
vda,36.20,0.00,0.15,0,0
vda,21.20,0.00,0.08,0,0
vda,1.40,0.00,0.00,0,0
vda,34.40,0.00,0.13,0,0
vda,16.80,0.00,0.07,0,0
vda,32.60,0.00,0.13,0,0
vda,0.00,0.00,0.00,0,0
vda,13.80,0.00,0.06,0,0
vda,25.60,0.00,0.10,0,0
vda,15.00,0.00,0.06,0,0
vda,1.20,0.00,0.00,0,0
vda,30.00,0.00,0.12,0,0
vda,20.80,0.00,0.09,0,0
vda,1.20,0.00,0.00,0,0
vda,36.60,0.00,0.14,0,0
vda,26.80,0.00,0.11,0,0
vda,1.40,0.00,0.01,0,0
vda,38.60,0.00,0.15,0,0
vda,5.20,0.00,0.02,0,0
vda,1.20,0.00,0.00,0,0
vda,35.80,0.00,0.14,0,0
vda,2.20,0.00,0.01,0,0
vda,0.60,0.00,0.00,0,0
vda,28.60,0.00,0.11,0,0
vda,15.80,0.00,0.06,0,0
vda,10.00,0.00,0.04,0,0
vda,1.60,0.00,0.01,0,0
vda,2.40,0.00,0.01,0,0
vda,0.00,0.00,0.00,0,0
vda,1.00,0.00,0.00,0,0
vda,2.00,0.00,0.01,0,0
vda,1.00,0.00,0.00,0,0
vda,42.80,0.00,0.17,0,0
vda,13.60,0.00,0.05,0,0
vda,0.60,0.00,0.00,0,0
vda,1.40,0.00,0.00,0,0
vda,3.20,0.00,0.01,0,0
vda,1.80,0.00,0.01,0,0
vda,2.40,0.00,0.01,0,0
vda,0.20,0.00,0.00,0,0
vda,19.60,0.00,0.08,0,0
vda,26.60,0.00,0.10,0,0
vda,17.00,0.00,0.07,0,0
vda,1.00,0.00,0.00,0,0
vda,1.00,0.00,0.00,0,0
vda,2.20,0.00,0.01,0,0
vda,1.60,0.00,0.01,0,0
vda,2.80,0.00,0.01,0,0
vda,20.60,0.00,0.08,0,0
vda,0.00,0.00,0.00,0,0
vda,1.40,0.00,0.01,0,0
vda,36.80,0.00,0.14,0,0
vda,0.80,0.00,0.00,0,0
vda,7.20,0.00,0.03,0,0
vda,2.00,0.00,0.01,0,0
vda,25.80,0.00,0.10,0,0
vda,11.60,0.00,0.05,0,0
vda,3.40,0.00,0.01,0,0
vda,31.80,0.00,0.13,0,0
vda,13.60,0.00,0.06,0,0
vda,2.00,0.00,0.01,0,0
vda,0.00,0.00,0.00,0,0
vda,1.00,0.00,0.00,0,0
vda,27.80,0.00,0.11,0,0
vda,27.80,0.00,0.11,0,0
vda,1.20,0.00,0.00,0,0
vda,7.00,0.00,0.03,0,0
vda,21.80,0.00,0.09,0,0
vda,11.80,0.00,0.05,0,0
vda,2.40,0.00,0.01,0,0
vda,27.20,0.00,0.11,0,0
vda,18.80,0.00,0.07,0,0
vda,0.20,0.00,0.00,0,0
vda,15.80,0.00,0.06,0,0
vda,15.20,0.00,0.06,0,0
vda,9.80,0.00,0.04,0,0
vda,18.20,0.00,0.07,0,0
vda,0.20,0.00,0.00,0,0
vda,30.20,0.00,0.12,0,0
vda,11.80,0.00,0.05,0,0
vda,0.00,0.00,0.00,0,0
vda,27.80,0.00,0.11,0,0
vda,17.40,0.00,0.07,0,0
vda,1.00,0.00,0.00,0,0
vda,31.20,0.00,0.13,0,0
vda,26.20,0.00,0.10,0,0
vda,0.20,0.00,0.00,0,0
vda,2.00,0.00,0.01,0,0
vda,3.20,0.00,0.01,0,0
vda,1.40,0.00,0.00,0,0
vda,2.60,0.00,0.01,0,0
vda,12.80,0.00,0.05,0,0
vda,6.80,0.00,0.03,0,0
vda,28.00,0.00,0.11,0,0
vda,11.00,0.00,0.04,0,0
vda,1.00,0.00,0.00,0,0
vda,2.00,0.00,0.01,0,0
vda,0.60,0.00,0.00,0,0
vda,1.00,0.00,0.00,0,0
vda,3.60,0.00,0.01,0,0
vda,4.20,0.00,0.02,0,0
vda,0.20,0.00,0.00,0,0
vda,52.20,0.00,0.20,0,1
vda,1.00,0.00,0.00,0,0
vda,0.00,0.00,0.00,0,0
vda,8.40,0.00,0.04,0,0
vda,1.80,0.00,0.01,0,0
vda,1.80,0.00,0.01,0,0
vda,5.80,0.00,0.02,0,0
vda,22.80,0.00,0.09,0,0
vda,1.00,0.00,0.00,0,0
vda,49.00,0.00,0.19,0,0
vda,0.00,0.00,0.00,0,0
vda,3.40,0.00,0.02,0,0
vda,13.60,0.00,0.06,0,0
vda,1.20,0.00,0.00,0,0
vda,1.00,0.00,0.00,0,0
vda,33.80,0.00,0.13,0,0
vda,10.80,0.00,0.04,0,0
vda,1.40,0.00,0.01,0,0
vda,2.00,0.00,0.01,0,0
vda,0.60,0.00,0.00,0,0
vda,37.00,0.00,0.15,0,0
vda,25.00,0.00,0.10,0,0
vda,1.00,0.00,0.00,0,0
vda,0.00,0.00,0.00,0,0
vda,36.40,0.00,0.15,0,0
vda,11.20,0.00,0.05,0,0
vda,0.20,0.00,0.00,0,0
vda,2.20,0.00,0.01,0,0
vda,1.00,0.00,0.00,0,0
vda,0.60,0.00,0.00,0,0
vda,2.00,0.00,0.01,0,0
vda,20.80,0.00,0.09,0,0
vda,36.20,0.00,0.14,0,0
vda,2.00,0.00,0.01,0,0
vda,1.00,0.00,0.00,0,0
vda,2.40,0.00,0.01,0,0
vda,2.20,0.00,0.01,0,0
vda,1.60,0.00,0.01,0,0
vda,13.00,0.00,0.05,0,0
vda,2.00,0.00,0.01,0,0
vda,39.80,0.00,0.16,0,0
vda,4.00,0.00,0.02,0,0
vda,2.20,0.00,0.01,0,0
vda,1.00,0.00,0.00,0,0
vda,0.80,0.00,0.00,0,0
vda,2.00,0.00,0.01,0,0
vda,4.60,0.00,0.02,0,0
vda,0.20,0.00,0.00,0,0
vda,50.40,0.00,0.20,0,0
vda,5.80,0.00,0.02,0,0
vda,0.00,0.00,0.00,0,0
vda,2.00,0.00,0.01,0,0
vda,1.00,0.00,0.00,0,0
vda,7.00,0.00,0.03,0,0
vda,2.40,0.00,0.01,0,0
vda,14.60,0.00,0.06,0,0
vda,2.00,0.00,0.01,0,0
vda,42.00,0.00,0.16,0,0
vda,1.00,0.00,0.00,0,0
vda,0.40,0.00,0.00,0,0
vda,2.40,0.00,0.01,0,0
vda,1.40,0.00,0.01,0,0
vda,9.00,0.00,0.04,0,0
vda,10.60,0.00,0.04,0,0
vda,3.80,0.00,0.01,0,0
vda,1.60,0.00,0.01,0,0
vda,26.80,0.00,0.10,0,0
vda,1.40,0.00,0.01,0,0
vda,0.20,0.00,0.00,0,0
vda,28.00,0.00,0.11,0,0
vda,35.20,0.00,0.14,0,0
vda,1.00,0.00,0.00,0,0
vda,2.00,0.00,0.01,0,0
vda,0.60,0.00,0.00,0,0
vda,1.00,0.00,0.00,0,0
vda,2.40,0.00,0.01,0,0
vda,13.00,0.00,0.05,0,0
vda,27.20,0.00,0.11,0,0
vda,1.40,0.00,0.01,0,0
vda,0.00,0.00,0.00,0,0
vda,2.00,0.00,0.01,0,0
vda,32.60,0.00,0.13,0,0
vda,0.80,0.00,0.00,0,0
vda,30.20,0.00,0.12,0,0
vda,1.00,0.00,0.00,0,0
vda,1.00,0.00,0.00,0,0
vda,2.00,0.00,0.01,0,0
vda,1.00,0.00,0.00,0,0
vda,3.40,0.00,0.01,0,0
vda,34.93,0.00,0.14,0,0
vda,2.60,0.00,0.01,0,0
vda,0.20,0.00,0.00,0,0
vda,4.40,0.00,0.02,0,0
vda,1.00,0.00,0.00,0,0
vda,7.00,0.00,0.03,0,0
vda,2.60,0.00,0.01,0,0
vda,19.60,0.00,0.08,0,0
vda,0.00,0.00,0.00,0,0
vda,36.80,0.00,0.14,0,0
vda,1.00,0.00,0.00,0,0
vda,0.40,0.00,0.00,0,0
vda,3.80,0.00,0.01,0,0
vda,1.20,0.00,0.00,0,0
vda,19.40,0.00,0.08,0,0
vda,8.00,0.00,0.03,0,0
vda,1.00,0.00,0.00,0,0
vda,2.60,0.00,0.01,0,0
vda,34.40,0.00,0.13,0,0
vda,2.60,0.00,0.01,0,0
vda,0.20,0.00,0.00,0,0
vda,16.40,0.00,0.06,0,0
vda,2.00,0.00,0.01,0,0
vda,7.00,0.00,0.03,0,0
vda,1.20,0.00,0.00,0,0
vda,2.00,0.00,0.01,0,0
vda,0.60,0.00,0.00,0,0
vda,34.80,0.00,0.14,0,0
vda,20.40,0.00,0.08,0,0
vda,2.40,0.00,0.01,0,0
vda,19.60,0.00,0.08,0,0
vda,22.60,0.00,0.09,0,0
vda,0.00,0.00,0.00,0,0
vda,26.80,0.00,0.10,0,0
vda,12.40,0.00,0.05,0,0
vda,1.00,0.00,0.00,0,0
vda,29.60,0.00,0.12,0,0
vda,10.60,0.00,0.04,0,0
vda,1.20,0.00,0.00,0,0
vda,1.00,0.00,0.00,0,0
vda,3.60,0.00,0.01,0,0
vda,1.00,0.00,0.00,0,0
vda,2.40,0.00,0.01,0,0
vda,12.80,0.00,0.06,0,0
vda,25.20,0.00,0.10,0,0
vda,0.00,0.00,0.00,0,0
vda,33.60,0.00,0.13,0,0
vda,15.60,0.00,0.06,0,0
vda,0.00,0.00,0.00,0,0
vda,2.40,0.00,0.01,0,0
vda,4.40,0.00,0.02,0,0
vda,19.80,0.00,0.08,0,0
vda,0.00,0.00,0.00,0,0
vda,42.20,0.00,0.17,0,0
vda,14.00,0.00,0.05,0,0
vda,2.60,0.00,0.01,0,0
vda,26.80,0.00,0.11,0,0
vda,12.80,0.00,0.05,0,0
vda,1.00,0.00,0.00,0,0
vda,27.60,0.00,0.11,0,0
vda,2.60,0.00,0.01,0,0
vda,0.00,0.00,0.00,0,0
vda,29.00,0.00,0.12,0,0
vda,31.00,0.00,0.12,0,0
vda,2.00,0.00,0.01,0,0
vda,0.80,0.00,0.00,0,0
vda,26.00,0.00,0.10,0,0
vda,13.60,0.00,0.05,0,0
vda,2.80,0.00,0.01,0,0
vda,36.80,0.00,0.15,0,0
vda,7.80,0.00,0.03,0,0
vda,1.00,0.00,0.00,0,0
vda,38.40,0.00,0.15,0,0
vda,1.20,0.00,0.00,0,0
vda,0.00,0.00,0.00,0,0
vda,34.40,0.00,0.14,0,0
vda,22.00,0.00,0.09,0,0
vda,0.60,0.00,0.00,0,0
vda,3.40,0.00,0.01,0,0
vda,45.00,0.00,0.18,0,0
vda,1.40,0.00,0.00,0,0
vda,26.00,0.00,0.10,0,0
vda,2.20,0.00,0.01,0,0
vda,10.40,0.00,0.04,0,0
vda,30.80,0.00,0.12,0,0
vda,13.37,0.00,0.05,0,0
vda,3.20,0.00,0.01,0,0
vda,38.80,0.00,0.15,0,0
vda,18.00,0.00,0.07,0,0
vda,1.00,0.00,0.00,0,0
vda,0.00,0.00,0.00,0,0
vda,2.00,0.00,0.01,0,0
vda,0.00,0.00,0.00,0,0
vda,1.40,0.00,0.01,0,0
vda,3.60,0.00,0.02,0,0
vda,13.00,0.00,0.05,0,0
vda,26.40,0.00,0.10,0,0
vda,1.40,0.00,0.01,0,0
vda,0.00,0.00,0.00,0,0
vda,26.80,0.00,0.11,0,0
vda,2.00,0.00,0.01,0,0
vda,0.00,0.00,0.00,0,0
vda,1.00,0.00,0.00,0,0
vda,2.00,0.00,0.01,0,0
vda,2.80,0.00,0.01,0,0
vda,44.60,0.00,0.17,0,0
vda,6.80,0.00,0.03,0,0
vda,1.00,0.00,0.00,0,0
vda,0.00,0.00,0.00,0,0
vda,2.00,0.00,0.01,0,0
vda,1.00,0.00,0.00,0,0
vda,7.40,0.00,0.03,0,0
vda,20.40,0.00,0.08,0,0
vda,1.60,0.00,0.01,0,0
vda,16.20,0.00,0.06,0,0
vda,22.60,0.00,0.09,0,0
vda,0.00,0.00,0.00,0,0
vda,1.60,0.00,0.01,0,0
vda,40.00,0.00,0.16,0,0
vda,5.20,0.00,0.02,0,0
vda,1.00,0.00,0.00,0,0
vda,2.00,0.00,0.01,0,0
vda,1.00,0.00,0.00,0,0
vda,0.00,0.00,0.00,0,0
vda,4.00,0.00,0.02,0,0
vda,19.80,0.00,0.08,0,0
vda,0.20,0.00,0.00,0,0
vda,36.40,0.00,0.14,0,0
vda,1.00,0.00,0.00,0,0
vda,0.00,0.00,0.00,0,0
vda,2.40,0.00,0.01,0,0
vda,19.00,0.00,0.08,0,0
vda,1.40,0.00,0.01,0,0
vda,3.40,0.00,0.01,0,0
vda,1.40,0.00,0.01,0,0
vda,0.00,0.00,0.00,0,0
vda,36.80,0.00,0.14,0,0
vda,1.20,0.00,0.00,0,0
vda,0.00,0.00,0.00,0,0
vda,27.00,0.00,0.11,0,0
vda,1.00,0.00,0.00,0,0
vda,0.00,0.00,0.00,0,0
vda,4.20,0.00,0.02,0,0
vda,0.20,0.00,0.00,0,0
vda,1.80,0.00,0.00,0,0
vda,36.40,0.00,0.15,0,0
vda,26.00,0.00,0.10,0,0
vda,1.60,0.00,0.01,0,0
vda,2.40,0.00,0.01,0,0
vda,1.20,0.00,0.00,0,0
vda,0.60,0.00,0.00,0,0
vda,2.00,0.00,0.01,0,0
vda,1.00,0.00,0.00,0,0
vda,4.00,0.00,0.02,0,0
vda,38.20,0.00,0.15,0,0
vda,0.00,0.00,0.00,0,0
vda,1.00,0.00,0.00,0,0
vda,2.20,0.00,0.01,0,0
vda,1.80,0.00,0.01,0,0
vda,10.60,0.00,0.05,0,0
vda,2.40,0.00,0.01,0,0
vda,27.00,0.00,0.11,0,0
vda,46.80,0.00,0.18,0,0
vda,4.20,0.00,0.02,0,0
vda,1.40,0.00,0.01,0,0
vda,0.00,0.00,0.00,0,0
vda,2.00,0.00,0.01,0,0
vda,33.20,0.00,0.13,0,0
vda,11.80,0.00,0.05,0,0
vda,2.60,0.00,0.01,0,0
vda,1.00,0.00,0.00,0,0
vda,0.60,0.00,0.00,0,0
vda,2.00,0.00,0.01,0,0
vda,2.80,0.00,0.01,0,0
vda,18.20,0.00,0.07,0,0
vda,52.00,0.00,0.21,0,1
vda,1.80,0.00,0.01,0,0
vda,1.00,0.00,0.00,0,0
vda,2.00,0.00,0.01,0,0
vda,37.80,0.00,0.15,0,0
vda,0.20,0.00,0.00,0,0
vda,2.00,0.00,0.01,0,0
vda,1.00,0.00,0.00,0,0
vda,1.80,0.00,0.01,0,0
vda,2.40,0.00,0.01,0,0
vda,1.60,0.00,0.01,0,0
vda,52.80,0.00,0.21,0,1
vda,2.00,0.00,0.01,0,0
vda,1.00,0.00,0.00,0,0
vda,6.60,0.00,0.03,0,0
vda,2.00,0.00,0.01,0,0
vda,1.40,0.00,0.01,0,0
vda,2.20,0.00,0.01,0,0
vda,4.40,0.00,0.02,0,0
vda,18.40,0.00,0.07,0,0
vda,34.40,0.00,0.13,0,0
vda,2.00,0.00,0.01,0,0
vda,1.40,0.00,0.01,0,0
vda,31.00,0.00,0.12,0,0
vda,2.80,0.00,0.01,0,0
vda,1.00,0.00,0.00,0,0
vda,42.60,0.00,0.17,0,0
vda,3.80,0.00,0.01,0,0
vda,0.00,0.00,0.00,0,0
vda,41.20,0.00,0.16,0,0
vda,14.40,0.00,0.06,0,0
vda,1.00,0.00,0.00,0,0
vda,0.60,0.00,0.00,0,0
vda,2.00,0.00,0.01,0,0
vda,0.60,0.00,0.00,0,0
vda,1.40,0.00,0.01,0,0
vda,3.20,0.00,0.02,0,0
vda,19.20,0.00,0.07,0,0
vda,30.40,0.00,0.12,0,0
vda,2.00,0.00,0.01,0,0
vda,0.00,0.00,0.00,0,0
vda,1.40,0.00,0.01,0,0
vda,2.20,0.00,0.01,0,0
vda,2.00,0.00,0.01,0,0
vda,18.60,0.00,0.07,0,0
vda,2.00,0.00,0.01,0,0
vda,0.60,0.00,0.00,0,0
vda,40.00,0.00,0.16,0,0
vda,1.00,0.00,0.00,0,0
vda,0.00,0.00,0.00,0,0
vda,2.20,0.00,0.01,0,0
vda,2.00,0.00,0.01,0,0
vda,12.20,0.00,0.05,0,0
vda,7.40,0.00,0.03,0,0
vda,2.20,0.00,0.01,0,0
vda,28.00,0.00,0.11,0,0
vda,27.40,0.00,0.11,0,0
vda,3.60,0.00,0.01,0,0
vda,1.40,0.00,0.01,0,0
vda,0.00,0.00,0.00,0,0
vda,2.00,0.00,0.01,0,0
vda,0.60,0.00,0.00,0,0
vda,36.60,0.00,0.14,0,0
vda,2.20,0.00,0.01,0,0
vda,7.60,0.00,0.03,0,0
vda,1.00,0.00,0.00,0,0
vda,3.40,0.00,0.01,0,0
vda,1.00,0.00,0.00,0,0
vda,1.40,0.00,0.01,0,0
vda,19.40,0.00,0.08,0,0
vda,0.00,0.00,0.00,0,0
vda,41.20,0.00,0.16,0,0
vda,3.20,0.00,0.01,0,0
vda,0.00,0.00,0.00,0,0
vda,1.40,0.00,0.01,0,0
vda,2.00,0.00,0.01,0,0
vda,14.80,0.00,0.06,0,0
vda,2.20,0.00,0.01,0,0
vda,0.00,0.00,0.00,0,0
vda,2.20,0.00,0.01,0,0
vda,35.60,0.00,0.14,0,0
vda,2.00,0.00,0.01,0,0
vda,7.00,0.00,0.03,0,0
vda,2.60,0.00,0.01,0,0
vda,18.60,0.00,0.07,0,0
vda,1.00,0.00,0.00,0,0
vda,2.80,0.00,0.01,0,0
vda,3.40,0.00,0.01,0,0
vda,0.00,0.00,0.00,0,0
vda,17.20,0.00,0.07,0,0
vda,10.40,0.00,0.05,0,0
vda,3.80,0.00,0.02,0,0
vda,20.00,0.00,0.08,0,0
vda,2.00,0.00,0.01,0,0
vda,2.20,0.00,0.01,0,0
vda,1.80,0.00,0.01,0,0
vda,41.20,0.00,0.16,0,0
vda,13.60,0.00,0.06,0,0
vda,1.00,0.00,0.00,0,0
vda,2.00,0.00,0.01,0,0
vda,0.00,0.00,0.00,0,0
vda,1.00,0.00,0.00,0,0
vda,3.40,0.00,0.01,0,0
vda,9.60,0.00,0.04,0,0
vda,16.40,0.00,0.06,0,0
vda,49.00,0.00,0.19,0,0
vda,1.40,0.00,0.01,0,0
vda,13.00,0.00,0.06,0,0
vda,0.80,0.00,0.00,0,0
vda,2.00,0.00,0.01,0,0
vda,9.00,0.00,0.04,0,0
vda,0.20,0.00,0.00,0,0
vda,8.60,0.00,0.03,0,0
vda,1.20,0.00,0.00,0,0
vda,38.40,0.00,0.15,0,0
vda,1.00,0.00,0.00,0,0
vda,2.20,0.00,0.01,0,0
vda,1.80,0.00,0.01,0,0
vda,7.00,0.00,0.03,0,0
vda,12.40,0.00,0.05,0,0
vda,2.20,0.00,0.01,0,0
vda,7.20,0.00,0.03,0,0
vda,1.00,0.00,0.00,0,0
vda,1.80,0.00,0.01,0,0
vda,24.40,0.00,0.10,0,0
vda,8.00,0.00,0.03,0,0
vda,2.00,0.00,0.01,0,0
vda,11.40,0.00,0.04,0,0
vda,0.60,0.00,0.00,0,0
vda,2.00,0.00,0.01,0,0
vda,1.00,0.00,0.00,0,0
vda,2.60,0.00,0.01,0,0
vda,42.40,0.00,0.17,0,0
vda,7.40,0.00,0.03,0,0
vda,10.80,0.00,0.04,0,0
vda,2.20,0.00,0.01,0,0
vda,1.00,0.00,0.00,0,0
vda,2.00,0.00,0.01,0,0
vda,2.80,0.00,0.01,0,0
vda,1.80,0.00,0.01,0,0
vda,13.00,0.00,0.05,0,0
vda,36.00,0.00,0.14,0,0
vda,13.80,0.00,0.05,0,0
vda,2.40,0.00,0.01,0,0
vda,0.40,0.00,0.00,0,0
vda,3.20,0.00,0.02,0,0
vda,1.00,0.00,0.00,0,0
vda,1.80,0.00,0.01,0,0
vda,4.20,0.00,0.02,0,0
vda,14.60,0.00,0.06,0,0
vda,36.40,0.00,0.14,0,0
vda,1.20,0.00,0.00,0,0
vda,3.80,0.00,0.02,0,0
vda,2.20,0.00,0.01,0,0
vda,1.00,0.00,0.00,0,0
vda,156.20,1.35,0.07,6,0
vda,0.60,0.00,0.00,0,0
vda,15.80,0.32,0.05,1,0
vda,7.20,0.00,0.03,0,0
vda,28.40,0.00,0.12,0,0
vda,1.00,0.00,0.00,0,0
vda,2.20,0.00,0.01,0,0
vda,6.80,0.00,0.03,0,0
vda,1.20,0.00,0.00,0,0
vda,11.60,0.00,0.04,0,0
vda,2.20,0.00,0.01,0,0
vda,2.60,0.00,0.01,0,0
vda,7.40,0.00,0.03,0,0
vda,42.60,0.00,0.17,0,0
vda,1.20,0.00,0.00,0,0
vda,0.60,0.00,0.00,0,0
vda,2.00,0.00,0.01,0,0
vda,10.00,0.00,0.04,0,0
vda,2.80,0.00,0.01,0,0
vda,9.60,0.00,0.04,0,0
vda,26.20,0.00,0.10,0,0
vda,27.40,0.00,0.11,0,0
vda,3.00,0.00,0.01,0,0
vda,1.20,0.00,0.00,0,0
vda,0.60,0.00,0.00,0,0
vda,27.80,0.00,0.11,0,0
vda,13.00,0.00,0.05,0,0
vda,1.40,0.00,0.01,0,0
vda,1.80,0.00,0.01,0,0
vda,1.00,0.00,0.00,0,0
vda,0.00,0.00,0.00,0,0
vda,2.00,0.00,0.01,0,0
vda,17.20,0.00,0.07,0,0
vda,8.60,0.00,0.04,0,0
vda,37.60,0.00,0.15,0,0
vda,2.79,0.00,0.01,0,0
vda,1.60,0.00,0.01,0,0
vda,1.80,0.00,0.01,0,0
vda,1.00,0.00,0.00,0,0
vda,0.40,0.00,0.00,0,0
vda,15.00,0.00,0.06,0,0
vda,8.40,0.00,0.04,0,0
vda,0.80,0.00,0.00,0,0
vda,24.60,0.00,0.10,0,0
vda,2.40,0.00,0.01,0,0
vda,3.00,0.00,0.01,0,0
vda,0.00,0.00,0.00,0,0
vda,19.20,0.00,0.08,0,0
vda,2.20,0.00,0.01,0,0
vda,1.80,0.00,0.01,0,0
vda,7.00,0.00,0.03,0,0
vda,1.60,0.00,0.01,0,0
vda,36.20,0.00,0.14,0,0
vda,2.40,0.00,0.01,0,0
vda,14.00,0.00,0.05,0,0
vda,3.00,0.00,0.01,0,0
vda,1.00,0.00,0.00,0,0
vda,2.60,0.00,0.01,0,0
vda,0.00,0.00,0.00,0,0
vda,7.00,0.00,0.03,0,0
vda,34.80,0.00,0.14,0,0
vda,20.80,0.00,0.08,0,0
vda,1.20,0.00,0.00,0,0
vda,3.60,0.00,0.01,0,0
vda,0.00,0.00,0.00,0,0
vda,1.00,0.00,0.00,0,0
vda,0.60,0.00,0.00,0,0
vda,12.80,0.00,0.06,0,0
vda,3.60,0.00,0.02,0,0
vda,71.00,0.00,0.28,0,1
vda,4.00,0.00,0.02,0,0
vda,1.00,0.00,0.00,0,0
vda,0.00,0.00,0.00,0,0
vda,2.40,0.00,0.01,0,0
vda,1.80,0.00,0.01,0,0
vda,4.40,0.00,0.02,0,0
vda,18.20,0.00,0.07,0,0
vda,1.40,0.00,0.00,0,0
vda,12.60,0.00,0.05,0,0
vda,14.80,0.00,0.06,0,0
vda,1.40,0.00,0.01,0,0
vda,2.60,0.00,0.01,0,0
vda,1.60,0.00,0.01,0,0
vda,1.00,0.00,0.00,0,0
vda,17.20,0.00,0.07,0,0
vda,9.00,0.00,0.04,0,0
vda,2.20,0.00,0.01,0,0
vda,36.40,0.00,0.14,0,0
vda,2.80,0.00,0.01,0,0
vda,1.20,0.00,0.01,0,0
vda,1.40,0.00,0.01,0,0
vda,17.80,0.00,0.07,0,0
vda,8.20,0.00,0.04,0,0
vda,2.60,0.00,0.01,0,0
vda,0.80,0.00,0.00,0,0
vda,1.00,0.00,0.00,0,0
vda,21.20,0.00,0.08,0,0
vda,17.00,0.00,0.07,0,0
vda,10.80,0.00,0.04,0,0
vda,4.20,0.00,0.02,0,0
vda,2.40,0.00,0.01,0,0
vda,0.20,0.00,0.00,0,0
vda,2.00,0.00,0.01,0,0
vda,2.60,0.00,0.01,0,0
vda,24.40,0.00,0.10,0,0
vda,8.40,0.00,0.04,0,0
vda,16.80,0.00,0.07,0,0
vda,2.20,0.00,0.01,0,0
vda,2.00,0.00,0.01,0,0
vda,2.40,0.00,0.01,0,0
vda,3.00,0.00,0.02,0,0
vda,0.00,0.00,0.00,0,0
vda,36.60,0.00,0.14,0,0
vda,1.40,0.00,0.00,0,0
vda,12.60,0.00,0.05,0,0
vda,0.00,0.00,0.00,0,0
vda,8.20,0.00,0.04,0,0
vda,2.40,0.00,0.01,0,0
vda,2.40,0.00,0.01,0,0
vda,2.60,0.00,0.01,0,0
vda,36.20,0.00,0.14,0,0
vda,0.00,0.00,0.00,0,0
vda,17.00,0.00,0.07,0,0
vda,2.60,0.00,0.01,0,0
vda,7.60,0.00,0.03,0,0
vda,1.40,0.00,0.01,0,0
vda,2.80,0.00,0.01,0,0
vda,1.60,0.00,0.01,0,0
vda,1.60,0.00,0.01,0,0
vda,52.20,0.00,0.20,0,1
vda,0.40,0.00,0.00,0,0
vda,2.80,0.00,0.01,0,0
vda,2.40,0.00,0.01,0,0
vda,8.60,0.00,0.04,0,0
vda,1.00,0.00,0.00,0,0
vda,0.80,0.00,0.00,0,0
vda,4.00,0.00,0.02,0,0
vda,12.00,0.00,0.05,0,0
vda,23.60,0.00,0.09,0,0
vda,2.00,0.00,0.01,0,0
vda,2.20,0.00,0.01,0,0
vda,0.60,0.00,0.00,0,0
vda,2.60,0.00,0.01,0,0
vda,7.20,0.00,0.03,0,0
vda,1.80,0.00,0.01,0,0
vda,18.40,0.00,0.07,0,0
vda,1.00,0.00,0.00,0,0
vda,37.00,0.00,0.14,0,0
vda,10.20,0.00,0.05,0,0
vda,0.00,0.00,0.00,0,0
vda,1.80,0.00,0.01,0,0
vda,1.00,0.00,0.00,0,0
vda,18.40,0.00,0.07,0,0
vda,0.60,0.00,0.00,0,0
vda,2.00,0.00,0.01,0,0
vda,5.00,0.00,0.02,0,0
vda,36.60,0.00,0.14,0,0
vda,0.00,0.00,0.00,0,0
vda,1.00,0.00,0.00,0,0
vda,1.00,0.00,0.00,0,0
vda,14.00,0.00,0.05,0,0
vda,1.40,0.00,0.01,0,0
vda,8.40,0.00,0.04,0,0
vda,24.80,0.00,0.10,0,0
vda,1.00,0.00,0.00,0,0
vda,0.60,0.00,0.00,0,0
vda,3.60,0.00,0.01,0,0
vda,19.20,0.00,0.07,0,0
vda,0.00,0.00,0.00,0,0
vda,3.60,0.00,0.02,0,0
vda,1.00,0.00,0.00,0,0
vda,0.60,0.00,0.00,0,0
vda,42.20,0.00,0.17,0,0
vda,1.80,0.00,0.01,0,0
vda,0.80,0.00,0.00,0,0
vda,13.40,0.00,0.05,0,0
vda,2.00,0.00,0.01,0,0
vda,2.60,0.00,0.01,0,0
vda,2.40,0.00,0.01,0,0
vda,1.60,0.00,0.01,0,0
vda,34.40,0.00,0.13,0,0
vda,2.00,0.00,0.01,0,0
vda,18.20,0.00,0.07,0,0
vda,7.80,0.00,0.03,0,0
vda,2.00,0.00,0.01,0,0
vda,1.40,0.00,0.01,0,0
vda,4.40,0.00,0.02,0,0
vda,2.40,0.00,0.01,0,0
vda,0.00,0.00,0.00,0,0
vda,24.60,0.00,0.10,0,0
vda,27.40,0.00,0.11,0,0
vda,1.40,0.00,0.01,0,0
vda,11.00,0.00,0.05,0,0
vda,2.20,0.00,0.01,0,0
vda,3.60,0.00,0.01,0,0
vda,1.40,0.00,0.01,0,0
vda,48.20,0.00,0.19,0,0
vda,15.40,0.00,0.07,0,0
vda,1.20,0.00,0.00,0,0
vda,2.00,0.00,0.01,0,0
vda,0.00,0.00,0.00,0,0
vda,7.40,0.00,0.03,0,0
vda,2.00,0.00,0.01,0,0
vda,0.40,0.00,0.00,0,0
vda,3.80,0.00,0.01,0,0
vda,53.20,0.00,0.21,0,1
vda,0.00,0.00,0.00,0,0
vda,1.00,0.00,0.00,0,0
vda,2.20,0.00,0.01,0,0
vda,1.40,0.00,0.01,0,0
vda,7.40,0.00,0.03,0,0
vda,1.80,0.00,0.01,0,0
vda,18.00,0.00,0.07,0,0
vda,38.00,0.01,0.15,0,0
vda,0.20,0.00,0.00,0,0
vda,10.00,0.00,0.04,0,0
vda,3.00,0.00,0.01,0,0
vda,1.20,0.00,0.00,0,0
vda,1.00,0.00,0.00,0,0
vda,12.60,0.00,0.05,0,0
vda,2.00,0.00,0.01,0,0
vda,24.20,0.00,0.09,0,0
vda,1.20,0.00,0.00,0,0
vda,2.40,0.00,0.01,0,0
vda,3.20,0.00,0.01,0,0
vda,2.40,0.00,0.01,0,0
vda,1.20,0.00,0.01,0,0
vda,18.40,0.00,0.07,0,0
vda,35.60,0.00,0.14,0,0
vda,2.20,0.00,0.01,0,0
vda,7.00,0.00,0.03,0,0
vda,0.00,0.00,0.00,0,0
vda,2.00,0.00,0.01,0,0
vda,2.00,0.00,0.01,0,0
vda,14.00,0.00,0.05,0,0
vda,36.80,0.00,0.14,0,0
vda,0.20,0.00,0.00,0,0
vda,1.00,0.00,0.00,0,0
vda,2.00,0.00,0.01,0,0
vda,1.00,0.00,0.00,0,0
vda,8.40,0.00,0.04,0,0
vda,1.00,0.00,0.00,0,0
vda,18.80,0.00,0.07,0,0
vda,1.40,0.00,0.01,0,0
vda,24.60,0.00,0.10,0,0
vda,4.60,0.00,0.02,0,0
vda,1.40,0.00,0.00,0,0
vda,3.20,0.00,0.01,0,0
vda,0.00,0.00,0.00,0,0
vda,18.00,0.00,0.07,0,0
vda,1.20,0.00,0.00,0,0
vda,8.60,0.00,0.04,0,0
vda,1.40,0.00,0.01,0,0
vda,35.80,0.00,0.14,0,0
vda,2.60,0.00,0.01,0,0
vda,2.80,0.00,0.01,0,0
vda,2.20,0.00,0.01,0,0
vda,11.80,0.00,0.05,0,0
vda,1.20,0.00,0.00,0,0
vda,1.00,0.00,0.00,0,0
vda,2.00,0.00,0.01,0,0
vda,8.20,0.00,0.04,0,0
vda,35.60,0.00,0.14,0,0
vda,2.20,0.00,0.01,0,0
vda,20.20,0.00,0.08,0,0
vda,0.20,0.00,0.00,0,0
vda,2.20,0.00,0.01,0,0
vda,1.00,0.00,0.00,0,0
vda,2.79,0.00,0.01,0,0
vda,0.40,0.00,0.00,0,0
vda,7.20,0.00,0.03,0,0
vda,36.00,0.00,0.14,0,0
vda,19.40,0.00,0.08,0,0
vda,1.20,0.00,0.00,0,0
vda,1.00,0.00,0.00,0,0
vda,5.60,0.00,0.03,0,0
vda,1.60,0.00,0.01,0,0
vda,0.00,0.00,0.00,0,0
vda,2.00,0.00,0.01,0,0
vda,12.20,0.00,0.05,0,0
vda,24.40,0.00,0.10,0,0
vda,8.20,0.00,0.04,0,0
vda,3.00,0.00,0.01,0,0
vda,1.20,0.00,0.00,0,0
vda,4.60,0.00,0.02,0,0
vda,1.60,0.00,0.01,0,0
vda,0.00,0.00,0.00,0,0
vda,19.20,0.00,0.07,0,0
vda,1.20,0.00,0.00,0,0
vda,36.60,0.00,0.14,0,0
vda,8.00,0.00,0.03,0,0
vda,0.60,0.00,0.00,0,0
vda,1.20,0.00,0.00,0,0
vda,4.00,0.00,0.02,0,0
vda,18.60,0.00,0.07,0,0
vda,1.20,0.00,0.00,0,0
vda,3.40,0.00,0.02,0,0
vda,0.00,0.00,0.00,0,0
vda,16.40,0.00,0.06,0,0
vda,27.60,0.00,0.11,0,0
vda,2.00,0.00,0.01,0,0
vda,1.00,0.00,0.00,0,0
vda,14.80,0.00,0.06,0,0
vda,1.40,0.00,0.01,0,0
vda,1.60,0.00,0.01,0,0
vda,2.20,0.00,0.01,0,0
vda,1.60,0.00,0.01,0,0
vda,34.60,0.00,0.13,0,0
vda,14.60,0.00,0.06,0,0
vda,11.80,0.00,0.05,0,0
vda,24.00,0.00,0.09,0,0
vda,2.00,0.00,0.01,0,0
vda,4.40,0.00,0.02,0,0
vda,27.00,0.00,0.11,0,0
vda,18.60,0.00,0.08,0,0
vda,0.40,0.00,0.00,0,0
vda,1.00,0.00,0.00,0,0
vda,1.80,0.00,0.01,0,0
vda,1.00,0.00,0.00,0,0
vda,1.20,0.00,0.00,0,0
vda,36.80,0.00,0.14,0,0
vda,20.80,0.00,0.09,0,0
vda,2.20,0.00,0.01,0,0
vda,0.00,0.00,0.00,0,0
vda,1.20,0.00,0.00,0,0
vda,1.00,0.00,0.00,0,0
vda,2.20,0.00,0.01,0,0
vda,1.60,0.00,0.01,0,0
vda,20.40,0.00,0.09,0,0
vda,24.60,0.00,0.10,0,0
vda,1.00,0.00,0.00,0,0
vda,2.40,0.00,0.01,0,0
vda,3.00,0.00,0.01,0,0
vda,0.00,0.00,0.00,0,0
vda,1.20,0.00,0.00,0,0
vda,3.00,0.00,0.02,0,0
vda,18.00,0.00,0.07,0,0
vda,7.40,0.00,0.03,0,0
vda,36.60,0.00,0.14,0,0
vda,1.20,0.00,0.00,0,0
vda,1.00,0.00,0.00,0,0
vda,2.20,0.00,0.01,0,0
vda,2.60,0.00,0.01,0,0
vda,18.60,0.00,0.07,0,0
vda,10.40,0.00,0.04,0,0
vda,0.00,0.00,0.00,0,0
vda,1.00,0.00,0.00,0,0
vda,36.20,0.00,0.14,0,0
vda,1.20,0.00,0.00,0,0
vda,2.40,0.00,0.01,0,0
vda,2.20,0.00,0.01,0,0
vda,13.40,0.00,0.05,0,0
vda,1.80,0.00,0.01,0,0
vda,2.20,0.00,0.01,0,0
vda,1.00,0.00,0.00,0,0
vda,2.20,0.00,0.01,0,0
vda,38.40,0.00,0.15,0,0
vda,0.00,0.00,0.00,0,0
vda,24.20,0.00,0.10,0,0
vda,1.80,0.00,0.01,0,0
vda,1.00,0.00,0.00,0,0
vda,2.40,0.00,0.01,0,0
vda,3.20,0.00,0.01,0,0
vda,1.20,0.00,0.01,0,0
vda,1.00,0.00,0.00,0,0
vda,24.60,0.00,0.10,0,0
vda,12.20,0.00,0.05,0,0
vda,7.20,0.00,0.03,0,0
vda,2.20,0.00,0.01,0,0
vda,1.40,0.00,0.01,0,0
vda,1.60,0.00,0.01,0,0
vda,0.80,0.00,0.00,0,0
vda,3.40,0.00,0.01,0,0
vda,18.40,0.00,0.07,0,0
vda,36.60,0.00,0.14,0,0
vda,1.40,0.00,0.00,0,0
vda,2.20,0.00,0.01,0,0
vda,0.00,0.00,0.00,0,0
vda,8.40,0.00,0.04,0,0
vda,1.20,0.00,0.00,0,0
vda,2.20,0.00,0.01,0,0
vda,19.60,0.00,0.08,0,0
vda,1.40,0.00,0.01,0,0
vda,34.80,0.00,0.14,0,0
vda,2.60,0.00,0.01,0,0
vda,2.80,0.00,0.02,0,0
vda,1.00,0.00,0.00,0,0
vda,2.20,0.00,0.01,0,0
vda,18.20,0.00,0.07,0,0
vda,0.60,0.00,0.00,0,0
vda,4.80,0.00,0.02,0,0
vda,1.00,0.00,0.00,0,0
vda,34.80,0.00,0.14,0,0
vda,3.60,0.00,0.02,0,0
vda,1.00,0.00,0.00,0,0
vda,0.60,0.00,0.00,0,0
vda,19.00,0.00,0.07,0,0
vda,7.20,0.00,0.03,0,0
vda,1.00,0.00,0.00,0,0
vda,4.20,0.00,0.02,0,0
vda,2.60,0.00,0.01,0,0
vda,22.80,0.00,0.09,0,0
vda,2.00,0.00,0.01,0,0
vda,18.00,0.00,0.07,0,0
vda,1.20,0.00,0.00,0,0
vda,8.40,0.00,0.04,0,0
vda,1.20,0.00,0.00,0,0
vda,3.80,0.00,0.01,0,0
vda,42.40,0.00,0.16,0,0
vda,13.40,0.00,0.06,0,0
vda,0.00,0.00,0.00,0,0
vda,3.40,0.00,0.01,0,0
vda,1.00,0.00,0.00,0,0
vda,0.00,0.00,0.00,0,0
vda,2.20,0.00,0.01,0,0
vda,11.00,0.00,0.04,0,0
vda,43.40,0.00,0.17,0,0
vda,4.00,0.00,0.02,0,0
vda,7.40,0.00,0.03,0,0
vda,1.60,0.00,0.01,0,0
vda,1.80,0.00,0.01,0,0
vda,1.60,0.00,0.01,0,0
vda,6.40,0.00,0.03,0,0
vda,4.00,0.00,0.02,0,0
vda,5.80,0.00,0.02,0,0
vda,0.80,0.00,0.00,0,0
vda,24.80,0.00,0.10,0,0
vda,1.40,0.00,0.01,0,0
vda,4.00,0.00,0.02,0,0
vda,2.00,0.00,0.01,0,0
vda,14.60,0.00,0.06,0,0
vda,10.60,0.00,0.04,0,0
vda,2.00,0.00,0.01,0,0
vda,1.40,0.00,0.01,0,0
vda,11.00,0.00,0.05,0,0
vda,48.80,0.00,0.19,0,0
vda,1.00,0.00,0.00,0,0
vda,7.20,0.00,0.03,0,0
vda,2.20,0.00,0.01,0,0
vda,11.20,0.00,0.04,0,0
vda,1.60,0.00,0.01,0,0
vda,0.00,0.00,0.00,0,0
vda,2.00,0.00,0.01,0,0
vda,0.60,0.00,0.00,0,0
vda,35.80,0.00,0.14,0,0
vda,20.40,0.00,0.09,0,0
vda,5.80,0.00,0.02,0,0
vda,1.00,0.00,0.00,0,0
vda,3.40,0.00,0.01,0,0
vda,1.40,0.00,0.01,0,0
vda,2.00,0.00,0.01,0,0
vda,0.20,0.00,0.00,0,0
vda,12.00,0.00,0.05,0,0
vda,36.60,0.00,0.14,0,0
vda,14.60,0.00,0.06,0,0
vda,0.60,0.00,0.00,0,0
vda,2.00,0.00,0.01,0,0
vda,1.00,0.00,0.00,0,0
vda,1.20,0.00,0.00,0,0
vda,5.40,0.00,0.03,0,0
vda,7.80,0.00,0.03,0,0
vda,5.80,0.00,0.02,0,0
vda,22.80,0.00,0.09,0,0
vda,2.00,0.00,0.01,0,0
vda,0.40,0.00,0.00,0,0
vda,8.40,0.00,0.04,0,0
vda,2.40,0.00,0.01,0,0
vda,10.20,0.00,0.04,0,0
vda,2.20,0.00,0.01,0,0
vda,8.40,0.00,0.03,0,0
vda,2.40,0.00,0.01,0,0
vda,36.80,0.00,0.14,0,0
vda,2.00,0.00,0.01,0,0
vda,0.00,0.00,0.00,0,0
vda,13.40,0.00,0.05,0,0
vda,1.00,0.00,0.00,0,0
vda,15.00,0.00,0.06,0,0
vda,3.80,0.00,0.01,0,0
vda,0.00,0.00,0.00,0,0
vda,0.80,0.00,0.00,0,0
vda,39.00,0.00,0.15,0,0
vda,2.00,0.00,0.01,0,0
vda,6.80,0.00,0.03,0,0
vda,7.00,0.00,0.03,0,0
vda,1.00,0.00,0.00,0,0
vda,6.60,0.00,0.03,0,0
vda,2.20,0.00,0.01,0,0
vda,1.00,0.00,0.00,0,0
vda,24.40,0.00,0.10,0,0
vda,11.80,0.00,0.05,0,0
vda,2.40,0.00,0.01,0,0
vda,8.40,0.00,0.03,0,0
vda,2.00,0.00,0.01,0,0
vda,1.20,0.00,0.00,0,0
vda,0.00,0.00,0.00,0,0
vda,44.00,0.00,0.18,0,0
vda,0.00,0.00,0.00,0,0
vda,7.60,0.00,0.03,0,0
vda,2.00,0.00,0.01,0,0
vda,9.20,0.00,0.04,0,0
vda,3.60,0.00,0.01,0,0
vda,0.40,0.00,0.00,0,0
vda,1.20,0.00,0.00,0,0
vda,10.80,0.00,0.04,0,0
vda,14.80,0.00,0.06,0,0
vda,28.80,0.00,0.12,0,0
vda,4.80,0.00,0.02,0,0
vda,2.60,0.00,0.01,0,0
vda,1.20,0.00,0.00,0,0
vda,2.80,0.00,0.01,0,0
vda,1.00,0.00,0.01,0,0
vda,11.00,0.00,0.04,0,0
vda,23.60,0.00,0.09,0,0
vda,10.00,0.00,0.04,0,0
vda,1.20,0.00,0.00,0,0
vda,6.00,0.00,0.03,0,0
vda,1.00,0.00,0.00,0,0
vda,3.00,0.00,0.01,0,0
vda,7.40,0.00,0.03,0,0
vda,37.00,0.00,0.14,0,0
vda,6.40,0.00,0.03,0,0
vda,1.20,0.00,0.00,0,0
vda,2.60,0.00,0.01,0,0
vda,0.00,0.00,0.00,0,0
vda,2.60,0.00,0.01,0,0
vda,2.40,0.00,0.01,0,0
vda,16.60,0.00,0.07,0,0
vda,7.60,0.00,0.03,0,0
vda,36.80,0.00,0.14,0,0
vda,1.60,0.00,0.01,0,0
vda,0.00,0.00,0.00,0,0
vda,6.00,0.00,0.03,0,0
vda,0.00,0.00,0.00,0,0
vda,8.00,0.00,0.03,0,0
vda,2.00,0.00,0.01,0,0
vda,8.40,0.00,0.03,0,0
vda,33.00,0.00,0.13,0,0
vda,4.40,0.00,0.02,0,0
vda,7.40,0.00,0.03,0,0
vda,2.00,0.00,0.01,0,0
vda,3.99,0.00,0.01,0,0
vda,11.40,0.00,0.04,0,0
vda,6.00,0.00,0.02,0,0
vda,2.40,0.00,0.01,0,0
vda,0.00,0.00,0.00,0,0
vda,1.20,0.00,0.00,0,0
vda,24.80,0.00,0.10,0,0
vda,8.00,0.00,0.04,0,0
vda,1.20,0.00,0.00,0,0
vda,15.80,0.00,0.06,0,0
vda,1.00,0.00,0.00,0,0
vda,12.40,0.00,0.05,0,0
vda,2.40,0.00,0.01,0,0
vda,0.00,0.00,0.00,0,0
vda,1.00,0.00,0.00,0,0
vda,59.60,0.00,0.24,0,1
vda,3.60,0.00,0.01,0,0
vda,8.20,0.00,0.03,0,0
vda,6.80,0.00,0.03,0,0
vda,1.20,0.00,0.00,0,0
vda,53.20,0.00,0.22,0,1
vda,9.80,0.00,0.04,0,0
vda,0.00,0.00,0.00,0,0
vda,37.60,0.00,0.15,0,0
vda,18.40,0.00,0.07,0,0
vda,0.80,0.00,0.00,0,0
vda,1.40,0.00,0.00,0,0
vda,1.80,0.00,0.01,0,0
vda,1.00,0.00,0.00,0,0
vda,1.40,0.00,0.01,0,0
vda,22.20,0.00,0.09,0,0
vda,2.60,0.00,0.01,0,0
vda,18.60,0.00,0.07,0,0
vda,6.80,0.00,0.03,0,0
vda,0.20,0.00,0.00,0,0
vda,1.40,0.00,0.01,0,0
vda,2.00,0.00,0.01,0,0
vda,8.20,0.00,0.04,0,0
vda,1.20,0.00,0.00,0,0
vda,42.80,0.00,0.17,0,0
vda,1.00,0.00,0.00,0,0
vda,3.00,0.00,0.01,0,0
vda,5.60,0.00,0.02,0,0
vda,0.00,0.00,0.00,0,0
vda,3.00,0.00,0.01,0,0
vda,2.20,0.00,0.01,0,0
vda,1.60,0.00,0.01,0,0
vda,18.60,0.00,0.07,0,0
vda,37.60,0.00,0.15,0,0
vda,1.20,0.00,0.00,0,0
vda,1.00,0.00,0.00,0,0
vda,8.00,0.00,0.03,0,0
vda,28.20,0.00,0.11,0,0
vda,14.60,0.00,0.06,0,0
vda,0.00,0.00,0.00,0,0
vda,2.40,0.00,0.01,0,0
vda,1.00,0.00,0.00,0,0
vda,0.80,0.00,0.00,0,0
vda,19.60,0.00,0.08,0,0
vda,1.40,0.00,0.01,0,0
vda,37.00,0.00,0.14,0,0
vda,0.80,0.00,0.01,0,0
vda,2.00,0.00,0.01,0,0
vda,2.60,0.00,0.01,0,0
vda,1.40,0.00,0.01,0,0
vda,1.80,0.00,0.01,0,0
vda,19.60,0.00,0.08,0,0
vda,0.20,0.00,0.00,0,0
vda,2.40,0.00,0.01,0,0
vda,1.80,0.00,0.01,0,0
vda,35.40,0.00,0.14,0,0
vda,1.40,0.00,0.01,0,0
vda,4.60,0.00,0.02,0,0
vda,2.00,0.00,0.01,0,0
vda,18.80,0.00,0.07,0,0
vda,3.40,0.00,0.01,0,0
vda,0.00,0.00,0.00,0,0
vda,1.40,0.00,0.01,0,0
vda,24.80,0.00,0.10,0,0
vda,7.00,0.00,0.03,0,0
vda,4.20,0.00,0.02,0,0
vda,0.00,0.00,0.00,0,0
vda,20.20,0.00,0.08,0,0
vda,1.40,0.00,0.01,0,0
vda,2.00,0.00,0.01,0,0
vda,1.00,0.00,0.00,0,0
vda,0.00,0.00,0.00,0,0
vda,42.60,0.00,0.17,0,0
vda,1.00,0.00,0.00,0,0
vda,12.40,0.00,0.05,0,0
vda,3.60,0.00,0.01,0,0
vda,1.40,0.00,0.01,0,0
vda,0.20,0.00,0.00,0,0
vda,2.00,0.00,0.01,0,0
vda,1.20,0.00,0.00,0,0
vda,0.40,0.00,0.00,0,0
vda,44.00,0.00,0.18,0,0
vda,18.40,0.00,0.07,0,0
vda,1.00,0.00,0.00,0,0
vda,1.80,0.00,0.01,0,0
vda,1.80,0.00,0.01,0,0
vda,3.19,0.00,0.01,0,0
vda,2.00,0.00,0.01,0,0
vda,2.00,0.00,0.01,0,0
vda,17.80,0.00,0.07,0,0
vda,36.40,0.00,0.14,0,0
vda,7.00,0.00,0.03,0,0
vda,0.40,0.00,0.00,0,0
vda,2.40,0.00,0.01,0,0
vda,2.20,0.00,0.01,0,0
vda,3.20,0.00,0.02,0,0
vda,0.00,0.00,0.00,0,0
vda,12.40,0.00,0.05,0,0
vda,1.00,0.00,0.00,0,0
vda,25.00,0.00,0.10,0,0
vda,1.20,0.00,0.00,0,0
vda,6.00,0.00,0.03,0,0
vda,3.40,0.00,0.02,0,0
vda,1.80,0.00,0.01,0,0
vda,3.00,0.00,0.01,0,0
vda,17.20,0.00,0.07,0,0
vda,1.00,0.00,0.00,0,0
vda,9.20,0.00,0.04,0,0
vda,34.40,0.00,0.13,0,0
vda,1.00,0.00,0.00,0,0
vda,2.00,0.00,0.01,0,0
vda,5.20,0.00,0.02,0,0
vda,24.00,0.00,0.09,0,0
vda,0.00,0.00,0.00,0,0
vda,2.40,0.00,0.01,0,0
vda,1.60,0.00,0.01,0,0
vda,0.40,0.00,0.00,0,0
vda,50.20,0.00,0.20,0,1
vda,11.40,0.00,0.05,0,0
vda,13.00,0.00,0.05,0,0
vda,2.00,0.00,0.01,0,0
vda,3.00,0.00,0.01,0,0
vda,0.60,0.00,0.00,0,0
vda,2.60,0.00,0.01,0,0
vda,3.00,0.00,0.01,0,0
vda,0.00,0.00,0.00,0,0
vda,36.60,0.00,0.14,0,0
vda,18.40,0.00,0.07,0,0
vda,7.20,0.00,0.03,0,0
vda,2.40,0.00,0.01,0,0
vda,0.60,0.00,0.00,0,0
vda,4.60,0.00,0.02,0,0
vda,0.00,0.00,0.00,0,0
vda,1.00,0.00,0.00,0,0
vda,1.40,0.00,0.01,0,0
vda,36.80,0.00,0.14,0,0
vda,1.00,0.00,0.00,0,0
vda,0.60,0.00,0.00,0,0
vda,11.00,0.00,0.05,0,0
vda,1.20,0.00,0.00,0,0
vda,3.00,0.00,0.01,0,0
vda,2.20,0.00,0.01,0,0
vda,17.60,0.00,0.07,0,0
vda,1.00,0.00,0.00,0,0
vda,36.40,0.00,0.14,0,0
vda,2.40,0.00,0.01,0,0
vda,7.20,0.00,0.03,0,0
vda,2.40,0.00,0.01,0,0
vda,1.00,0.00,0.00,0,0
vda,18.60,0.00,0.07,0,0
vda,3.80,0.00,0.01,0,0
vda,1.40,0.00,0.01,0,0
vda,0.40,0.00,0.00,0,0
vda,38.80,0.00,0.16,0,0
vda,1.00,0.00,0.00,0,0
vda,0.00,0.00,0.00,0,0
vda,8.20,0.00,0.03,0,0
vda,12.60,0.00,0.05,0,0
vda,0.40,0.00,0.00,0,0
vda,3.40,0.00,0.01,0,0
vda,1.40,0.00,0.01,0,0
vda,1.40,0.00,0.01,0,0
vda,36.60,0.00,0.14,0,0
vda,1.20,0.00,0.00,0,0
vda,17.80,0.00,0.07,0,0
vda,8.20,0.00,0.03,0,0
vda,1.00,0.00,0.00,0,0
vda,0.00,0.00,0.00,0,0
vda,4.00,0.00,0.02,0,0
vda,0.20,0.00,0.00,0,0
vda,2.00,0.00,0.01,0,0
vda,32.00,0.00,0.13,0,0
vda,18.36,0.00,0.07,0,0
vda,0.00,0.00,0.00,0,0
vda,2.00,0.00,0.01,0,0
vda,1.40,0.00,0.01,0,0
vda,1.40,0.00,0.01,0,0
vda,4.20,0.00,0.02,0,0
vda,2.00,0.00,0.01,0,0
vda,0.00,0.00,0.00,0,0
vda,48.00,0.00,0.19,0,0
vda,1.00,0.00,0.00,0,0
vda,2.40,0.00,0.01,0,0
vda,8.20,0.00,0.03,0,0
vda,1.20,0.00,0.00,0,0
vda,0.00,0.00,0.00,0,0
vda,2.00,0.00,0.01,0,0
vda,17.40,0.00,0.07,0,0
vda,3.20,0.00,0.01,0,0
vda,38.60,0.00,0.16,0,0
vda,1.00,0.00,0.00,0,0
vda,0.20,0.00,0.00,0,0
vda,2.00,0.00,0.01,0,0
vda,0.00,0.00,0.00,0,0
vda,19.00,0.00,0.08,0,0
vda,2.20,0.00,0.01,0,0
vda,0.20,0.00,0.00,0,0
vda,36.00,0.00,0.14,0,0
vda,3.40,0.00,0.01,0,0
vda,1.40,0.00,0.01,0,0
vda,0.40,0.00,0.00,0,0
vda,2.20,0.00,0.01,0,0
vda,17.40,0.00,0.07,0,0
vda,1.00,0.00,0.00,0,0
vda,9.40,0.00,0.04,0,0
vda,2.20,0.00,0.01,0,0
vda,23.20,0.00,0.09,0,0
vda,2.20,0.00,0.01,0,0
vda,0.00,0.00,0.00,0,0
vda,19.60,0.00,0.08,0,0
vda,2.40,0.00,0.01,0,0
vda,0.00,0.00,0.00,0,0
vda,3.20,0.00,0.01,0,0
vda,2.20,0.00,0.01,0,0
vda,0.00,0.00,0.00,0,0
vda,7.60,0.00,0.03,0,0
vda,36.20,0.00,0.14,0,0
vda,0.00,0.00,0.00,0,0
vda,12.60,0.00,0.05,0,0
vda,2.80,0.00,0.01,0,0
vda,2.00,0.00,0.01,0,0
vda,1.60,0.00,0.01,0,0
vda,2.00,0.00,0.01,0,0
vda,0.00,0.00,0.00,0,0
vda,1.20,0.00,0.00,0,0
vda,54.20,0.00,0.21,0,1
vda,7.00,0.00,0.03,0,0
vda,2.60,0.00,0.01,0,0
vda,2.20,0.00,0.01,0,0
vda,1.40,0.00,0.01,0,0
vda,1.40,0.00,0.01,0,0
vda,2.60,0.00,0.01,0,0
vda,1.80,0.00,0.01,0,0
vda,23.60,0.00,0.09,0,0
vda,50.80,0.00,0.20,0,1
vda,10.80,0.00,0.05,0,0
vda,1.00,0.00,0.00,0,0
vda,3.80,0.00,0.01,0,0
vda,0.40,0.00,0.00,0,0
vda,4.20,0.00,0.02,0,0
vda,13.20,0.00,0.05,0,0
vda,1.00,0.00,0.00,0,0
vda,3.40,0.00,0.01,0,0
vda,24.20,0.00,0.09,0,0
vda,6.20,0.00,0.03,0,0
vda,1.40,0.00,0.00,0,0
vda,2.00,0.00,0.01,0,0
vda,0.80,0.00,0.00,0,0
vda,18.40,0.00,0.07,0,0
vda,5.00,0.00,0.02,0,0
vda,1.60,0.00,0.01,0,0
vda,0.00,0.00,0.00,0,0
vda,36.40,0.00,0.14,0,0
vda,0.60,0.00,0.00,0,0
vda,1.20,0.00,0.00,0,0
vda,14.00,0.00,0.05,0,0
vda,8.20,0.00,0.04,0,0
vda,2.00,0.00,0.01,0,0
vda,2.40,0.00,0.01,0,0
vda,1.20,0.00,0.00,0,0
vda,36.40,0.00,0.14,0,0
vda,2.60,0.00,0.01,0,0
vda,0.00,0.00,0.00,0,0
vda,21.00,0.00,0.09,0,0
vda,7.00,0.00,0.03,0,0
vda,0.60,0.00,0.00,0,0
vda,2.00,0.00,0.01,0,0
vda,1.40,0.00,0.01,0,0
vda,3.20,0.00,0.01,0,0
vda,36.60,0.00,0.14,0,0
vda,19.96,0.00,0.08,0,0
vda,0.00,0.00,0.00,0,0
vda,2.00,0.00,0.01,0,0
vda,1.40,0.00,0.01,0,0
vda,6.80,0.00,0.03,0,0
vda,1.40,0.00,0.01,0,0
vda,2.00,0.00,0.01,0,0
vda,3.60,0.00,0.02,0,0
vda,36.80,0.00,0.14,0,0
vda,0.40,0.00,0.00,0,0
vda,0.80,0.00,0.00,0,0
vda,2.00,0.00,0.01,0,0
vda,1.20,0.00,0.00,0,0
vda,6.80,0.00,0.03,0,0
vda,3.40,0.00,0.02,0,0
vda,18.80,0.00,0.07,0,0
vda,0.80,0.00,0.00,0,0
vda,37.80,0.00,0.15,0,0
vda,1.40,0.00,0.01,0,0
vda,0.60,0.00,0.00,0,0
vda,2.60,0.00,0.01,0,0
vda,3.00,0.00,0.02,0,0
vda,1.00,0.00,0.00,0,0
vda,25.40,0.00,0.10,0,0
vda,0.60,0.00,0.00,0,0
vda,1.00,0.00,0.00,0,0
vda,36.60,0.00,0.14,0,0
vda,2.80,0.00,0.01,0,0
vda,2.60,0.00,0.01,0,0
vda,9.40,0.00,0.04,0,0
vda,11.60,0.00,0.05,0,0
vda,1.00,0.00,0.00,0,0
vda,2.00,0.00,0.01,0,0
vda,1.20,0.00,0.00,0,0
vda,1.20,0.00,0.00,0,0
vda,36.40,0.00,0.14,0,0
vda,4.20,0.00,0.02,0,0
vda,1.40,0.00,0.01,0,0
vda,17.40,0.00,0.07,0,0
vda,2.20,0.00,0.01,0,0
vda,1.40,0.00,0.01,0,0
vda,2.20,0.00,0.01,0,0
vda,0.00,0.00,0.00,0,0
vda,8.20,0.00,0.04,0,0
vda,23.80,0.00,0.09,0,0
vda,13.80,0.00,0.05,0,0
vda,3.00,0.00,0.01,0,0
vda,3.20,0.00,0.01,0,0
vda,0.00,0.00,0.00,0,0
vda,1.00,0.00,0.00,0,0
vda,3.20,0.00,0.01,0,0
vda,0.40,0.00,0.00,0,0
vda,1.20,0.00,0.00,0,0
vda,58.80,0.00,0.23,0,1
vda,2.00,0.00,0.01,0,0
vda,1.00,0.00,0.00,0,0
vda,1.20,0.00,0.00,0,0
vda,5.00,0.00,0.02,0,0
vda,1.20,0.00,0.00,0,0
vda,2.00,0.00,0.01,0,0
vda,17.40,0.00,0.07,0,0
vda,1.20,0.00,0.00,0,0
vda,35.60,0.00,0.14,0,0
vda,8.20,0.00,0.04,0,0
vda,2.60,0.00,0.01,0,0
vda,46.60,0.00,0.19,0,0
vda,1.60,0.00,0.01,0,0
vda,0.00,0.00,0.00,0,0
vda,37.00,0.00,0.14,0,0
vda,2.20,0.00,0.01,0,0
vda,0.00,0.00,0.00,0,0
vda,41.40,0.00,0.16,0,0
vda,14.60,0.00,0.06,0,0
vda,1.00,0.00,0.00,0,0
vda,3.60,0.00,0.01,0,0
vda,0.00,0.00,0.00,0,0
vda,1.40,0.00,0.01,0,0
vda,1.40,0.00,0.01,0,0
vda,15.40,0.00,0.06,0,0
vda,1.60,0.00,0.01,0,0
vda,29.00,0.00,0.12,0,0
vda,2.20,0.00,0.01,0,0
vda,2.00,0.00,0.01,0,0
vda,1.40,0.00,0.01,0,0
vda,3.80,0.00,0.01,0,0
vda,25.00,0.00,0.10,0,0
vda,2.00,0.00,0.01,0,0
vda,1.80,0.00,0.01,0,0
vda,11.60,0.00,0.05,0,0
vda,29.80,0.00,0.12,0,0
vda,20.40,0.00,0.08,0,0
vda,1.00,0.00,0.00,0,0
vda,2.20,0.00,0.01,0,0
vda,14.00,0.00,0.06,0,0
vda,0.20,0.00,0.00,0,0
vda,4.20,0.00,0.02,0,0
vda,8.60,0.00,0.04,0,0
vda,0.00,0.00,0.00,0,0
vda,35.40,0.00,0.14,0,0
vda,2.00,0.00,0.01,0,0
vda,19.80,0.00,0.08,0,0
vda,1.40,0.00,0.01,0,0
vda,2.00,0.00,0.01,0,0
vda,2.40,0.00,0.01,0,0
vda,2.60,0.00,0.01,0,0
vda,1.40,0.00,0.01,0,0
vda,0.40,0.00,0.00,0,0
vda,37.80,0.00,0.15,0,0
vda,19.40,0.00,0.08,0,0
vda,7.00,0.00,0.03,0,0
vda,1.00,0.00,0.00,0,0
vda,1.80,0.00,0.01,0,0
vda,1.20,0.00,0.00,0,0
vda,36.40,0.00,0.15,0,0
vda,10.40,0.00,0.04,0,0
vda,1.00,0.00,0.00,0,0
vda,2.00,0.00,0.01,0,0
vda,0.00,0.00,0.00,0,0
vda,1.00,0.00,0.00,0,0
vda,1.40,0.00,0.01,0,0
vda,21.00,0.00,0.08,0,0
vda,1.00,0.00,0.00,0,0
vda,14.20,0.00,0.06,0,0
vda,24.40,0.00,0.10,0,0
vda,0.00,0.00,0.00,0,0
vda,1.40,0.00,0.01,0,0
vda,2.00,0.00,0.01,0,0
vda,14.00,0.00,0.06,0,0
vda,7.00,0.00,0.03,0,0
vda,2.00,0.00,0.01,0,0
vda,1.20,0.00,0.00,0,0
vda,2.00,0.00,0.01,0,0
vda,34.80,0.00,0.14,0,0
vda,3.20,0.00,0.01,0,0
vda,3.40,0.00,0.01,0,0
vda,1.80,0.00,0.01,0,0
vda,18.40,0.00,0.07,0,0
vda,1.00,0.00,0.00,0,0
vda,2.20,0.00,0.01,0,0
vda,1.20,0.00,0.00,0,0
vda,8.00,0.00,0.03,0,0
vda,23.00,0.00,0.09,0,0
vda,1.80,0.00,0.01,0,0
vda,20.20,0.00,0.08,0,0
vda,1.80,0.00,0.01,0,0
vda,1.00,0.00,0.00,0,0
vda,2.00,0.00,0.01,0,0
vda,0.00,0.00,0.00,0,0
vda,1.20,0.00,0.00,0,0
vda,7.00,0.00,0.03,0,0
vda,37.60,0.00,0.15,0,0
vda,12.80,0.00,0.05,0,0
vda,2.80,0.00,0.01,0,0
vda,1.00,0.00,0.00,0,0
vda,1.20,0.00,0.00,0,0
vda,2.20,0.00,0.01,0,0
vda,0.00,0.00,0.00,0,0
vda,2.80,0.00,0.01,0,0
vda,24.80,0.00,0.10,0,0
vda,36.20,0.00,0.14,0,0
vda,1.20,0.00,0.00,0,0
vda,0.20,0.00,0.00,0,0
vda,4.80,0.00,0.02,0,0
vda,9.00,0.00,0.04,0,0
vda,0.00,0.00,0.00,0,0
vda,4.20,0.00,0.02,0,0
vda,18.40,0.00,0.07,0,0
vda,0.80,0.00,0.00,0,0
vda,36.80,0.00,0.14,0,0
vda,1.60,0.00,0.01,0,0
vda,1.20,0.00,0.00,0,0
vda,4.40,0.00,0.02,0,0
vda,2.00,0.00,0.01,0,0
vda,11.60,0.00,0.05,0,0
vda,2.00,0.00,0.01,0,0
vda,1.40,0.00,0.01,0,0
vda,1.60,0.00,0.01,0,0
vda,24.60,0.00,0.10,0,0
vda,7.00,0.00,0.03,0,0
vda,2.00,0.00,0.01,0,0
vda,3.60,0.00,0.01,0,0
vda,19.00,0.00,0.07,0,0
vda,0.00,0.00,0.00,0,0
vda,2.20,0.00,0.01,0,0
vda,1.00,0.00,0.00,0,0
vda,0.60,0.00,0.00,0,0
vda,37.60,0.00,0.15,0,0
vda,7.60,0.00,0.03,0,0
vda,12.80,0.00,0.05,0,0
vda,3.80,0.00,0.01,0,0
vda,2.00,0.00,0.01,0,0
vda,0.00,0.00,0.00,0,0
vda,2.00,0.00,0.01,0,0
vda,3.40,0.00,0.02,0,0
vda,26.20,0.00,0.10,0,0
vda,11.00,0.00,0.04,0,0
vda,24.40,0.00,0.10,0,0
vda,1.00,0.00,0.00,0,0
vda,3.40,0.00,0.01,0,0
vda,2.00,0.00,0.01,0,0
vda,1.20,0.00,0.01,0,0
vda,19.00,0.00,0.07,0,0
vda,1.60,0.00,0.01,0,0
vda,24.80,0.00,0.10,0,0
vda,24.40,0.00,0.10,0,0
vda,1.60,0.00,0.01,0,0
vda,0.80,0.00,0.00,0,0
vda,3.60,0.00,0.02,0,0
vda,1.60,0.00,0.01,0,0
vda,4.00,0.00,0.02,0,0
vda,48.00,0.00,0.19,0,0
vda,1.60,0.00,0.01,0,0
vda,1.00,0.00,0.00,0,0
vda,8.00,0.00,0.03,0,0
vda,3.40,0.00,0.02,0,0
vda,6.00,0.00,0.03,0,0
vda,2.20,0.00,0.01,0,0
vda,18.80,0.00,0.07,0,0
vda,5.00,0.00,0.02,0,0
vda,27.00,0.00,0.11,0,0
vda,0.00,0.00,0.00,0,0
vda,2.40,0.00,0.01,0,0
vda,11.00,0.00,0.04,0,0
vda,1.40,0.00,0.01,0,0
vda,7.00,0.00,0.03,0,0
vda,14.20,0.00,0.05,0,0
vda,1.00,0.00,0.00,0,0
vda,0.60,0.00,0.00,0,0
vda,28.20,0.00,0.11,0,0
vda,2.80,0.00,0.01,0,0
vda,1.20,0.00,0.00,0,0
vda,18.60,0.00,0.08,0,0
vda,18.60,0.00,0.07,0,0
vda,0.00,0.00,0.00,0,0
vda,2.00,0.00,0.01,0,0
vda,2.80,0.00,0.01,0,0
vda,0.80,0.00,0.00,0,0
vda,19.00,0.00,0.07,0,0
vda,1.00,0.00,0.00,0,0
vda,21.40,0.00,0.08,0,0
vda,10.40,0.00,0.04,0,0
vda,0.40,0.00,0.00,0,0
vda,2.00,0.00,0.01,0,0
vda,2.00,0.00,0.01,0,0
vda,1.00,0.00,0.00,0,0
vda,0.80,0.00,0.00,0,0
vda,45.40,0.00,0.18,0,0
vda,2.00,0.00,0.01,0,0
vda,1.20,0.00,0.00,0,0
vda,9.80,0.00,0.04,0,0
vda,1.00,0.00,0.00,0,0
vda,0.00,0.00,0.00,0,0
vda,2.00,0.00,0.01,0,0
vda,19.20,0.00,0.07,0,0
vda,0.00,0.00,0.00,0,0
vda,33.40,0.00,0.13,0,0
vda,2.40,0.00,0.01,0,0
vda,0.00,0.00,0.00,0,0
vda,11.20,0.00,0.04,0,0
vda,2.20,0.00,0.01,0,0
vda,13.37,0.00,0.05,0,0
vda,1.80,0.00,0.01,0,0
vda,1.00,0.00,0.00,0,0
vda,1.60,0.00,0.01,0,0
vda,27.40,0.00,0.11,0,0
vda,7.40,0.00,0.03,0,0
vda,1.20,0.00,0.00,0,0
vda,11.40,0.00,0.04,0,0
vda,18.80,0.00,0.07,0,0
vda,1.40,0.00,0.01,0,0
vda,3.00,0.00,0.01,0,0
vda,0.40,0.00,0.00,0,0
vda,0.80,0.00,0.00,0,0
vda,18.80,0.00,0.07,0,0
vda,8.40,0.00,0.04,0,0
vda,17.40,0.00,0.07,0,0
vda,11.00,0.00,0.04,0,0
vda,5.00,0.00,0.02,0,0
vda,0.00,0.00,0.00,0,0
vda,2.40,0.00,0.01,0,0
vda,1.00,0.00,0.00,0,0
vda,1.20,0.00,0.00,0,0
vda,27.40,0.00,0.11,0,0
vda,13.00,0.00,0.05,0,0
vda,8.60,0.00,0.04,0,0
vda,7.80,0.00,0.03,0,0
vda,1.80,0.00,0.01,0,0
vda,1.40,0.00,0.01,0,0
vda,2.00,0.00,0.01,0,0
vda,1.60,0.00,0.01,0,0
vda,17.40,0.00,0.07,0,0
vda,28.80,0.00,0.12,0,0
vda,7.00,0.00,0.03,0,0
vda,0.60,0.00,0.00,0,0
vda,11.00,0.00,0.04,0,0
vda,2.40,0.00,0.01,0,0
vda,1.80,0.00,0.01,0,0
vda,1.80,0.00,0.01,0,0
vda,19.60,0.00,0.08,0,0
vda,7.60,0.00,0.03,0,0
vda,27.20,0.00,0.11,0,0
vda,1.60,0.00,0.01,0,0
vda,0.20,0.00,0.00,0,0
vda,13.00,0.00,0.05,0,0
vda,1.40,0.00,0.01,0,0
vda,12.80,0.00,0.05,0,0
vda,2.00,0.00,0.01,0,0
vda,1.60,0.00,0.01,0,0
vda,0.00,0.00,0.00,0,0
vda,25.20,0.00,0.10,0,0
vda,1.80,0.00,0.01,0,0
vda,0.00,0.00,0.00,0,0
vda,12.60,0.00,0.05,0,0
vda,19.60,0.00,0.08,0,0
vda,1.40,0.00,0.01,0,0
vda,2.00,0.00,0.01,0,0
vda,1.20,0.00,0.00,0,0
vda,0.00,0.00,0.00,0,0
vda,27.60,0.00,0.11,0,0
vda,8.80,0.00,0.04,0,0
vda,12.80,0.00,0.05,0,0
vda,7.80,0.00,0.03,0,0
vda,2.20,0.00,0.01,0,0
vda,1.60,0.00,0.01,0,0
vda,2.00,0.00,0.01,0,0
vda,0.00,0.00,0.00,0,0
vda,2.80,0.00,0.01,0,0
vda,35.20,0.00,0.14,0,0
vda,35.60,0.00,0.14,0,0
vda,0.80,0.00,0.00,0,0
vda,13.20,0.00,0.05,0,0
vda,2.00,0.00,0.01,0,0
vda,2.40,0.00,0.01,0,0
vda,4.40,0.00,0.02,0,0
vda,1.00,0.00,0.00,0,0
vda,17.60,0.00,0.07,0,0
vda,27.40,0.00,0.11,0,0
vda,1.40,0.00,0.01,0,0
vda,7.60,0.00,0.03,0,0
vda,11.20,0.00,0.04,0,0
vda,2.80,0.00,0.01,0,0
vda,38.20,0.00,0.16,0,0
vda,0.20,0.00,0.00,0,0
vda,2.00,0.00,0.01,0,0
vda,0.60,0.00,0.00,0,0
vda,1.00,0.00,0.00,0,0
vda,2.00,0.00,0.01,0,0
vda,1.00,0.00,0.00,0,0
vda,36.80,0.00,0.14,0,0
vda,19.40,0.00,0.08,0,0
vda,2.40,0.00,0.01,0,0
vda,2.40,0.00,0.01,0,0
vda,40.20,0.00,0.16,0,0
vda,3.20,0.00,0.01,0,0
vda,1.20,0.00,0.00,0,0
vda,2.00,0.00,0.01,0,0
vda,0.60,0.00,0.00,0,0
vda,1.20,0.00,0.00,0,0
vda,2.40,0.00,0.01,0,0
vda,21.40,0.00,0.09,0,0
vda,36.60,0.00,0.14,0,0
vda,1.00,0.00,0.00,0,0
vda,0.00,0.00,0.00,0,0
vda,44.00,0.00,0.17,0,0
vda,2.80,0.00,0.01,0,0
vda,0.00,0.00,0.00,0,0
vda,37.00,0.00,0.14,0,0
vda,2.20,0.00,0.01,0,0
vda,2.00,0.00,0.01,0,0
vda,1.60,0.00,0.01,0,0
vda,2.40,0.00,0.01,0,0
vda,0.00,0.00,0.00,0,0
vda,1.40,0.00,0.01,0,0
vda,20.80,0.00,0.08,0,0
vda,7.00,0.00,0.03,0,0
vda,35.60,0.00,0.14,0,0
vda,1.80,0.00,0.01,0,0
vda,1.00,0.00,0.00,0,0
vda,4.00,0.00,0.02,0,0
vda,1.60,0.00,0.01,0,0
vda,13.20,0.00,0.05,0,0
vda,1.00,0.00,0.00,0,0
vda,1.80,0.00,0.01,0,0
vda,1.00,0.00,0.00,0,0
vda,41.80,0.00,0.17,0,0
vda,2.00,0.00,0.01,0,0
vda,1.00,0.00,0.00,0,0
vda,3.40,0.00,0.01,0,0
vda,19.60,0.00,0.08,0,0
vda,1.00,0.00,0.00,0,0
vda,2.40,0.00,0.01,0,0
vda,1.20,0.00,0.00,0,0
vda,6.00,0.00,0.03,0,0
vda,24.00,0.00,0.09,0,0
vda,3.80,0.00,0.02,0,0
vda,19.00,0.00,0.07,0,0
vda,3.20,0.00,0.01,0,0
vda,0.00,0.00,0.00,0,0
vda,1.40,0.00,0.01,0,0
vda,1.00,0.00,0.00,0,0
vda,2.00,0.00,0.01,0,0
vda,0.20,0.00,0.00,0,0
vda,43.20,0.00,0.17,0,0
vda,14.00,0.00,0.05,0,0
vda,0.60,0.00,0.00,0,0
vda,1.20,0.00,0.00,0,0
vda,3.40,0.00,0.01,0,0
vda,1.40,0.00,0.01,0,0
vda,0.60,0.00,0.00,0,0
vda,4.00,0.00,0.02,0,0
vda,18.60,0.00,0.07,0,0
vda,12.80,0.00,0.05,0,0
vda,29.60,0.00,0.12,0,0
vda,1.00,0.00,0.00,0,0
vda,2.20,0.00,0.01,0,0
vda,0.60,0.00,0.00,0,0
vda,1.20,0.00,0.00,0,0
vda,5.00,0.00,0.02,0,0
vda,18.80,0.00,0.07,0,0
vda,1.00,0.00,0.00,0,0
vda,34.40,0.00,0.13,0,0
vda,2.20,0.00,0.01,0,0
vda,1.60,0.00,0.01,0,0
vda,8.60,0.00,0.04,0,0
vda,2.40,0.00,0.01,0,0
vda,11.60,0.00,0.05,0,0
vda,3.80,0.00,0.01,0,0
vda,1.80,0.00,0.01,0,0
vda,8.20,0.00,0.04,0,0
vda,23.00,0.00,0.09,0,0
vda,1.80,0.00,0.01,0,0
vda,2.80,0.00,0.01,0,0
vda,2.00,0.00,0.01,0,0
vda,17.80,0.00,0.07,0,0
vda,1.20,0.00,0.00,0,0
vda,2.00,0.00,0.01,0,0
vda,1.60,0.00,0.01,0,0
vda,1.40,0.00,0.01,0,0
vda,37.00,0.00,0.14,0,0
vda,2.40,0.00,0.01,0,0
vda,0.00,0.00,0.00,0,0
vda,12.77,0.00,0.05,0,0
vda,10.20,0.00,0.04,0,0
vda,4.80,0.00,0.02,0,0
vda,2.20,0.00,0.01,0,0
vda,2.00,0.00,0.01,0,0
vda,2.40,0.00,0.01,0,0
vda,15.40,0.00,0.06,0,0
vda,33.20,0.00,0.13,0,0
vda,24.80,0.00,0.10,0,0
vda,2.60,0.00,0.01,0,0
vda,2.00,0.00,0.01,0,0
vda,2.40,0.00,0.01,0,0
vda,7.40,0.00,0.03,0,0
vda,2.80,0.00,0.01,0,0
vda,1.80,0.00,0.01,0,0
vda,18.60,0.00,0.07,0,0
vda,36.60,0.00,0.14,0,0
vda,0.40,0.00,0.00,0,0
vda,3.00,0.00,0.01,0,0
vda,16.60,0.00,0.07,0,0
vda,0.80,0.00,0.00,0,0
vda,1.00,0.00,0.00,0,0
vda,13.60,0.00,0.05,0,0
vda,2.60,0.00,0.01,0,0
vda,1.60,0.00,0.01,0,0
vda,37.60,0.00,0.15,0,0
vda,0.00,0.00,0.00,0,0
vda,1.00,0.00,0.00,0,0
vda,1.80,0.00,0.01,0,0
vda,7.40,0.00,0.03,0,0
vda,18.80,0.00,0.07,0,0
vda,1.80,0.00,0.01,0,0
vda,1.60,0.00,0.01,0,0
vda,3.60,0.00,0.01,0,0
vda,24.20,0.00,0.09,0,0
vda,0.40,0.00,0.00,0,0
vda,1.20,0.00,0.00,0,0
vda,2.40,0.00,0.01,0,0
vda,19.00,0.00,0.07,0,0
vda,2.60,0.00,0.01,0,0
vda,7.80,0.00,0.03,0,0
vda,1.60,0.00,0.01,0,0
vda,1.20,0.00,0.00,0,0
vda,36.40,0.00,0.14,0,0
vda,2.20,0.00,0.01,0,0
vda,14.00,0.00,0.05,0,0
vda,0.00,0.00,0.00,0,0
vda,3.00,0.00,0.02,0,0
vda,1.40,0.00,0.00,0,0
vda,1.80,0.00,0.01,0,0
vda,7.00,0.00,0.03,0,0
vda,1.20,0.00,0.00,0,0
vda,53.60,0.00,0.21,0,1
vda,3.40,0.00,0.01,0,0
vda,0.60,0.00,0.00,0,0
vda,9.80,0.00,0.04,0,0
vda,0.00,0.00,0.00,0,0
vda,1.20,0.00,0.00,0,0
vda,2.00,0.00,0.01,0,0
vda,1.40,0.00,0.01,0,0
vda,35.60,0.00,0.14,0,0
vda,3.00,0.00,0.01,0,0
vda,1.00,0.00,0.00,0,0
vda,0.60,0.00,0.00,0,0
vda,3.40,0.00,0.01,0,0
vda,2.20,0.00,0.01,0,0
vda,2.20,0.00,0.01,0,0
vda,19.40,0.00,0.08,0,0
vda,2.80,0.00,0.02,0,0
vda,34.13,0.00,0.13,0,0
vda,8.00,0.00,0.03,0,0
vda,1.60,0.00,0.01,0,0
vda,1.20,0.00,0.00,0,0
vda,28.00,0.00,0.11,0,0
vda,28.20,0.00,0.11,0,0
vda,3.40,0.00,0.01,0,0
vda,1.60,0.00,0.01,0,0
vda,0.00,0.00,0.00,0,0
vda,0.60,0.00,0.00,0,0
vda,2.40,0.00,0.01,0,0
vda,2.40,0.00,0.01,0,0
vda,41.00,0.00,0.16,0,0
vda,2.00,0.00,0.01,0,0
vda,1.00,0.00,0.00,0,0
vda,24.60,0.00,0.10,0,0
vda,2.20,0.00,0.01,0,0
vda,1.80,0.00,0.01,0,0
vda,3.40,0.00,0.01,0,0
vda,0.00,0.00,0.00,0,0
vda,1.00,0.00,0.00,0,0
vda,1.00,0.00,0.00,0,0
vda,21.20,0.00,0.09,0,0
vda,7.60,0.00,0.03,0,0
vda,35.00,0.00,0.14,0,0
vda,2.00,0.00,0.01,0,0
vda,1.80,0.00,0.01,0,0
vda,2.60,0.00,0.01,0,0
vda,1.60,0.00,0.00,0,0
vda,3.40,0.00,0.02,0,0
vda,19.40,0.00,0.08,0,0
vda,0.00,0.00,0.00,0,0
vda,7.00,0.00,0.03,0,0
vda,19.80,0.00,0.08,0,0
vda,17.60,0.00,0.07,0,0
vda,1.00,0.00,0.00,0,0
vda,3.60,0.00,0.01,0,0
vda,1.00,0.00,0.00,0,0
vda,13.40,0.00,0.05,0,0
vda,0.40,0.00,0.00,0,0
vda,2.20,0.00,0.01,0,0
vda,1.00,0.00,0.00,0,0
vda,40.80,0.00,0.16,0,0
vda,2.20,0.00,0.01,0,0
vda,2.00,0.00,0.01,0,0
vda,22.00,0.00,0.10,0,0
vda,3.80,0.00,0.01,0,0
vda,2.60,0.00,0.01,0,0
vda,2.60,0.00,0.01,0,0
vda,0.00,0.00,0.00,0,0
vda,1.40,0.00,0.01,0,0
vda,27.40,0.00,0.11,0,0
vda,26.00,0.00,0.10,0,0
vda,11.80,0.00,0.05,0,0
vda,0.80,0.00,0.00,0,0
vda,3.00,0.00,0.01,0,0
vda,1.00,0.00,0.00,0,0
vda,3.00,0.00,0.01,0,0
vda,4.20,0.00,0.02,0,0
vda,2.20,0.00,0.01,0,0
vda,21.40,0.00,0.08,0,0
vda,38.00,0.00,0.15,0,0
vda,7.00,0.00,0.03,0,0
vda,0.00,0.00,0.00,0,0
vda,2.60,0.00,0.01,0,0
vda,1.20,0.00,0.00,0,0
vda,1.60,0.00,0.01,0,0
vda,2.00,0.00,0.01,0,0
vda,18.40,0.00,0.07,0,0
vda,2.80,0.00,0.01,0,0
vda,35.80,0.00,0.14,0,0
vda,1.20,0.00,0.00,0,0
vda,0.00,0.00,0.00,0,0
vda,3.40,0.00,0.02,0,0
vda,1.00,0.00,0.00,0,0
vda,6.00,0.00,0.03,0,0
vda,14.20,0.00,0.06,0,0
vda,1.20,0.00,0.00,0,0
vda,0.20,0.00,0.00,0,0
vda,37.80,0.00,0.15,0,0
vda,1.00,0.00,0.00,0,0
vda,1.00,0.00,0.00,0,0
vda,2.40,0.00,0.01,0,0
vda,18.60,0.00,0.07,0,0
vda,0.00,0.00,0.00,0,0
vda,2.40,0.00,0.01,0,0
vda,7.80,0.00,0.03,0,0
vda,25.00,0.00,0.10,0,0
vda,3.20,0.00,0.02,0,0
vda,1.40,0.00,0.01,0,0
vda,17.40,0.00,0.07,0,0
vda,2.20,0.00,0.01,0,0
vda,1.20,0.00,0.00,0,0
vda,2.00,0.00,0.01,0,0
vda,6.40,0.00,0.03,0,0
vda,2.60,0.00,0.01,0,0
vda,0.00,0.00,0.00,0,0
vda,36.20,0.00,0.14,0,0
vda,13.80,0.00,0.05,0,0
vda,2.60,0.00,0.01,0,0
vda,1.00,0.00,0.00,0,0
vda,1.20,0.00,0.00,0,0
vda,2.00,0.00,0.01,0,0
vda,1.20,0.00,0.01,0,0
vda,7.00,0.00,0.03,0,0
vda,52.80,0.00,0.21,0,1
vda,2.40,0.00,0.01,0,0
vda,2.60,0.00,0.01,0,0
vda,2.40,0.00,0.01,0,0
vda,0.00,0.00,0.00,0,0
vda,2.40,0.00,0.01,0,0
vda,1.20,0.00,0.00,0,0
vda,19.60,0.00,0.08,0,0
vda,7.60,0.00,0.03,0,0
vda,35.80,0.00,0.14,0,0
vda,2.00,0.00,0.01,0,0
vda,1.00,0.00,0.00,0,0
vda,10.40,0.00,0.04,0,0
vda,42.40,0.00,0.17,0,0
vda,1.60,0.00,0.01,0,0
vda,0.00,0.00,0.00,0,0
vda,27.60,0.00,0.11,0,0
vda,11.40,0.00,0.04,0,0
vda,10.60,0.00,0.04,0,0
vda,22.00,0.00,0.09,0,0
vda,1.00,0.00,0.00,0,0
vda,23.20,0.00,0.09,0,0
vda,1.00,0.00,0.00,0,0
vda,1.00,0.00,0.00,0,0
vda,0.00,0.00,0.00,0,0
vda,2.00,0.00,0.01,0,0
vda,1.00,0.00,0.00,0,0
vda,0.80,0.00,0.00,0,0
vda,55.40,0.00,0.22,0,1
vda,1.40,0.00,0.01,0,0
vda,0.80,0.00,0.00,0,0
vda,3.80,0.00,0.01,0,0
vda,1.40,0.00,0.01,0,0
vda,0.20,0.00,0.00,0,0
vda,2.80,0.00,0.01,0,0
vda,21.20,0.00,0.09,0,0
vda,36.00,0.00,0.14,0,0
vda,7.00,0.00,0.03,0,0
vda,1.00,0.00,0.00,0,0
vda,1.80,0.00,0.01,0,0
vda,37.20,0.00,0.15,0,0
vda,2.20,0.00,0.01,0,0
vda,0.00,0.00,0.00,0,0
vda,2.00,0.00,0.01,0,0
vda,1.20,0.00,0.00,0,0
vda,1.80,0.00,0.01,0,0
vda,1.60,0.00,0.01,0,0
vda,26.20,0.00,0.11,0,0
vda,36.20,0.00,0.14,0,0
vda,1.00,0.00,0.00,0,0
vda,2.20,0.00,0.01,0,0
vda,2.20,0.00,0.01,0,0
vda,1.80,0.00,0.01,0,0
vda,1.00,0.00,0.00,0,0
vda,1.40,0.00,0.01,0,0
vda,13.60,0.00,0.05,0,0
vda,7.00,0.00,0.03,0,0
vda,22.60,0.00,0.09,0,0
vda,2.40,0.00,0.01,0,0
vda,1.40,0.00,0.01,0,0
vda,3.00,0.00,0.01,0,0
vda,2.80,0.00,0.01,0,0
vda,17.40,0.00,0.07,0,0
vda,35.20,0.00,0.14,0,0
vda,2.40,0.00,0.01,0,0
vda,1.20,0.00,0.00,0,0
vda,6.00,0.00,0.03,0,0
vda,2.00,0.00,0.01,0,0
vda,3.40,0.00,0.01,0,0
vda,0.00,0.00,0.00,0,0
vda,72.60,0.00,0.28,0,1
vda,1.60,0.00,0.01,0,0
vda,0.00,0.00,0.00,0,0
vda,13.80,0.00,0.06,0,0
vda,3.40,0.00,0.02,0,0
vda,0.20,0.00,0.00,0,0
vda,2.40,0.00,0.01,0,0
vda,12.80,0.00,0.05,0,0
vda,1.20,0.00,0.00,0,0
vda,38.40,0.00,0.15,0,0
vda,1.20,0.00,0.00,0,0
vda,1.80,0.00,0.01,0,0
vda,2.60,0.00,0.01,0,0
vda,1.20,0.00,0.00,0,0
vda,17.40,0.00,0.07,0,0
vda,8.00,0.00,0.03,0,0
vda,1.00,0.00,0.00,0,0
vda,0.00,0.00,0.00,0,0
vda,25.80,0.00,0.10,0,0
vda,3.80,0.00,0.02,0,0
vda,0.20,0.00,0.00,0,0
vda,2.40,0.00,0.01,0,0
vda,18.40,0.00,0.07,0,0
vda,0.00,0.00,0.00,0,0
vda,2.00,0.00,0.01,0,0
vda,7.80,0.00,0.03,0,0
vda,2.20,0.00,0.01,0,0
vda,36.40,0.00,0.14,0,0
vda,1.80,0.00,0.01,0,0
vda,12.60,0.00,0.05,0,0
vda,2.00,0.00,0.01,0,0
vda,1.60,0.00,0.01,0,0
vda,0.00,0.00,0.00,0,0
vda,2.60,0.00,0.01,0,0
vda,8.20,0.00,0.03,0,0
vda,1.00,0.00,0.00,0,0
vda,34.60,0.00,0.14,0,0
vda,19.80,0.00,0.08,0,0
vda,2.80,0.00,0.01,0,0
vda,2.40,0.00,0.01,0,0
vda,1.40,0.00,0.01,0,0
vda,0.60,0.00,0.00,0,0
vda,1.00,0.00,0.00,0,0
vda,2.40,0.00,0.01,0,0
vda,18.40,0.00,0.07,0,0
vda,36.60,0.00,0.14,0,0
vda,1.00,0.00,0.00,0,0
vda,0.40,0.00,0.00,0,0
vda,2.80,0.00,0.01,0,0
vda,3.80,0.00,0.01,0,0
vda,1.60,0.00,0.01,0,0
vda,17.40,0.00,0.07,0,0
vda,2.00,0.00,0.01,0,0
vda,0.00,0.00,0.00,0,0
vda,24.00,0.00,0.09,0,0
vda,9.80,0.00,0.04,0,0
vda,1.00,0.00,0.00,0,0
vda,2.00,0.00,0.01,0,0
vda,1.00,0.00,0.00,0,0
vda,17.40,0.00,0.07,0,0
vda,2.40,0.00,0.01,0,0
vda,3.00,0.00,0.01,0,0
vda,2.40,0.00,0.01,0,0
vda,34.60,0.00,0.14,0,0
vda,2.00,0.00,0.01,0,0
vda,0.80,0.00,0.00,0,0
vda,1.00,0.00,0.00,0,0
vda,20.20,0.00,0.08,0,0
vda,1.00,0.00,0.00,0,0
vda,11.40,0.00,0.05,0,0
vda,2.00,0.00,0.01,0,0
vda,0.00,0.00,0.00,0,0
vda,35.40,0.00,0.14,0,0
vda,2.40,0.00,0.01,0,0
vda,18.20,0.00,0.07,0,0
vda,1.20,0.00,0.00,0,0
vda,2.80,0.00,0.01,0,0
vda,0.60,0.00,0.00,0,0
vda,2.40,0.00,0.01,0,0
vda,3.00,0.00,0.01,0,0
vda,1.60,0.00,0.01,0,0
vda,6.40,0.00,0.03,0,0
vda,47.80,0.00,0.19,0,0
vda,1.40,0.00,0.01,0,0
vda,2.60,0.00,0.01,0,0
vda,8.40,0.00,0.04,0,0
vda,0.40,0.00,0.00,0,0
vda,1.40,0.00,0.00,0,0
vda,2.20,0.00,0.01,0,0
vda,3.00,0.00,0.01,0,0
vda,11.60,0.00,0.05,0,0
vda,26.20,0.00,0.10,0,0
vda,1.00,0.00,0.00,0,0
vda,1.40,0.00,0.00,0,0
vda,2.00,0.00,0.01,0,0
vda,0.20,0.00,0.00,0,0
vda,7.20,0.00,0.03,0,0
vda,20.40,0.00,0.08,0,0
vda,1.00,0.00,0.00,0,0
vda,2.60,0.00,0.01,0,0
vda,36.80,0.00,0.14,0,0
vda,0.00,0.00,0.00,0,0
vda,1.40,0.00,0.00,0,0
vda,2.00,0.00,0.01,0,0
vda,0.40,0.00,0.00,0,0
vda,20.60,0.00,0.09,0,0
vda,2.20,0.00,0.01,0,0
vda,0.00,0.00,0.00,0,0
vda,1.00,0.00,0.00,0,0
vda,37.40,0.00,0.15,0,0
vda,2.00,0.00,0.01,0,0
vda,1.40,0.00,0.01,0,0
vda,19.40,0.00,0.08,0,0
vda,1.80,0.00,0.01,0,0
vda,1.00,0.00,0.00,0,0
vda,2.00,0.00,0.01,0,0
vda,6.60,0.00,0.03,0,0
vda,1.40,0.00,0.01,0,0
vda,48.60,0.00,0.19,0,0
vda,0.00,0.00,0.00,0,0
vda,28.40,0.00,0.11,0,0
vda,1.40,0.00,0.01,0,0
vda,0.40,0.00,0.00,0,0
vda,1.40,0.00,0.01,0,0
vda,13.60,0.00,0.06,0,0
vda,0.00,0.00,0.00,0,0
vda,1.20,0.00,0.00,0,0
vda,38.20,0.00,0.15,0,0
vda,1.00,0.00,0.00,0,0
vda,1.20,0.00,0.00,0,0
vda,3.40,0.00,0.01,0,0
vda,1.00,0.00,0.00,0,0
vda,2.00,0.00,0.01,0,0
vda,1.00,0.00,0.00,0,0
vda,0.40,0.00,0.00,0,0
vda,19.96,0.00,0.08,0,0
vda,42.20,0.00,0.17,0,0
vda,1.00,0.00,0.00,0,0
vda,4.20,0.00,0.01,0,0
vda,1.40,0.00,0.01,0,0
vda,2.00,0.00,0.01,0,0
vda,1.40,0.00,0.01,0,0
vda,20.60,0.00,0.08,0,0
vda,0.00,0.00,0.00,0,0
vda,1.40,0.00,0.00,0,0
vda,42.00,0.00,0.17,0,0
vda,1.60,0.00,0.01,0,0
vda,1.00,0.00,0.00,0,0
vda,2.00,0.00,0.01,0,0
vda,12.40,0.00,0.05,0,0
vda,1.00,0.00,0.00,0,0
vda,3.60,0.00,0.01,0,0
vda,2.00,0.00,0.01,0,0
vda,0.20,0.00,0.00,0,0
vda,36.20,0.00,0.14,0,0
vda,0.60,0.00,0.00,0,0
vda,2.20,0.00,0.01,0,0
vda,25.20,0.00,0.10,0,0
vda,1.40,0.00,0.01,0,0
vda,1.20,0.00,0.00,0,0
vda,3.20,0.00,0.01,0,0
vda,1.40,0.00,0.01,0,0
vda,22.60,0.00,0.09,0,0
vda,3.80,0.00,0.02,0,0
vda,12.00,0.00,0.05,0,0
vda,1.60,0.00,0.01,0,0
vda,8.60,0.00,0.04,0,0
vda,1.00,0.00,0.00,0,0
vda,0.20,0.00,0.00,0,0
vda,2.00,0.00,0.01,0,0
vda,0.40,0.00,0.00,0,0
vda,39.80,0.00,0.16,0,0
vda,18.60,0.00,0.07,0,0
vda,0.00,0.00,0.00,0,0
vda,1.00,0.00,0.00,0,0
vda,2.00,0.00,0.01,0,0
vda,1.00,0.00,0.00,0,0
vda,7.20,0.00,0.03,0,0
vda,3.80,0.00,0.02,0,0
vda,18.20,0.00,0.07,0,0
vda,35.20,0.00,0.14,0,0
vda,3.40,0.00,0.01,0,0
vda,1.80,0.00,0.01,0,0
vda,2.00,0.00,0.01,0,0
vda,1.00,0.00,0.00,0,0
vda,1.60,0.00,0.01,0,0
vda,1.20,0.00,0.00,0,0
vda,19.60,0.00,0.08,0,0
vda,0.40,0.00,0.00,0,0
vda,23.80,0.00,0.09,0,0
vda,2.80,0.00,0.01,0,0
vda,1.00,0.00,0.00,0,0
vda,2.40,0.00,0.01,0,0
vda,3.00,0.00,0.01,0,0
vda,17.80,0.00,0.07,0,0
vda,1.40,0.00,0.00,0,0
vda,42.20,0.00,0.17,0,0
vda,1.20,0.00,0.00,0,0
vda,0.00,0.00,0.00,0,0
vda,10.60,0.00,0.04,0,0
vda,2.40,0.00,0.01,0,0
vda,1.20,0.00,0.00,0,0
vda,19.40,0.00,0.08,0,0
vda,0.00,0.00,0.00,0,0
vda,35.20,0.00,0.14,0,0
vda,2.00,0.00,0.01,0,0
vda,0.40,0.00,0.00,0,0
vda,2.00,0.00,0.01,0,0
vda,2.00,0.00,0.01,0,0
vda,14.20,0.00,0.06,0,0
vda,2.20,0.00,0.01,0,0
vda,1.00,0.00,0.00,0,0
vda,0.40,0.00,0.00,0,0
vda,35.60,0.00,0.14,0,0
vda,3.60,0.00,0.02,0,0
vda,7.00,0.00,0.03,0,0
vda,0.00,0.00,0.00,0,0
vda,20.60,0.00,0.08,0,0
vda,2.00,0.00,0.01,0,0
vda,0.00,0.00,0.00,0,0
vda,2.00,0.00,0.01,0,0
vda,0.40,0.00,0.00,0,0
vda,25.60,0.00,0.10,0,0
vda,8.00,0.00,0.03,0,0
vda,12.80,0.00,0.05,0,0
vda,2.60,0.00,0.01,0,0
vda,1.60,0.00,0.01,0,0
vda,1.40,0.00,0.01,0,0
vda,0.20,0.00,0.00,0,0
vda,3.79,0.00,0.02,0,0
vda,0.00,0.00,0.00,0,0
vda,53.00,0.00,0.21,0,1
vda,8.20,0.00,0.03,0,0
vda,0.00,0.00,0.00,0,0
vda,1.00,0.00,0.00,0,0
vda,3.60,0.00,0.01,0,0
vda,1.20,0.00,0.00,0,0
vda,50.20,0.00,0.20,0,0
vda,3.00,0.00,0.01,0,0
vda,0.00,0.00,0.00,0,0
vda,24.60,0.00,0.10,0,0
vda,2.20,0.00,0.01,0,0
vda,0.20,0.00,0.00,0,0
vda,2.00,0.00,0.01,0,0
vda,22.40,0.00,0.09,0,0
vda,6.00,0.00,0.02,0,0
vda,18.20,0.00,0.07,0,0
vda,0.00,0.00,0.00,0,0
vda,0.60,0.00,0.00,0,0
vda,12.00,0.00,0.05,0,0
vda,3.00,0.00,0.01,0,0
vda,18.80,0.00,0.08,0,0
vda,2.60,0.00,0.01,0,0
vda,7.40,0.00,0.03,0,0
vda,0.60,0.00,0.00,0,0
vda,27.60,0.00,0.11,0,0
vda,0.80,0.00,0.00,0,0
vda,1.20,0.00,0.00,0,0
vda,15.80,0.00,0.06,0,0
vda,3.40,0.00,0.02,0,0
vda,4.20,0.00,0.02,0,0
vda,7.00,0.00,0.03,0,0
vda,2.40,0.00,0.01,0,0
vda,1.00,0.00,0.00,0,0
vda,25.00,0.00,0.10,0,0
vda,2.00,0.00,0.01,0,0
vda,14.40,0.00,0.06,0,0
vda,19.00,0.00,0.08,0,0
vda,1.60,0.00,0.01,0,0
vda,7.80,0.00,0.03,0,0
vda,1.40,0.00,0.00,0,0
vda,2.00,0.00,0.01,0,0
vda,0.00,0.00,0.00,0,0
vda,37.20,0.00,0.15,0,0
vda,4.00,0.00,0.02,0,0
vda,6.20,0.00,0.02,0,0
vda,15.00,0.00,0.06,0,0
vda,0.40,0.00,0.00,0,0
vda,1.60,0.00,0.01,0,0
vda,1.20,0.00,0.00,0,0
vda,2.40,0.00,0.01,0,0
vda,10.40,0.00,0.04,0,0
vda,1.00,0.00,0.00,0,0
vda,27.40,0.00,0.11,0,0
vda,0.80,0.00,0.00,0,0
vda,17.40,0.00,0.07,0,0
vda,2.80,0.00,0.01,0,0
vda,1.20,0.00,0.00,0,0
vda,15.60,0.00,0.07,0,0
vda,2.00,0.00,0.01,0,0
vda,6.00,0.00,0.02,0,0
vda,31.40,0.00,0.12,0,0
vda,2.60,0.00,0.01,0,0
vda,1.20,0.00,0.00,0,0
vda,12.20,0.00,0.05,0,0
vda,4.40,0.00,0.02,0,0
vda,10.20,0.00,0.04,0,0
vda,6.40,0.00,0.03,0,0
vda,26.60,0.00,0.10,0,0
vda,1.20,0.00,0.00,0,0
vda,6.40,0.00,0.03,0,0
vda,11.40,0.00,0.04,0,0
vda,3.00,0.00,0.01,0,0
vda,13.00,0.00,0.05,0,0
vda,1.40,0.00,0.01,0,0
vda,8.60,0.00,0.03,0,0
vda,1.80,0.00,0.01,0,0
vda,17.80,0.00,0.07,0,0
vda,1.00,0.00,0.00,0,0
vda,1.80,0.00,0.01,0,0
vda,12.57,0.00,0.05,0,0
vda,19.20,0.00,0.08,0,0
vda,5.60,0.00,0.02,0,0
vda,2.00,0.00,0.01,0,0
vda,1.80,0.00,0.01,0,0
vda,1.00,0.00,0.00,0,0
vda,27.80,0.00,0.11,0,0
vda,1.20,0.00,0.00,0,0
vda,14.80,0.00,0.06,0,0
vda,7.20,0.00,0.03,0,0
vda,2.00,0.00,0.01,0,0
vda,4.80,0.00,0.02,0,0
vda,1.40,0.00,0.01,0,0
vda,3.80,0.00,0.01,0,0
vda,2.60,0.00,0.01,0,0
vda,0.00,0.00,0.00,0,0
vda,36.20,0.00,0.14,0,0
vda,13.00,0.00,0.05,0,0
vda,6.40,0.00,0.03,0,0
vda,2.20,0.00,0.01,0,0
vda,7.40,0.00,0.03,0,0
vda,3.20,0.00,0.01,0,0
vda,0.20,0.00,0.00,0,0
vda,2.20,0.00,0.01,0,0
vda,14.60,0.00,0.06,0,0
vda,40.00,0.00,0.16,0,0
vda,8.20,0.00,0.03,0,0
vda,2.00,0.00,0.01,0,0
vda,1.40,0.00,0.01,0,0
vda,1.40,0.00,0.01,0,0
vda,1.60,0.00,0.01,0,0
vda,2.20,0.00,0.01,0,0
vda,13.00,0.00,0.05,0,0
vda,4.40,0.00,0.02,0,0
vda,24.00,0.00,0.09,0,0
vda,1.80,0.00,0.01,0,0
vda,1.40,0.00,0.00,0,0
vda,2.20,0.00,0.01,0,0
vda,1.20,0.00,0.00,0,0
vda,19.40,0.00,0.08,0,0
vda,6.00,0.00,0.03,0,0
vda,1.40,0.00,0.00,0,0
vda,1.80,0.00,0.01,0,0
vda,36.60,0.00,0.14,0,0
vda,2.40,0.00,0.01,0,0
vda,1.40,0.00,0.01,0,0
vda,2.00,0.00,0.01,0,0
vda,11.60,0.00,0.05,0,0
vda,4.00,0.00,0.02,0,0
vda,6.00,0.00,0.03,0,0
vda,11.80,0.00,0.05,0,0
vda,2.00,0.00,0.01,0,0
vda,45.80,0.00,0.18,0,0
vda,1.00,0.00,0.00,0,0
vda,28.40,0.00,0.11,0,0
vda,2.00,0.00,0.01,0,0
vda,0.00,0.00,0.00,0,0
vda,3.00,0.00,0.01,0,0
vda,2.60,0.00,0.01,0,0
vda,0.60,0.00,0.00,0,0
vda,35.40,0.00,0.14,0,0
vda,26.00,0.00,0.10,0,0
vda,1.00,0.00,0.00,0,0
vda,3.60,0.00,0.01,0,0
vda,3.40,0.00,0.01,0,0
vda,0.00,0.00,0.00,0,0
vda,1.00,0.00,0.00,0,0
vda,2.40,0.00,0.01,0,0
vda,0.80,0.00,0.00,0,0
vda,41.20,0.00,0.16,0,0
vda,2.00,0.00,0.01,0,0
vda,1.80,0.00,0.01,0,0
vda,4.40,0.00,0.02,0,0
vda,1.60,0.00,0.01,0,0
vda,0.00,0.00,0.00,0,0
vda,1.00,0.00,0.00,0,0
vda,19.40,0.00,0.08,0,0
vda,0.60,0.00,0.00,0,0
vda,36.60,0.00,0.14,0,0
vda,8.40,0.00,0.04,0,0
vda,0.80,0.00,0.00,0,0
vda,1.20,0.00,0.00,0,0
vda,3.80,0.00,0.01,0,0
vda,18.40,0.00,0.07,0,0
vda,2.00,0.00,0.01,0,0
vda,4.00,0.00,0.02,0,0
vda,0.00,0.00,0.00,0,0
vda,35.40,0.00,0.14,0,0
vda,8.00,0.00,0.03,0,0
vda,0.80,0.00,0.00,0,0
vda,1.00,0.00,0.00,0,0
vda,15.60,0.00,0.06,0,0
vda,3.40,0.00,0.01,0,0
vda,8.40,0.00,0.03,0,0
vda,1.00,0.00,0.00,0,0
vda,0.00,0.00,0.00,0,0
vda,35.13,0.00,0.14,0,0
vda,2.40,0.00,0.01,0,0
vda,18.20,0.00,0.07,0,0
vda,2.00,0.00,0.01,0,0
vda,3.20,0.00,0.01,0,0
vda,1.80,0.00,0.01,0,0
vda,2.20,0.00,0.01,0,0
vda,1.60,0.00,0.01,0,0
vda,0.00,0.00,0.00,0,0
vda,23.60,0.00,0.09,0,0
vda,15.00,0.00,0.06,0,0
vda,6.80,0.00,0.03,0,0
vda,1.00,0.00,0.00,0,0
vda,2.00,0.00,0.01,0,0
vda,1.00,0.00,0.00,0,0
vda,1.20,0.00,0.00,0,0
vda,3.20,0.00,0.01,0,0
vda,18.80,0.00,0.07,0,0
vda,37.60,0.00,0.15,0,0
vda,1.00,0.00,0.00,0,0
vda,0.40,0.00,0.00,0,0
vda,1.20,0.00,0.00,0,0
vda,8.00,0.00,0.03,0,0
vda,0.80,0.00,0.00,0,0
vda,1.20,0.00,0.00,0,0
vda,22.20,0.00,0.09,0,0
vda,2.00,0.00,0.01,0,0
vda,34.20,0.00,0.13,0,0
vda,2.00,0.00,0.01,0,0
vda,0.80,0.00,0.00,0,0
vda,1.20,0.00,0.00,0,0
vda,8.20,0.00,0.03,0,0
vda,14.00,0.00,0.06,0,0
vda,1.20,0.00,0.00,0,0
vda,2.00,0.00,0.01,0,0
vda,0.80,0.00,0.00,0,0
vda,38.00,0.00,0.15,0,0
vda,1.40,0.00,0.01,0,0
vda,0.60,0.00,0.00,0,0
vda,2.20,0.00,0.01,0,0
vda,19.40,0.00,0.08,0,0
vda,26.80,0.10,0.03,0,0
vda,11.60,0.00,0.05,0,0
vda,0.00,0.00,0.00,0,0
vda,1.20,0.00,0.00,0,0
vda,25.40,0.00,0.10,0,0
vda,9.40,0.00,0.04,0,0
vda,18.60,0.00,0.07,0,0
vda,2.00,0.00,0.01,0,0
vda,1.00,0.00,0.00,0,0
vda,0.40,0.00,0.00,0,0
vda,2.20,0.00,0.01,0,0
vda,7.20,0.00,0.03,0,0
vda,2.00,0.00,0.01,0,0
vda,36.40,0.00,0.14,0,0
vda,14.00,0.00,0.05,0,0
vda,3.00,0.00,0.01,0,0
vda,0.00,0.00,0.00,0,0
vda,1.00,0.00,0.00,0,0
vda,0.80,0.00,0.00,0,0
vda,3.40,0.00,0.02,0,0
vda,6.60,0.00,0.03,0,0
vda,19.00,0.00,0.07,0,0
vda,36.60,0.00,0.14,0,0
vda,2.20,0.00,0.01,0,0
vda,2.60,0.00,0.01,0,0
vda,34.80,0.00,0.14,0,0
vda,9.60,0.00,0.04,0,0
vda,1.00,0.00,0.00,0,0
vda,2.00,0.00,0.01,0,0
vda,1.00,0.00,0.00,0,0
vda,13.40,0.00,0.05,0,0
vda,16.60,0.00,0.06,0,0
vda,45.20,0.00,0.18,0,0
vda,3.00,0.00,0.01,0,0
vda,0.00,0.00,0.00,0,0
vda,27.00,0.00,0.11,0,0
vda,8.60,0.00,0.03,0,0
vda,18.00,0.00,0.07,0,0
vda,0.00,0.00,0.00,0,0
vda,1.00,0.00,0.00,0,0
vda,26.60,0.00,0.11,0,0
vda,13.20,0.00,0.05,0,0
vda,4.00,0.00,0.02,0,0
vda,4.40,0.00,0.02,0,0
vda,1.40,0.00,0.01,0,0
vda,0.00,0.00,0.00,0,0
vda,3.19,0.00,0.01,0,0
vda,7.60,0.00,0.03,0,0
vda,18.00,0.00,0.08,0,0
vda,11.60,0.00,0.05,0,0
vda,10.80,0.00,0.04,0,0
vda,1.60,0.00,0.01,0,0
vda,0.80,0.00,0.00,0,0
vda,7.56,0.00,0.03,0,0
vda,17.00,0.00,0.07,0,0
vda,1.20,0.00,0.00,0,0
vda,0.00,0.00,0.00,0,0
vda,1.00,0.00,0.00,0,0
vda,3.20,0.00,0.01,0,0
vda,0.00,0.00,0.00,0,0
vda,1.20,0.00,0.00,0,0
vda,6.40,0.00,0.03,0,0
vda,6.40,0.00,0.03,0,0
vda,43.00,0.00,0.17,0,0
vda,8.60,0.00,0.04,0,0
vda,1.20,0.00,0.00,0,0
vda,21.40,0.00,0.08,0,0
vda,0.00,0.00,0.00,0,0
vda,52.40,0.00,0.21,0,1
vda,5.40,0.00,0.02,0,0
vda,1.00,0.00,0.00,0,0
vda,35.60,0.00,0.14,0,0
vda,1.20,0.00,0.00,0,0
vda,2.00,0.00,0.01,0,0
vda,13.40,0.00,0.05,0,0
vda,27.40,0.00,0.11,0,0
vda,4.60,0.00,0.02,0,0
vda,34.20,0.00,0.14,0,0
vda,21.80,0.00,0.09,0,0
vda,1.00,0.00,0.00,0,0
vda,29.20,0.00,0.12,0,0
vda,9.60,0.00,0.04,0,0
vda,2.00,0.00,0.01,0,0
vda,0.00,0.00,0.00,0,0
vda,27.00,0.00,0.11,0,0
vda,11.80,0.00,0.05,0,0
vda,0.60,0.00,0.00,0,0
vda,4.80,0.00,0.02,0,0
vda,0.00,0.00,0.00,0,0
vda,1.00,0.00,0.00,0,0
vda,2.40,0.00,0.01,0,0
vda,40.00,0.00,0.16,0,0
vda,16.00,0.00,0.06,0,0
vda,6.40,0.00,0.03,0,0
vda,2.20,0.00,0.01,0,0
vda,0.60,0.00,0.00,0,0
vda,37.40,0.00,0.15,0,0
vda,2.20,0.00,0.01,0,0
vda,2.20,0.00,0.01,0,0
vda,0.40,0.00,0.00,0,0
vda,2.40,0.00,0.01,0,0
vda,0.00,0.00,0.00,0,0
vda,1.40,0.00,0.01,0,0
vda,2.20,0.00,0.01,0,0
vda,10.07,0.00,0.04,0,1
vda,11.40,0.00,0.04,0,0
vda,1.60,0.00,0.01,0,0
vda,0.00,0.00,0.00,0,0
vda,2.80,0.00,0.01,0,0
vda,1.00,0.00,0.00,0,0
vda,6.40,0.00,0.03,0,0
vda,21.20,0.00,0.08,0,0
vda,0.00,0.00,0.00,0,0
vda,35.00,0.00,0.14,0,0
vda,1.60,0.00,0.01,0,0
vda,13.20,0.00,0.05,0,0
vda,2.00,0.00,0.01,0,0
vda,2.00,0.00,0.01,0,0
vda,1.00,0.00,0.00,0,0
vda,0.80,0.00,0.00,0,0
vda,7.10,0.00,0.03,0,0
vda,4.20,0.00,0.02,0,0
vda,28.20,0.00,0.11,0,0
vda,1.40,0.00,0.01,0,0
vda,1.00,0.00,0.00,0,0
vda,2.00,0.00,0.01,0,0
vda,40.60,0.00,0.16,0,0
vda,1.40,0.00,0.01,0,0
vda,8.60,0.00,0.04,0,0
vda,0.60,0.00,0.00,0,0
vda,45.80,0.00,0.18,0,0
vda,5.60,0.00,0.03,0,0
vda,1.20,0.00,0.00,0,0
vda,1.40,0.00,0.00,0,0
vda,2.00,0.00,0.01,0,0
vda,0.00,0.00,0.00,0,0
vda,1.40,0.00,0.01,0,0
vda,38.00,0.00,0.15,0,0
vda,12.00,0.00,0.05,0,0
vda,9.40,0.00,0.04,0,0
vda,2.80,0.00,0.01,0,0
vda,1.60,0.00,0.01,0,0
vda,0.40,0.00,0.00,0,0
vda,2.20,0.00,0.01,0,0
vda,20.40,0.00,0.08,0,0
vda,3.20,0.00,0.02,0,0
vda,0.00,0.00,0.00,0,0
vda,8.10,0.00,0.03,0,0
vda,28.80,0.00,0.11,0,0
vda,4.20,0.00,0.01,0,0
vda,10.20,0.00,0.04,0,0
vda,1.00,0.00,0.00,0,0
vda,2.00,0.00,0.01,0,0
vda,3.00,0.00,0.01,0,0
vda,9.74,0.00,0.04,0,1
vda,1.00,0.00,0.00,0,0
vda,1.00,0.00,0.00,0,0
vda,0.40,0.00,0.00,0,0
vda,0.40,0.00,0.00,0,0
vda,6.40,0.00,0.03,0,0
vda,29.40,0.00,0.11,0,0
vda,24.40,0.00,0.10,0,0
vda,0.60,0.00,0.00,0,0
vda,25.00,0.00,0.10,0,0
vda,16.00,0.04,0.04,0,0
vda,3.60,0.00,0.01,0,0
vda,41.00,0.00,0.16,0,0
vda,12.20,0.00,0.05,0,0
vda,0.00,0.00,0.00,0,0
vda,36.53,0.00,0.14,0,0
vda,14.40,0.00,0.06,0,0
vda,24.40,0.00,0.10,0,0
vda,1.20,0.00,0.00,0,0
vda,35.80,0.00,0.14,0,0
vda,12.00,0.00,0.05,0,0
vda,0.00,0.00,0.00,0,0
vda,2.00,0.00,0.01,0,0
vda,27.00,0.00,0.11,0,0
vda,30.40,0.00,0.12,0,0
vda,2.20,0.00,0.01,0,0
vda,25.80,0.00,0.10,0,0
vda,22.60,0.00,0.09,0,0
vda,1.80,0.00,0.01,0,0
vda,2.40,0.00,0.01,0,0
vda,1.40,0.00,0.01,0,0
vda,0.00,0.00,0.00,0,0
vda,2.40,0.00,0.01,0,0
vda,1.20,0.00,0.00,0,0
vda,42.00,0.00,0.17,0,0
vda,2.00,0.00,0.01,0,0
vda,1.00,0.00,0.00,0,0
vda,0.00,0.00,0.00,0,0
vda,3.40,0.00,0.01,0,0
vda,2.80,0.00,0.01,0,0
vda,2.40,0.00,0.01,0,0
vda,19.00,0.00,0.08,0,0
vda,1.00,0.00,0.00,0,0
vda,34.40,0.00,0.13,0,0
vda,8.40,0.00,0.04,0,0
vda,1.20,0.00,0.00,0,0
vda,0.00,0.00,0.00,0,0
vda,41.20,0.00,0.16,0,0
vda,5.00,0.00,0.02,0,0
vda,2.60,0.00,0.01,0,0
vda,0.00,0.00,0.00,0,0
vda,1.00,0.00,0.00,0,0
vda,0.00,0.00,0.00,0,0
vda,2.40,0.00,0.01,0,0
vda,9.40,0.00,0.04,0,0
vda,0.00,0.00,0.00,0,0
vda,48.60,0.00,0.19,0,0
vda,1.00,0.00,0.00,0,0
vda,0.00,0.00,0.00,0,0
vda,35.80,0.00,0.14,0,0
vda,11.40,0.00,0.05,0,0
vda,0.00,0.00,0.00,0,0
vda,2.20,0.00,0.01,0,0
vda,1.00,0.00,0.00,0,0
vda,41.60,0.00,0.17,0,0
vda,14.20,0.00,0.06,0,0
vda,1.00,0.00,0.00,0,0
vda,42.40,0.00,0.17,0,0
vda,2.60,0.00,0.01,0,0
vda,1.00,0.00,0.00,0,0
vda,0.20,0.00,0.00,0,0
vda,2.00,0.00,0.01,0,0
vda,1.00,0.00,0.00,0,0
vda,1.00,0.00,0.00,0,0
vda,8.60,0.00,0.04,0,0
vda,18.40,0.00,0.07,0,0
vda,35.00,0.00,0.14,0,0
vda,3.60,0.00,0.01,0,0
vda,1.40,0.00,0.01,0,0
vda,0.40,0.00,0.00,0,0
vda,2.20,0.00,0.01,0,0
vda,2.60,0.00,0.01,0,0
vda,13.00,0.00,0.05,0,0
vda,8.00,0.00,0.03,0,0
vda,1.20,0.00,0.00,0,0
vda,34.80,0.00,0.14,0,0
vda,2.40,0.00,0.01,0,0
vda,1.80,0.00,0.01,0,0
vda,3.80,0.00,0.02,0,0
vda,1.80,0.00,0.01,0,0
vda,17.40,0.00,0.07,0,0
vda,1.40,0.00,0.01,0,0
vda,2.20,0.00,0.01,0,0
vda,7.00,0.00,0.03,0,0
vda,0.60,0.00,0.00,0,0
vda,25.00,0.00,0.10,0,0
vda,3.40,0.00,0.02,0,0
vda,25.60,0.00,0.10,0,0
vda,2.60,0.00,0.01,0,0
vda,11.78,0.00,0.05,0,0
vda,0.00,0.00,0.00,0,0
vda,2.00,0.00,0.01,0,0
vda,1.20,0.00,0.01,0,0
vda,4.20,0.00,0.02,0,0
vda,48.20,0.00,0.19,0,0
vda,12.60,0.00,0.05,0,0
vda,0.80,0.00,0.00,0,0
vda,4.20,0.00,0.02,0,0
vda,1.40,0.00,0.01,0,0
vda,1.00,0.00,0.00,0,0
vda,4.40,0.00,0.02,0,0
vda,1.00,0.00,0.00,0,0
vda,52.40,0.00,0.21,0,1
vda,8.00,0.00,0.03,0,0
vda,1.00,0.00,0.00,0,0
vda,1.00,0.00,0.00,0,0
vda,2.40,0.00,0.01,0,0
vda,4.60,0.00,0.02,0,0
vda,2.40,0.00,0.01,0,0
vda,0.00,0.00,0.00,0,0
vda,18.40,0.00,0.07,0,0
vda,36.80,0.00,0.14,0,0
vda,1.40,0.00,0.00,0,0
vda,7.20,0.00,0.03,0,0
vda,0.00,0.00,0.00,0,0
vda,3.20,0.00,0.01,0,0
vda,1.00,0.00,0.00,0,0
vda,12.00,0.00,0.05,0,0
vda,20.40,0.00,0.08,0,0
vda,27.00,0.00,0.11,0,0
vda,2.00,0.00,0.01,0,0
vda,31.00,0.00,0.12,0,0
vda,13.20,0.00,0.05,0,0
vda,0.20,0.00,0.00,0,0
vda,2.60,0.00,0.01,0,0
vda,25.40,0.00,0.10,0,0
vda,22.80,0.00,0.09,0,0
vda,1.00,0.00,0.00,0,0
vda,0.00,0.00,0.00,0,0
vda,42.40,0.00,0.18,0,0
vda,6.00,0.00,0.02,0,0
vda,1.00,0.00,0.00,0,0
vda,0.20,0.00,0.00,0,0
vda,2.00,0.00,0.01,0,0
vda,0.00,0.00,0.00,0,0
