7859845.6,170859.2,3172.0
7967216.0,64840.0,2012.0
6439881.6,384820.8,3455.2
6058048.0,464816.0,3816.0
6058048.0,464816.0,3816.0
5335418.4,563965.6,3857.0666667
5072644.0,600020.0,3872.0
5072644.0,600020.0,3872.0
5071673.0667,600653.6,4015.7333333
5071320.0,600884.0,4068.0
5071320.0,600884.0,4068.0
5071320.0,600884.0,4068.0
5071320.0,600884.0,4068.0
5071320.0,600884.0,4068.0
5071320.0,600884.0,4068.0
5071320.0,600884.0,4068.0
5071320.0,600884.0,4068.0
5071320.0,600884.0,4068.0
5071320.0,600884.0,4068.0
5071320.0,600884.0,4068.0
5071165.3333,600897.33333,4196.0
5071088.0,600904.0,4260.0
5071088.0,600904.0,4260.0
5071088.0,600904.0,4260.0
5070762.6667,600922.66667,4334.6666667
5070600.0,600932.0,4372.0
5070600.0,600932.0,4372.0
5070600.0,600932.0,4372.0
5070600.0,600932.0,4372.0
5070600.0,600932.0,4372.0
5070600.0,600932.0,4372.0
5070600.0,600932.0,4372.0
5070600.0,600932.0,4372.0
5070600.0,600932.0,4372.0
5070600.0,600932.0,4372.0
5070600.0,600932.0,4372.0
5070539.2,600938.4,4538.4
5070524.0,600940.0,4580.0
5070524.0,600940.0,4580.0
5070524.0,600940.0,4580.0
5070524.0,600940.0,4580.0
5070524.0,600940.0,4580.0
5069352.8,600949.6,4695.2
5069060.0,600952.0,4724.0
5069060.0,600952.0,4724.0
5070190.1333,600955.46667,4779.4666667
5070364.0,600956.0,4788.0
5070364.0,600956.0,4788.0
5070364.0,600956.0,4788.0
5070364.0,600956.0,4788.0
5070364.0,600956.0,4788.0
5070364.0,600956.0,4788.0
5070364.0,600956.0,4788.0
5067685.6,602687.2,5229.6
5067016.0,603120.0,5340.0
5067016.0,603120.0,5340.0
5067016.0,603120.0,5340.0
5067016.0,603120.0,5340.0
5067016.0,603120.0,5340.0
5067016.0,603120.0,5340.0
5067016.0,603120.0,5340.0
5064826.6667,603136.0,5441.3333333
5063732.0,603144.0,5492.0
5062726.4,603146.4,5530.4
5062056.0,603148.0,5556.0
5062056.0,603148.0,5556.0
5062056.0,603148.0,5556.0
5062056.0,603148.0,5556.0
5062056.0,603148.0,5556.0
5062056.0,603148.0,5556.0
5062056.0,603148.0,5556.0
5062056.0,603148.0,5556.0
5062056.0,603148.0,5556.0
5062056.0,603148.0,5556.0
5062056.0,603148.0,5556.0
5061916.8,603203.2,5680.8
5061824.0,603240.0,5764.0
5061824.0,603240.0,5764.0
5061824.0,603240.0,5764.0
5061824.0,603240.0,5764.0
5061824.0,603240.0,5764.0
5061824.0,603240.0,5764.0
5061824.0,603240.0,5764.0
5061824.0,603240.0,5764.0
5061824.0,603240.0,5764.0
5061824.0,603240.0,5764.0
5061824.0,603240.0,5764.0
5061824.0,603240.0,5764.0
5061122.6667,603341.33333,5972.0
5060772.0,603392.0,6076.0
5060772.0,603392.0,6076.0
5060772.0,603392.0,6076.0
5060772.0,603392.0,6076.0
5060772.0,603392.0,6076.0
5060772.0,603392.0,6076.0
5060772.0,603392.0,6076.0
5060772.0,603392.0,6076.0
5060772.0,603392.0,6076.0
5060772.0,603392.0,6076.0
5060772.0,603392.0,6076.0
5060423.2,603411.2,6264.8
5060336.0,603416.0,6312.0
5060336.0,603416.0,6312.0
5060336.0,603416.0,6312.0
5060336.0,603416.0,6312.0
5060336.0,603416.0,6312.0
5060336.0,603416.0,6312.0
5060336.0,603416.0,6312.0
5060336.0,603416.0,6312.0
5060336.0,603416.0,6312.0
5060336.0,603416.0,6312.0
5060336.0,603416.0,6312.0
5060802.4,603445.33333,6526.1333333
5060972.0,603456.0,6604.0
5060972.0,603456.0,6604.0
5060972.0,603456.0,6604.0
5060972.0,603456.0,6604.0
5060972.0,603456.0,6604.0
5060972.0,603456.0,6604.0
5060972.0,603456.0,6604.0
5060972.0,603456.0,6604.0
5060972.0,603456.0,6604.0
5060972.0,603456.0,6604.0
5060972.0,603456.0,6604.0
5060878.6667,603469.33333,6785.3333333
5060832.0,603476.0,6876.0
5060832.0,603476.0,6876.0
5060832.0,603476.0,6876.0
5060832.0,603476.0,6876.0
5060832.0,603476.0,6876.0
5060832.0,603476.0,6876.0
5060832.0,603476.0,6876.0
5060832.0,603476.0,6876.0
5060832.0,603476.0,6876.0
5060832.0,603476.0,6876.0
5060832.0,603476.0,6876.0
5059781.3333,603542.66667,7089.3333333
5059256.0,603576.0,7196.0
5060241.6,603581.86667,7237.0666667
5060600.0,603584.0,7252.0
5060600.0,603584.0,7252.0
5060600.0,603584.0,7252.0
5060600.0,603584.0,7252.0
5060600.0,603584.0,7252.0
5060600.0,603584.0,7252.0
5060600.0,603584.0,7252.0
5060600.0,603584.0,7252.0
5060600.0,603584.0,7252.0
5060600.0,603584.0,7252.0
5060600.0,603584.0,7252.0
5060476.8,603592.8,7439.7333333
5060432.0,603596.0,7508.0
5060432.0,603596.0,7508.0
5060432.0,603596.0,7508.0
5060432.0,603596.0,7508.0
5060432.0,603596.0,7508.0
5060432.0,603596.0,7508.0
5060432.0,603596.0,7508.0
5060432.0,603596.0,7508.0
5060432.0,603596.0,7508.0
5060432.0,603596.0,7508.0
5060432.0,603596.0,7508.0
5059759.4667,603634.13333,7799.2
5059656.0,603640.0,7844.0
5059656.0,603640.0,7844.0
5059656.0,603640.0,7844.0
5059656.0,603640.0,7844.0
5059656.0,603640.0,7844.0
5059656.0,603640.0,7844.0
5059656.0,603640.0,7844.0
5059656.0,603640.0,7844.0
5059656.0,603640.0,7844.0
5059656.0,603640.0,7844.0
5059656.0,603640.0,7844.0
5059586.6667,603664.26667,8052.0
5059576.0,603668.0,8084.0
5059576.0,603668.0,8084.0
5059576.0,603668.0,8084.0
5059576.0,603668.0,8084.0
5059576.0,603668.0,8084.0
5059576.0,603668.0,8084.0
5059576.0,603668.0,8084.0
5059576.0,603668.0,8084.0
5059576.0,603668.0,8084.0
5059576.0,603668.0,8084.0
5059576.0,603668.0,8084.0
5059496.8,603676.8,8312.8
5059468.0,603680.0,8396.0
5059468.0,603680.0,8396.0
5059468.0,603680.0,8396.0
5059468.0,603680.0,8396.0
5059468.0,603680.0,8396.0
5059468.0,603680.0,8396.0
5059468.0,603680.0,8396.0
5059468.0,603680.0,8396.0
5059468.0,603680.0,8396.0
5059468.0,603680.0,8396.0
5059468.0,603680.0,8396.0
5058828.0,603698.66667,8556.0
5058508.0,603708.0,8636.0
6636785.3333,599332.0,8678.6666667
