vda,20.60,0.09,0.00,0,0
vda,42.60,0.16,0.01,0,0
vda,40.00,0.00,0.17,0,0
vda,1.00,0.00,0.00,0,0
vda,1.20,0.00,0.00,0,0
vda,1.20,0.00,0.00,0,0
vda,242.40,6.96,0.14,34,0
vda,52.40,0.36,0.02,1,0
vda,22.60,0.14,0.01,0,0
vda,1.00,0.00,0.00,0,0
vda,51.40,0.00,1.03,0,5
vda,19.40,0.00,0.53,0,2
vda,0.00,0.00,0.00,0,0
vda,1.20,0.00,0.00,0,0
vda,1.40,0.00,0.00,0,0
vda,37.00,0.00,0.15,0,0
vda,1.40,0.00,0.01,0,0
vda,4.20,0.00,0.02,0,0
vda,3.40,0.00,0.01,0,0
vda,1.20,0.00,0.00,0,0
vda,2.20,0.00,0.01,0,0
vda,0.00,0.00,0.00,0,0
vda,21.60,0.00,0.09,0,0
vda,2.20,0.00,0.01,0,0
vda,35.00,0.00,0.14,0,0
