7949736.0,76592.0,3224.0
7666267.7333,133909.86667,3877.3333333
7646020.0,138004.0,3924.0
7646020.0,138004.0,3924.0
7643661.6,138346.4,3981.6
7643072.0,138432.0,3996.0
7643072.0,138432.0,3996.0
7573881.6,138486.4,4034.4
7556584.0,138500.0,4044.0
7530844.0,138500.0,4099.4666667
7526884.0,138500.0,4108.0
7526884.0,138500.0,4108.0
7526884.0,138500.0,4108.0
7526884.0,138500.0,4108.0
7526884.0,138500.0,4108.0
7508521.0667,138569.33333,4212.0
7505696.0,138580.0,4228.0
7505696.0,138580.0,4228.0
7505696.0,138580.0,4228.0
7505696.0,138580.0,4228.0
7868120.5333,132483.46667,4354.9333333
