vda,134.40,1.22,0.01,6,0
vda,46.20,0.39,0.01,1,0
vda,4.60,0.07,0.01,0,0
vda,8.40,0.02,0.01,0,0
vda,1.20,0.00,0.00,0,0
vda,64.40,0.00,0.27,0,1
vda,99.20,3.24,0.01,16,0
vda,109.80,2.51,0.02,12,0
vda,77.00,7.11,0.01,35,0
vda,102.00,12.30,0.01,61,0
vda,79.80,9.75,0.01,48,0
vda,127.60,15.93,0.00,79,0
vda,87.20,10.34,0.02,51,0
vda,165.80,12.28,0.28,61,1
vda,60.20,7.10,1.28,35,6
vda,50.10,5.12,0.01,25,0
vda,38.00,0.16,0.07,0,0
vda,62.74,7.58,0.01,39,0
vda,35.00,2.27,0.00,11,0
vda,56.00,6.65,0.01,33,0
vda,28.40,0.20,0.11,1,0
vda,8.40,0.63,0.01,3,0
vda,114.60,5.62,0.28,28,1
vda,40.55,2.97,0.07,15,0
vda,2.57,0.00,0.01,0,0
vda,61.60,7.67,0.00,38,0
vda,24.20,2.60,0.02,13,0
vda,23.60,2.78,0.00,13,0
vda,49.00,2.65,0.11,13,0
vda,50.48,3.03,0.11,15,0
vda,14.81,0.00,0.06,0,0
vda,79.04,9.61,0.01,48,0
vda,66.20,8.25,0.00,41,0
vda,81.40,1.85,0.27,9,1
vda,72.60,8.90,0.01,44,0
vda,8.00,1.00,0.00,5,0
vda,116.20,8.58,0.20,42,0
vda,72.60,8.77,0.01,43,0
vda,8.24,0.86,0.01,4,0
vda,125.80,9.38,0.21,46,1
vda,13.35,0.27,0.04,1,0
vda,1.16,0.00,0.00,0,0
vda,0.00,0.00,0.00,0,0
vda,28.12,0.00,0.12,0,0
vda,22.51,0.00,0.09,0,0
vda,21.46,0.00,0.09,0,0
vda,2.20,0.00,0.01,0,0
vda,0.19,0.00,0.00,0,0
vda,28.34,0.01,0.11,0,0
vda,54.40,3.95,0.09,19,0
vda,7.40,0.73,0.01,3,0
vda,32.20,4.03,0.00,20,0
vda,10.04,0.99,0.01,5,0
vda,21.64,2.61,0.00,13,0
vda,4.80,0.00,0.02,0,0
vda,30.00,0.00,0.12,0,0
vda,1.80,0.00,0.01,0,0
vda,65.60,0.35,0.21,1,1
vda,1.60,0.00,0.01,0,0
vda,0.00,0.00,0.00,0,0
vda,42.20,0.00,0.17,0,0
vda,3.60,0.00,0.01,0,0
vda,0.60,0.00,0.00,0,0
vda,50.00,0.00,0.20,0,1
vda,1.00,0.00,0.00,0,0
vda,1.20,0.00,0.00,0,0
vda,72.00,0.00,0.29,0,1
vda,2.80,0.00,0.01,0,0
vda,2.20,0.00,0.01,0,0
vda,2.60,0.00,0.01,0,0
vda,0.00,0.00,0.00,0,0
vda,1.20,0.00,0.00,0,0
vda,1.40,0.00,0.01,0,0
vda,25.60,0.00,0.11,0,0
vda,1.60,0.00,0.01,0,0
vda,53.40,0.00,0.21,0,1
vda,2.00,0.00,0.01,0,0
vda,1.20,0.00,0.00,0,0
vda,5.00,0.00,0.02,0,0
vda,1.80,0.00,0.01,0,0
vda,18.60,0.00,0.08,0,0
vda,1.40,0.00,0.01,0,0
vda,2.40,0.00,0.01,0,0
vda,12.00,0.00,0.05,0,0
vda,36.60,0.00,0.15,0,0
vda,2.40,0.00,0.01,0,0
vda,0.60,0.00,0.00,0,0
vda,4.60,0.00,0.02,0,0
vda,20.20,0.00,0.08,0,0
vda,1.00,0.00,0.00,0,0
vda,0.40,0.00,0.00,0,0
vda,2.20,0.00,0.01,0,0
vda,12.00,0.00,0.05,0,0
vda,53.40,0.00,0.21,0,1
vda,3.60,0.00,0.02,0,0
vda,12.20,0.00,0.05,0,0
vda,4.40,0.00,0.02,0,0
vda,14.40,0.00,0.06,0,0
vda,0.00,0.00,0.00,0,0
vda,2.40,0.00,0.01,0,0
vda,1.40,0.00,0.01,0,0
vda,1.80,0.00,0.01,0,0
vda,54.60,0.00,0.22,0,1
vda,18.40,0.00,0.07,0,0
vda,1.20,0.00,0.00,0,0
vda,2.40,0.00,0.01,0,0
vda,2.40,0.00,0.01,0,0
vda,58.60,0.00,0.24,0,1
vda,3.20,0.00,0.01,0,0
vda,1.60,0.00,0.01,0,0
vda,0.80,0.00,0.00,0,0
vda,2.20,0.00,0.01,0,0
vda,0.00,0.00,0.00,0,0
vda,1.60,0.00,0.01,0,0
vda,61.60,0.00,0.25,0,1
vda,18.00,0.00,0.07,0,0
vda,1.20,0.00,0.00,0,0
vda,3.60,0.00,0.01,0,0
vda,1.00,0.00,0.00,0,0
vda,56.00,0.00,0.23,0,1
vda,2.60,0.00,0.01,0,0
vda,1.40,0.00,0.01,0,0
vda,0.00,0.00,0.00,0,0
vda,1.60,0.00,0.00,0,0
vda,2.00,0.00,0.01,0,0
vda,1.60,0.00,0.01,0,0
vda,53.80,0.00,0.21,0,1
vda,18.96,0.00,0.08,0,0
vda,2.60,0.00,0.01,0,0
vda,2.60,0.00,0.01,0,0
vda,0.00,0.00,0.00,0,0
vda,1.60,0.00,0.01,0,0
vda,1.40,0.00,0.01,0,0
vda,4.00,0.00,0.02,0,0
vda,19.60,0.00,0.08,0,0
vda,40.00,0.11,0.14,0,0
vda,7.20,0.02,0.01,0,0
vda,22.80,0.12,0.02,0,0
vda,2.60,0.00,0.01,0,0
vda,112.20,0.00,0.45,0,2
vda,2.20,0.00,0.01,0,0
vda,2.40,0.00,0.01,0,0
vda,0.00,0.00,0.00,0,0
vda,1.20,0.00,0.00,0,0
vda,2.20,0.00,0.01,0,0
vda,1.00,0.00,0.01,0,0
vda,13.40,0.00,0.05,0,0
vda,38.80,0.00,0.15,0,0
vda,1.80,0.00,0.01,0,0
vda,0.00,0.00,0.00,0,0
vda,3.20,0.01,0.01,0,0
vda,3.60,0.00,0.01,0,0
vda,27.40,0.00,0.11,0,0
vda,59.80,0.00,0.45,0,2
vda,1.80,0.00,0.01,0,0
vda,0.20,0.00,0.00,0,0
vda,4.00,0.00,0.02,0,0
vda,1.80,0.00,0.01,0,0
vda,0.40,0.00,0.00,0,0
