3862788.0,41088.0,2776.0
3851682.9333,46377.6,2990.9333333
3779500.0,80760.0,4388.0
3521183.2,134987.73333,4448.2666667
1842124.0,487468.0,4840.0
1842124.0,487468.0,4840.0
1808511.2,496589.06667,4843.7333333
1337932.0,624284.0,4896.0
1337932.0,624284.0,4896.0
1279405.6,649853.06667,4905.6
898984.0,816052.0,4968.0
861189.6,829176.26667,4972.2666667
332068.0,1012916.0,5032.0
332068.0,1012916.0,5032.0
325809.33333,1013345.3333,5034.6666667
238188.0,1019356.0,5072.0
238188.0,1019356.0,5072.0
238188.0,1019356.0,5072.0
1136600.0,166860.0,5052.0
1136668.5333,166889.06667,5056.2666667
1137628.0,167296.0,5116.0
1137628.0,167296.0,5116.0
1137628.0,167296.0,5116.0
1210448.0,167300.0,5180.0
1210448.0,167300.0,5180.0
1210448.0,167300.0,5180.0
1330724.0,167312.0,5244.0
1330724.0,167312.0,5244.0
1442727.7333,167326.93333,5303.7333333
1450728.0,167328.0,5308.0
1450728.0,167328.0,5308.0
1551940.0,167332.0,5396.0
1551940.0,167332.0,5396.0
1557278.4,167332.0,5399.2
1632016.0,167332.0,5444.0
1635985.8667,167332.0,5448.2666667
1691564.0,167332.0,5508.0
1691564.0,167332.0,5508.0
1691564.0,167332.0,5508.0
1739744.0,167336.0,5572.0
1739744.0,167336.0,5572.0
1739744.0,167336.0,5572.0
1775204.0,167336.0,5644.0
1776856.2667,167404.53333,5648.2666667
1799988.0,168364.0,5708.0
1799988.0,168364.0,5708.0
1801827.4667,168413.06667,5715.4666667
1813784.0,168732.0,5764.0
1813784.0,168732.0,5764.0
2197839.2,168207.2,5777.6
3734060.0,166108.0,5832.0
