6921832.0,1097120.0,11080.0
7661830.9333,182845.33333,4442.1333333
7714688.0,117540.0,3968.0
5324588.0,628436.0,5432.0
5324588.0,628436.0,5432.0
5324588.0,628436.0,5432.0
3791457.3333,1068021.0667,5484.2666667
3681948.0,1099420.0,5488.0
3681948.0,1099420.0,5488.0
3001290.4,1099423.7333,5540.2666667
2952672.0,1099424.0,5544.0
2950857.6,1101260.8,5820.2666667
2950728.0,1101392.0,5840.0
2950728.0,1101392.0,5840.0
2950728.0,1101392.0,5840.0
2950728.0,1101392.0,5840.0
2950728.0,1101392.0,5840.0
2949133.8667,1101522.6667,5952.0
2949020.0,1101532.0,5960.0
2949020.0,1101532.0,5960.0
2949020.0,1101532.0,5960.0
2949020.0,1101532.0,5960.0
2949020.0,1101532.0,5960.0
2949020.0,1101532.0,5960.0
2949020.0,1101532.0,5960.0
2949020.0,1101532.0,5960.0
2949020.0,1101532.0,5960.0
2949020.0,1101532.0,5960.0
2949020.0,1101532.0,5960.0
2948724.0,1101548.0,6176.0
2948724.0,1101548.0,6176.0
2948724.0,1101548.0,6176.0
2948724.0,1101548.0,6176.0
2948724.0,1101548.0,6176.0
2948724.0,1101548.0,6176.0
2948724.0,1101548.0,6176.0
2948724.0,1101548.0,6176.0
2948724.0,1101548.0,6176.0
2976096.0,1101572.0,6428.0
2976096.0,1101572.0,6428.0
2976096.0,1101572.0,6428.0
2976096.0,1101572.0,6428.0
2976096.0,1101572.0,6428.0
2976096.0,1101572.0,6428.0
2976096.0,1101572.0,6428.0
2976096.0,1101572.0,6428.0
2976096.0,1101572.0,6428.0
2976096.0,1101572.0,6428.0
2976096.0,1101572.0,6428.0
2976096.0,1101572.0,6428.0
2976314.4,1101610.1333,6615.2
2974757.6,1101616.0,6695.2
2974360.0,1101616.0,6708.0
2974360.0,1101616.0,6708.0
2974360.0,1101616.0,6708.0
2974360.0,1101616.0,6708.0
2974360.0,1101616.0,6708.0
2974360.0,1101616.0,6708.0
2974360.0,1101616.0,6708.0
2974360.0,1101616.0,6708.0
2974360.0,1101616.0,6708.0
2974360.0,1101616.0,6708.0
2974360.0,1101616.0,6708.0
2973989.3333,1101629.3333,6870.6666667
2973804.0,1101636.0,6952.0
2973804.0,1101636.0,6952.0
2973804.0,1101636.0,6952.0
2996672.2667,1101653.6,7045.8666667
3004988.0,1101660.0,7080.0
3004988.0,1101660.0,7080.0
3004988.0,1101660.0,7080.0
3004988.0,1101660.0,7080.0
3004988.0,1101660.0,7080.0
3004988.0,1101660.0,7080.0
3004988.0,1101660.0,7080.0
3004988.0,1101660.0,7080.0
3004988.0,1101660.0,7080.0
3004988.0,1101660.0,7080.0
3004988.0,1101660.0,7080.0
3005078.9333,1101674.6667,7250.1333333
3005112.0,1101680.0,7312.0
3005112.0,1101680.0,7312.0
3005112.0,1101680.0,7312.0
3005112.0,1101680.0,7312.0
3005112.0,1101680.0,7312.0
3005112.0,1101680.0,7312.0
3005112.0,1101680.0,7312.0
3005112.0,1101680.0,7312.0
3005112.0,1101680.0,7312.0
3002131.7333,1101806.1333,7505.6
3001048.0,1101852.0,7576.0
3001048.0,1101852.0,7576.0
3001048.0,1101852.0,7576.0
3001048.0,1101852.0,7576.0
3009751.2,1101866.6667,7646.4
3012916.0,1101872.0,7672.0
3053225.8667,1101872.0,7707.2
3067884.0,1101872.0,7720.0
3067884.0,1101872.0,7720.0
3067884.0,1101872.0,7720.0
3067884.0,1101872.0,7720.0
3067884.0,1101872.0,7720.0
3067884.0,1101872.0,7720.0
3067884.0,1101872.0,7720.0
3067884.0,1101872.0,7720.0
3067884.0,1101872.0,7720.0
3067884.0,1101872.0,7720.0
3066030.1333,1101901.3333,7901.8666667
3065356.0,1101912.0,7968.0
3065356.0,1101912.0,7968.0
3067225.3333,1101928.0,8010.6666667
3068160.0,1101936.0,8032.0
3068160.0,1101936.0,8032.0
3068160.0,1101936.0,8032.0
3068160.0,1101936.0,8032.0
3068160.0,1101936.0,8032.0
3068160.0,1101936.0,8032.0
3068160.0,1101936.0,8032.0
3068160.0,1101936.0,8032.0
3068160.0,1101936.0,8032.0
3068160.0,1101936.0,8032.0
3068160.0,1101936.0,8032.0
3068407.4667,1101944.5333,8160.0
3082078.9333,1101953.8667,8298.1333333
3097456.0,1101956.0,8328.0
3097456.0,1101956.0,8328.0
3128438.4,1101960.2667,8357.8666667
3155548.0,1101964.0,8384.0
3155548.0,1101964.0,8384.0
3155548.0,1101964.0,8384.0
3155548.0,1101964.0,8384.0
3156214.4,1101965.8667,8443.7333333
3156976.0,1101968.0,8512.0
3156976.0,1101968.0,8512.0
3156976.0,1101968.0,8512.0
3156976.0,1101968.0,8512.0
3156976.0,1101968.0,8512.0
3156976.0,1101968.0,8512.0
3156976.0,1101968.0,8512.0
3156976.0,1101968.0,8512.0
3156976.0,1101968.0,8512.0
3156976.0,1101968.0,8512.0
3156976.0,1101968.0,8512.0
3157001.6,1101979.2,8611.2
3157040.0,1101996.0,8760.0
3157040.0,1101996.0,8760.0
3157040.0,1101996.0,8760.0
3155328.0,1102000.8,8804.8
3152760.0,1102008.0,8872.0
3152760.0,1102008.0,8872.0
3153900.8,1102014.4,8894.4
3155612.0,1102024.0,8928.0
3173589.8667,1102025.8667,8954.1333333
3194136.0,1102028.0,8984.0
3194136.0,1102028.0,8984.0
3216272.0,1102029.6,9009.6
3249476.0,1102032.0,9048.0
3249476.0,1102032.0,9048.0
3249476.0,1102032.0,9048.0
3249476.0,1102032.0,9048.0
3249476.0,1102032.0,9048.0
3249476.0,1102032.0,9048.0
3249476.0,1102032.0,9048.0
3249476.0,1102032.0,9048.0
3249476.0,1102032.0,9048.0
3249476.0,1102032.0,9048.0
3249476.0,1102032.0,9048.0
3249160.5333,1102046.9333,9167.4666667
3248800.0,1102064.0,9304.0
3248800.0,1102064.0,9304.0
3248800.0,1102064.0,9304.0
3248800.0,1102064.0,9304.0
3248800.0,1102064.0,9304.0
3248800.0,1102064.0,9304.0
3248800.0,1102064.0,9304.0
3248800.0,1102064.0,9304.0
3248800.0,1102064.0,9304.0
3248800.0,1102064.0,9304.0
3248800.0,1102064.0,9304.0
3248936.2667,1102106.9333,9438.4
3249092.0,1102156.0,9592.0
3249092.0,1102156.0,9592.0
3272402.9333,1102158.1333,9626.1333333
3292800.0,1102160.0,9656.0
3320842.6667,1102160.0,9690.1333333
3345380.0,1102160.0,9720.0
3345380.0,1102160.0,9720.0
3345380.0,1102160.0,9720.0
3345380.0,1102160.0,9720.0
3345380.0,1102160.0,9720.0
3344530.9333,1102181.3333,9784.0
3343788.0,1102200.0,9840.0
3343788.0,1102200.0,9840.0
3343788.0,1102200.0,9840.0
3343788.0,1102200.0,9840.0
3343788.0,1102200.0,9840.0
3343788.0,1102200.0,9840.0
3343788.0,1102200.0,9840.0
3343788.0,1102200.0,9840.0
3343788.0,1102200.0,9840.0
3343788.0,1102200.0,9840.0
3343870.6667,1102209.3333,9917.3333333
3344036.0,1102228.0,10072.0
3344036.0,1102228.0,10072.0
3344036.0,1102228.0,10072.0
3344036.0,1102228.0,10072.0
3344036.0,1102228.0,10072.0
3344036.0,1102228.0,10072.0
3344336.0,1102234.6667,10125.333333
3344936.0,1102248.0,10232.0
3344936.0,1102248.0,10232.0
3370115.7333,1102245.8667,10244.8
3439360.0,1102240.0,10280.0
3439360.0,1102240.0,10280.0
3439360.0,1102240.0,10280.0
3439360.0,1102240.0,10280.0
3439360.0,1102240.0,10280.0
3439360.0,1102240.0,10280.0
3439360.0,1102240.0,10280.0
3439360.0,1102240.0,10280.0
3439360.0,1102240.0,10280.0
3439360.0,1102240.0,10280.0
3439360.0,1102240.0,10280.0
3439412.0,1102256.0,10357.333333
3439516.0,1102288.0,10512.0
3439516.0,1102288.0,10512.0
3439516.0,1102288.0,10512.0
3439516.0,1102288.0,10512.0
3439516.0,1102288.0,10512.0
3439516.0,1102288.0,10512.0
3439516.0,1102288.0,10512.0
3439516.0,1102288.0,10512.0
3439516.0,1102288.0,10512.0
3439516.0,1102288.0,10512.0
3439516.0,1102288.0,10512.0
3439492.5333,1102298.6667,10590.933333
3439428.0,1102328.0,10808.0
3439428.0,1102328.0,10808.0
3439428.0,1102328.0,10808.0
3439428.0,1102328.0,10808.0
3491277.6,1102329.6,10832.0
3698676.0,1102336.0,10928.0
3698676.0,1102336.0,10928.0
3698676.0,1102336.0,10928.0
3698676.0,1102336.0,10928.0
3698676.0,1102336.0,10928.0
3698676.0,1102336.0,10928.0
3698676.0,1102336.0,10928.0
3698279.2,1102341.6,10966.4
3696692.0,1102364.0,11120.0
3696692.0,1102364.0,11120.0
3696692.0,1102364.0,11120.0
3696692.0,1102364.0,11120.0
3696692.0,1102364.0,11120.0
3696692.0,1102364.0,11120.0
3696692.0,1102364.0,11120.0
3696692.0,1102364.0,11120.0
3696692.0,1102364.0,11120.0
3696692.0,1102364.0,11120.0
3696692.0,1102364.0,11120.0
3696853.0667,1102367.2,11188.266667
3697296.0,1102376.0,11376.0
3697296.0,1102376.0,11376.0
3697296.0,1102376.0,11376.0
3697296.0,1102376.0,11376.0
3697296.0,1102376.0,11376.0
3697296.0,1102376.0,11376.0
3697296.0,1102376.0,11376.0
3697296.0,1102376.0,11376.0
3707574.6667,1102378.1333,11392.533333
3851476.0,1102408.0,11624.0
3851476.0,1102408.0,11624.0
3851476.0,1102408.0,11624.0
3851476.0,1102408.0,11624.0
3851476.0,1102408.0,11624.0
3851476.0,1102408.0,11624.0
3851476.0,1102408.0,11624.0
3851476.0,1102408.0,11624.0
3851476.0,1102408.0,11624.0
3851476.0,1102408.0,11624.0
3851476.0,1102408.0,11624.0
3851476.0,1102408.0,11624.0
3851384.0,1102440.0,11872.0
3851384.0,1102440.0,11872.0
3851384.0,1102440.0,11872.0
3851384.0,1102440.0,11872.0
3851384.0,1102440.0,11872.0
3851384.0,1102440.0,11872.0
3851384.0,1102440.0,11872.0
3851384.0,1102440.0,11872.0
3851384.0,1102440.0,11872.0
3851384.0,1102440.0,11872.0
3851384.0,1102440.0,11872.0
3851384.0,1102440.0,11872.0
3851368.0,1102468.0,12192.0
3851368.0,1102468.0,12192.0
3851368.0,1102468.0,12192.0
3851368.0,1102468.0,12192.0
3851368.0,1102468.0,12192.0
3851368.0,1102468.0,12192.0
6717884.8,1096334.1333,12304.0
6922636.0,1095896.0,12312.0
