vda,40.20,0.15,0.01,0,0
vda,1.40,0.01,0.00,0,0
vda,14.40,0.05,0.00,0,0
vda,12.60,0.05,0.00,0,0
vda,1.80,0.00,0.01,0,0
vda,14.60,0.00,0.06,0,0
vda,155.60,3.25,0.18,16,0
vda,117.80,2.55,0.02,12,0
vda,95.81,8.29,0.01,41,0
vda,105.20,12.97,0.01,64,0
vda,76.20,9.28,0.01,46,0
vda,96.60,10.95,0.04,54,0
vda,117.80,14.57,0.01,72,0
vda,51.20,4.30,1.32,21,6
vda,107.20,12.63,0.04,63,0
vda,40.80,0.51,0.14,2,0
vda,2.00,0.00,0.01,0,0
vda,0.00,0.00,0.00,0,0
vda,2.60,0.00,0.01,0,0
vda,16.20,0.00,0.06,0,0
vda,4.20,0.00,0.02,0,0
vda,0.20,0.00,0.00,0,0
vda,4.20,0.00,0.02,0,0
vda,1.00,0.00,0.00,0,0
vda,14.20,0.00,0.06,0,0
vda,18.60,0.00,0.07,0,0
vda,14.60,0.00,0.06,0,0
vda,5.20,0.00,0.02,0,0
vda,1.40,0.00,0.01,0,0
vda,0.00,0.00,0.00,0,0
vda,5.00,0.00,0.02,0,0
vda,2.20,0.00,0.01,0,0
vda,0.00,0.00,0.00,0,0
vda,1.00,0.00,0.00,0,0
vda,43.40,0.00,0.17,0,0
vda,10.40,0.00,0.04,0,0
vda,1.00,0.00,0.00,0,0
vda,3.40,0.00,0.01,0,0
vda,9.20,0.02,0.01,0,0
vda,13.60,0.05,0.01,0,0
vda,10.60,0.11,0.00,0,0
vda,2.00,0.00,0.01,0,0
vda,20.80,0.00,0.08,0,0
vda,58.60,0.00,0.24,0,1
vda,0.00,0.00,0.00,0,0
vda,5.60,0.00,0.02,0,0
vda,2.60,0.00,0.01,0,0
vda,3.00,0.00,0.01,0,0
vda,3.40,0.00,0.02,0,0
vda,2.00,0.00,0.01,0,0
vda,18.80,0.00,0.08,0,0
vda,0.20,0.00,0.00,0,0
vda,35.60,0.00,0.14,0,0
vda,5.00,0.00,0.02,0,0
vda,1.20,0.00,0.00,0,0
vda,3.20,0.00,0.02,0,0
vda,1.20,0.00,0.01,0,0
vda,37.00,0.00,0.15,0,0
vda,16.60,0.00,0.07,0,0
vda,0.00,0.00,0.00,0,0
vda,36.60,0.00,0.14,0,0
vda,2.00,0.00,0.01,0,0
vda,1.00,0.00,0.00,0,0
vda,36.80,0.00,0.14,0,0
vda,17.00,0.00,0.07,0,0
vda,1.20,0.00,0.00,0,0
vda,35.00,0.00,0.14,0,0
vda,4.60,0.00,0.02,0,0
vda,16.20,0.00,0.07,0,0
vda,2.20,0.00,0.01,0,0
vda,25.80,0.00,0.10,0,0
vda,10.20,0.00,0.04,0,0
vda,0.20,0.00,0.00,0,0
vda,2.00,0.00,0.01,0,0
vda,1.00,0.00,0.00,0,0
vda,1.20,0.00,0.00,0,0
vda,2.20,0.00,0.01,0,0
vda,20.00,0.00,0.08,0,0
vda,36.20,0.00,0.14,0,0
vda,1.20,0.00,0.01,0,0
vda,1.00,0.00,0.00,0,0
vda,15.20,0.00,0.06,0,0
vda,25.80,0.00,0.11,0,0
vda,3.80,0.00,0.02,0,0
vda,1.00,0.00,0.00,0,0
vda,36.80,0.00,0.15,0,0
vda,1.80,0.00,0.01,0,0
vda,2.40,0.00,0.01,0,0
vda,35.40,0.00,0.14,0,0
vda,27.40,0.00,0.11,0,0
vda,2.00,0.00,0.01,0,0
vda,35.20,0.00,0.14,0,0
vda,1.20,0.00,0.00,0,0
vda,1.00,0.00,0.00,0,0
vda,1.80,0.00,0.01,0,0
vda,1.00,0.00,0.00,0,0
vda,1.00,0.00,0.00,0,0
vda,2.20,0.00,0.01,0,0
vda,4.00,0.00,0.02,0,0
vda,18.60,0.00,0.07,0,0
vda,35.60,0.00,0.14,0,0
vda,0.60,0.00,0.00,0,0
vda,2.00,0.00,0.01,0,0
vda,0.40,0.00,0.00,0,0
vda,9.40,0.00,0.04,0,0
vda,1.40,0.00,0.00,0,0
vda,13.20,0.00,0.05,0,0
vda,2.80,0.00,0.01,0,0
vda,0.00,0.00,0.00,0,0
vda,24.80,0.00,0.10,0,0
vda,1.40,0.00,0.00,0,0
vda,2.20,0.00,0.01,0,0
vda,2.00,0.00,0.01,0,0
vda,8.00,0.00,0.03,0,0
vda,18.20,0.00,0.07,0,0
vda,2.20,0.00,0.01,0,0
vda,1.20,0.00,0.00,0,0
vda,4.20,0.00,0.02,0,0
vda,36.00,0.00,0.14,0,0
vda,1.80,0.00,0.01,0,0
vda,2.40,0.00,0.01,0,0
vda,11.80,0.00,0.05,0,0
vda,1.40,0.00,0.00,0,0
vda,8.20,0.00,0.03,0,0
vda,2.00,0.00,0.01,0,0
vda,2.20,0.00,0.01,0,0
vda,35.00,0.00,0.14,0,0
vda,2.20,0.00,0.01,0,0
vda,3.00,0.00,0.01,0,0
vda,19.40,0.00,0.08,0,0
vda,0.00,0.00,0.00,0,0
vda,1.00,0.00,0.00,0,0
vda,2.00,0.00,0.01,0,0
vda,2.40,0.00,0.01,0,0
vda,8.18,0.00,0.03,0,0
vda,35.60,0.00,0.14,0,0
vda,17.80,0.00,0.07,0,0
vda,2.40,0.00,0.01,0,0
vda,2.40,0.00,0.01,0,0
vda,1.60,0.00,0.01,0,0
vda,1.40,0.00,0.01,0,0
vda,2.00,0.00,0.01,0,0
vda,0.60,0.00,0.00,0,0
vda,8.00,0.00,0.03,0,0
vda,35.60,0.00,0.14,0,0
vda,1.40,0.00,0.01,0,0
vda,1.60,0.00,0.01,0,0
vda,2.40,0.00,0.01,0,0
vda,3.40,0.00,0.01,0,0
vda,1.00,0.00,0.00,0,0
vda,2.00,0.00,0.01,0,0
vda,17.60,0.00,0.07,0,0
vda,1.20,0.00,0.00,0,0
vda,37.00,0.00,0.15,0,0
vda,8.40,0.00,0.04,0,0
vda,0.60,0.00,0.00,0,0
vda,2.00,0.00,0.01,0,0
vda,0.40,0.00,0.00,0,0
vda,28.00,0.00,0.11,0,0
vda,0.00,0.00,0.00,0,0
vda,3.40,0.00,0.02,0,0
vda,0.80,0.00,0.00,0,0
vda,47.20,0.00,0.19,0,0
vda,1.00,0.00,0.00,0,0
vda,12.40,0.00,0.05,0,0
vda,2.80,0.00,0.01,0,0
vda,12.00,0.00,0.05,0,0
vda,1.00,0.00,0.00,0,0
vda,3.80,0.00,0.02,0,0
vda,1.40,0.00,0.01,0,0
vda,23.80,0.00,0.09,0,0
vda,2.40,0.00,0.01,0,0
vda,0.00,0.00,0.00,0,0
vda,18.60,0.00,0.07,0,0
vda,2.00,0.00,0.01,0,0
vda,1.40,0.00,0.01,0,0
vda,10.20,0.00,0.05,0,0
vda,22.80,0.00,0.09,0,0
vda,14.80,0.00,0.06,0,0
vda,3.20,0.00,0.01,0,0
vda,2.40,0.00,0.01,0,0
vda,11.80,0.00,0.05,0,0
vda,1.40,0.00,0.01,0,0
vda,3.40,0.00,0.02,0,0
vda,7.60,0.00,0.03,0,0
vda,35.00,0.00,0.14,0,0
vda,2.00,0.00,0.01,0,0
vda,1.40,0.00,0.01,0,0
vda,18.00,0.00,0.07,0,0
vda,2.20,0.00,0.01,0,0
vda,2.40,0.00,0.01,0,0
vda,2.20,0.00,0.01,0,0
vda,2.00,0.00,0.01,0,0
vda,0.40,0.00,0.00,0,0
vda,24.00,0.00,0.09,0,0
vda,2.20,0.00,0.01,0,0
vda,25.40,0.00,0.10,0,0
vda,1.40,0.00,0.00,0,0
vda,2.80,0.00,0.01,0,0
vda,1.40,0.00,0.01,0,0
vda,3.60,0.00,0.01,0,0
vda,0.00,0.00,0.00,0,0
vda,1.40,0.00,0.01,0,0
vda,38.40,0.00,0.15,0,0
vda,10.60,0.00,0.04,0,0
vda,2.80,0.00,0.02,0,0
vda,8.40,0.00,0.03,0,0
vda,1.80,0.00,0.01,0,0
vda,1.00,0.00,0.00,0,0
vda,3.60,0.00,0.01,0,0
vda,17.60,0.00,0.07,0,0
vda,1.80,0.00,0.01,0,0
vda,32.00,0.00,0.12,0,0
vda,6.00,0.00,0.02,0,0
vda,0.00,0.00,0.00,0,0
vda,8.00,0.00,0.03,0,0
vda,2.00,0.00,0.01,0,0
vda,1.60,0.00,0.01,0,0
vda,12.20,0.00,0.05,0,0
vda,2.60,0.00,0.01,0,0
vda,2.80,0.00,0.01,0,0
vda,25.00,0.00,0.10,0,0
vda,13.00,0.00,0.05,0,0
vda,1.40,0.00,0.01,0,0
vda,2.20,0.00,0.01,0,0
vda,0.20,0.00,0.00,0,0
vda,25.20,0.00,0.10,0,0
vda,2.40,0.00,0.01,0,0
vda,2.00,0.00,0.01,0,0
vda,1.00,0.00,0.00,0,0
vda,2.40,0.00,0.01,0,0
vda,25.80,0.00,0.10,0,0
vda,1.00,0.00,0.00,0,0
vda,0.20,0.00,0.00,0,0
vda,20.40,0.00,0.08,0,0
vda,1.00,0.00,0.00,0,0
vda,7.40,0.00,0.03,0,0
vda,2.20,0.00,0.01,0,0
vda,1.20,0.00,0.00,0,0
vda,5.40,0.00,0.02,0,0
vda,36.40,0.00,0.15,0,0
vda,11.40,0.00,0.04,0,0
vda,1.00,0.00,0.00,0,0
vda,2.40,0.00,0.01,0,0
vda,1.00,0.00,0.00,0,0
vda,7.20,0.00,0.03,0,0
vda,2.20,0.00,0.01,0,0
vda,2.40,0.00,0.01,0,0
vda,4.00,0.00,0.02,0,0
vda,52.80,0.00,0.21,0,1
vda,0.80,0.00,0.00,0,0
vda,0.00,0.00,0.00,0,0
vda,2.20,0.00,0.01,0,0
vda,1.00,0.00,0.00,0,0
vda,1.00,0.00,0.00,0,0
vda,10.40,0.00,0.05,0,0
vda,18.40,0.00,0.07,0,0
vda,3.60,0.00,0.01,0,0
vda,35.40,0.00,0.14,0,0
vda,0.60,0.00,0.00,0,0
vda,2.60,0.00,0.01,0,0
vda,1.20,0.00,0.00,0,0
vda,2.80,0.00,0.01,0,0
vda,13.20,0.00,0.05,0,0
vda,8.00,0.00,0.03,0,0
vda,1.00,0.00,0.00,0,0
vda,25.20,0.00,0.10,0,0
vda,1.20,0.00,0.00,0,0
vda,3.80,0.00,0.01,0,0
vda,2.20,0.00,0.01,0,0
vda,17.20,0.00,0.07,0,0
vda,1.00,0.00,0.00,0,0
vda,2.60,0.00,0.01,0,0
vda,0.20,0.00,0.00,0,0
vda,1.00,0.00,0.00,0,0
vda,43.00,0.00,0.17,0,0
vda,2.00,0.00,0.01,0,0
vda,12.40,0.00,0.05,0,0
vda,5.40,0.00,0.02,0,0
vda,1.00,0.00,0.00,0,0
vda,2.20,0.00,0.01,0,0
vda,0.00,0.00,0.00,0,0
vda,1.20,0.00,0.00,0,0
vda,2.60,0.00,0.01,0,0
vda,82.40,0.00,0.33,0,1
vda,2.80,0.00,0.01,0,0
vda,1.00,0.00,0.00,0,0
vda,2.80,0.00,0.01,0,0
vda,2.00,0.00,0.01,0,0
vda,1.40,0.00,0.01,0,0
vda,29.40,0.27,0.02,1,0
vda,9.80,0.21,0.00,1,0
vda,40.00,0.00,0.16,0,0
vda,2.00,0.00,0.01,0,0
vda,24.00,0.00,0.14,0,0
vda,1.20,0.00,0.00,0,0
vda,2.60,0.00,0.01,0,0
vda,3.60,0.00,0.02,0,0
vda,0.20,0.00,0.00,0,0
vda,56.80,0.00,0.22,0,1
vda,0.60,0.00,0.00,0,0
vda,0.40,0.00,0.00,0,0
vda,2.40,0.00,0.01,0,0
vda,1.20,0.00,0.00,0,0
vda,0.80,0.00,0.00,0,0
vda,2.40,0.00,0.01,0,0
vda,1.00,0.00,0.00,0,0
vda,54.80,0.00,0.21,0,1
vda,3.00,0.00,0.01,0,0
vda,1.20,0.00,0.00,0,0
vda,0.00,0.00,0.00,0,0
vda,3.00,0.00,0.01,0,0
vda,1.00,0.00,0.00,0,0
vda,8.00,0.00,0.03,0,0
vda,1.80,0.00,0.01,0,0
vda,19.20,0.00,0.07,0,0
vda,2.60,0.00,0.01,0,0
vda,36.60,0.00,0.14,0,0
vda,2.40,0.00,0.01,0,0
vda,0.00,0.00,0.00,0,0
vda,2.00,0.00,0.01,0,0
vda,1.60,0.00,0.01,0,0
vda,7.20,0.00,0.03,0,0
vda,13.60,0.00,0.05,0,0
vda,1.00,0.00,0.00,0,0
vda,4.40,0.00,0.02,0,0
vda,22.80,0.00,0.09,0,0
vda,1.80,0.00,0.01,0,0
vda,0.80,0.00,0.00,0,0
vda,2.20,0.00,0.01,0,0
vda,18.20,0.00,0.07,0,0
vda,0.00,0.00,0.00,0,0
vda,10.40,0.00,0.05,0,0
vda,1.40,0.00,0.01,0,0
vda,1.20,0.00,0.00,0,0
vda,36.20,0.00,0.14,0,0
vda,2.40,0.00,0.01,0,0
vda,13.00,0.00,0.05,0,0
vda,2.00,0.00,0.01,0,0
vda,2.60,0.00,0.01,0,0
vda,0.00,0.00,0.00,0,0
vda,2.00,0.00,0.01,0,0
vda,8.00,0.00,0.03,0,0
vda,1.40,0.00,0.01,0,0
vda,38.40,0.00,0.15,0,0
vda,18.96,0.00,0.07,0,0
vda,1.60,0.00,0.01,0,0
vda,1.80,0.00,0.01,0,0
vda,1.00,0.00,0.00,0,0
vda,1.80,0.00,0.01,0,0
vda,0.40,0.00,0.00,0,0
vda,8.40,0.00,0.04,0,0
vda,18.60,0.00,0.07,0,0
vda,36.20,0.00,0.14,0,0
vda,3.20,0.00,0.02,0,0
vda,2.40,0.00,0.01,0,0
vda,39.60,0.00,0.16,0,0
vda,4.40,0.00,0.02,0,0
vda,2.00,0.00,0.01,0,0
vda,0.00,0.00,0.00,0,0
vda,1.00,0.00,0.00,0,0
vda,0.80,0.00,0.00,0,0
vda,2.40,0.00,0.01,0,0
vda,19.40,0.00,0.08,0,0
vda,36.60,0.00,0.14,0,0
vda,2.40,0.00,0.01,0,0
vda,1.40,0.00,0.01,0,0
vda,9.60,0.00,0.04,0,0
vda,0.40,0.00,0.00,0,0
vda,1.20,0.00,0.00,0,0
vda,12.60,0.00,0.05,0,0
vda,2.00,0.00,0.01,0,0
vda,1.00,0.00,0.00,0,0
vda,24.20,0.00,0.09,0,0
vda,3.80,0.00,0.01,0,0
vda,2.00,0.00,0.01,0,0
vda,5.00,0.00,0.02,0,0
vda,4.00,0.00,0.02,0,0
vda,18.80,0.00,0.07,0,0
vda,2.00,0.00,0.01,0,0
vda,0.00,0.00,0.00,0,0
vda,8.20,0.00,0.04,0,0
vda,37.60,0.00,0.15,0,0
vda,1.00,0.00,0.00,0,0
