vda,98.20,0.62,0.00,3,0
vda,11.20,0.10,0.01,0,0
vda,36.40,0.14,0.01,0,0
vda,2.40,0.00,0.01,0,0
vda,53.40,0.00,0.22,0,1
vda,1.80,0.00,0.01,0,0
vda,257.00,10.11,0.02,50,0
vda,1.80,0.00,0.01,0,0
vda,68.40,0.07,1.48,0,7
vda,9.40,0.02,0.01,0,0
vda,3.20,0.00,0.01,0,0
vda,143.80,2.17,0.03,10,0
vda,6.80,0.03,0.03,0,0
vda,7.00,0.26,0.02,1,0
vda,83.80,0.45,0.33,2,1
vda,3.20,0.00,0.01,0,0
vda,1.40,0.00,0.01,0,0
vda,29.60,0.17,0.03,0,0
vda,8.80,0.00,0.03,0,0
vda,2.99,0.01,0.01,0,0
vda,1.80,0.00,0.01,0,0
vda,71.06,0.00,0.28,0,1
vda,7.20,0.00,0.04,0,0
vda,0.80,0.00,0.01,0,0
vda,3.40,0.00,0.01,0,0
