7842564.0,108172.0,4988.0
7842564.0,108172.0,4988.0
7356295.2,208615.2,5000.8
5411220.0,610388.0,5052.0
5009886.4,713575.2,5064.8
3404552.0,1126324.0,5116.0
3404552.0,1126324.0,5116.0
3143896.0,1221504.0,5125.6
2101272.0,1602224.0,5164.0
2101272.0,1602224.0,5164.0
2116162.6667,1602226.1333,5178.9333333
2157112.0,1602232.0,5220.0
2156852.0,1602232.0,5231.2
2155812.0,1602232.0,5276.0
2155812.0,1602232.0,5276.0
2155442.4,1602232.5333,5283.4666667
2153040.0,1602236.0,5332.0
2153040.0,1602236.0,5332.0
2153040.0,1602236.0,5332.0
2153040.0,1602236.0,5332.0
2158357.6,1602247.7333,5339.7333333
2232804.0,1602412.0,5448.0
2232804.0,1602412.0,5448.0
2248245.8667,1602412.2667,5451.7333333
2464432.0,1602416.0,5504.0
2464432.0,1602416.0,5504.0
2478958.6667,1602415.7333,5507.7333333
2682332.0,1602412.0,5560.0
2707821.6,1602413.6,5567.4666667
2873504.0,1602424.0,5616.0
2873504.0,1602424.0,5616.0
2889536.0,1602458.1333,5639.4666667
2993744.0,1602680.0,5792.0
2993744.0,1602680.0,5792.0
3020196.0,1603137.6,5954.4
3126004.0,1604968.0,6604.0
3157108.8,1605057.6,6629.6
3281528.0,1605416.0,6732.0
3281528.0,1605416.0,6732.0
3291675.2,1605459.7333,6741.0666667
3357632.0,1605744.0,6800.0
3357632.0,1605744.0,6800.0
3367924.2667,1605745.0667,6808.5333333
3434824.0,1605752.0,6864.0
4029963.2,1604439.2,6876.8
6410520.0,1599188.0,6928.0
