vda,123.35,0.66,0.00,3,0
vda,19.60,0.15,0.02,0,0
vda,57.00,0.00,0.24,0,1
vda,0.00,0.00,0.00,0,0
vda,2.60,0.00,0.01,0,0
vda,0.00,0.00,0.00,0,0
vda,309.60,13.18,0.19,65,0
vda,108.80,12.90,0.02,64,0
vda,98.40,12.30,0.00,61,0
vda,189.40,11.53,1.49,57,7
vda,161.60,16.77,0.02,83,0
vda,89.20,10.88,0.01,54,0
vda,114.00,14.12,0.00,70,0
vda,67.60,8.18,0.01,40,0
vda,30.80,3.83,0.00,19,0
vda,2.60,0.00,0.01,0,0
vda,92.83,0.00,0.37,0,1
vda,15.60,0.00,0.07,0,0
vda,2.20,0.00,0.01,0,0
vda,2.20,0.00,0.01,0,0
vda,2.60,0.00,0.01,0,0
vda,1.40,0.00,0.01,0,0
vda,2.20,0.00,0.01,0,0
vda,0.20,0.00,0.00,0,0
vda,20.60,0.00,0.09,0,0
vda,52.20,0.00,0.21,0,1
vda,158.80,2.50,0.05,12,0
vda,6.40,0.16,0.02,0,0
vda,20.00,0.05,0.04,0,0
vda,0.00,0.00,0.00,0,0
vda,67.60,0.00,0.30,0,1
vda,5.20,0.00,0.02,0,0
vda,1.20,0.00,0.00,0,0
vda,1.40,0.00,0.00,0,0
vda,80.00,0.00,0.32,0,1
vda,0.00,0.00,0.00,0,0
vda,1.40,0.00,0.00,0,0
vda,2.20,0.00,0.01,0,0
vda,0.60,0.00,0.00,0,0
vda,3.79,0.00,0.01,0,0
vda,2.80,0.00,0.01,0,0
vda,1.20,0.00,0.01,0,0
vda,13.00,0.00,0.05,0,0
vda,35.00,0.00,0.14,0,0
vda,0.60,0.00,0.00,0,0
vda,1.20,0.00,0.00,0,0
vda,8.40,0.00,0.04,0,0
vda,2.20,0.00,0.01,0,0
vda,3.60,0.00,0.02,0,0
vda,20.00,0.00,0.08,0,0
vda,0.00,0.00,0.00,0,0
vda,1.40,0.00,0.01,0,0
vda,52.40,0.00,0.21,0,1
vda,0.80,0.00,0.00,0,0
vda,8.40,0.00,0.04,0,0
vda,3.80,0.00,0.02,0,0
vda,0.60,0.00,0.00,0,0
vda,14.20,0.00,0.06,0,0
vda,3.20,0.00,0.01,0,0
vda,0.00,0.00,0.00,0,0
vda,1.40,0.00,0.00,0,0
vda,52.20,0.00,0.21,0,1
vda,0.40,0.00,0.00,0,0
vda,10.20,0.00,0.05,0,0
vda,20.20,0.00,0.08,0,0
vda,0.80,0.00,0.00,0,0
vda,2.60,0.00,0.01,0,0
vda,2.60,0.00,0.01,0,0
vda,0.00,0.00,0.00,0,0
vda,1.40,0.00,0.01,0,0
vda,62.40,0.00,0.25,0,1
vda,0.00,0.00,0.00,0,0
vda,18.60,0.00,0.07,0,0
vda,2.20,0.00,0.01,0,0
vda,0.60,0.00,0.00,0,0
vda,4.00,0.00,0.02,0,0
vda,2.20,0.00,0.01,0,0
vda,2.40,0.00,0.01,0,0
vda,1.20,0.00,0.00,0,0
vda,46.40,0.00,0.19,0,0
vda,0.00,0.00,0.00,0,0
vda,1.20,0.00,0.00,0,0
vda,9.60,0.00,0.04,0,0
vda,1.20,0.00,0.00,0,0
vda,6.00,0.00,0.03,0,0
vda,1.80,0.00,0.01,0,0
vda,0.00,0.00,0.00,0,0
vda,18.60,0.00,0.07,0,0
vda,52.40,0.00,0.21,0,1
vda,0.80,0.00,0.00,0,0
vda,2.00,0.00,0.01,0,0
vda,10.40,0.00,0.04,0,0
vda,0.00,0.00,0.00,0,0
vda,1.40,0.00,0.00,0,0
vda,21.40,0.00,0.08,0,0
vda,1.60,0.00,0.01,0,0
vda,0.20,0.00,0.00,0,0
vda,52.20,0.00,0.21,0,1
vda,2.00,0.00,0.01,0,0
vda,2.20,0.00,0.01,0,0
vda,7.80,0.00,0.03,0,0
vda,1.60,0.00,0.01,0,0
vda,12.80,0.00,0.05,0,0
vda,3.40,0.00,0.01,0,0
vda,1.20,0.00,0.00,0,0
vda,3.40,0.00,0.01,0,0
vda,35.40,0.00,0.14,0,0
vda,0.00,0.00,0.00,0,0
vda,1.20,0.00,0.00,0,0
vda,26.80,0.00,0.11,0,0
vda,0.80,0.00,0.00,0,0
vda,1.60,0.00,0.01,0,0
vda,3.00,0.00,0.02,0,0
vda,0.80,0.00,0.00,0,0
vda,2.60,0.00,0.01,0,0
vda,52.80,0.00,0.21,0,1
vda,12.20,0.00,0.05,0,0
vda,1.60,0.00,0.01,0,0
vda,3.60,0.00,0.01,0,0
vda,1.40,0.00,0.01,0,0
vda,8.20,0.00,0.03,0,0
vda,2.40,0.00,0.01,0,0
vda,2.80,0.00,0.01,0,0
vda,20.00,0.00,0.08,0,0
vda,50.20,0.00,0.20,0,1
vda,1.00,0.00,0.00,0,0
vda,2.60,0.00,0.02,0,0
vda,2.20,0.00,0.01,0,0
vda,7.00,0.00,0.03,0,0
vda,1.60,0.00,0.01,0,0
vda,25.80,0.00,0.10,0,0
vda,1.60,0.00,0.01,0,0
vda,3.00,0.00,0.01,0,0
vda,70.20,0.00,0.28,0,1
vda,3.00,0.00,0.01,0,0
vda,18.00,0.00,0.07,0,0
vda,0.40,0.00,0.00,0,0
vda,12.20,0.00,0.05,0,0
vda,1.20,0.00,0.00,0,0
vda,2.40,0.00,0.01,0,0
vda,0.60,0.00,0.00,0,0
vda,7.00,0.00,0.03,0,0
vda,33.80,0.00,0.14,0,0
