3856156.0,35052.0,2940.0
3856156.0,35052.0,2940.0
3640658.4,72714.933333,3344.2666667
3048040.0,176288.0,4456.0
3047003.2,176291.2,4469.6
3042856.0,176304.0,4524.0
3042856.0,176304.0,4524.0
3042856.0,176304.0,4524.0
3042856.0,176304.0,4524.0
3042856.0,176304.0,4524.0
3038322.6667,176315.73333,4558.1333333
3025856.0,176348.0,4652.0
3025476.2667,176346.93333,4675.4666667
3024432.0,176344.0,4740.0
3024432.0,176344.0,4740.0
3022985.3333,176362.66667,4761.3333333
3020092.0,176400.0,4804.0
3020092.0,176400.0,4804.0
