vda,54.80,0.22,0.00,1,0
vda,3.80,0.00,0.01,0,0
vda,39.60,0.00,0.16,0,0
vda,18.60,0.07,0.00,0,0
vda,2.20,0.00,0.01,0,0
vda,1.20,0.00,0.00,0,0
vda,319.00,8.31,0.22,41,1
vda,105.00,12.65,0.01,63,0
vda,126.40,15.60,0.01,78,0
vda,141.52,12.55,0.96,62,4
vda,101.20,11.48,0.51,57,2
vda,139.80,17.18,0.01,85,0
vda,88.40,11.03,0.00,55,0
vda,94.20,11.50,0.01,57,0
vda,27.60,3.28,0.00,16,0
vda,13.60,0.00,0.06,0,0
vda,36.40,0.00,0.15,0,0
vda,4.60,0.00,0.02,0,0
vda,2.60,0.00,0.01,0,0
vda,48.20,0.00,0.20,0,1
vda,1.60,0.00,0.01,0,0
vda,0.00,0.00,0.00,0,0
vda,37.40,0.00,0.15,0,0
vda,1.40,0.00,0.01,0,0
vda,0.00,0.00,0.00,0,0
vda,37.40,0.00,0.15,0,0
vda,1.40,0.00,0.01,0,0
vda,28.20,0.18,0.00,0,0
vda,4.40,0.00,0.02,0,0
vda,34.00,0.00,0.14,0,0
vda,52.60,0.00,0.21,0,1
vda,2.00,0.00,0.01,0,0
vda,1.60,0.00,0.01,0,0
vda,35.60,0.00,0.15,0,0
vda,2.40,0.00,0.01,0,0
vda,1.40,0.00,0.01,0,0
vda,34.40,0.00,0.14,0,0
vda,4.80,0.00,0.02,0,0
vda,9.40,0.00,0.04,0,0
vda,47.40,0.00,0.19,0,0
vda,2.40,0.00,0.01,0,0
vda,1.20,0.00,0.00,0,0
vda,41.20,0.00,0.17,0,0
vda,2.40,0.00,0.01,0,0
vda,1.20,0.00,0.00,0,0
vda,35.20,0.00,0.14,0,0
vda,2.40,0.00,0.01,0,0
vda,2.20,0.00,0.01,0,0
vda,1.40,0.00,0.01,0,0
vda,2.60,0.00,0.01,0,0
vda,0.00,0.00,0.00,0,0
vda,1.80,0.00,0.01,0,0
vda,21.20,0.00,0.09,0,0
vda,1.40,0.00,0.01,0,0
vda,41.60,0.00,0.17,0,0
vda,2.40,0.00,0.01,0,0
vda,0.00,0.00,0.00,0,0
vda,4.60,0.00,0.02,0,0
vda,1.20,0.00,0.00,0,0
vda,43.00,0.00,0.18,0,0
vda,1.80,0.00,0.01,0,0
vda,2.20,0.00,0.01,0,0
vda,0.00,0.00,0.00,0,0
vda,1.40,0.00,0.00,0,0
vda,2.20,0.00,0.01,0,0
vda,0.40,0.00,0.00,0,0
vda,39.40,0.00,0.16,0,0
vda,18.00,0.00,0.07,0,0
vda,0.00,0.00,0.00,0,0
vda,1.20,0.00,0.00,0,0
vda,2.20,0.00,0.01,0,0
vda,39.00,0.00,0.16,0,0
vda,6.60,0.00,0.03,0,0
vda,1.20,0.00,0.00,0,0
vda,30.20,0.00,0.12,0,0
vda,1.40,0.00,0.01,0,0
vda,3.40,0.00,0.01,0,0
vda,1.60,0.00,0.01,0,0
vda,0.00,0.00,0.00,0,0
vda,62.40,0.00,0.25,0,1
vda,1.40,0.00,0.01,0,0
vda,0.20,0.00,0.00,0,0
vda,37.20,0.00,0.15,0,0
vda,0.80,0.00,0.00,0,0
vda,1.20,0.00,0.00,0,0
vda,37.20,0.00,0.15,0,0
vda,3.20,0.00,0.01,0,0
vda,2.00,0.00,0.01,0,0
vda,53.40,0.00,0.22,0,1
vda,9.40,0.00,0.04,0,0
vda,0.00,0.00,0.00,0,0
vda,37.20,0.00,0.16,0,0
vda,1.40,0.00,0.01,0,0
vda,0.00,0.00,0.00,0,0
vda,37.20,0.00,0.15,0,0
vda,4.60,0.00,0.02,0,0
vda,0.00,0.00,0.00,0,0
vda,33.60,0.00,0.14,0,0
vda,1.60,0.00,0.01,0,0
vda,0.00,0.00,0.00,0,0
vda,2.20,0.00,0.01,0,0
vda,1.20,0.00,0.00,0,0
vda,45.00,0.00,0.18,0,0
vda,10.20,0.00,0.04,0,0
vda,0.60,0.00,0.00,0,0
vda,3.60,0.00,0.01,0,0
vda,45.00,0.00,0.18,0,0
vda,2.60,0.00,0.01,0,0
vda,0.00,0.00,0.00,0,0
vda,2.20,0.00,0.01,0,0
vda,0.60,0.00,0.00,0,0
vda,2.20,0.00,0.01,0,0
vda,1.60,0.00,0.01,0,0
vda,18.00,0.00,0.07,0,0
vda,47.20,0.00,0.19,0,0
vda,1.60,0.00,0.01,0,0
vda,0.00,0.00,0.00,0,0
vda,1.20,0.00,0.00,0,0
vda,2.60,0.00,0.01,0,0
vda,1.40,0.00,0.01,0,0
vda,0.40,0.00,0.00,0,0
vda,13.80,0.00,0.05,0,0
vda,1.60,0.00,0.01,0,0
vda,36.00,0.00,0.14,0,0
vda,2.60,0.00,0.01,0,0
vda,3.00,0.00,0.01,0,0
vda,2.40,0.00,0.01,0,0
vda,1.40,0.00,0.01,0,0
vda,17.00,0.00,0.07,0,0
vda,2.20,0.00,0.01,0,0
vda,2.60,0.00,0.01,0,0
vda,7.80,0.00,0.03,0,0
vda,24.60,0.00,0.10,0,0
vda,2.20,0.00,0.01,0,0
vda,0.80,0.00,0.00,0,0
vda,2.20,0.00,0.01,0,0
vda,21.40,0.00,0.09,0,0
vda,2.00,0.00,0.01,0,0
vda,0.00,0.00,0.00,0,0
vda,2.20,0.00,0.01,0,0
vda,0.60,0.00,0.00,0,0
vda,37.20,0.00,0.15,0,0
vda,8.80,0.00,0.04,0,0
vda,13.00,0.00,0.05,0,0
vda,2.40,0.00,0.01,0,0
vda,45.40,0.00,0.19,0,0
vda,2.20,0.00,0.01,0,0
vda,0.40,0.00,0.00,0,0
vda,2.20,0.00,0.01,0,0
vda,2.00,0.00,0.01,0,0
vda,0.00,0.00,0.00,0,0
vda,2.60,0.00,0.01,0,0
vda,25.40,0.00,0.10,0,0
vda,48.80,0.00,0.19,0,0
vda,1.60,0.00,0.01,0,0
vda,12.60,0.00,0.05,0,0
vda,3.20,0.00,0.01,0,0
vda,0.40,0.00,0.00,0,0
vda,38.20,0.00,0.15,0,0
vda,2.60,0.00,0.01,0,0
vda,52.60,0.00,0.21,0,1
vda,1.40,0.00,0.01,0,0
vda,1.40,0.00,0.01,0,0
vda,4.20,0.00,0.02,0,0
vda,1.60,0.00,0.01,0,0
vda,43.40,0.00,0.18,0,0
vda,2.40,0.00,0.01,0,0
vda,0.60,0.00,0.00,0,0
vda,36.60,0.00,0.15,0,0
vda,2.40,0.00,0.01,0,0
vda,0.60,0.00,0.00,0,0
vda,48.60,0.00,0.19,0,0
vda,4.20,0.00,0.02,0,0
vda,1.60,0.00,0.01,0,0
vda,52.20,0.00,0.21,0,1
vda,1.40,0.00,0.01,0,0
vda,0.00,0.00,0.00,0,0
vda,37.80,0.00,0.15,0,0
vda,1.40,0.00,0.01,0,0
vda,0.80,0.00,0.00,0,0
vda,27.40,0.00,0.11,0,0
vda,21.60,0.00,0.09,0,0
vda,1.20,0.00,0.00,0,0
vda,44.60,0.00,0.18,0,0
vda,1.40,0.00,0.01,0,0
vda,0.00,0.00,0.00,0,0
vda,42.60,0.00,0.17,0,0
vda,2.40,0.00,0.01,0,0
vda,0.60,0.00,0.00,0,0
vda,36.80,0.00,0.15,0,0
vda,1.80,0.00,0.01,0,0
vda,2.60,0.00,0.01,0,0
vda,46.40,0.00,0.19,0,0
vda,0.00,0.00,0.00,0,0
vda,1.60,0.00,0.01,0,0
vda,26.80,0.00,0.11,0,0
vda,19.20,0.00,0.07,0,0
vda,4.60,0.00,0.02,0,0
vda,43.80,0.00,0.18,0,0
vda,2.00,0.00,0.01,0,0
vda,1.20,0.00,0.00,0,0
vda,16.40,0.00,0.07,0,0
vda,1.60,0.00,0.01,0,0
vda,43.40,0.00,0.18,0,0
vda,1.20,0.00,0.00,0,0
vda,37.00,0.00,0.15,0,0
