vda,26.00,0.11,0.00,0,0
vda,37.20,0.14,0.01,0,0
vda,1.60,0.00,0.01,0,0
vda,19.00,0.07,0.00,0,0
vda,53.00,0.33,0.01,1,0
vda,12.00,0.00,0.06,0,0
vda,284.00,10.03,0.11,50,0
vda,56.00,0.13,0.18,0,0
vda,2.59,0.00,0.01,0,0
vda,0.20,0.00,0.00,0,0
vda,2.00,0.00,0.01,0,0
vda,29.00,0.00,1.39,0,6
vda,21.40,0.00,0.09,0,0
vda,1.40,0.00,0.01,0,0
vda,1.60,0.00,0.01,0,0
vda,1.20,0.00,0.00,0,0
vda,1.20,0.00,0.00,0,0
vda,1.00,0.00,0.01,0,0
vda,22.40,0.00,0.09,0,0
vda,1.60,0.00,0.01,0,0
vda,33.40,0.00,0.13,0,0
vda,11.20,0.00,0.05,0,0
vda,0.00,0.00,0.00,0,0
vda,35.60,0.00,0.15,0,0
vda,2.40,0.00,0.01,0,0
vda,1.20,0.00,0.00,0,0
vda,34.40,0.00,0.14,0,0
vda,4.20,0.00,0.02,0,0
vda,1.40,0.00,0.01,0,0
vda,1.40,0.00,0.00,0,0
vda,2.20,0.00,0.01,0,0
vda,1.20,0.00,0.00,0,0
vda,0.20,0.00,0.00,0,0
vda,54.00,0.00,0.22,0,1
vda,8.40,0.00,0.04,0,0
vda,0.00,0.00,0.00,0,0
vda,2.20,0.00,0.01,0,0
vda,2.40,0.00,0.01,0,0
vda,2.00,0.00,0.01,0,0
vda,1.80,0.00,0.01,0,0
vda,18.20,0.00,0.07,0,0
vda,1.40,0.00,0.01,0,0
vda,35.60,0.00,0.14,0,0
vda,8.00,0.00,0.03,0,0
vda,1.00,0.00,0.01,0,0
vda,2.40,0.00,0.01,0,0
vda,3.80,0.02,0.01,0,0
vda,1.80,0.00,0.01,0,0
vda,13.80,0.00,0.06,0,0
vda,1.20,0.00,0.00,0,0
vda,0.40,0.00,0.00,0,0
vda,24.20,0.00,0.10,0,0
vda,8.00,0.00,0.03,0,0
vda,0.00,0.00,0.00,0,0
vda,2.40,0.00,0.01,0,0
vda,18.40,0.00,0.08,0,0
vda,2.60,0.00,0.01,0,0
vda,2.00,0.00,0.01,0,0
vda,3.80,0.00,0.01,0,0
vda,0.20,0.00,0.00,0,0
vda,35.80,0.00,0.14,0,0
vda,1.60,0.00,0.01,0,0
vda,21.80,0.00,0.09,0,0
vda,2.20,0.00,0.01,0,0
vda,1.20,0.00,0.00,0,0
vda,4.20,0.00,0.02,0,0
vda,1.80,0.00,0.01,0,0
