7905269.3333,64316.0,2476.0
7736656.0,103396.0,3924.0
7736656.0,103396.0,3924.0
7722728.0,103398.66667,3950.6666667
7694872.0,103404.0,4004.0
7694872.0,103404.0,4004.0
7676853.6,103405.6,4016.8
7604780.0,103412.0,4068.0
7599813.6,103413.6,4080.8
7579948.0,103420.0,4132.0
7579948.0,103420.0,4132.0
7576904.0,103420.0,4143.2
7564728.0,103420.0,4188.0
7564728.0,103420.0,4188.0
7564728.0,103420.0,4188.0
7564728.0,103420.0,4188.0
7638412.8,102164.0,4210.4
7933152.0,97140.0,4300.0
7933152.0,97140.0,4300.0
