vda,78.80,0.39,0.01,1,0
vda,8.20,0.02,0.01,0,0
vda,7.00,0.02,0.00,0,0
vda,1.40,0.00,0.01,0,0
vda,54.60,0.00,0.23,0,1
vda,3.20,0.00,0.01,0,0
vda,222.40,11.15,0.00,55,0
vda,113.20,13.55,0.02,67,0
vda,6.40,0.64,0.00,3,0
vda,55.20,0.31,0.06,1,0
vda,0.00,0.00,0.00,0,0
vda,21.60,0.02,0.06,0,0
vda,8.40,0.00,1.29,0,6
vda,36.60,0.00,0.16,0,0
vda,3.40,0.00,0.01,0,0
vda,1.20,0.00,0.00,0,0
vda,2.20,0.00,0.01,0,0
vda,2.20,0.00,0.01,0,0
vda,2.80,0.00,0.01,0,0
vda,0.40,0.00,0.00,0,0
vda,13.00,0.00,0.06,0,0
vda,2.60,0.00,0.01,0,0
vda,24.00,0.00,0.10,0,0
vda,0.00,0.00,0.00,0,0
vda,8.20,0.00,0.04,0,0
vda,5.00,0.00,0.02,0,0
vda,1.00,0.00,0.00,0,0
vda,15.80,0.00,0.07,0,0
vda,2.20,0.00,0.01,0,0
vda,3.40,0.00,0.01,0,0
vda,1.20,0.00,0.00,0,0
vda,35.60,0.00,0.14,0,0
vda,8.80,0.00,0.04,0,0
vda,1.80,0.00,0.01,0,0
vda,4.40,0.00,0.02,0,0
vda,10.40,0.00,0.04,0,0
vda,2.20,0.00,0.01,0,0
vda,2.40,0.00,0.01,0,0
vda,1.40,0.00,0.01,0,0
vda,0.20,0.00,0.00,0,0
vda,35.60,0.00,0.14,0,0
vda,9.00,0.00,0.04,0,0
vda,15.20,0.00,0.06,0,0
vda,4.20,0.00,0.02,0,0
vda,3.00,0.00,0.01,0,0
vda,0.00,0.00,0.00,0,0
vda,2.40,0.00,0.01,0,0
vda,1.20,0.00,0.00,0,0
vda,1.60,0.00,0.01,0,0
vda,43.00,0.00,0.17,0,0
vda,15.80,0.00,0.06,0,0
vda,2.20,0.00,0.01,0,0
vda,2.20,0.00,0.01,0,0
vda,2.60,0.00,0.01,0,0
vda,0.20,0.00,0.00,0,0
vda,4.40,0.00,0.02,0,0
vda,1.40,0.00,0.01,0,0
vda,10.80,0.00,0.05,0,0
vda,24.40,0.00,0.10,0,0
vda,1.20,0.00,0.00,0,0
vda,7.60,0.00,0.03,0,0
vda,3.00,0.00,0.01,0,0
vda,2.60,0.00,0.01,0,0
vda,19.40,0.00,0.08,0,0
vda,0.00,0.00,0.00,0,0
vda,2.20,0.00,0.01,0,0
vda,0.00,0.00,0.00,0,0
vda,36.20,0.00,0.15,0,0
vda,8.60,0.00,0.04,0,0
vda,0.20,0.00,0.00,0,0
vda,14.20,0.00,0.06,0,0
vda,1.20,0.00,0.00,0,0
vda,2.20,0.00,0.01,0,0
vda,2.80,0.00,0.01,0,0
vda,1.40,0.00,0.01,0,0
vda,0.00,0.00,0.00,0,0
vda,35.60,0.00,0.14,0,0
vda,26.60,0.00,0.11,0,0
vda,0.20,0.00,0.00,0,0
vda,2.60,0.00,0.01,0,0
vda,2.20,0.00,0.01,0,0
vda,2.59,0.00,0.01,0,0
vda,2.20,0.00,0.01,0,0
vda,1.20,0.00,0.00,0,0
vda,17.60,0.00,0.08,0,0
vda,36.40,0.00,0.15,0,0
vda,1.60,0.00,0.01,0,0
vda,6.80,0.00,0.03,0,0
vda,2.60,0.00,0.01,0,0
vda,1.60,0.00,0.01,0,0
vda,3.00,0.00,0.01,0,0
vda,4.20,0.00,0.02,0,0
vda,10.80,0.00,0.05,0,0
vda,1.20,0.00,0.00,0,0
vda,24.00,0.00,0.10,0,0
vda,7.20,0.02,0.01,0,0
vda,31.20,0.16,0.04,0,0
vda,0.40,0.00,0.00,0,0
vda,3.60,0.00,0.02,0,0
vda,23.60,0.00,0.10,0,0
vda,3.60,0.00,0.01,0,0
vda,1.60,0.00,0.01,0,0
vda,1.40,0.00,0.01,0,0
vda,56.80,0.00,0.23,0,1
vda,3.00,0.00,0.01,0,0
vda,2.80,0.00,0.02,0,0
vda,4.20,0.00,0.02,0,0
vda,12.00,0.00,0.05,0,0
vda,1.20,0.00,0.00,0,0
vda,0.80,0.00,0.00,0,0
vda,4.20,0.00,0.02,0,0
vda,1.60,0.00,0.01,0,0
vda,37.20,0.00,0.16,0,0
vda,2.60,0.00,0.01,0,0
