3850880.0,52188.0,1572.0
3310525.3333,144486.66667,3278.6666667
3040348.0,190636.0,4132.0
3040348.0,190636.0,4132.0
3038802.4,190849.6,4170.4
3037772.0,190992.0,4196.0
3037772.0,190992.0,4196.0
3035297.3333,190986.66667,4238.6666667
3034060.0,190984.0,4260.0
3035668.0,190994.66667,4297.3333333
3036472.0,191000.0,4316.0
3036472.0,191000.0,4316.0
3036472.0,191000.0,4316.0
3036472.0,191000.0,4316.0
3036472.0,191000.0,4316.0
3036472.0,191000.0,4316.0
3036472.0,191000.0,4316.0
3036472.0,191000.0,4316.0
3036472.0,191000.0,4316.0
3036472.0,191000.0,4316.0
3036472.0,191000.0,4316.0
3036575.2,191009.6,4455.2
3036644.0,191016.0,4548.0
3034305.3333,191016.0,4590.6666667
3033136.0,191016.0,4612.0
3033136.0,191016.0,4612.0
3033136.0,191016.0,4612.0
3033136.0,191016.0,4612.0
3033136.0,191016.0,4612.0
3033136.0,191016.0,4612.0
3033136.0,191016.0,4612.0
3033136.0,191016.0,4612.0
3033136.0,191016.0,4612.0
3018685.6,191188.8,4969.6
3009052.0,191304.0,5208.0
3009052.0,191304.0,5208.0
3008401.3333,191649.6,5233.6
3007832.0,191952.0,5256.0
3007832.0,191952.0,5256.0
3007832.0,191952.0,5256.0
3007832.0,191952.0,5256.0
3007832.0,191952.0,5256.0
3007832.0,191952.0,5256.0
3007832.0,191952.0,5256.0
3004920.0,191962.66667,5358.4
3002372.0,191972.0,5448.0
3002372.0,191972.0,5448.0
3002372.0,191972.0,5448.0
3002372.0,191972.0,5448.0
3002372.0,191972.0,5448.0
3002372.0,191972.0,5448.0
3002372.0,191972.0,5448.0
3002372.0,191972.0,5448.0
3002372.0,191972.0,5448.0
3002372.0,191972.0,5448.0
