vda,60.60,0.24,0.00,1,0
vda,3.60,0.00,0.01,0,0
vda,1.20,0.00,0.00,0,0
vda,0.00,0.00,0.00,0,0
vda,2.20,0.00,0.01,0,0
vda,2.80,0.00,0.02,0,0
vda,322.60,7.87,0.20,39,0
vda,111.80,11.58,0.08,57,0
vda,83.20,10.40,0.00,52,0
vda,69.60,8.62,0.00,43,0
vda,99.20,12.12,0.01,60,0
vda,37.00,4.47,0.00,22,0
vda,7.40,0.00,0.83,0,4
vda,16.00,0.00,0.54,0,2
vda,1.20,0.00,0.00,0,0
vda,22.40,0.00,0.09,0,0
vda,3.40,0.00,0.01,0,0
vda,1.60,0.00,0.01,0,0
vda,0.60,0.00,0.00,0,0
vda,2.20,0.00,0.01,0,0
vda,3.40,0.00,0.02,0,0
vda,1.00,0.00,0.00,0,0
vda,26.40,0.00,0.11,0,0
vda,1.20,0.00,0.00,0,0
vda,3.00,0.00,0.01,0,0
vda,35.00,0.00,0.14,0,0
vda,1.20,0.00,0.00,0,0
vda,1.40,0.00,0.01,0,0
vda,2.60,0.00,0.01,0,0
vda,12.60,0.00,0.05,0,0
vda,8.20,0.00,0.03,0,0
vda,2.60,0.00,0.01,0,0
vda,1.40,0.00,0.01,0,0
vda,0.80,0.00,0.00,0,0
vda,37.20,0.00,0.15,0,0
vda,2.60,0.00,0.01,0,0
vda,2.80,0.00,0.01,0,0
vda,17.40,0.00,0.07,0,0
vda,1.40,0.00,0.01,0,0
vda,0.00,0.00,0.00,0,0
vda,2.20,0.00,0.01,0,0
vda,2.20,0.00,0.01,0,0
vda,31.40,0.00,0.13,0,0
vda,0.40,0.00,0.00,0,0
vda,19.40,0.00,0.08,0,0
vda,2.60,0.00,0.01,0,0
vda,0.00,0.00,0.00,0,0
vda,1.20,0.00,0.00,0,0
vda,3.20,0.00,0.01,0,0
vda,0.60,0.00,0.00,0,0
vda,8.60,0.00,0.04,0,0
vda,46.60,0.00,0.19,0,0
vda,0.60,0.00,0.00,0,0
vda,2.60,0.00,0.01,0,0
vda,2.80,0.00,0.01,0,0
vda,2.00,0.00,0.01,0,0
vda,1.80,0.00,0.01,0,0
vda,11.40,0.00,0.05,0,0
vda,0.00,0.00,0.00,0,0
vda,18.00,0.00,0.07,0,0
vda,35.00,0.00,0.14,0,0
vda,1.60,0.00,0.01,0,0
vda,3.00,0.00,0.02,0,0
vda,3.40,0.00,0.01,0,0
vda,1.60,0.00,0.01,0,0
vda,1.80,0.00,0.01,0,0
vda,0.00,0.00,0.00,0,0
vda,19.20,0.00,0.08,0,0
vda,1.40,0.00,0.01,0,0
vda,36.40,0.00,0.15,0,0
vda,8.40,0.00,0.03,0,0
vda,1.20,0.00,0.00,0,0
vda,3.80,0.00,0.01,0,0
vda,2.20,0.00,0.01,0,0
vda,11.00,0.00,0.04,0,0
vda,1.60,0.00,0.01,0,0
vda,2.40,0.00,0.01,0,0
vda,1.40,0.00,0.01,0,0
vda,38.60,0.18,0.04,0,0
vda,49.80,0.00,0.20,0,1
vda,1.60,0.00,0.01,0,0
vda,3.60,0.00,0.01,0,0
vda,23.60,0.00,0.09,0,0
vda,2.60,0.00,0.01,0,0
vda,0.40,0.00,0.00,0,0
vda,3.00,0.00,0.01,0,0
vda,1.40,0.00,0.01,0,0
vda,22.60,0.00,0.09,0,0
vda,9.20,0.00,0.04,0,0
vda,12.20,0.00,0.05,0,0
vda,34.60,0.45,0.01,2,0
vda,12.40,0.00,0.05,0,0
vda,2.20,0.00,0.01,0,0
vda,0.60,0.00,0.00,0,0
vda,2.20,0.00,0.01,0,0
vda,1.20,0.00,0.00,0,0
vda,66.80,0.00,0.30,0,1
vda,28.20,0.00,0.13,0,0
vda,1.80,0.00,0.01,0,0
vda,1.60,0.00,0.01,0,0
vda,1.20,0.00,0.00,0,0
vda,2.00,0.00,0.01,0,0
vda,2.00,0.00,0.01,0,0
vda,1.60,0.00,0.01,0,0
vda,19.00,0.00,0.08,0,0
vda,35.80,0.00,0.14,0,0
vda,0.00,0.00,0.00,0,0
vda,8.20,0.00,0.03,0,0
vda,1.80,0.00,0.01,0,0
vda,1.60,0.00,0.01,0,0
vda,2.60,0.00,0.01,0,0
vda,14.60,0.00,0.06,0,0
vda,0.20,0.00,0.00,0,0
vda,1.40,0.00,0.00,0,0
vda,23.55,0.00,0.10,0,0
vda,1.60,0.00,0.01,0,0
vda,8.40,0.00,0.03,0,0
vda,1.80,0.00,0.01,0,0
vda,2.40,0.00,0.01,0,0
vda,18.80,0.00,0.07,0,0
vda,2.00,0.00,0.01,0,0
vda,2.80,0.00,0.01,0,0
vda,1.80,0.00,0.01,0,0
vda,43.80,0.00,0.18,0,0
vda,0.00,0.00,0.00,0,0
vda,2.60,0.00,0.02,0,0
vda,1.80,0.00,0.01,0,0
vda,41.00,0.00,0.17,0,0
vda,1.60,0.00,0.01,0,0
vda,49.20,0.00,0.20,0,0
vda,2.00,0.00,0.01,0,0
vda,1.60,0.00,0.01,0,0
vda,44.20,0.00,0.18,0,0
vda,0.00,0.00,0.00,0,0
vda,1.20,0.00,0.00,0,0
vda,35.80,0.00,0.15,0,0
vda,1.40,0.00,0.01,0,0
vda,1.20,0.00,0.00,0,0
vda,1.80,0.00,0.01,0,0
vda,41.20,0.00,0.17,0,0
vda,3.40,0.00,0.01,0,0
vda,2.00,0.00,0.01,0,0
vda,1.20,0.00,0.00,0,0
vda,1.40,0.00,0.01,0,0
vda,2.20,0.00,0.01,0,0
vda,0.40,0.00,0.00,0,0
vda,21.80,0.00,0.09,0,0
vda,36.00,0.00,0.14,0,0
vda,0.60,0.00,0.00,0,0
vda,1.60,0.00,0.01,0,0
vda,3.00,0.00,0.01,0,0
vda,53.20,0.00,0.22,0,1
vda,9.20,0.00,0.04,0,0
vda,0.00,0.00,0.00,0,0
vda,1.20,0.00,0.00,0,0
vda,2.40,0.00,0.01,0,0
vda,0.00,0.00,0.00,0,0
vda,1.60,0.00,0.01,0,0
vda,13.40,0.00,0.06,0,0
vda,24.00,0.00,0.10,0,0
vda,0.00,0.00,0.00,0,0
vda,2.60,0.00,0.01,0,0
vda,2.60,0.00,0.01,0,0
vda,1.20,0.00,0.01,0,0
vda,0.00,0.00,0.00,0,0
vda,20.40,0.00,0.08,0,0
vda,1.40,0.00,0.01,0,0
vda,8.40,0.00,0.04,0,0
vda,35.80,0.00,0.14,0,0
vda,0.80,0.00,0.01,0,0
vda,2.40,0.00,0.01,0,0
vda,0.00,0.00,0.00,0,0
vda,4.20,0.00,0.02,0,0
vda,13.80,0.00,0.05,0,0
vda,0.20,0.00,0.00,0,0
vda,1.60,0.00,0.01,0,0
vda,35.80,0.00,0.14,0,0
vda,0.80,0.00,0.00,0,0
vda,8.20,0.00,0.03,0,0
vda,1.20,0.00,0.01,0,0
vda,19.40,0.00,0.08,0,0
vda,2.80,0.00,0.01,0,0
vda,1.40,0.00,0.00,0,0
vda,2.20,0.00,0.01,0,0
vda,1.20,0.00,0.00,0,0
vda,22.00,0.00,0.09,0,0
vda,4.20,0.00,0.02,0,0
vda,26.00,0.00,0.10,0,0
vda,1.40,0.00,0.01,0,0
vda,12.40,0.00,0.05,0,0
vda,0.00,0.00,0.00,0,0
vda,0.60,0.00,0.00,0,0
vda,2.20,0.00,0.01,0,0
vda,2.00,0.00,0.01,0,0
vda,25.60,0.00,0.10,0,0
vda,22.80,0.00,0.09,0,0
vda,1.20,0.00,0.00,0,0
vda,2.20,0.00,0.01,0,0
vda,3.60,0.00,0.01,0,0
vda,2.20,0.00,0.01,0,0
vda,0.40,0.00,0.00,0,0
vda,44.00,0.00,0.18,0,0
vda,1.20,0.00,0.00,0,0
vda,1.20,0.00,0.00,0,0
vda,42.00,0.00,0.17,0,0
vda,2.60,0.00,0.01,0,0
vda,1.80,0.00,0.01,0,0
vda,2.40,0.00,0.01,0,0
vda,3.40,0.00,0.02,0,0
vda,13.40,0.00,0.05,0,0
vda,8.40,0.00,0.03,0,0
vda,1.60,0.00,0.01,0,0
vda,15.60,0.00,0.06,0,0
vda,8.00,0.00,0.03,0,0
vda,8.40,0.00,0.03,0,0
vda,2.20,0.00,0.01,0,0
vda,18.80,0.00,0.07,0,0
vda,1.60,0.00,0.01,0,0
vda,15.40,0.00,0.06,0,0
vda,2.00,0.00,0.01,0,0
vda,1.20,0.00,0.00,0,0
vda,15.80,0.00,0.06,0,0
vda,1.00,0.00,0.01,0,0
vda,1.60,0.00,0.01,0,0
vda,26.80,0.00,0.11,0,0
vda,1.20,0.00,0.00,0,0
vda,0.00,0.00,0.00,0,0
vda,14.00,0.00,0.06,0,0
vda,2.80,0.00,0.01,0,0
vda,4.00,0.00,0.02,0,0
vda,22.00,0.00,0.09,0,0
vda,13.60,0.00,0.05,0,0
vda,0.00,0.00,0.00,0,0
vda,1.20,0.00,0.00,0,0
vda,8.60,0.00,0.04,0,0
vda,2.00,0.00,0.01,0,0
vda,1.40,0.00,0.01,0,0
vda,35.60,0.00,0.15,0,0
vda,1.20,0.00,0.00,0,0
vda,19.60,0.00,0.08,0,0
vda,2.60,0.00,0.01,0,0
vda,0.40,0.00,0.00,0,0
vda,1.60,0.00,0.01,0,0
vda,1.60,0.00,0.01,0,0
vda,2.40,0.00,0.01,0,0
vda,8.40,0.00,0.03,0,0
vda,52.20,0.00,0.21,0,1
vda,1.60,0.00,0.01,0,0
vda,2.80,0.00,0.01,0,0
vda,2.20,0.00,0.01,0,0
vda,1.20,0.00,0.00,0,0
vda,2.40,0.00,0.01,0,0
vda,2.20,0.00,0.01,0,0
vda,7.80,0.00,0.03,0,0
vda,12.80,0.00,0.05,0,0
vda,23.40,0.00,0.09,0,0
vda,1.40,0.00,0.01,0,0
vda,1.40,0.00,0.00,0,0
vda,5.80,0.00,0.03,0,0
vda,2.00,0.00,0.01,0,0
vda,1.00,0.00,0.00,0,0
vda,17.20,0.00,0.07,0,0
vda,2.20,0.00,0.01,0,0
vda,1.60,0.00,0.01,0,0
vda,42.00,0.00,0.17,0,0
vda,4.60,0.00,0.02,0,0
vda,1.40,0.00,0.01,0,0
vda,0.00,0.00,0.00,0,0
vda,15.40,0.00,0.06,0,0
vda,1.80,0.00,0.01,0,0
vda,0.40,0.00,0.00,0,0
vda,2.60,0.00,0.01,0,0
vda,1.60,0.00,0.01,0,0
vda,36.40,0.00,0.15,0,0
vda,8.20,0.00,0.03,0,0
vda,18.40,0.00,0.07,0,0
vda,1.60,0.00,0.01,0,0
vda,1.80,0.00,0.01,0,0
vda,2.60,0.00,0.01,0,0
vda,0.00,0.00,0.00,0,0
vda,4.00,0.00,0.02,0,0
vda,1.40,0.00,0.00,0,0
vda,51.20,0.00,0.20,0,1
vda,2.60,0.00,0.01,0,0
vda,8.60,0.00,0.04,0,0
vda,2.20,0.00,0.01,0,0
vda,0.00,0.00,0.00,0,0
vda,1.20,0.00,0.00,0,0
vda,2.80,0.00,0.01,0,0
vda,1.40,0.00,0.01,0,0
vda,13.20,0.00,0.05,0,0
vda,24.40,0.00,0.10,0,0
vda,1.60,0.00,0.01,0,0
vda,0.00,0.00,0.00,0,0
vda,1.80,0.00,0.01,0,0
vda,10.60,0.00,0.05,0,0
vda,1.80,0.00,0.01,0,0
vda,19.40,0.00,0.08,0,0
vda,2.20,0.00,0.01,0,0
vda,33.40,0.00,0.13,0,0
vda,2.00,0.00,0.01,0,0
vda,1.60,0.00,0.01,0,0
vda,1.40,0.00,0.01,0,0
vda,41.80,0.00,0.17,0,0
vda,2.40,0.00,0.01,0,0
vda,1.20,0.00,0.00,0,0
vda,51.40,0.00,0.20,0,1
vda,2.40,0.00,0.01,0,0
vda,1.20,0.00,0.00,0,0
vda,3.00,0.00,0.01,0,0
vda,1.60,0.00,0.01,0,0
vda,0.00,0.00,0.00,0,0
vda,1.20,0.00,0.00,0,0
vda,4.00,0.00,0.02,0,0
vda,12.80,0.00,0.05,0,0
vda,28.80,0.00,0.12,0,0
vda,2.40,0.00,0.01,0,0
vda,0.00,0.00,0.00,0,0
vda,15.00,0.00,0.06,0,0
vda,54.80,0.00,0.22,0,1
vda,27.40,0.00,0.11,0,0
vda,2.60,0.00,0.01,0,0
vda,0.00,0.00,0.00,0,0
vda,37.00,0.00,0.15,0,0
vda,1.80,0.00,0.01,0,0
vda,1.20,0.00,0.00,0,0
vda,35.80,0.00,0.15,0,0
vda,2.40,0.00,0.01,0,0
vda,0.00,0.00,0.00,0,0
vda,2.40,0.00,0.01,0,0
vda,2.00,0.00,0.01,0,0
vda,1.20,0.00,0.00,0,0
vda,1.60,0.00,0.01,0,0
vda,20.40,0.00,0.08,0,0
vda,7.20,0.00,0.03,0,0
vda,1.40,0.00,0.01,0,0
vda,33.60,0.00,0.13,0,0
vda,3.40,0.00,0.01,0,0
vda,2.00,0.00,0.01,0,0
vda,0.00,0.00,0.00,0,0
vda,15.40,0.00,0.06,0,0
vda,2.20,0.00,0.01,0,0
vda,0.00,0.00,0.00,0,0
vda,8.40,0.00,0.03,0,0
vda,36.80,0.00,0.15,0,0
vda,0.00,0.00,0.00,0,0
vda,1.40,0.00,0.01,0,0
vda,3.60,0.00,0.01,0,0
vda,19.80,0.00,0.08,0,0
vda,1.00,0.00,0.00,0,0
vda,2.60,0.00,0.01,0,0
vda,0.20,0.00,0.00,0,0
vda,1.40,0.00,0.01,0,0
vda,36.40,0.00,0.15,0,0
vda,9.80,0.00,0.04,0,0
vda,17.80,0.00,0.07,0,0
vda,2.00,0.00,0.01,0,0
vda,0.00,0.00,0.00,0,0
vda,2.40,0.00,0.01,0,0
vda,3.20,0.00,0.01,0,0
vda,2.40,0.00,0.01,0,0
vda,2.80,0.00,0.01,0,0
vda,34.80,0.00,0.14,0,0
vda,0.00,0.00,0.00,0,0
vda,9.40,0.00,0.04,0,0
vda,1.40,0.00,0.01,0,0
vda,0.60,0.00,0.00,0,0
vda,2.20,0.00,0.01,0,0
vda,4.00,0.00,0.02,0,0
vda,45.00,0.00,0.18,0,0
vda,9.00,0.00,0.04,0,0
vda,1.60,0.00,0.01,0,0
vda,0.20,0.00,0.00,0,0
vda,9.60,0.00,0.04,0,0
vda,1.80,0.00,0.01,0,0
vda,0.60,0.00,0.00,0,0
vda,37.60,0.00,0.15,0,0
vda,2.60,0.00,0.01,0,0
vda,10.80,0.00,0.04,0,0
vda,0.00,0.00,0.00,0,0
vda,50.60,0.00,0.21,0,1
vda,4.40,0.00,0.02,0,0
vda,2.20,0.00,0.01,0,0
vda,35.80,0.00,0.15,0,0
vda,0.80,0.00,0.00,0,0
vda,32.20,0.00,0.13,0,0
vda,8.00,0.00,0.03,0,0
vda,0.20,0.00,0.00,0,0
vda,2.60,0.00,0.01,0,0
vda,43.40,0.00,0.18,0,0
vda,1.20,0.00,0.00,0,0
vda,2.20,0.00,0.01,0,0
vda,53.20,0.00,0.22,0,1
vda,0.80,0.00,0.00,0,0
vda,2.20,0.00,0.01,0,0
vda,37.20,0.00,0.15,0,0
vda,3.00,0.00,0.01,0,0
vda,42.20,0.00,0.17,0,0
vda,1.40,0.00,0.01,0,0
vda,0.80,0.00,0.00,0,0
vda,36.80,0.00,0.15,0,0
vda,2.00,0.00,0.01,0,0
vda,41.20,0.00,0.17,0,0
vda,2.40,0.00,0.01,0,0
vda,1.20,0.00,0.00,0,0
vda,40.80,0.00,0.16,0,0
vda,3.80,0.00,0.01,0,0
vda,1.60,0.00,0.01,0,0
vda,20.60,0.00,0.09,0,0
vda,2.40,0.00,0.01,0,0
vda,35.80,0.00,0.15,0,0
vda,0.80,0.00,0.00,0,0
vda,2.20,0.00,0.01,0,0
vda,36.00,0.00,0.15,0,0
vda,0.80,0.00,0.00,0,0
vda,4.80,0.00,0.02,0,0
vda,59.40,0.00,0.24,0,1
vda,1.60,0.00,0.01,0,0
vda,2.20,0.00,0.01,0,0
vda,35.00,0.00,0.14,0,0
vda,1.60,0.00,0.01,0,0
vda,2.20,0.00,0.01,0,0
vda,34.40,0.00,0.14,0,0
vda,1.40,0.00,0.01,0,0
vda,2.40,0.00,0.01,0,0
vda,44.00,0.00,0.18,0,0
vda,2.80,0.00,0.01,0,0
vda,0.00,0.00,0.00,0,0
vda,52.20,0.00,0.21,0,1
vda,8.60,0.00,0.03,0,0
vda,2.20,0.00,0.01,0,0
vda,35.40,0.00,0.14,0,0
vda,2.00,0.00,0.01,0,0
vda,2.20,0.00,0.01,0,0
vda,35.80,0.00,0.15,0,0
vda,4.40,0.00,0.02,0,0
vda,1.00,0.00,0.00,0,0
vda,42.20,0.00,0.17,0,0
vda,1.60,0.00,0.01,0,0
vda,48.80,0.00,0.20,0,0
vda,33.20,0.00,0.13,0,0
vda,1.20,0.00,0.00,0,0
vda,37.20,0.00,0.15,0,0
vda,0.80,0.00,0.00,0,0
vda,1.40,0.00,0.00,0,0
vda,37.20,0.00,0.15,0,0
vda,11.40,0.00,0.05,0,0
vda,0.00,0.00,0.00,0,0
vda,37.80,0.00,0.15,0,0
vda,0.80,0.00,0.00,0,0
vda,1.20,0.00,0.00,0,0
vda,53.09,0.00,0.21,0,1
vda,1.80,0.00,0.01,0,0
vda,1.20,0.00,0.00,0,0
vda,37.00,0.00,0.15,0,0
vda,3.60,0.00,0.01,0,0
vda,2.00,0.00,0.01,0,0
vda,44.60,0.00,0.18,0,0
vda,0.00,0.00,0.00,0,0
vda,1.20,0.00,0.00,0,0
vda,37.80,0.00,0.15,0,0
vda,0.80,0.00,0.00,0,0
vda,1.20,0.00,0.00,0,0
vda,54.20,0.00,0.22,0,1
vda,0.80,0.00,0.00,0,0
vda,2.40,0.00,0.01,0,0
vda,45.20,0.00,0.19,0,0
vda,1.40,0.00,0.01,0,0
vda,0.00,0.00,0.00,0,0
vda,37.60,0.00,0.15,0,0
vda,1.40,0.00,0.01,0,0
vda,28.80,0.00,0.12,0,0
vda,2.40,0.00,0.01,0,0
vda,12.60,0.00,0.05,0,0
vda,1.40,0.00,0.01,0,0
vda,54.60,0.00,0.22,0,1
vda,9.60,0.00,0.04,0,0
vda,2.20,0.00,0.01,0,0
vda,35.40,0.00,0.14,0,0
vda,0.80,0.00,0.00,0,0
vda,1.20,0.00,0.00,0,0
vda,37.20,0.00,0.15,0,0
vda,1.40,0.00,0.01,0,0
vda,0.00,0.00,0.00,0,0
vda,37.20,0.00,0.15,0,0
vda,2.80,0.00,0.01,0,0
vda,55.40,0.00,0.22,0,1
vda,4.40,0.00,0.02,0,0
vda,13.20,0.00,0.06,0,0
vda,2.40,0.00,0.01,0,0
vda,34.80,0.00,0.14,0,0
vda,0.80,0.00,0.00,0,0
vda,2.20,0.00,0.01,0,0
vda,35.80,0.00,0.15,0,0
vda,2.20,0.00,0.01,0,0
vda,44.40,0.00,0.18,0,0
vda,1.60,0.00,0.01,0,0
vda,6.80,0.00,0.03,0,0
vda,1.40,0.00,0.01,0,0
vda,53.80,0.00,0.22,0,1
vda,2.00,0.00,0.01,0,0
vda,28.60,0.00,0.12,0,0
vda,2.40,0.00,0.01,0,0
vda,21.20,0.00,0.09,0,0
vda,2.20,0.00,0.01,0,0
vda,1.20,0.00,0.00,0,0
vda,41.60,0.00,0.17,0,0
vda,1.40,0.00,0.01,0,0
vda,2.20,0.00,0.01,0,0
vda,34.80,0.00,0.14,0,0
vda,1.40,0.00,0.01,0,0
vda,2.20,0.00,0.01,0,0
vda,52.00,0.00,0.21,0,1
vda,4.40,0.00,0.02,0,0
vda,1.00,0.00,0.00,0,0
vda,8.60,0.00,0.04,0,0
vda,38.00,0.00,0.16,0,0
vda,2.00,0.00,0.01,0,0
vda,13.00,0.00,0.05,0,0
vda,24.80,0.00,0.10,0,0
vda,2.40,0.00,0.01,0,0
vda,12.60,0.00,0.05,0,0
vda,36.00,0.00,0.15,0,0
vda,3.20,0.00,0.01,0,0
vda,1.40,0.00,0.01,0,0
vda,50.60,0.00,0.21,0,1
vda,4.40,0.00,0.02,0,0
vda,0.00,0.00,0.00,0,0
vda,38.20,0.00,0.15,0,0
vda,1.60,0.00,0.01,0,0
vda,1.20,0.00,0.00,0,0
vda,14.20,0.00,0.06,0,0
vda,0.40,0.00,0.00,0,0
vda,35.80,0.00,0.15,0,0
