7911876.8,104962.4,3477.6
7918712.0,95128.0,3136.0
7918712.0,95128.0,3136.0
7463308.8,146274.66667,3998.4
7430780.0,149928.0,4060.0
7430780.0,149928.0,4060.0
7429506.9333,150013.86667,4119.7333333
7429416.0,150020.0,4124.0
7429416.0,150020.0,4124.0
7429416.0,150020.0,4124.0
7429416.0,150020.0,4124.0
7426408.0,150024.0,4244.0
7426408.0,150024.0,4244.0
7426408.0,150024.0,4244.0
7340504.0,150027.73333,4311.2
7334368.0,150028.0,4316.0
7334368.0,150028.0,4316.0
7334368.0,150028.0,4316.0
7334368.0,150028.0,4316.0
7334368.0,150028.0,4316.0
7334368.0,150028.0,4316.0
7334368.0,150028.0,4316.0
7334368.0,150028.0,4316.0
7334368.0,150028.0,4316.0
7331564.2667,150057.86667,4547.4666667
7331364.0,150060.0,4564.0
7331364.0,150060.0,4564.0
7331364.0,150060.0,4564.0
7331364.0,150060.0,4564.0
7331364.0,150060.0,4564.0
7330232.8,150799.2,4814.1333333
7330152.0,150852.0,4832.0
7330152.0,150852.0,4832.0
7330152.0,150852.0,4832.0
7330152.0,150852.0,4832.0
7330152.0,150852.0,4832.0
7330152.0,150852.0,4832.0
7330152.0,150852.0,4832.0
7330152.0,150852.0,4832.0
7330152.0,150852.0,4832.0
7884036.0,144328.0,5084.0
