vda,64.00,0.24,0.01,1,0
vda,0.20,0.00,0.00,0,0
vda,0.60,0.00,0.00,0,0
vda,37.80,0.00,0.16,0,0
vda,78.20,0.48,0.01,2,0
vda,10.40,0.10,0.01,0,0
vda,270.20,10.41,0.08,52,0
vda,144.00,10.83,1.50,54,7
vda,61.80,4.31,0.11,21,0
vda,2.40,0.00,0.01,0,0
vda,2.20,0.00,0.01,0,0
vda,35.53,0.00,0.15,0,0
vda,1.40,0.00,0.01,0,0
vda,35.00,0.00,0.14,0,0
vda,1.40,0.00,0.01,0,0
vda,3.60,0.00,0.01,0,0
vda,10.00,0.00,0.04,0,0
vda,0.00,0.00,0.00,0,0
vda,35.40,0.00,0.15,0,0
vda,2.40,0.00,0.01,0,0
vda,51.80,0.00,0.21,0,1
vda,1.40,0.00,0.01,0,0
vda,2.20,0.00,0.01,0,0
vda,34.40,0.00,0.14,0,0
vda,1.80,0.00,0.01,0,0
vda,2.40,0.00,0.01,0,0
vda,3.40,0.00,0.01,0,0
vda,2.00,0.00,0.01,0,0
vda,41.20,0.00,0.17,0,0
vda,1.80,0.00,0.01,0,0
vda,1.20,0.00,0.00,0,0
vda,53.80,0.00,0.22,0,1
vda,0.80,0.00,0.00,0,0
vda,1.40,0.00,0.01,0,0
vda,36.00,0.00,0.15,0,0
vda,3.40,0.00,0.01,0,0
vda,2.40,0.00,0.01,0,0
vda,42.80,0.00,0.18,0,0
vda,0.00,0.00,0.00,0,0
vda,1.40,0.00,0.00,0,0
vda,36.20,0.00,0.15,0,0
vda,0.80,0.00,0.00,0,0
vda,1.20,0.00,0.00,0,0
vda,50.80,0.00,0.21,0,1
vda,3.60,0.00,0.01,0,0
vda,4.20,0.00,0.02,0,0
vda,1.80,0.00,0.01,0,0
vda,1.40,0.00,0.01,0,0
vda,41.60,0.00,0.18,0,0
vda,2.40,0.00,0.01,0,0
vda,0.60,0.00,0.00,0,0
vda,1.20,0.00,0.00,0,0
vda,36.20,0.00,0.15,0,0
vda,0.80,0.00,0.00,0,0
vda,1.20,0.00,0.00,0,0
vda,62.00,0.00,0.25,0,1
vda,1.60,0.00,0.01,0,0
vda,13.80,0.00,0.06,0,0
vda,37.40,0.00,0.15,0,0
vda,0.80,0.00,0.00,0,0
vda,1.20,0.00,0.00,0,0
vda,36.20,0.00,0.15,0,0
vda,0.80,0.00,0.00,0,0
vda,1.40,0.00,0.00,0,0
vda,36.00,0.00,0.14,0,0
vda,0.00,0.00,0.00,0,0
vda,16.20,0.00,0.07,0,0
vda,2.60,0.00,0.01,0,0
vda,51.60,0.00,0.21,0,1
vda,7.60,0.00,0.03,0,0
vda,2.20,0.00,0.01,0,0
vda,34.20,0.00,0.14,0,0
vda,1.60,0.00,0.01,0,0
vda,36.00,0.00,0.15,0,0
vda,0.80,0.00,0.00,0,0
vda,8.00,0.00,0.03,0,0
vda,1.40,0.00,0.01,0,0
vda,43.80,0.00,0.18,0,0
vda,1.80,0.00,0.01,0,0
vda,0.20,0.00,0.00,0,0
vda,59.20,0.00,0.24,0,1
vda,1.40,0.00,0.01,0,0
vda,1.20,0.00,0.00,0,0
vda,35.20,0.00,0.14,0,0
vda,1.40,0.00,0.01,0,0
vda,3.80,0.00,0.01,0,0
vda,3.40,0.00,0.01,0,0
vda,2.20,0.00,0.01,0,0
vda,2.60,0.00,0.01,0,0
vda,0.00,0.00,0.00,0,0
vda,4.40,0.00,0.02,0,0
vda,53.60,0.00,0.21,0,1
vda,8.40,0.00,0.04,0,0
