7305050.9333,185717.6,3776.5333333
7257736.0,194392.0,3912.0
7257736.0,194392.0,3912.0
5253004.0,599888.0,3964.0
5253004.0,599888.0,3964.0
5253004.0,599888.0,3964.0
5245638.1333,599888.0,4023.7333333
5245112.0,599888.0,4028.0
5245112.0,599888.0,4028.0
5245112.0,599888.0,4028.0
5245112.0,599888.0,4028.0
5245112.0,599888.0,4028.0
5245112.0,599888.0,4028.0
5245112.0,599888.0,4028.0
5245112.0,599888.0,4028.0
5245112.0,599888.0,4028.0
5089420.8,599947.73333,4259.4666667
5078300.0,599952.0,4276.0
5078300.0,599952.0,4276.0
5076668.5333,599955.73333,4343.2
5076552.0,599956.0,4348.0
5076552.0,599956.0,4348.0
5076552.0,599956.0,4348.0
5076552.0,599956.0,4348.0
5076552.0,599956.0,4348.0
5076552.0,599956.0,4348.0
5076552.0,599956.0,4348.0
5076552.0,599956.0,4348.0
5076552.0,599956.0,4348.0
5066186.1333,600010.4,4372.8
4921064.0,600772.0,4720.0
4921064.0,600772.0,4720.0
4921064.0,600772.0,4720.0
4921064.0,600772.0,4720.0
4921064.0,600772.0,4720.0
4921064.0,600772.0,4720.0
4921064.0,600772.0,4720.0
4921064.0,600772.0,4720.0
4921064.0,600772.0,4720.0
4921064.0,600772.0,4720.0
4915706.4,600776.0,4768.8
4894276.0,600792.0,4964.0
4894276.0,600792.0,4964.0
4894276.0,600792.0,4964.0
4894276.0,600792.0,4964.0
4894276.0,600792.0,4964.0
4894276.0,600792.0,4964.0
4894276.0,600792.0,4964.0
4894276.0,600792.0,4964.0
4894276.0,600792.0,4964.0
4894276.0,600792.0,4964.0
4894276.0,600792.0,4964.0
4894228.5333,600794.13333,4990.6666667
4882090.4,600808.8,5178.4
4834772.0,600812.0,5236.0
4834772.0,600812.0,5236.0
4834772.0,600812.0,5236.0
4834772.0,600812.0,5236.0
4834772.0,600812.0,5236.0
4834772.0,600812.0,5236.0
4834772.0,600812.0,5236.0
4834404.0,600821.6,5277.6
4833392.0,600848.0,5392.0
4833392.0,600848.0,5392.0
4833392.0,600848.0,5392.0
4833392.0,600848.0,5392.0
4833392.0,600848.0,5392.0
4833392.0,600848.0,5392.0
4833392.0,600848.0,5392.0
4833392.0,600848.0,5392.0
4833392.0,600848.0,5392.0
4833392.0,600848.0,5392.0
4833392.0,600848.0,5392.0
4833965.0667,600918.93333,5507.7333333
4834620.0,601000.0,5640.0
4818979.2,601005.6,5662.4
4801104.0,601012.0,5688.0
4800252.8,601013.86667,5725.3333333
4799280.0,601016.0,5768.0
4799280.0,601016.0,5768.0
4799280.0,601016.0,5768.0
4799280.0,601016.0,5768.0
4799280.0,601016.0,5768.0
4799280.0,601016.0,5768.0
4799280.0,601016.0,5768.0
4799280.0,601016.0,5768.0
4799280.0,601016.0,5768.0
4799280.0,601016.0,5768.0
4799280.0,601016.0,5768.0
4799138.1333,601021.6,5883.7333333
4798976.0,601028.0,6016.0
4798976.0,601028.0,6016.0
4798976.0,601028.0,6016.0
4798976.0,601028.0,6016.0
4798976.0,601028.0,6016.0
4798976.0,601028.0,6016.0
4798976.0,601028.0,6016.0
4798976.0,601028.0,6016.0
4798976.0,601028.0,6016.0
4790100.8,601044.8,6164.8
4784184.0,601056.0,6264.0
4783264.8,601063.2,6302.4
4782652.0,601068.0,6328.0
4782652.0,601068.0,6328.0
4782652.0,601068.0,6328.0
4782652.0,601068.0,6328.0
4782652.0,601068.0,6328.0
4780660.0,602448.0,6606.4
4779332.0,603368.0,6792.0
4779332.0,603368.0,6792.0
4779332.0,603368.0,6792.0
4779332.0,603368.0,6792.0
4779332.0,603368.0,6792.0
4779332.0,603368.0,6792.0
4779332.0,603368.0,6792.0
4779332.0,603368.0,6792.0
4779332.0,603368.0,6792.0
4779332.0,603368.0,6792.0
4779332.0,603368.0,6792.0
4779334.6667,603384.0,6946.6666667
4779336.0,603392.0,7024.0
4779336.0,603392.0,7024.0
4779336.0,603392.0,7024.0
6899307.2,598169.6,7113.6
