vda,23.20,0.09,0.01,0,0
vda,40.20,0.16,0.00,0,0
vda,2.20,0.00,0.01,0,0
vda,0.60,0.00,0.00,0,0
vda,19.00,0.07,0.00,0,0
vda,6.80,0.00,0.03,0,0
vda,245.40,9.49,0.09,47,0
vda,43.00,1.31,0.13,6,0
vda,56.20,0.43,0.02,2,0
vda,1.60,0.00,0.01,0,0
vda,0.00,0.00,0.00,0,0
vda,2.20,0.00,0.01,0,0
vda,4.40,0.00,1.29,0,6
vda,18.40,0.00,0.08,0,0
vda,9.80,0.00,0.04,0,0
vda,0.20,0.00,0.00,0,0
vda,35.80,0.00,0.14,0,0
vda,2.60,0.00,0.01,0,0
vda,0.20,0.00,0.00,0,0
vda,1.40,0.00,0.01,0,0
vda,19.40,0.00,0.08,0,0
vda,9.00,0.00,0.04,0,0
vda,1.20,0.00,0.00,0,0
vda,2.20,0.00,0.01,0,0
vda,3.00,0.00,0.01,0,0
vda,12.00,0.00,0.05,0,0
vda,13.20,0.00,0.05,0,0
vda,0.00,0.00,0.00,0,0
vda,13.00,0.00,0.05,0,0
vda,3.40,0.00,0.01,0,0
vda,0.60,0.00,0.00,0,0
vda,11.40,0.00,0.05,0,0
vda,3.40,0.00,0.01,0,0
vda,0.00,0.00,0.00,0,0
vda,3.40,0.00,0.01,0,0
vda,56.00,0.00,0.22,0,1
vda,0.00,0.00,0.00,0,0
vda,1.80,0.00,0.01,0,0
vda,2.80,0.00,0.01,0,0
