7737956.0,103709.6,2482.4
6806068.0,276660.0,3980.0
6806068.0,276660.0,3980.0
6379872.8,390216.0,3994.4
4675092.0,844440.0,4052.0
4675092.0,844440.0,4052.0
4481450.9333,877691.2,4061.6
3222784.0,1093824.0,4124.0
3222784.0,1093824.0,4124.0
3220708.0,1093836.0,4188.0
3220708.0,1093836.0,4188.0
3220708.0,1093836.0,4188.0
3220708.0,1093836.0,4188.0
3220708.0,1093836.0,4188.0
3220708.0,1093836.0,4188.0
3220708.0,1093836.0,4188.0
3220708.0,1093836.0,4188.0
3220708.0,1093836.0,4188.0
3220708.0,1093836.0,4188.0
3220708.0,1093836.0,4188.0
3220645.8667,1093837.0667,4202.4
3219776.0,1093852.0,4404.0
3219776.0,1093852.0,4404.0
3219776.0,1093852.0,4404.0
3219564.8,1093867.4667,4417.8666667
3218192.0,1093968.0,4508.0
3218192.0,1093968.0,4508.0
3218347.2,1094000.5333,4515.4666667
3219356.0,1094212.0,4564.0
3219356.0,1094212.0,4564.0
3219356.0,1094212.0,4564.0
3219356.0,1094212.0,4564.0
3219356.0,1094212.0,4564.0
3219356.0,1094212.0,4564.0
3219356.0,1094212.0,4564.0
3219356.0,1094212.0,4564.0
3219356.0,1094212.0,4564.0
3219356.0,1094212.0,4564.0
3219356.0,1094212.0,4564.0
3219356.0,1094212.0,4564.0
3219092.0,1094228.0,4828.0
3219092.0,1094228.0,4828.0
3219092.0,1094228.0,4828.0
3219092.0,1094228.0,4828.0
3219092.0,1094228.0,4828.0
3219092.0,1094228.0,4828.0
3219092.0,1094228.0,4828.0
3219092.0,1094228.0,4828.0
3219092.0,1094228.0,4828.0
3219092.0,1094228.0,4828.0
3219092.0,1094228.0,4828.0
3219079.4667,1094228.8,4847.7333333
3218904.0,1094240.0,5124.0
3218904.0,1094240.0,5124.0
3218904.0,1094240.0,5124.0
3218904.0,1094240.0,5124.0
3218904.0,1094240.0,5124.0
3218904.0,1094240.0,5124.0
3218904.0,1094240.0,5124.0
3218904.0,1094240.0,5124.0
3218904.0,1094240.0,5124.0
3218904.0,1094240.0,5124.0
3218904.0,1094240.0,5124.0
3218798.4,1094248.0,5166.4
3218376.0,1094280.0,5336.0
3218376.0,1094280.0,5336.0
3218376.0,1094280.0,5336.0
3218376.0,1094280.0,5336.0
3218376.0,1094280.0,5336.0
3218376.0,1094280.0,5336.0
3217979.7333,1094618.6667,5424.5333333
3215404.0,1096820.0,6000.0
3215404.0,1096820.0,6000.0
3215404.0,1096820.0,6000.0
3215404.0,1096820.0,6000.0
3215404.0,1096820.0,6000.0
3215404.0,1096820.0,6000.0
3215404.0,1096820.0,6000.0
3215404.0,1096820.0,6000.0
3215404.0,1096820.0,6000.0
3215404.0,1096820.0,6000.0
3215404.0,1096820.0,6000.0
3215378.9333,1096822.6667,6030.9333333
3215216.0,1096840.0,6232.0
3215216.0,1096840.0,6232.0
3215216.0,1096840.0,6232.0
3215216.0,1096840.0,6232.0
3215216.0,1096840.0,6232.0
3215216.0,1096840.0,6232.0
3215216.0,1096840.0,6232.0
3215216.0,1096840.0,6232.0
3215216.0,1096840.0,6232.0
3215216.0,1096840.0,6232.0
3215216.0,1096840.0,6232.0
3215147.4667,1096850.1333,6251.7333333
3214188.0,1096992.0,6528.0
3214188.0,1096992.0,6528.0
3214188.0,1096992.0,6528.0
3214188.0,1096992.0,6528.0
3214188.0,1096992.0,6528.0
3214188.0,1096992.0,6528.0
3214188.0,1096992.0,6528.0
3214188.0,1096992.0,6528.0
3214188.0,1096992.0,6528.0
3214188.0,1096992.0,6528.0
3214188.0,1096992.0,6528.0
3214290.4,1097002.6667,6656.0
3214290.4,1097002.6667,6656.0
3214380.0,1097012.0,6768.0
3214380.0,1097012.0,6768.0
3214380.0,1097012.0,6768.0
3214380.0,1097012.0,6768.0
3214380.0,1097012.0,6768.0
3214380.0,1097012.0,6768.0
3214380.0,1097012.0,6768.0
3214380.0,1097012.0,6768.0
3214380.0,1097012.0,6768.0
3214380.0,1097012.0,6768.0
3213887.2,1097023.2,7066.6666667
3213852.0,1097024.0,7088.0
3213852.0,1097024.0,7088.0
3213852.0,1097024.0,7088.0
3213852.0,1097024.0,7088.0
3213852.0,1097024.0,7088.0
3213852.0,1097024.0,7088.0
3213852.0,1097024.0,7088.0
3213852.0,1097024.0,7088.0
3213852.0,1097024.0,7088.0
3213852.0,1097024.0,7088.0
3213852.0,1097024.0,7088.0
3213299.4667,1097046.4,7308.2666667
3213260.0,1097048.0,7324.0
3213260.0,1097048.0,7324.0
3213260.0,1097048.0,7324.0
3213260.0,1097048.0,7324.0
3213260.0,1097048.0,7324.0
3213260.0,1097048.0,7324.0
3213260.0,1097048.0,7324.0
3213260.0,1097048.0,7324.0
3213260.0,1097048.0,7324.0
3213260.0,1097048.0,7324.0
3213260.0,1097048.0,7324.0
3213164.0,1097076.8,7573.6
3213140.0,1097084.0,7636.0
3213140.0,1097084.0,7636.0
3213140.0,1097084.0,7636.0
3213140.0,1097084.0,7636.0
3213140.0,1097084.0,7636.0
3213140.0,1097084.0,7636.0
3213140.0,1097084.0,7636.0
3213140.0,1097084.0,7636.0
3213140.0,1097084.0,7636.0
3213140.0,1097084.0,7636.0
3213140.0,1097084.0,7636.0
3212706.6667,1097094.4,7850.9333333
3212640.0,1097096.0,7884.0
3212640.0,1097096.0,7884.0
3212640.0,1097096.0,7884.0
3212640.0,1097096.0,7884.0
3212640.0,1097096.0,7884.0
3212640.0,1097096.0,7884.0
3212640.0,1097096.0,7884.0
3212640.0,1097096.0,7884.0
3212640.0,1097096.0,7884.0
3212640.0,1097096.0,7884.0
3212640.0,1097096.0,7884.0
3210598.1333,1097113.3333,8119.7333333
3210284.0,1097116.0,8156.0
3210284.0,1097116.0,8156.0
3210284.0,1097116.0,8156.0
3210284.0,1097116.0,8156.0
3210284.0,1097116.0,8156.0
3210284.0,1097116.0,8156.0
3210284.0,1097116.0,8156.0
3210284.0,1097116.0,8156.0
3210284.0,1097116.0,8156.0
3210284.0,1097116.0,8156.0
3210284.0,1097116.0,8156.0
3210052.5333,1097134.6667,8342.6666667
3210036.0,1097136.0,8356.0
3210036.0,1097136.0,8356.0
3210036.0,1097136.0,8356.0
3210036.0,1097136.0,8356.0
3210036.0,1097136.0,8356.0
3210036.0,1097136.0,8356.0
3210036.0,1097136.0,8356.0
3210036.0,1097136.0,8356.0
3210036.0,1097136.0,8356.0
3210036.0,1097136.0,8356.0
3210036.0,1097136.0,8356.0
3209918.1333,1097167.2,8598.6666667
3209900.0,1097172.0,8636.0
3209900.0,1097172.0,8636.0
3209900.0,1097172.0,8636.0
3209900.0,1097172.0,8636.0
3209900.0,1097172.0,8636.0
3209900.0,1097172.0,8636.0
3209900.0,1097172.0,8636.0
3209900.0,1097172.0,8636.0
3209900.0,1097172.0,8636.0
3209900.0,1097172.0,8636.0
3209900.0,1097172.0,8636.0
3209698.4,1097194.4,8840.8
3209648.0,1097200.0,8892.0
3209648.0,1097200.0,8892.0
3209648.0,1097200.0,8892.0
3209648.0,1097200.0,8892.0
3209648.0,1097200.0,8892.0
3209648.0,1097200.0,8892.0
3209648.0,1097200.0,8892.0
3209648.0,1097200.0,8892.0
3209648.0,1097200.0,8892.0
3209648.0,1097200.0,8892.0
3209648.0,1097200.0,8892.0
3208868.0,1097217.3333,9134.6666667
3208748.0,1097220.0,9172.0
3208748.0,1097220.0,9172.0
3208748.0,1097220.0,9172.0
3208748.0,1097220.0,9172.0
3208748.0,1097220.0,9172.0
3208748.0,1097220.0,9172.0
3208748.0,1097220.0,9172.0
3208748.0,1097220.0,9172.0
3208748.0,1097220.0,9172.0
3208748.0,1097220.0,9172.0
3208748.0,1097220.0,9172.0
3208748.0,1097220.0,9172.0
3208807.7333,1097309.6,9366.1333333
3207531.4667,1097319.7333,9424.8
3207440.0,1097320.0,9428.0
3207440.0,1097320.0,9428.0
3208806.4,1097320.0,9472.8
3208904.0,1097320.0,9476.0
3208904.0,1097320.0,9476.0
3208904.0,1097320.0,9476.0
3208904.0,1097320.0,9476.0
3208904.0,1097320.0,9476.0
3208904.0,1097320.0,9476.0
3208904.0,1097320.0,9476.0
3208904.0,1097320.0,9476.0
3208904.0,1097320.0,9476.0
3208904.0,1097320.0,9476.0
3208286.4,1097345.6,9661.6
3208132.0,1097352.0,9708.0
3208132.0,1097352.0,9708.0
3208132.0,1097352.0,9708.0
3208132.0,1097352.0,9708.0
3208132.0,1097352.0,9708.0
3208132.0,1097352.0,9708.0
3208132.0,1097352.0,9708.0
3208132.0,1097352.0,9708.0
3208132.0,1097352.0,9708.0
3208132.0,1097352.0,9708.0
3208132.0,1097352.0,9708.0
3207994.1333,1097366.6667,9925.0666667
3207944.0,1097372.0,10004.0
3207944.0,1097372.0,10004.0
3207944.0,1097372.0,10004.0
3207944.0,1097372.0,10004.0
3207944.0,1097372.0,10004.0
3207944.0,1097372.0,10004.0
3207944.0,1097372.0,10004.0
3207944.0,1097372.0,10004.0
3207944.0,1097372.0,10004.0
3207944.0,1097372.0,10004.0
3207944.0,1097372.0,10004.0
3207944.0,1097372.0,10004.0
3208051.4667,1097382.4,10218.933333
3208068.0,1097384.0,10252.0
3208068.0,1097384.0,10252.0
3208068.0,1097384.0,10252.0
3208068.0,1097384.0,10252.0
3208068.0,1097384.0,10252.0
3208068.0,1097384.0,10252.0
3208068.0,1097384.0,10252.0
3208068.0,1097384.0,10252.0
3208068.0,1097384.0,10252.0
3208068.0,1097384.0,10252.0
3208016.2667,1097385.6,10269.6
3207292.0,1097408.0,10516.0
3207292.0,1097408.0,10516.0
3207292.0,1097408.0,10516.0
3207292.0,1097408.0,10516.0
3207292.0,1097408.0,10516.0
3207292.0,1097408.0,10516.0
3207292.0,1097408.0,10516.0
3207292.0,1097408.0,10516.0
3207292.0,1097408.0,10516.0
3207292.0,1097408.0,10516.0
3207292.0,1097408.0,10516.0
3207292.0,1097408.0,10516.0
3207388.0,1097516.0,10740.0
3207388.0,1097516.0,10740.0
3207388.0,1097516.0,10740.0
3207388.0,1097516.0,10740.0
3207388.0,1097516.0,10740.0
3207388.0,1097516.0,10740.0
3207388.0,1097516.0,10740.0
3207388.0,1097516.0,10740.0
3207388.0,1097516.0,10740.0
3207388.0,1097516.0,10740.0
3207388.0,1097516.0,10740.0
3207388.0,1097516.0,10740.0
3207242.4,1097609.3333,11001.333333
3207232.0,1097616.0,11020.0
3207232.0,1097616.0,11020.0
3207232.0,1097616.0,11020.0
3207232.0,1097616.0,11020.0
3207232.0,1097616.0,11020.0
3207232.0,1097616.0,11020.0
3205615.7333,1097654.1333,11143.2
3205028.0,1097668.0,11188.0
3205028.0,1097668.0,11188.0
3205028.0,1097668.0,11188.0
3205028.0,1097668.0,11188.0
3205028.0,1097668.0,11188.0
3205028.0,1097668.0,11188.0
3205028.0,1097668.0,11188.0
3205028.0,1097668.0,11188.0
3205028.0,1097668.0,11188.0
3205028.0,1097668.0,11188.0
3217018.4,1097675.2,11327.2
3225012.0,1097680.0,11420.0
3225012.0,1097680.0,11420.0
3225012.0,1097680.0,11420.0
3225012.0,1097680.0,11420.0
3225012.0,1097680.0,11420.0
3225012.0,1097680.0,11420.0
3225012.0,1097680.0,11420.0
3225012.0,1097680.0,11420.0
3225012.0,1097680.0,11420.0
3225012.0,1097680.0,11420.0
3225012.0,1097680.0,11420.0
3224692.8,1097696.8,11532.0
3224328.0,1097716.0,11660.0
3224328.0,1097716.0,11660.0
3224328.0,1097716.0,11660.0
3224328.0,1097716.0,11660.0
3224328.0,1097716.0,11660.0
3224328.0,1097716.0,11660.0
3224328.0,1097716.0,11660.0
3224328.0,1097716.0,11660.0
3224328.0,1097716.0,11660.0
3224328.0,1097716.0,11660.0
3224328.0,1097716.0,11660.0
3223764.8,1097799.2,11817.866667
3223272.0,1097872.0,11956.0
3223272.0,1097872.0,11956.0
3223272.0,1097872.0,11956.0
3223272.0,1097872.0,11956.0
3222201.6,1097874.4,12013.6
3221488.0,1097876.0,12052.0
3221488.0,1097876.0,12052.0
3222698.6667,1097881.3333,12089.333333
3223304.0,1097884.0,12108.0
3223304.0,1097884.0,12108.0
3223304.0,1097884.0,12108.0
3223304.0,1097884.0,12108.0
3223304.0,1097884.0,12108.0
3223304.0,1097884.0,12108.0
3223304.0,1097884.0,12108.0
3223304.0,1097884.0,12108.0
3223304.0,1097884.0,12108.0
3223304.0,1097884.0,12108.0
3223304.0,1097884.0,12108.0
3223119.2,1097898.4,12242.4
3222996.0,1097908.0,12332.0
3222996.0,1097908.0,12332.0
3222996.0,1097908.0,12332.0
3222996.0,1097908.0,12332.0
3222996.0,1097908.0,12332.0
3222996.0,1097908.0,12332.0
3222996.0,1097908.0,12332.0
3222996.0,1097908.0,12332.0
3222996.0,1097908.0,12332.0
3222996.0,1097908.0,12332.0
3222996.0,1097908.0,12332.0
3223108.8,1097910.4,12519.2
3223184.0,1097912.0,12644.0
3223184.0,1097912.0,12644.0
3223184.0,1097912.0,12644.0
3223184.0,1097912.0,12644.0
3223184.0,1097912.0,12644.0
3223184.0,1097912.0,12644.0
3223184.0,1097912.0,12644.0
3223184.0,1097912.0,12644.0
3223184.0,1097912.0,12644.0
3223184.0,1097912.0,12644.0
3223184.0,1097912.0,12644.0
3222614.4,1097944.0,12740.0
3221760.0,1097992.0,12884.0
3221760.0,1097992.0,12884.0
3221760.0,1097992.0,12884.0
3221760.0,1097992.0,12884.0
3221760.0,1097992.0,12884.0
3221760.0,1097992.0,12884.0
3221760.0,1097992.0,12884.0
3221760.0,1097992.0,12884.0
3327235.2,1103636.8,14127.2
3397552.0,1107400.0,14956.0
3397552.0,1107400.0,14956.0
3397552.0,1107400.0,14956.0
3397552.0,1107400.0,14956.0
3397552.0,1107400.0,14956.0
3397552.0,1107400.0,14956.0
3397552.0,1107400.0,14956.0
3397552.0,1107400.0,14956.0
3397552.0,1107400.0,14956.0
3397552.0,1107400.0,14956.0
3397552.0,1107400.0,14956.0
3397693.3333,1107426.6667,15089.333333
3397764.0,1107440.0,15156.0
3397764.0,1107440.0,15156.0
3397764.0,1107440.0,15156.0
3397764.0,1107440.0,15156.0
3397764.0,1107440.0,15156.0
3397764.0,1107440.0,15156.0
3397764.0,1107440.0,15156.0
3397764.0,1107440.0,15156.0
3397764.0,1107440.0,15156.0
3397764.0,1107440.0,15156.0
3397764.0,1107440.0,15156.0
3398006.4,1107524.0,15338.4
3398168.0,1107580.0,15460.0
3398168.0,1107580.0,15460.0
3398168.0,1107580.0,15460.0
3398168.0,1107580.0,15460.0
3398168.0,1107580.0,15460.0
3398168.0,1107580.0,15460.0
3398168.0,1107580.0,15460.0
3398168.0,1107580.0,15460.0
3398168.0,1107580.0,15460.0
3398168.0,1107580.0,15460.0
3398168.0,1107580.0,15460.0
3398189.3333,1107604.0,15588.0
3398200.0,1107616.0,15652.0
3398200.0,1107616.0,15652.0
3398200.0,1107616.0,15652.0
3398200.0,1107616.0,15652.0
3398200.0,1107616.0,15652.0
3398200.0,1107616.0,15652.0
3398200.0,1107616.0,15652.0
3398200.0,1107616.0,15652.0
3398200.0,1107616.0,15652.0
3398200.0,1107616.0,15652.0
3398200.0,1107616.0,15652.0
3398200.0,1107616.0,15652.0
3397762.9333,1107657.0667,15880.8
3397604.0,1107672.0,15964.0
3397604.0,1107672.0,15964.0
3397604.0,1107672.0,15964.0
3397604.0,1107672.0,15964.0
3397604.0,1107672.0,15964.0
3397604.0,1107672.0,15964.0
3397604.0,1107672.0,15964.0
3397604.0,1107672.0,15964.0
3397604.0,1107672.0,15964.0
3397604.0,1107672.0,15964.0
3397604.0,1107672.0,15964.0
3396803.2,1107689.3333,16158.133333
3396680.0,1107692.0,16188.0
3396680.0,1107692.0,16188.0
3396680.0,1107692.0,16188.0
3396680.0,1107692.0,16188.0
3396680.0,1107692.0,16188.0
3396680.0,1107692.0,16188.0
3396680.0,1107692.0,16188.0
3396680.0,1107692.0,16188.0
3396680.0,1107692.0,16188.0
3396680.0,1107692.0,16188.0
3396680.0,1107692.0,16188.0
3396492.8,1107712.8,16451.466667
3396464.0,1107716.0,16492.0
3396464.0,1107716.0,16492.0
3396464.0,1107716.0,16492.0
3396464.0,1107716.0,16492.0
3585083.2,1107730.6667,16580.0
3653672.0,1107736.0,16612.0
3653672.0,1107736.0,16612.0
3653672.0,1107736.0,16612.0
3653672.0,1107736.0,16612.0
3653672.0,1107736.0,16612.0
3653672.0,1107736.0,16612.0
3653672.0,1107736.0,16612.0
3653672.0,1107736.0,16612.0
3653672.0,1107736.0,16612.0
3653672.0,1107736.0,16612.0
3653672.0,1107736.0,16612.0
3653364.0,1107750.6667,16793.866667
3653252.0,1107756.0,16860.0
3653252.0,1107756.0,16860.0
3653252.0,1107756.0,16860.0
3652286.9333,1107758.9333,16948.0
3651936.0,1107760.0,16980.0
3651936.0,1107760.0,16980.0
3652695.7333,1107765.8667,17021.066667
3652972.0,1107768.0,17036.0
3652972.0,1107768.0,17036.0
3652972.0,1107768.0,17036.0
3652972.0,1107768.0,17036.0
3652972.0,1107768.0,17036.0
3652972.0,1107768.0,17036.0
3652972.0,1107768.0,17036.0
3652972.0,1107768.0,17036.0
3652972.0,1107768.0,17036.0
3652972.0,1107768.0,17036.0
3653078.4,1107775.4667,17151.733333
3653200.0,1107784.0,17284.0
3653200.0,1107784.0,17284.0
3653200.0,1107784.0,17284.0
3653200.0,1107784.0,17284.0
3653200.0,1107784.0,17284.0
3653200.0,1107784.0,17284.0
3653200.0,1107784.0,17284.0
3653200.0,1107784.0,17284.0
3653200.0,1107784.0,17284.0
3653200.0,1107784.0,17284.0
3653200.0,1107784.0,17284.0
3652862.1333,1107854.9333,17429.6
3652476.0,1107936.0,17596.0
3652476.0,1107936.0,17596.0
3652476.0,1107936.0,17596.0
3652476.0,1107936.0,17596.0
3652476.0,1107936.0,17596.0
3652476.0,1107936.0,17596.0
3652476.0,1107936.0,17596.0
3652476.0,1107936.0,17596.0
3652476.0,1107936.0,17596.0
3652476.0,1107936.0,17596.0
3652476.0,1107936.0,17596.0
3652524.0,1107940.8,17685.6
3652596.0,1107948.0,17820.0
3652596.0,1107948.0,17820.0
3652596.0,1107948.0,17820.0
3652596.0,1107948.0,17820.0
3652596.0,1107948.0,17820.0
3652596.0,1107948.0,17820.0
3652596.0,1107948.0,17820.0
3652596.0,1107948.0,17820.0
3652596.0,1107948.0,17820.0
3652509.6,1107952.8,17916.0
3652380.0,1107960.0,18060.0
3652380.0,1107960.0,18060.0
3652380.0,1107960.0,18060.0
3652380.0,1107960.0,18060.0
3652380.0,1107960.0,18060.0
3652380.0,1107960.0,18060.0
3652380.0,1107960.0,18060.0
3652380.0,1107960.0,18060.0
3652380.0,1107960.0,18060.0
3651676.0,1108006.6667,18142.666667
3650268.0,1108100.0,18308.0
3650268.0,1108100.0,18308.0
3650268.0,1108100.0,18308.0
3650268.0,1108100.0,18308.0
3650268.0,1108100.0,18308.0
3712815.2,1108111.2,18362.4
3806636.0,1108128.0,18444.0
3806636.0,1108128.0,18444.0
3806636.0,1108128.0,18444.0
3806636.0,1108128.0,18444.0
3806636.0,1108128.0,18444.0
3806636.0,1108128.0,18444.0
3806636.0,1108128.0,18444.0
3806636.0,1108128.0,18444.0
3806636.0,1108128.0,18444.0
3806636.0,1108128.0,18444.0
3806636.0,1108128.0,18444.0
3806607.2,1108137.6,18583.2
3806588.0,1108144.0,18676.0
3806588.0,1108144.0,18676.0
3806588.0,1108144.0,18676.0
3806588.0,1108144.0,18676.0
3806588.0,1108144.0,18676.0
3806588.0,1108144.0,18676.0
3806588.0,1108144.0,18676.0
3806588.0,1108144.0,18676.0
3806588.0,1108144.0,18676.0
3806588.0,1108144.0,18676.0
3806588.0,1108144.0,18676.0
3806151.2,1108170.4,18839.2
3805860.0,1108188.0,18948.0
3805860.0,1108188.0,18948.0
3805860.0,1108188.0,18948.0
3805860.0,1108188.0,18948.0
3805860.0,1108188.0,18948.0
3805860.0,1108188.0,18948.0
3805860.0,1108188.0,18948.0
3805860.0,1108188.0,18948.0
3805860.0,1108188.0,18948.0
3805860.0,1108188.0,18948.0
3805860.0,1108188.0,18948.0
3805610.4,1108198.6667,19076.0
3805392.0,1108208.0,19188.0
3805392.0,1108208.0,19188.0
3805392.0,1108208.0,19188.0
3805392.0,1108208.0,19188.0
3805392.0,1108208.0,19188.0
3804506.6667,1108214.4,19286.133333
3803732.0,1108220.0,19372.0
3803732.0,1108220.0,19372.0
3804651.4667,1108284.0,19401.866667
3805456.0,1108340.0,19428.0
3805456.0,1108340.0,19428.0
3805456.0,1108340.0,19428.0
3805456.0,1108340.0,19428.0
3805456.0,1108340.0,19428.0
3805456.0,1108340.0,19428.0
3805456.0,1108340.0,19428.0
3805456.0,1108340.0,19428.0
3805456.0,1108340.0,19428.0
3805456.0,1108340.0,19428.0
3805456.0,1108340.0,19428.0
3805289.3333,1108342.6667,19510.666667
3804956.0,1108348.0,19676.0
3804956.0,1108348.0,19676.0
3804956.0,1108348.0,19676.0
3804956.0,1108348.0,19676.0
3804956.0,1108348.0,19676.0
3804956.0,1108348.0,19676.0
3804956.0,1108348.0,19676.0
3804956.0,1108348.0,19676.0
3804956.0,1108348.0,19676.0
3804956.0,1108348.0,19676.0
3804956.0,1108348.0,19676.0
3804865.3333,1108353.3333,19761.333333
3804616.0,1108368.0,19996.0
3804616.0,1108368.0,19996.0
3804616.0,1108368.0,19996.0
3804616.0,1108368.0,19996.0
3804616.0,1108368.0,19996.0
3804616.0,1108368.0,19996.0
3804616.0,1108368.0,19996.0
3858519.2,1108369.6,20031.2
4074132.0,1108376.0,20172.0
4074132.0,1108376.0,20172.0
4074132.0,1108376.0,20172.0
4074132.0,1108376.0,20172.0
4074132.0,1108376.0,20172.0
4074132.0,1108376.0,20172.0
4074132.0,1108376.0,20172.0
4074132.0,1108376.0,20172.0
4074132.0,1108376.0,20172.0
4074132.0,1108376.0,20172.0
4074132.0,1108376.0,20172.0
4074132.0,1108380.8,20223.2
4074132.0,1108400.0,20428.0
4074132.0,1108400.0,20428.0
4074132.0,1108400.0,20428.0
4074132.0,1108400.0,20428.0
4074132.0,1108400.0,20428.0
4074132.0,1108400.0,20428.0
4074132.0,1108400.0,20428.0
4074132.0,1108400.0,20428.0
4074132.0,1108400.0,20428.0
4074132.0,1108400.0,20428.0
4074132.0,1108400.0,20428.0
4074132.5333,1108405.3333,20467.466667
4074136.0,1108440.0,20724.0
4074136.0,1108440.0,20724.0
4074136.0,1108440.0,20724.0
4074136.0,1108440.0,20724.0
4074136.0,1108440.0,20724.0
4074136.0,1108440.0,20724.0
4074136.0,1108440.0,20724.0
4074136.0,1108440.0,20724.0
4074136.0,1108440.0,20724.0
4074136.0,1108440.0,20724.0
4074136.0,1108440.0,20724.0
4074014.4,1108444.0,20778.4
4073528.0,1108460.0,20996.0
4073528.0,1108460.0,20996.0
4073528.0,1108460.0,20996.0
4073528.0,1108460.0,20996.0
4073528.0,1108460.0,20996.0
4073528.0,1108460.0,20996.0
4073528.0,1108460.0,20996.0
4073528.0,1108460.0,20996.0
4073528.0,1108460.0,20996.0
4073528.0,1108460.0,20996.0
4073528.0,1108460.0,20996.0
4073606.9333,1108460.0,21037.6
4074120.0,1108460.0,21308.0
4074120.0,1108460.0,21308.0
4074120.0,1108460.0,21308.0
4074120.0,1108460.0,21308.0
4074120.0,1108460.0,21308.0
4074120.0,1108460.0,21308.0
4074120.0,1108460.0,21308.0
4074120.0,1108460.0,21308.0
4074120.0,1108460.0,21308.0
4074120.0,1108460.0,21308.0
4074120.0,1108460.0,21308.0
4074120.0,1108460.0,21308.0
4073060.0,1108480.0,21548.0
4073060.0,1108480.0,21548.0
4073060.0,1108480.0,21548.0
4073060.0,1108480.0,21548.0
4073060.0,1108480.0,21548.0
4073060.0,1108480.0,21548.0
4073060.0,1108480.0,21548.0
4073060.0,1108480.0,21548.0
4073060.0,1108480.0,21548.0
4073060.0,1108480.0,21548.0
4073060.0,1108480.0,21548.0
4072790.6667,1108517.3333,21745.333333
4072656.0,1108536.0,21844.0
4072656.0,1108536.0,21844.0
4072656.0,1108536.0,21844.0
4072656.0,1108536.0,21844.0
4072656.0,1108536.0,21844.0
4072656.0,1108536.0,21844.0
4072656.0,1108536.0,21844.0
4196873.8667,1108547.7333,21973.066667
4242044.0,1108552.0,22020.0
4242044.0,1108552.0,22020.0
4242044.0,1108552.0,22020.0
4242044.0,1108552.0,22020.0
4242044.0,1108552.0,22020.0
4242044.0,1108552.0,22020.0
4242044.0,1108552.0,22020.0
4242044.0,1108552.0,22020.0
4242044.0,1108552.0,22020.0
4242044.0,1108552.0,22020.0
4242044.0,1108552.0,22020.0
4241497.3333,1108560.0,22174.666667
4241224.0,1108564.0,22252.0
4241224.0,1108564.0,22252.0
4241224.0,1108564.0,22252.0
4241224.0,1108564.0,22252.0
4241224.0,1108564.0,22252.0
4241224.0,1108564.0,22252.0
4241224.0,1108564.0,22252.0
4241224.0,1108564.0,22252.0
4241224.0,1108564.0,22252.0
4241224.0,1108564.0,22252.0
4241224.0,1108564.0,22252.0
4241016.0,1108590.6667,22428.0
4240912.0,1108604.0,22516.0
4240912.0,1108604.0,22516.0
4240912.0,1108604.0,22516.0
4240912.0,1108604.0,22516.0
4240912.0,1108604.0,22516.0
4240912.0,1108604.0,22516.0
4240912.0,1108604.0,22516.0
4240912.0,1108604.0,22516.0
4240912.0,1108604.0,22516.0
4240912.0,1108604.0,22516.0
4240912.0,1108604.0,22516.0
4240811.7333,1108604.0,22616.266667
4240724.0,1108604.0,22704.0
4240724.0,1108604.0,22704.0
4240724.0,1108604.0,22704.0
4240724.0,1108604.0,22704.0
4240724.0,1108604.0,22704.0
4240724.0,1108604.0,22704.0
4240724.0,1108604.0,22704.0
4240724.0,1108604.0,22704.0
4240724.0,1108604.0,22704.0
4240724.0,1108604.0,22704.0
4240724.0,1108604.0,22704.0
4240870.6667,1108622.6667,22858.666667
4240944.0,1108632.0,22936.0
4240944.0,1108632.0,22936.0
4240944.0,1108632.0,22936.0
4240944.0,1108632.0,22936.0
4240944.0,1108632.0,22936.0
4240944.0,1108632.0,22936.0
4240944.0,1108632.0,22936.0
4240944.0,1108632.0,22936.0
4240944.0,1108632.0,22936.0
4240944.0,1108632.0,22936.0
4240944.0,1108632.0,22936.0
4240912.0,1108650.6667,23072.0
4240896.0,1108660.0,23140.0
4240896.0,1108660.0,23140.0
4240896.0,1108660.0,23140.0
4240896.0,1108660.0,23140.0
4240896.0,1108660.0,23140.0
4240896.0,1108660.0,23140.0
4240896.0,1108660.0,23140.0
4240896.0,1108660.0,23140.0
4240896.0,1108660.0,23140.0
4240896.0,1108660.0,23140.0
4240896.0,1108660.0,23140.0
4240896.0,1108660.0,23140.0
4239628.8,1108676.0,23335.2
4239312.0,1108680.0,23384.0
4239312.0,1108680.0,23384.0
4239312.0,1108680.0,23384.0
4239312.0,1108680.0,23384.0
4280288.0,1108696.0,23454.4
4290532.0,1108700.0,23472.0
4290532.0,1108700.0,23472.0
