vda,31.74,0.13,0.00,0,0
vda,2.60,0.00,0.01,0,0
vda,53.60,0.20,0.00,1,0
vda,73.20,0.00,0.30,0,1
vda,0.00,0.00,0.00,0,0
vda,78.00,0.62,0.02,3,0
vda,266.60,13.21,0.02,66,0
vda,94.80,11.85,0.00,59,0
vda,108.00,13.35,0.00,66,0
vda,55.20,6.62,0.01,33,0
vda,2.60,0.00,0.01,0,0
vda,11.00,0.00,0.05,0,0
vda,45.80,0.00,0.19,0,0
vda,4.80,0.01,1.29,0,6
vda,5.00,0.02,0.02,0,0
vda,2.60,0.00,0.01,0,0
vda,0.00,0.00,0.00,0,0
vda,1.60,0.00,0.01,0,0
vda,18.80,0.00,0.08,0,0
vda,3.60,0.00,0.02,0,0
vda,8.40,0.00,0.03,0,0
vda,52.00,0.00,0.21,0,1
vda,1.20,0.00,0.00,0,0
vda,1.20,0.00,0.00,0,0
vda,7.60,0.07,0.02,0,0
vda,18.80,0.00,0.08,0,0
vda,1.60,0.00,0.01,0,0
vda,2.40,0.00,0.01,0,0
vda,1.40,0.00,0.01,0,0
vda,1.20,0.00,0.00,0,0
vda,52.00,0.00,0.21,0,1
vda,8.80,0.00,0.04,0,0
vda,13.00,0.00,0.05,0,0
vda,3.40,0.00,0.02,0,0
vda,3.80,0.01,0.01,0,0
vda,2.60,0.00,0.01,0,0
vda,0.00,0.00,0.00,0,0
vda,1.60,0.00,0.01,0,0
vda,1.60,0.00,0.01,0,0
vda,52.00,0.00,0.21,0,1
vda,19.40,0.00,0.08,0,0
vda,8.40,0.00,0.03,0,0
vda,2.20,0.00,0.01,0,0
vda,0.80,0.02,0.00,0,0
vda,2.80,0.02,0.01,0,0
vda,2.80,0.00,0.01,0,0
vda,0.00,0.00,0.00,0,0
vda,13.60,0.00,0.06,0,0
vda,52.20,0.00,0.21,0,1
vda,1.60,0.00,0.01,0,0
vda,8.40,0.00,0.03,0,0
vda,0.00,0.00,0.00,0,0
vda,2.40,0.00,0.01,0,0
vda,1.20,0.00,0.00,0,0
vda,8.80,0.02,0.03,0,0
vda,21.40,0.00,0.09,0,0
vda,1.60,0.00,0.01,0,0
vda,32.80,0.00,0.13,0,0
vda,2.20,0.00,0.01,0,0
vda,0.40,0.00,0.00,0,0
vda,50.20,0.28,0.01,1,0
vda,15.80,0.00,0.50,0,2
vda,23.80,0.00,0.10,0,0
