nan,nan,nan
nan,nan,nan
nan,nan,nan
16210397.333,53408.8,3582.9333333
16209700.0,54052.0,3656.0
16209700.0,54052.0,3656.0
16197813.067,60271.733333,3678.4
nan,nan,nan
nan,nan,nan
nan,nan,nan
nan,nan,nan
nan,nan,nan
nan,nan,nan
nan,nan,nan
nan,nan,nan
nan,nan,nan
nan,nan,nan
nan,nan,nan
nan,nan,nan
nan,nan,nan
nan,nan,nan
nan,nan,nan
nan,nan,nan
nan,nan,nan
nan,nan,nan
nan,nan,nan
nan,nan,nan
nan,nan,nan
nan,nan,nan
nan,nan,nan
nan,nan,nan
nan,nan,nan
nan,nan,nan
nan,nan,nan
nan,nan,nan
16186036.0,66316.0,4048.0
16186036.0,66316.0,4048.0
16186036.0,66316.0,4048.0
16169848.267,78568.8,4077.8666667
16168692.0,79444.0,4080.0
16150034.4,86245.6,4125.0666667
16147164.0,87292.0,4132.0
16147164.0,87292.0,4132.0
16150152.978,82059.377778,4151.1111111
16150152.978,82059.377778,4151.1111111
16150152.978,82059.377778,4151.1111111
16150292.0,81816.0,4152.0
16150292.0,81816.0,4152.0
15971895.6,103473.2,4217.7333333
15971895.6,103473.2,4217.7333333
15971895.6,103473.2,4217.7333333
15971895.6,103473.2,4217.7333333
15971895.6,103473.2,4217.7333333
15971895.6,103473.2,4217.7333333
15965744.0,104220.0,4220.0
15965744.0,104220.0,4220.0
15853554.4,118879.2,4231.2
15404796.0,177516.0,4276.0
15404796.0,177516.0,4276.0
15404796.0,177516.0,4276.0
15404796.0,177516.0,4276.0
15334589.778,187933.6,4306.2222222
15334589.778,187933.6,4306.2222222
15334589.778,187933.6,4306.2222222
15310992.8,191611.2,4320.8
15309668.0,192072.0,4328.0
15309668.0,192072.0,4328.0
15296959.2,203844.8,4362.6666667
15296959.2,203844.8,4362.6666667
15296959.2,203844.8,4362.6666667
15296959.2,203844.8,4362.6666667
15295004.0,205656.0,4368.0
15209651.467,212245.86667,4374.4
14974932.0,230368.0,4392.0
14949996.0,238773.6,4404.0
14850252.0,272396.0,4452.0
14850252.0,272396.0,4452.0
14821600.8,286599.2,4460.8
14706996.0,343412.0,4496.0
14706996.0,343412.0,4496.0
14654668.0,360447.2,4502.9333333
14314536.0,471176.0,4548.0
14177858.667,500510.93333,4553.8666667
13289456.0,691188.0,4592.0
13289456.0,691188.0,4592.0
13201731.2,709719.2,4598.9333333
12631520.0,830172.0,4644.0
12631520.0,830172.0,4644.0
12628445.333,830701.06667,4853.6
12608460.0,834140.0,6216.0
12609255.2,834371.2,6223.4666667
12620388.0,837608.0,6328.0
12620388.0,837608.0,6328.0
12618869.067,838022.4,6430.9333333
12608996.0,840716.0,7100.0
12608996.0,840716.0,7100.0
12608825.867,840754.93333,7109.6
12607720.0,841008.0,7172.0
12608493.333,841291.2,7204.5333333
12613520.0,843132.0,7416.0
12613520.0,843132.0,7416.0
12613520.0,843132.0,7416.0
12613520.0,843132.0,7416.0
12613520.0,843132.0,7416.0
12613520.0,843132.0,7416.0
12613520.0,843132.0,7416.0
12613520.0,843132.0,7416.0
12613520.0,843132.0,7416.0
12613520.0,843132.0,7416.0
12613520.0,843132.0,7416.0
12613605.867,843143.2,7449.0666667
12614164.0,843216.0,7664.0
12613941.6,843219.73333,7698.1333333
12612496.0,843244.0,7920.0
12585321.067,843244.26667,7925.3333333
12204872.0,843248.0,8000.0
12204872.0,843248.0,8000.0
12204872.0,843248.0,8000.0
12204872.0,843248.0,8000.0
12204872.0,843248.0,8000.0
12204260.267,843249.06667,8014.9333333
12200284.0,843256.0,8112.0
12200284.0,843256.0,8112.0
12200284.0,843256.0,8112.0
12200284.0,843256.0,8112.0
12200284.0,843256.0,8112.0
12200284.0,843256.0,8112.0
12200284.0,843256.0,8112.0
12200284.0,843256.0,8112.0
12200284.0,843256.0,8112.0
12200284.0,843256.0,8112.0
12200284.0,843256.0,8112.0
12200011.2,843279.2,8161.6
12198920.0,843372.0,8360.0
12198920.0,843372.0,8360.0
12198920.0,843372.0,8360.0
12198604.0,843434.4,8384.8
12197340.0,843684.0,8484.0
12197340.0,843684.0,8484.0
12197340.0,843684.0,8484.0
12197340.0,843684.0,8484.0
12197340.0,843684.0,8484.0
12197340.0,843684.0,8484.0
12197340.0,843684.0,8484.0
12197340.0,843684.0,8484.0
12197340.0,843684.0,8484.0
12197340.0,843684.0,8484.0
12197852.0,843743.73333,8604.5333333
12199260.0,843908.0,8936.0
12199260.0,843908.0,8936.0
12199260.0,843908.0,8936.0
12199260.0,843908.0,8936.0
12199260.0,843908.0,8936.0
12199260.0,843908.0,8936.0
12199260.0,843908.0,8936.0
12199260.0,843908.0,8936.0
12199260.0,843908.0,8936.0
12198519.733,843978.4,9000.0
12196484.0,844172.0,9176.0
12196484.0,844172.0,9176.0
12196484.0,844172.0,9176.0
12196484.0,844172.0,9176.0
12196484.0,844172.0,9176.0
12196717.6,844528.26667,9215.4666667
12197360.0,845508.0,9324.0
12197360.0,845508.0,9324.0
12197360.0,845508.0,9324.0
12197360.0,845508.0,9324.0
12197360.0,845508.0,9324.0
12197360.0,845508.0,9324.0
12197360.0,845508.0,9324.0
12196676.8,845522.93333,9406.1333333
12195896.0,845540.0,9500.0
12195896.0,845540.0,9500.0
12195896.0,845540.0,9500.0
12195896.0,845540.0,9500.0
12196750.933,845541.86667,9552.2666667
12197728.0,845544.0,9612.0
12197728.0,845544.0,9612.0
12197728.0,845544.0,9612.0
12197728.0,845544.0,9612.0
12197728.0,845544.0,9612.0
12197728.0,845544.0,9612.0
12197728.0,845544.0,9612.0
12197728.0,845544.0,9612.0
12197728.0,845544.0,9612.0
12197728.0,845544.0,9612.0
12197728.0,845544.0,9612.0
12198137.6,845576.0,9797.6
12198240.0,845584.0,9844.0
12198240.0,845584.0,9844.0
12198240.0,845584.0,9844.0
12198240.0,845584.0,9844.0
12198240.0,845584.0,9844.0
12198240.0,845584.0,9844.0
12198240.0,845584.0,9844.0
12198240.0,845584.0,9844.0
12198240.0,845584.0,9844.0
12198240.0,845584.0,9844.0
12198240.0,845584.0,9844.0
12198070.4,845609.6,10074.4
12198028.0,845616.0,10132.0
12198028.0,845616.0,10132.0
12152360.8,845635.2,10176.8
12140944.0,845640.0,10188.0
12140944.0,845640.0,10188.0
12140944.0,845640.0,10188.0
12140944.0,845640.0,10188.0
12140944.0,845640.0,10188.0
12140944.0,845640.0,10188.0
12140944.0,845640.0,10188.0
12140944.0,845640.0,10188.0
12140944.0,845640.0,10188.0
12140944.0,845640.0,10188.0
12140944.0,845640.0,10188.0
12141699.733,845667.73333,10382.133333
12141816.0,845672.0,10412.0
12141816.0,845672.0,10412.0
12141816.0,845672.0,10412.0
12141816.0,845672.0,10412.0
12141816.0,845672.0,10412.0
12141816.0,845672.0,10412.0
12141816.0,845672.0,10412.0
12141816.0,845672.0,10412.0
12142305.6,845688.0,10591.2
12142428.0,845692.0,10636.0
12142428.0,845692.0,10636.0
12142428.0,845692.0,10636.0
12142428.0,845692.0,10636.0
12142428.0,845692.0,10636.0
12135324.8,845705.86667,10740.0
12134232.0,845708.0,10756.0
12132242.133,845708.0,10804.533333
12131936.0,845708.0,10812.0
12131936.0,845708.0,10812.0
12131936.0,845708.0,10812.0
12131936.0,845708.0,10812.0
12131936.0,845708.0,10812.0
12131936.0,845708.0,10812.0
12131936.0,845708.0,10812.0
12131936.0,845708.0,10812.0
12131936.0,845708.0,10812.0
12131936.0,845708.0,10812.0
12131936.0,845708.0,10812.0
12131936.0,845708.0,10812.0
12131710.667,845742.66667,11033.866667
12132543.2,845754.4,11112.8
12132760.0,845756.0,11124.0
12132760.0,845756.0,11124.0
12132760.0,845756.0,11124.0
12132760.0,845756.0,11124.0
12132760.0,845756.0,11124.0
12132760.0,845756.0,11124.0
12132760.0,845756.0,11124.0
12132760.0,845756.0,11124.0
12132760.0,845756.0,11124.0
12132760.0,845756.0,11124.0
12132760.0,845756.0,11124.0
12132709.333,845769.33333,11284.0
12132684.0,845776.0,11364.0
12132684.0,845776.0,11364.0
12132684.0,845776.0,11364.0
12132684.0,845776.0,11364.0
12132684.0,845776.0,11364.0
12130343.2,845793.6,11498.933333
12129492.0,845800.0,11548.0
12129492.0,845800.0,11548.0
12129492.0,845800.0,11548.0
12129492.0,845800.0,11548.0
12129492.0,845800.0,11548.0
12129125.333,845823.46667,11641.866667
12128992.0,845832.0,11676.0
12128992.0,845832.0,11676.0
12128992.0,845832.0,11676.0
12128992.0,845832.0,11676.0
12129365.333,845826.66667,11745.333333
12129552.0,845824.0,11780.0
12129552.0,845824.0,11780.0
12129552.0,845824.0,11780.0
12129552.0,845824.0,11780.0
12129552.0,845824.0,11780.0
12129552.0,845824.0,11780.0
12129552.0,845824.0,11780.0
12129552.0,845824.0,11780.0
12129552.0,845824.0,11780.0
12129552.0,845824.0,11780.0
12130051.2,845844.8,11988.0
12130128.0,845848.0,12020.0
12130128.0,845848.0,12020.0
12121884.0,845972.0,12076.0
12121884.0,845972.0,12076.0
12121884.0,845972.0,12076.0
12121884.0,845972.0,12076.0
12121884.0,845972.0,12076.0
12121884.0,845972.0,12076.0
12121884.0,845972.0,12076.0
12121884.0,845972.0,12076.0
12121884.0,845972.0,12076.0
12121884.0,845972.0,12076.0
12121884.0,845972.0,12076.0
12121884.0,845972.0,12076.0
12120068.0,846036.0,12340.0
12120068.0,846036.0,12340.0
12120068.0,846036.0,12340.0
12120068.0,846036.0,12340.0
12118025.867,846058.4,12429.6
12117880.0,846060.0,12436.0
12117880.0,846060.0,12436.0
12117880.0,846060.0,12436.0
12117880.0,846060.0,12436.0
12117880.0,846060.0,12436.0
12117880.0,846060.0,12436.0
12117880.0,846060.0,12436.0
12117880.0,846060.0,12436.0
12117880.0,846060.0,12436.0
12117880.0,846060.0,12436.0
12117966.4,846063.73333,12466.933333
12112846.4,846088.53333,12677.6
12075916.0,846092.0,12740.0
12075916.0,846092.0,12740.0
12075916.0,846092.0,12740.0
12075916.0,846092.0,12740.0
12075753.6,846093.06667,12747.466667
12073480.0,846108.0,12852.0
12073480.0,846108.0,12852.0
12073480.0,846108.0,12852.0
12073480.0,846108.0,12852.0
12073480.0,846108.0,12852.0
12073480.0,846108.0,12852.0
12073480.0,846108.0,12852.0
12073480.0,846108.0,12852.0
12073480.0,846108.0,12852.0
12073480.0,846108.0,12852.0
12073480.0,846108.0,12852.0
12073480.0,846108.0,12852.0
12075140.0,846212.0,13100.0
12075140.0,846212.0,13100.0
12075140.0,846212.0,13100.0
12075140.0,846212.0,13100.0
12075140.0,846212.0,13100.0
12075140.0,846212.0,13100.0
12075140.0,846212.0,13100.0
12075140.0,846212.0,13100.0
12075140.0,846212.0,13100.0
12075140.0,846212.0,13100.0
12075140.0,846212.0,13100.0
12075140.0,846212.0,13100.0
12072404.0,846344.0,13396.0
12072404.0,846344.0,13396.0
12072404.0,846344.0,13396.0
12071140.0,846348.0,13460.0
12071140.0,846348.0,13460.0
12071140.0,846348.0,13460.0
12072776.0,846360.0,13516.0
12072776.0,846360.0,13516.0
12072776.0,846360.0,13516.0
12072776.0,846360.0,13516.0
12072776.0,846360.0,13516.0
12072776.0,846360.0,13516.0
12072776.0,846360.0,13516.0
12072294.4,846360.53333,13541.6
12069164.0,846364.0,13708.0
12069164.0,846364.0,13708.0
12069164.0,846364.0,13708.0
12069164.0,846364.0,13708.0
12069164.0,846364.0,13708.0
12069164.0,846364.0,13708.0
12069164.0,846364.0,13708.0
12069310.133,846370.93333,13718.133333
12071356.0,846468.0,13860.0
12071356.0,846468.0,13860.0
12071356.0,846468.0,13860.0
12071356.0,846468.0,13860.0
12517293.6,845592.8,13876.0
15415888.0,839904.0,13980.0
15415888.0,839904.0,13980.0
