vda,20.56,0.09,0.00,0,0
vda,37.40,0.14,0.01,0,0
vda,122.20,0.54,0.19,2,0
vda,13.00,0.04,0.02,0,0
vda,13.40,0.05,0.01,0,0
vda,1.80,0.00,0.01,0,0
vda,245.00,8.03,0.23,40,1
vda,97.00,11.65,0.01,58,0
vda,79.40,5.62,1.41,28,7
vda,3.60,0.00,0.01,0,0
vda,1.80,0.00,0.01,0,0
vda,1.80,0.00,0.01,0,0
vda,44.80,0.00,0.19,0,0
vda,3.00,0.00,0.01,0,0
vda,0.00,0.00,0.00,0,0
vda,41.40,0.00,0.17,0,0
vda,2.40,0.00,0.01,0,0
vda,0.00,0.00,0.00,0,0
vda,46.20,0.00,0.19,0,0
vda,1.40,0.00,0.01,0,0
vda,29.80,0.00,0.12,0,0
vda,1.40,0.00,0.01,0,0
vda,2.80,0.00,0.01,0,0
vda,32.40,0.00,0.14,0,0
vda,12.00,0.00,0.05,0,0
vda,1.20,0.00,0.00,0,0
vda,36.20,0.00,0.15,0,0
vda,1.20,0.00,0.00,0,0
vda,0.00,0.00,0.00,0,0
vda,53.60,0.00,0.22,0,1
vda,3.80,0.00,0.01,0,0
vda,0.40,0.00,0.00,0,0
vda,2.00,0.00,0.01,0,0
vda,1.20,0.00,0.00,0,0
vda,1.40,0.00,0.00,0,0
vda,2.00,0.00,0.01,0,0
vda,14.60,0.00,0.06,0,0
vda,36.60,0.00,0.15,0,0
vda,1.80,0.00,0.01,0,0
vda,1.20,0.00,0.00,0,0
vda,41.40,0.00,0.17,0,0
vda,3.20,0.00,0.01,0,0
vda,10.00,0.00,0.04,0,0
vda,45.80,0.00,0.19,0,0
vda,2.40,0.00,0.01,0,0
vda,1.20,0.00,0.00,0,0
vda,33.80,0.00,0.14,0,0
vda,2.40,0.00,0.01,0,0
vda,1.20,0.00,0.00,0,0
vda,30.20,0.00,0.13,0,0
vda,9.80,0.00,0.04,0,0
vda,3.40,0.00,0.01,0,0
vda,2.60,0.00,0.01,0,0
vda,0.00,0.00,0.00,0,0
vda,1.20,0.00,0.00,0,0
vda,0.40,0.00,0.00,0,0
vda,46.60,0.00,0.19,0,0
vda,9.00,0.00,0.04,0,0
vda,5.20,0.00,0.02,0,0
vda,2.20,0.00,0.01,0,0
vda,1.20,0.00,0.00,0,0
vda,3.60,0.00,0.01,0,0
vda,1.60,0.00,0.01,0,0
vda,0.20,0.00,0.00,0,0
vda,11.80,0.00,0.05,0,0
vda,42.80,0.00,0.17,0,0
vda,1.20,0.00,0.00,0,0
vda,8.00,0.00,0.03,0,0
vda,2.40,0.00,0.01,0,0
vda,1.20,0.00,0.00,0,0
vda,3.80,0.00,0.01,0,0
vda,2.40,0.00,0.01,0,0
vda,11.60,0.00,0.05,0,0
vda,1.00,0.00,0.00,0,0
vda,23.60,0.00,0.10,0,0
vda,1.20,0.00,0.00,0,0
vda,10.40,0.00,0.04,0,0
vda,2.60,0.00,0.01,0,0
vda,4.20,0.00,0.02,0,0
vda,21.00,0.00,0.08,0,0
vda,1.20,0.00,0.00,0,0
vda,1.20,0.00,0.00,0,0
vda,33.40,0.00,0.13,0,0
vda,2.59,0.00,0.01,0,0
