7815961.6,89408.0,2280.0
7195232.0,199824.0,3896.0
7195232.0,199824.0,3896.0
7187921.6,199826.4,3907.2
7158680.0,199836.0,3952.0
7139220.2667,199836.0,3960.5333333
7012732.0,199836.0,4016.0
7012732.0,199836.0,4016.0
7012629.0667,199836.8,4019.7333333
7011188.0,199848.0,4072.0
7011188.0,199848.0,4072.0
7003952.8,199848.26667,4076.2666667
6902660.0,199852.0,4136.0
6902174.1333,199852.53333,4140.2666667
6895372.0,199860.0,4200.0
6895372.0,199860.0,4200.0
6895372.0,199860.0,4200.0
6895372.0,199860.0,4200.0
6895372.0,199860.0,4200.0
6895372.0,199860.0,4200.0
6895372.0,199860.0,4200.0
6895372.0,199860.0,4200.0
6895372.0,199860.0,4200.0
6895372.0,199860.0,4200.0
6958059.4667,199426.13333,4216.0
