16225040.0,40752.0,1704.0
15377888.0,176061.6,2892.0
14813120.0,266268.0,3684.0
14813120.0,266268.0,3684.0
13938234.667,467276.0,3724.0
13500792.0,567780.0,3744.0
13500792.0,567780.0,3744.0
12705142.933,771755.2,3790.9333333
12415816.0,845928.0,3808.0
11567648.0,1100738.6667,3949.3333333
11143564.0,1228144.0,4020.0
11143564.0,1228144.0,4020.0
10381090.933,1475116.0,4066.9333333
10103828.0,1564924.0,4084.0
10103828.0,1564924.0,4084.0
9039204.0,1570315.4667,4125.0666667
8652068.0,1572276.0,4140.0
8652068.0,1572276.0,4140.0
8650538.4,1572285.6,4191.2
8650156.0,1572288.0,4204.0
8647721.3333,1572293.8667,4250.9333333
8646836.0,1572296.0,4268.0
8646836.0,1572296.0,4268.0
8646836.0,1572296.0,4268.0
8646836.0,1572296.0,4268.0
8646836.0,1572296.0,4268.0
8646836.0,1572296.0,4268.0
8646836.0,1572296.0,4268.0
8646836.0,1572296.0,4268.0
8646836.0,1572296.0,4268.0
8646836.0,1572296.0,4268.0
8646836.0,1572296.0,4268.0
8647017.3333,1572306.6667,4444.0
8647108.0,1572312.0,4532.0
8647108.0,1572312.0,4532.0
8647108.0,1572312.0,4532.0
8647108.0,1572312.0,4532.0
8647108.0,1572312.0,4532.0
8647108.0,1572312.0,4532.0
8647108.0,1572312.0,4532.0
8647108.0,1572312.0,4532.0
8647108.0,1572312.0,4532.0
8647108.0,1572312.0,4532.0
8647108.0,1572312.0,4532.0
8646455.2,1572324.0,4704.8
8646020.0,1572332.0,4820.0
8646020.0,1572332.0,4820.0
8646716.0,1572337.3333,4868.0
8647064.0,1572340.0,4892.0
8645660.0,1572342.4,4925.6
8644724.0,1572344.0,4948.0
8644724.0,1572344.0,4948.0
8646009.3333,1572346.6667,4985.3333333
8646652.0,1572348.0,5004.0
8646652.0,1572348.0,5004.0
8645980.0,1572352.8,5052.0
8645532.0,1572356.0,5084.0
8645532.0,1572356.0,5084.0
8645532.0,1572356.0,5084.0
8645532.0,1572356.0,5084.0
8645532.0,1572356.0,5084.0
8645532.0,1572356.0,5084.0
8645532.0,1572356.0,5084.0
8645532.0,1572356.0,5084.0
8645532.0,1572356.0,5084.0
8645532.0,1572356.0,5084.0
8645532.0,1572356.0,5084.0
8645910.6667,1572361.3333,5249.3333333
8646100.0,1572364.0,5332.0
8646100.0,1572364.0,5332.0
8646100.0,1572364.0,5332.0
8646100.0,1572364.0,5332.0
8646100.0,1572364.0,5332.0
8646100.0,1572364.0,5332.0
8646100.0,1572364.0,5332.0
8646100.0,1572364.0,5332.0
8646100.0,1572364.0,5332.0
8646100.0,1572364.0,5332.0
8646100.0,1572364.0,5332.0
8645701.0667,1572481.3333,5554.9333333
8645556.0,1572524.0,5636.0
8645556.0,1572524.0,5636.0
8645556.0,1572524.0,5636.0
8645556.0,1572524.0,5636.0
8645556.0,1572524.0,5636.0
8645556.0,1572524.0,5636.0
8645556.0,1572524.0,5636.0
8644133.3333,1572532.8,5765.0666667
8643616.0,1572536.0,5812.0
8643616.0,1572536.0,5812.0
8644659.2,1572548.8,5863.2
8644920.0,1572552.0,5876.0
8643685.8667,1574028.8,6087.4666667
8643496.0,1574256.0,6120.0
8643496.0,1574256.0,6120.0
8643496.0,1574256.0,6120.0
8643496.0,1574256.0,6120.0
8641460.8,1574341.3333,6192.5333333
8641460.8,1574341.3333,6192.5333333
8639680.0,1574416.0,6256.0
8638132.0,1574420.0,6312.0
8638132.0,1574420.0,6312.0
8638132.0,1574420.0,6312.0
8639629.0667,1574416.2667,6364.2666667
8639736.0,1574416.0,6368.0
8639736.0,1574416.0,6368.0
8639736.0,1574416.0,6368.0
8639736.0,1574416.0,6368.0
8639736.0,1574416.0,6368.0
8639736.0,1574416.0,6368.0
8639736.0,1574416.0,6368.0
8639736.0,1574416.0,6368.0
8639736.0,1574416.0,6368.0
8639736.0,1574416.0,6368.0
8639736.0,1574416.0,6368.0
8639373.8667,1574457.0667,6584.5333333
8637895.4667,1574473.8667,6648.5333333
8637672.0,1574476.0,6656.0
8637672.0,1574476.0,6656.0
8638808.0,1574472.8,6713.6
8639092.0,1574472.0,6728.0
8639092.0,1574472.0,6728.0
8639092.0,1574472.0,6728.0
8639092.0,1574472.0,6728.0
8639092.0,1574472.0,6728.0
8639092.0,1574472.0,6728.0
8639092.0,1574472.0,6728.0
8639092.0,1574472.0,6728.0
8639092.0,1574472.0,6728.0
8639092.0,1574472.0,6728.0
8639092.0,1574472.0,6728.0
8638458.4,1574595.2,6904.0
8638228.0,1574640.0,6968.0
8638228.0,1574640.0,6968.0
8638228.0,1574640.0,6968.0
8638228.0,1574640.0,6968.0
8638228.0,1574640.0,6968.0
8638228.0,1574640.0,6968.0
8638228.0,1574640.0,6968.0
8638228.0,1574640.0,6968.0
8638228.0,1574640.0,6968.0
8638228.0,1574640.0,6968.0
8638228.0,1574640.0,6968.0
8638344.8,1574646.4,7056.0
8638520.0,1574656.0,7188.0
8638520.0,1574656.0,7188.0
8638520.0,1574656.0,7188.0
8638520.0,1574656.0,7188.0
8638520.0,1574656.0,7188.0
8638520.0,1574656.0,7188.0
8638520.0,1574656.0,7188.0
8638520.0,1574656.0,7188.0
8638520.0,1574656.0,7188.0
8638520.0,1574656.0,7188.0
8638690.6667,1574660.2667,7290.4
8638840.0,1574664.0,7380.0
8638840.0,1574664.0,7380.0
8638840.0,1574664.0,7380.0
8638840.0,1574664.0,7380.0
8638840.0,1574664.0,7380.0
8638840.0,1574664.0,7380.0
8638840.0,1574664.0,7380.0
8638840.0,1574664.0,7380.0
8638840.0,1574664.0,7380.0
8638840.0,1574664.0,7380.0
8638840.0,1574664.0,7380.0
8638954.6667,1574674.6667,7458.6666667
8639184.0,1574696.0,7616.0
8639184.0,1574696.0,7616.0
8639184.0,1574696.0,7616.0
8639184.0,1574696.0,7616.0
8639184.0,1574696.0,7616.0
8639184.0,1574696.0,7616.0
8639184.0,1574696.0,7616.0
8639184.0,1574696.0,7616.0
8639184.0,1574696.0,7616.0
8639184.0,1574696.0,7616.0
8639184.0,1574696.0,7616.0
8638984.0,1574703.2,7663.2
8638184.0,1574732.0,7852.0
8638184.0,1574732.0,7852.0
8638184.0,1574732.0,7852.0
8638184.0,1574732.0,7852.0
8638184.0,1574732.0,7852.0
8638184.0,1574732.0,7852.0
8638184.0,1574732.0,7852.0
8638184.0,1574732.0,7852.0
8638184.0,1574732.0,7852.0
8638184.0,1574732.0,7852.0
8638184.0,1574732.0,7852.0
8637696.0,1574735.2,7908.0
8635744.0,1574748.0,8132.0
8635744.0,1574748.0,8132.0
8636171.2,1574749.6,8144.8
8637880.0,1574756.0,8196.0
8637880.0,1574756.0,8196.0
8637880.0,1574756.0,8196.0
8637880.0,1574756.0,8196.0
8637880.0,1574756.0,8196.0
8637880.0,1574756.0,8196.0
8637880.0,1574756.0,8196.0
8637880.0,1574756.0,8196.0
8637880.0,1574756.0,8196.0
8637880.0,1574756.0,8196.0
8637880.0,1574756.0,8196.0
8637881.6,1574760.0,8247.2
8637888.0,1574776.0,8452.0
8637888.0,1574776.0,8452.0
8637888.0,1574776.0,8452.0
8637888.0,1574776.0,8452.0
8637888.0,1574776.0,8452.0
8637888.0,1574776.0,8452.0
8637888.0,1574776.0,8452.0
8637888.0,1574776.0,8452.0
8637888.0,1574776.0,8452.0
8637888.0,1574776.0,8452.0
8637888.0,1574776.0,8452.0
8637801.6,1574779.7333,8492.5333333
8637240.0,1574804.0,8756.0
8637240.0,1574804.0,8756.0
8637240.0,1574804.0,8756.0
8637240.0,1574804.0,8756.0
8637240.0,1574804.0,8756.0
8637240.0,1574804.0,8756.0
8637240.0,1574804.0,8756.0
8637240.0,1574804.0,8756.0
8637240.0,1574804.0,8756.0
8637240.0,1574804.0,8756.0
8637240.0,1574804.0,8756.0
8637329.3333,1574809.3333,8828.0
8637508.0,1574820.0,8972.0
8637508.0,1574820.0,8972.0
8637508.0,1574820.0,8972.0
8637508.0,1574820.0,8972.0
8637508.0,1574820.0,8972.0
8637508.0,1574820.0,8972.0
8637508.0,1574820.0,8972.0
8637508.0,1574820.0,8972.0
8637508.0,1574820.0,8972.0
8637508.0,1574820.0,8972.0
8637508.0,1574820.0,8972.0
8637508.0,1574820.0,8972.0
8636141.6,1574838.6667,9184.8
8636044.0,1574840.0,9200.0
8636044.0,1574840.0,9200.0
8636044.0,1574840.0,9200.0
8636044.0,1574840.0,9200.0
8636044.0,1574840.0,9200.0
8636044.0,1574840.0,9200.0
8636044.0,1574840.0,9200.0
8636044.0,1574840.0,9200.0
8636044.0,1574840.0,9200.0
8636044.0,1574840.0,9200.0
8636044.0,1574840.0,9200.0
8636581.3333,1574857.3333,9345.6
8636664.0,1574860.0,9368.0
8636664.0,1574860.0,9368.0
8636664.0,1574860.0,9368.0
8636664.0,1574860.0,9368.0
8636664.0,1574860.0,9368.0
8636664.0,1574860.0,9368.0
8636664.0,1574860.0,9368.0
8636664.0,1574860.0,9368.0
8636664.0,1574860.0,9368.0
8636664.0,1574860.0,9368.0
8636664.0,1574860.0,9368.0
8634961.6,1574927.2,9566.4
8634536.0,1574944.0,9616.0
8635518.4,1574953.6,9651.2
8635764.0,1574956.0,9660.0
8635764.0,1574956.0,9660.0
8635764.0,1574956.0,9660.0
8635764.0,1574956.0,9660.0
8635764.0,1574956.0,9660.0
8635764.0,1574956.0,9660.0
8635764.0,1574956.0,9660.0
8635764.0,1574956.0,9660.0
8635764.0,1574956.0,9660.0
8635764.0,1574956.0,9660.0
8635764.0,1574956.0,9660.0
8635992.8,1574969.8667,9840.2666667
8636028.0,1574972.0,9868.0
8636028.0,1574972.0,9868.0
8636028.0,1574972.0,9868.0
8636028.0,1574972.0,9868.0
8636028.0,1574972.0,9868.0
8636028.0,1574972.0,9868.0
8636028.0,1574972.0,9868.0
8636028.0,1574972.0,9868.0
8636028.0,1574972.0,9868.0
8636028.0,1574972.0,9868.0
8636028.0,1574972.0,9868.0
8635377.3333,1574993.3333,10014.666667
8635052.0,1575004.0,10088.0
8635052.0,1575004.0,10088.0
8635052.0,1575004.0,10088.0
8635052.0,1575004.0,10088.0
8635052.0,1575004.0,10088.0
8635052.0,1575004.0,10088.0
8635052.0,1575004.0,10088.0
8635052.0,1575004.0,10088.0
8635052.0,1575004.0,10088.0
8635052.0,1575004.0,10088.0
8635527.2,1575006.9333,10269.866667
8635700.0,1575008.0,10336.0
8635700.0,1575008.0,10336.0
8635700.0,1575008.0,10336.0
8635700.0,1575008.0,10336.0
8635700.0,1575008.0,10336.0
8635700.0,1575008.0,10336.0
8635700.0,1575008.0,10336.0
8635700.0,1575008.0,10336.0
8635700.0,1575008.0,10336.0
8635700.0,1575008.0,10336.0
8635700.0,1575008.0,10336.0
8635110.6667,1575013.3333,10490.666667
8634816.0,1575016.0,10568.0
8634816.0,1575016.0,10568.0
8634816.0,1575016.0,10568.0
8634816.0,1575016.0,10568.0
8634816.0,1575016.0,10568.0
8634816.0,1575016.0,10568.0
8634816.0,1575016.0,10568.0
8634816.0,1575016.0,10568.0
8633766.4,1575028.8,10674.666667
8632848.0,1575040.0,10768.0
8632848.0,1575040.0,10768.0
8633549.8667,1575041.8667,10794.133333
8634352.0,1575044.0,10824.0
8634352.0,1575044.0,10824.0
8634352.0,1575044.0,10824.0
8634352.0,1575044.0,10824.0
8634113.0667,1575113.0667,10865.066667
8633840.0,1575192.0,10912.0
8633840.0,1575192.0,10912.0
8633840.0,1575192.0,10912.0
8633840.0,1575192.0,10912.0
8633840.0,1575192.0,10912.0
8633840.0,1575192.0,10912.0
8633840.0,1575192.0,10912.0
8633840.0,1575192.0,10912.0
8633840.0,1575192.0,10912.0
8633840.0,1575192.0,10912.0
8633840.0,1575192.0,10912.0
8633869.3333,1575210.6667,10960.0
8633884.0,1575220.0,10984.0
8633884.0,1575220.0,10984.0
8633884.0,1575220.0,10984.0
8633884.0,1575220.0,10984.0
8633884.0,1575220.0,10984.0
8633884.0,1575220.0,10984.0
8633884.0,1575220.0,10984.0
8633884.0,1575220.0,10984.0
8633884.0,1575220.0,10984.0
8633884.0,1575220.0,10984.0
8633884.0,1575220.0,10984.0
8634009.8667,1575222.6667,11003.733333
8634828.0,1575240.0,11132.0
8633643.4667,1575665.0667,11324.533333
8625944.0,1578428.0,12576.0
8625944.0,1578428.0,12576.0
8625944.0,1578428.0,12576.0
8705672.0,1579982.6667,12816.0
8745536.0,1580760.0,12936.0
8745195.7333,1582030.1333,12985.866667
8745072.0,1582492.0,13004.0
8745072.0,1582492.0,13004.0
8743279.7333,1582527.2,13050.933333
8742628.0,1582540.0,13068.0
8742628.0,1582540.0,13068.0
8744889.6,1582575.2,13112.0
8745712.0,1582588.0,13128.0
8746434.6667,1582593.3333,13165.333333
8746796.0,1582596.0,13184.0
8746796.0,1582596.0,13184.0
8746796.0,1582596.0,13184.0
8746796.0,1582596.0,13184.0
8746796.0,1582596.0,13184.0
8746796.0,1582596.0,13184.0
8746796.0,1582596.0,13184.0
8746796.0,1582596.0,13184.0
8746796.0,1582596.0,13184.0
8746796.0,1582596.0,13184.0
8745494.6667,1582694.6667,13344.0
8744844.0,1582744.0,13424.0
8744844.0,1582744.0,13424.0
8745921.6,1582744.0,13457.6
8746640.0,1582744.0,13480.0
8746640.0,1582744.0,13480.0
8746640.0,1582744.0,13480.0
8746640.0,1582744.0,13480.0
8746640.0,1582744.0,13480.0
8746640.0,1582744.0,13480.0
8746640.0,1582744.0,13480.0
8746640.0,1582744.0,13480.0
8746640.0,1582744.0,13480.0
8746640.0,1582744.0,13480.0
8746640.0,1582744.0,13480.0
8746594.4,1582751.2,13624.0
8746564.0,1582756.0,13720.0
8746564.0,1582756.0,13720.0
8746564.0,1582756.0,13720.0
8746564.0,1582756.0,13720.0
8746564.0,1582756.0,13720.0
8744772.0,1582770.9333,13813.866667
8743204.0,1582784.0,13896.0
8743204.0,1582784.0,13896.0
8744137.3333,1582778.6667,13949.333333
8744604.0,1582776.0,13976.0
8744604.0,1582776.0,13976.0
8952052.0,1582789.3333,14013.333333
9055776.0,1582796.0,14032.0
9055776.0,1582796.0,14032.0
9055776.0,1582796.0,14032.0
9055776.0,1582796.0,14032.0
9055776.0,1582796.0,14032.0
9055776.0,1582796.0,14032.0
9055776.0,1582796.0,14032.0
9055776.0,1582796.0,14032.0
9055776.0,1582796.0,14032.0
9055205.3333,1582809.3333,14165.333333
9054920.0,1582816.0,14232.0
9054920.0,1582816.0,14232.0
9054920.0,1582816.0,14232.0
9054920.0,1582816.0,14232.0
9054920.0,1582816.0,14232.0
9054920.0,1582816.0,14232.0
9054920.0,1582816.0,14232.0
9054920.0,1582816.0,14232.0
9054920.0,1582816.0,14232.0
9054920.0,1582816.0,14232.0
9054920.0,1582816.0,14232.0
9054810.6667,1582837.3333,14413.333333
9054756.0,1582848.0,14504.0
9054756.0,1582848.0,14504.0
9054756.0,1582848.0,14504.0
9054756.0,1582848.0,14504.0
9054756.0,1582848.0,14504.0
9054756.0,1582848.0,14504.0
9054756.0,1582848.0,14504.0
9054756.0,1582848.0,14504.0
9054756.0,1582848.0,14504.0
9054756.0,1582848.0,14504.0
9054756.0,1582848.0,14504.0
9055090.9333,1582860.8,14602.133333
9055384.0,1582872.0,14688.0
9055384.0,1582872.0,14688.0
9055384.0,1582872.0,14688.0
9055384.0,1582872.0,14688.0
9055384.0,1582872.0,14688.0
9055384.0,1582872.0,14688.0
9055384.0,1582872.0,14688.0
9055384.0,1582872.0,14688.0
9055384.0,1582872.0,14688.0
9055384.0,1582872.0,14688.0
9055384.0,1582872.0,14688.0
9055051.7333,1582916.8,14811.2
9055028.0,1582920.0,14820.0
9174096.8,1582916.8,14848.8
9203864.0,1582916.0,14856.0
9316228.8,1582916.0,14881.6
9344320.0,1582916.0,14888.0
9344320.0,1582916.0,14888.0
9344320.0,1582916.0,14888.0
9344320.0,1582916.0,14888.0
9344320.0,1582916.0,14888.0
9344320.0,1582916.0,14888.0
9344320.0,1582916.0,14888.0
9344320.0,1582916.0,14888.0
9344320.0,1582916.0,14888.0
9344320.0,1582916.0,14888.0
9344320.0,1582916.0,14888.0
9344130.6667,1582916.0,14952.0
9344036.0,1582916.0,14984.0
9344036.0,1582916.0,14984.0
9344036.0,1582916.0,14984.0
9344036.0,1582916.0,14984.0
9344036.0,1582916.0,14984.0
9344036.0,1582916.0,14984.0
9344036.0,1582916.0,14984.0
9344036.0,1582916.0,14984.0
9344036.0,1582916.0,14984.0
9344036.0,1582916.0,14984.0
9344036.0,1582916.0,14984.0
9344257.8667,1582941.6,15116.266667
9344452.0,1582964.0,15232.0
9344452.0,1582964.0,15232.0
9344452.0,1582964.0,15232.0
9344452.0,1582964.0,15232.0
9344452.0,1582964.0,15232.0
9344452.0,1582964.0,15232.0
9344452.0,1582964.0,15232.0
9344452.0,1582964.0,15232.0
9344452.0,1582964.0,15232.0
9344452.0,1582964.0,15232.0
9344452.0,1582964.0,15232.0
9344193.3333,1582980.0,15402.666667
9344064.0,1582988.0,15488.0
9344064.0,1582988.0,15488.0
9344064.0,1582988.0,15488.0
9344064.0,1582988.0,15488.0
9344064.0,1582988.0,15488.0
9344064.0,1582988.0,15488.0
9344064.0,1582988.0,15488.0
9344064.0,1582988.0,15488.0
9344064.0,1582988.0,15488.0
12539728.8,1579090.4,15636.8
14670172.0,1576492.0,15736.0
