vda,18.80,0.08,0.00,0,0
vda,8.20,0.02,0.01,0,0
vda,24.40,0.09,0.00,0,0
vda,2.00,0.00,0.01,0,0
vda,76.40,0.48,0.00,2,0
vda,5.60,0.07,0.02,0,0
vda,119.20,3.27,0.09,16,0
vda,86.00,2.38,0.01,11,0
vda,136.80,8.42,0.15,42,0
vda,112.00,12.53,0.05,62,0
vda,71.46,8.86,0.00,44,0
vda,124.60,15.43,0.00,77,0
vda,114.20,13.53,0.03,67,0
vda,77.40,6.20,0.92,31,4
vda,114.00,13.63,0.48,68,2
vda,58.20,7.05,0.01,35,0
vda,112.80,14.07,0.00,70,0
vda,138.00,14.37,0.09,71,0
vda,116.20,13.10,0.05,65,0
vda,103.60,12.70,0.01,63,0
vda,112.60,13.78,0.01,68,0
vda,47.20,3.48,0.08,17,0
vda,51.20,5.88,0.02,29,0
vda,112.20,14.03,0.00,70,0
vda,118.60,14.45,0.01,72,0
vda,123.20,15.22,0.01,76,0
vda,118.60,13.30,0.05,66,0
vda,125.80,12.43,0.11,62,0
vda,114.00,11.77,0.08,58,0
vda,104.80,13.08,0.00,65,0
vda,33.80,3.92,0.01,19,0
vda,80.80,9.93,0.01,49,0
vda,107.20,13.23,0.00,66,0
vda,118.80,14.45,0.01,72,0
vda,117.20,14.30,0.01,71,0
vda,111.60,11.92,0.06,59,0
vda,123.60,12.68,0.09,63,0
vda,130.40,14.12,0.07,70,0
vda,77.40,9.40,0.01,47,0
vda,133.60,15.70,0.03,78,0
vda,100.00,12.11,0.01,60,0
vda,2.60,0.00,0.01,0,0
vda,1.40,0.00,0.01,0,0
vda,0.20,0.00,0.00,0,0
vda,38.60,0.00,0.15,0,0
vda,18.80,0.00,0.07,0,0
vda,1.40,0.00,0.01,0,0
vda,2.20,0.00,0.01,0,0
vda,2.20,0.00,0.01,0,0
vda,1.60,0.00,0.01,0,0
vda,9.18,0.00,0.04,0,0
vda,1.40,0.00,0.01,0,0
vda,12.80,0.00,0.05,0,0
vda,25.20,0.00,0.10,0,0
vda,1.60,0.00,0.01,0,0
vda,3.60,0.00,0.02,0,0
vda,0.00,0.00,0.00,0,0
vda,2.20,0.00,0.01,0,0
vda,1.40,0.00,0.01,0,0
vda,9.20,0.00,0.04,0,0
vda,18.60,0.00,0.07,0,0
vda,1.40,0.00,0.01,0,0
vda,37.00,0.00,0.15,0,0
vda,3.40,0.00,0.01,0,0
vda,1.60,0.00,0.01,0,0
vda,2.20,0.00,0.01,0,0
vda,0.00,0.00,0.00,0,0
vda,143.40,1.19,0.08,5,0
vda,24.40,0.23,0.04,1,0
vda,14.20,0.00,0.06,0,0
vda,5.20,0.39,0.01,1,0
vda,33.40,0.00,0.13,0,0
vda,2.20,0.00,0.01,0,0
vda,3.00,0.00,0.01,0,0
vda,3.80,0.00,0.01,0,0
vda,11.60,0.00,0.05,0,0
vda,1.60,0.00,0.01,0,0
vda,4.20,0.00,0.02,0,0
vda,1.20,0.00,0.00,0,0
vda,2.00,0.00,0.01,0,0
vda,40.40,0.00,0.16,0,0
vda,5.00,0.00,0.02,0,0
vda,26.40,0.00,0.10,0,0
vda,0.40,0.00,0.00,0,0
vda,2.20,0.00,0.01,0,0
vda,3.20,0.00,0.02,0,0
vda,2.20,0.00,0.01,0,0
vda,1.20,0.00,0.00,0,0
vda,1.20,0.00,0.00,0,0
vda,23.80,0.00,0.10,0,0
vda,16.60,0.00,0.06,0,0
vda,2.40,0.00,0.01,0,0
vda,3.60,0.00,0.01,0,0
vda,0.00,0.00,0.00,0,0
vda,1.20,0.00,0.00,0,0
vda,2.20,0.00,0.01,0,0
vda,1.20,0.00,0.00,0,0
vda,26.60,0.00,0.11,0,0
vda,35.60,0.00,0.14,0,0
vda,3.80,0.00,0.02,0,0
vda,1.60,0.00,0.01,0,0
vda,0.00,0.00,0.00,0,0
vda,2.20,0.00,0.01,0,0
vda,1.60,0.00,0.01,0,0
vda,2.60,0.00,0.01,0,0
vda,25.60,0.00,0.10,0,0
vda,1.40,0.00,0.01,0,0
vda,34.53,0.00,0.14,0,0
vda,4.20,0.00,0.02,0,0
vda,0.40,0.00,0.00,0,0
vda,1.40,0.00,0.01,0,0
vda,2.60,0.00,0.01,0,0
vda,12.80,0.00,0.05,0,0
vda,1.20,0.00,0.00,0,0
vda,2.20,0.00,0.01,0,0
vda,8.40,0.00,0.03,0,0
vda,34.60,0.00,0.14,0,0
vda,3.40,0.00,0.01,0,0
vda,3.40,0.00,0.01,0,0
vda,0.20,0.00,0.00,0,0
vda,22.00,0.00,0.09,0,0
vda,1.60,0.00,0.01,0,0
vda,2.40,0.00,0.01,0,0
vda,6.80,0.00,0.03,0,0
vda,1.40,0.00,0.01,0,0
vda,24.20,0.00,0.10,0,0
vda,1.20,0.00,0.00,0,0
vda,27.40,0.00,0.11,0,0
vda,2.60,0.00,0.01,0,0
vda,1.20,0.00,0.00,0,0
vda,0.00,0.00,0.00,0,0
vda,2.20,0.00,0.01,0,0
vda,1.60,0.00,0.01,0,0
vda,8.20,0.00,0.03,0,0
vda,48.60,0.00,0.20,0,0
vda,13.00,0.00,0.05,0,0
vda,1.40,0.00,0.00,0,0
vda,4.00,0.00,0.02,0,0
vda,1.20,0.00,0.00,0,0
vda,2.00,0.00,0.01,0,0
vda,0.40,0.00,0.00,0,0
vda,3.80,0.00,0.02,0,0
vda,18.60,0.00,0.07,0,0
vda,42.20,0.00,0.17,0,0
vda,1.20,0.00,0.00,0,0
vda,1.20,0.00,0.00,0,0
vda,6.00,0.00,0.02,0,0
vda,1.20,0.00,0.00,0,0
vda,1.60,0.00,0.01,0,0
vda,2.20,0.00,0.01,0,0
vda,21.60,0.00,0.09,0,0
vda,1.20,0.00,0.00,0,0
vda,36.00,0.00,0.14,0,0
vda,0.60,0.00,0.00,0,0
vda,5.40,0.00,0.02,0,0
vda,1.40,0.00,0.01,0,0
vda,1.60,0.00,0.01,0,0
vda,18.40,0.00,0.07,0,0
vda,2.60,0.00,0.01,0,0
vda,1.40,0.00,0.01,0,0
vda,0.60,0.00,0.00,0,0
vda,30.60,0.00,0.12,0,0
vda,2.40,0.00,0.01,0,0
vda,2.60,0.00,0.01,0,0
vda,2.80,0.00,0.01,0,0
vda,18.80,0.00,0.07,0,0
vda,0.00,0.00,0.00,0,0
vda,2.60,0.00,0.01,0,0
vda,1.20,0.00,0.00,0,0
vda,9.00,0.00,0.04,0,0
vda,35.80,0.00,0.14,0,0
vda,1.40,0.00,0.01,0,0
vda,14.20,0.00,0.05,0,0
vda,2.40,0.00,0.01,0,0
vda,2.40,0.00,0.01,0,0
vda,0.00,0.00,0.00,0,0
vda,4.40,0.00,0.02,0,0
vda,1.40,0.00,0.01,0,0
vda,6.80,0.00,0.03,0,0
vda,35.60,0.00,0.14,0,0
vda,18.56,0.00,0.07,0,0
vda,1.40,0.00,0.01,0,0
vda,3.00,0.00,0.01,0,0
vda,4.60,0.00,0.02,0,0
vda,1.20,0.00,0.00,0,0
vda,2.20,0.00,0.01,0,0
vda,0.00,0.00,0.00,0,0
vda,1.40,0.00,0.00,0,0
vda,53.80,0.00,0.21,0,1
vda,8.60,0.00,0.04,0,0
vda,2.00,0.00,0.01,0,0
vda,3.40,0.00,0.01,0,0
vda,0.00,0.00,0.00,0,0
vda,1.60,0.00,0.01,0,0
vda,2.80,0.00,0.01,0,0
vda,13.00,0.00,0.05,0,0
vda,1.20,0.00,0.00,0,0
vda,32.20,0.00,0.13,0,0
vda,0.80,0.00,0.00,0,0
vda,1.20,0.00,0.00,0,0
vda,2.60,0.00,0.01,0,0
vda,1.00,0.00,0.00,0,0
vda,4.40,0.00,0.02,0,0
vda,19.80,0.00,0.08,0,0
vda,1.60,0.00,0.01,0,0
vda,1.60,0.00,0.00,0,0
vda,36.00,0.00,0.14,0,0
vda,1.40,0.00,0.01,0,0
vda,6.40,0.00,0.03,0,0
vda,2.00,0.00,0.01,0,0
vda,14.20,0.00,0.06,0,0
vda,2.40,0.00,0.01,0,0
vda,0.60,0.00,0.00,0,0
vda,4.00,0.00,0.02,0,0
vda,9.00,0.00,0.04,0,0
vda,33.60,0.00,0.13,0,0
vda,3.60,0.00,0.03,0,0
vda,23.80,0.00,0.10,0,0
vda,2.80,0.00,0.01,0,0
vda,1.60,0.00,0.01,0,0
vda,0.00,0.00,0.00,0,0
vda,1.20,0.00,0.00,0,0
vda,2.00,0.00,0.01,0,0
vda,9.20,0.00,0.04,0,0
vda,29.60,0.00,0.12,0,0
vda,19.20,0.00,0.07,0,0
vda,1.40,0.00,0.00,0,0
vda,0.00,0.00,0.00,0,0
vda,2.00,0.00,0.01,0,0
vda,1.20,0.00,0.00,0,0
vda,20.40,0.00,0.08,0,0
vda,3.40,0.00,0.02,0,0
vda,13.00,0.00,0.05,0,0
vda,14.20,0.00,0.06,0,0
vda,4.60,0.00,0.02,0,0
vda,1.20,0.00,0.00,0,0
vda,2.40,0.00,0.01,0,0
vda,0.60,0.00,0.00,0,0
vda,4.40,0.00,0.02,0,0
vda,13.40,0.00,0.05,0,0
vda,25.40,0.00,0.10,0,0
vda,1.20,0.00,0.00,0,0
vda,22.40,0.00,0.09,0,0
vda,3.60,0.00,0.01,0,0
vda,2.20,0.00,0.01,0,0
vda,4.00,0.00,0.02,0,0
vda,0.00,0.00,0.00,0,0
vda,24.40,0.00,0.10,0,0
vda,16.00,0.00,0.06,0,0
vda,9.20,0.00,0.04,0,0
vda,1.60,0.00,0.01,0,0
vda,32.40,0.00,0.13,0,0
vda,2.00,0.00,0.01,0,0
vda,0.80,0.00,0.01,0,0
vda,1.60,0.00,0.01,0,0
vda,13.80,0.00,0.05,0,0
vda,1.20,0.00,0.00,0,0
vda,9.60,0.00,0.04,0,0
vda,9.40,0.00,0.04,0,0
vda,0.00,0.00,0.00,0,0
vda,24.60,0.00,0.10,0,0
vda,2.00,0.00,0.01,0,0
vda,20.60,0.00,0.08,0,0
vda,2.80,0.00,0.01,0,0
vda,0.00,0.00,0.00,0,0
vda,1.80,0.00,0.01,0,0
vda,12.60,0.00,0.05,0,0
vda,4.00,0.00,0.02,0,0
vda,7.40,0.00,0.03,0,0
vda,15.60,0.00,0.06,0,0
vda,13.80,0.00,0.05,0,0
vda,1.20,0.00,0.00,0,0
vda,1.60,0.00,0.01,0,0
vda,3.60,0.00,0.01,0,0
vda,1.60,0.00,0.01,0,0
vda,15.00,0.00,0.06,0,0
vda,1.40,0.00,0.01,0,0
vda,17.40,0.00,0.07,0,0
vda,30.00,0.00,0.12,0,0
vda,2.40,0.00,0.01,0,0
vda,1.60,0.00,0.01,0,0
vda,1.60,0.00,0.01,0,0
vda,5.00,0.00,0.02,0,0
vda,1.80,0.00,0.01,0,0
vda,20.80,0.00,0.09,0,0
vda,18.60,0.00,0.07,0,0
vda,1.00,0.00,0.00,0,0
vda,24.00,0.00,0.10,0,0
vda,2.20,0.00,0.01,0,0
vda,0.00,0.00,0.00,0,0
vda,2.60,0.00,0.01,0,0
vda,2.00,0.00,0.01,0,0
vda,13.20,0.00,0.05,0,0
vda,13.40,0.00,0.05,0,0
vda,2.00,0.00,0.01,0,0
vda,0.00,0.00,0.00,0,0
vda,23.20,0.00,0.09,0,0
vda,4.00,0.00,0.02,0,0
vda,1.60,0.00,0.01,0,0
vda,9.20,0.00,0.04,0,0
vda,19.00,0.00,0.07,0,0
vda,0.00,0.00,0.00,0,0
vda,12.20,0.00,0.05,0,0
vda,2.00,0.00,0.01,0,0
vda,4.20,0.00,0.02,0,0
vda,16.00,0.00,0.06,0,0
vda,2.20,0.00,0.01,0,0
vda,12.00,0.00,0.05,0,0
vda,1.40,0.00,0.00,0,0
vda,9.00,0.00,0.04,0,0
vda,1.60,0.00,0.01,0,0
vda,13.80,0.00,0.06,0,0
vda,0.00,0.00,0.00,0,0
vda,2.60,0.00,0.01,0,0
vda,42.60,0.00,0.17,0,0
vda,0.00,0.00,0.00,0,0
vda,2.20,0.00,0.01,0,0
vda,1.60,0.00,0.01,0,0
vda,4.20,0.00,0.02,0,0
vda,7.00,0.00,0.03,0,0
vda,12.40,0.00,0.05,0,0
vda,20.00,0.00,0.08,0,0
vda,2.00,0.00,0.01,0,0
vda,25.40,0.00,0.10,0,0
vda,1.60,0.00,0.01,0,0
vda,0.00,0.00,0.00,0,0
vda,2.20,0.00,0.01,0,0
vda,2.20,0.00,0.01,0,0
vda,2.00,0.00,0.01,0,0
vda,28.00,0.00,0.11,0,0
vda,0.20,0.00,0.00,0,0
vda,1.20,0.00,0.00,0,0
vda,23.00,0.00,0.09,0,0
vda,4.60,0.00,0.02,0,0
vda,2.00,0.00,0.01,0,0
vda,2.80,0.00,0.01,0,0
vda,17.40,0.00,0.07,0,0
vda,1.20,0.00,0.00,0,0
vda,18.60,0.00,0.08,0,0
vda,2.40,0.00,0.01,0,0
vda,3.00,0.00,0.01,0,0
vda,18.60,0.00,0.07,0,0
vda,2.00,0.00,0.01,0,0
vda,0.00,0.00,0.00,0,0
vda,18.40,0.00,0.07,0,0
vda,2.20,0.00,0.01,0,0
vda,1.60,0.00,0.01,0,0
vda,20.80,0.00,0.08,0,0
vda,0.20,0.00,0.00,0,0
vda,2.00,0.00,0.01,0,0
vda,25.20,0.00,0.10,0,0
vda,14.20,0.00,0.06,0,0
vda,1.20,0.00,0.00,0,0
vda,9.00,0.00,0.04,0,0
vda,4.40,0.00,0.02,0,0
vda,0.00,0.00,0.00,0,0
vda,12.20,0.00,0.05,0,0
vda,2.20,0.00,0.01,0,0
vda,1.60,0.00,0.01,0,0
vda,10.00,0.00,0.04,0,0
vda,35.40,0.00,0.14,0,0
vda,1.20,0.00,0.00,0,0
vda,1.60,0.00,0.01,0,0
vda,2.60,0.00,0.01,0,0
vda,1.20,0.00,0.00,0,0
vda,0.40,0.00,0.00,0,0
vda,16.40,0.00,0.07,0,0
vda,13.00,0.00,0.05,0,0
vda,3.40,0.00,0.01,0,0
vda,30.80,0.00,0.13,0,0
vda,2.00,0.00,0.01,0,0
vda,1.20,0.00,0.00,0,0
vda,2.40,0.00,0.01,0,0
vda,1.20,0.00,0.00,0,0
vda,0.20,0.00,0.00,0,0
vda,47.20,0.00,0.19,0,0
vda,2.20,0.00,0.01,0,0
vda,2.00,0.00,0.01,0,0
vda,19.00,0.00,0.08,0,0
vda,28.40,0.44,0.01,2,0
vda,2.00,0.00,0.01,0,0
vda,0.00,0.00,0.00,0,0
vda,19.60,0.00,0.08,0,0
vda,3.60,0.00,0.02,0,0
vda,13.80,0.00,0.06,0,0
vda,32.20,0.00,0.17,0,0
vda,1.40,0.00,0.01,0,0
vda,22.00,0.00,0.09,0,0
vda,2.20,0.00,0.01,0,0
vda,14.60,0.00,0.06,0,0
vda,3.20,0.00,0.01,0,0
vda,0.40,0.00,0.00,0,0
vda,1.40,0.00,0.00,0,0
vda,13.20,0.00,0.05,0,0
vda,1.20,0.00,0.00,0,0
vda,7.00,0.00,0.03,0,0
vda,42.20,0.00,0.17,0,0
vda,4.00,0.00,0.02,0,0
vda,0.40,0.00,0.00,0,0
vda,2.60,0.00,0.01,0,0
vda,1.20,0.00,0.00,0,0
vda,0.40,0.00,0.00,0,0
vda,9.40,0.00,0.04,0,0
vda,18.60,0.00,0.07,0,0
vda,9.20,0.00,0.04,0,0
vda,26.00,0.00,0.10,0,0
vda,2.00,0.00,0.01,0,0
vda,3.20,0.00,0.01,0,0
vda,0.00,0.00,0.00,0,0
vda,1.20,0.00,0.00,0,0
vda,0.80,0.00,0.00,0,0
vda,26.00,0.00,0.10,0,0
vda,0.40,0.00,0.00,0,0
vda,8.60,0.00,0.04,0,0
vda,17.20,0.00,0.07,0,0
vda,2.80,0.00,0.01,0,0
vda,2.80,0.00,0.01,0,0
vda,0.00,0.00,0.00,0,0
vda,20.20,0.00,0.08,0,0
vda,9.80,0.00,0.04,0,0
vda,13.20,0.00,0.05,0,0
vda,0.20,0.00,0.00,0,0
vda,1.40,0.00,0.00,0,0
vda,24.60,0.00,0.10,0,0
vda,0.80,0.00,0.00,0,0
vda,6.80,0.00,0.03,0,0
vda,13.20,0.00,0.05,0,0
vda,0.20,0.00,0.00,0,0
vda,1.40,0.00,0.00,0,0
vda,13.00,0.00,0.05,0,0
vda,1.60,0.00,0.00,0,0
vda,7.40,0.00,0.03,0,0
vda,26.40,0.00,0.11,0,0
vda,19.40,0.00,0.08,0,0
vda,2.20,0.00,0.01,0,0
vda,4.40,0.00,0.02,0,0
vda,0.00,0.00,0.00,0,0
vda,2.20,0.00,0.01,0,0
vda,9.40,0.00,0.04,0,0
vda,3.00,0.00,0.02,0,0
vda,1.40,0.00,0.01,0,0
vda,49.00,0.00,0.19,0,0
vda,0.80,0.00,0.00,0,0
vda,1.60,0.00,0.01,0,0
vda,4.60,0.00,0.02,0,0
vda,1.60,0.00,0.01,0,0
vda,1.80,0.00,0.01,0,0
vda,13.40,0.00,0.05,0,0
vda,12.40,0.00,0.05,0,0
vda,1.80,0.00,0.01,0,0
vda,23.60,0.00,0.10,0,0
vda,0.00,0.00,0.00,0,0
vda,1.40,0.00,0.00,0,0
vda,4.60,0.00,0.02,0,0
vda,2.00,0.00,0.01,0,0
vda,0.40,0.00,0.00,0,0
vda,30.60,0.00,0.12,0,0
vda,0.80,0.00,0.00,0,0
vda,1.40,0.00,0.00,0,0
vda,31.60,0.00,0.13,0,0
vda,1.20,0.00,0.01,0,0
vda,2.20,0.00,0.01,0,0
vda,3.00,0.00,0.01,0,0
vda,20.00,0.00,0.08,0,0
vda,1.60,0.00,0.01,0,0
vda,13.00,0.00,0.05,0,0
vda,1.20,0.00,0.00,0,0
vda,24.20,0.00,0.10,0,0
vda,3.00,0.00,0.01,0,0
vda,8.00,0.00,0.03,0,0
vda,1.40,0.00,0.01,0,0
vda,13.80,0.00,0.05,0,0
vda,0.80,0.00,0.00,0,0
vda,12.20,0.00,0.05,0,0
vda,2.60,0.00,0.01,0,0
vda,0.40,0.00,0.00,0,0
vda,23.60,0.00,0.09,0,0
vda,2.40,0.00,0.01,0,0
vda,17.60,0.00,0.07,0,0
vda,7.80,0.00,0.03,0,0
vda,2.60,0.00,0.01,0,0
vda,2.00,0.00,0.01,0,0
vda,12.40,0.00,0.05,0,0
vda,2.20,0.00,0.01,0,0
vda,2.80,0.00,0.01,0,0
vda,35.40,0.00,0.14,0,0
vda,2.60,0.00,0.01,0,0
vda,1.60,0.00,0.01,0,0
vda,1.20,0.00,0.01,0,0
vda,2.80,0.00,0.01,0,0
vda,1.40,0.00,0.01,0,0
vda,15.80,0.00,0.06,0,0
vda,27.20,0.00,0.11,0,0
vda,2.00,0.00,0.01,0,0
vda,1.20,0.00,0.00,0,0
vda,33.60,0.00,0.13,0,0
vda,0.60,0.00,0.00,0,0
vda,1.60,0.00,0.01,0,0
vda,9.60,0.00,0.04,0,0
vda,26.35,0.00,0.10,0,0
vda,1.60,0.00,0.01,0,0
vda,1.60,0.00,0.01,0,0
vda,1.20,0.00,0.01,0,0
vda,5.00,0.00,0.02,0,0
vda,24.60,0.00,0.10,0,0
vda,0.00,0.00,0.00,0,0
vda,1.40,0.00,0.00,0,0
vda,24.60,0.00,0.10,0,0
vda,1.20,0.00,0.00,0,0
vda,8.20,0.00,0.04,0,0
vda,3.00,0.00,0.01,0,0
vda,1.20,0.00,0.00,0,0
vda,1.20,0.00,0.00,0,0
vda,26.20,0.00,0.10,0,0
vda,19.00,0.00,0.07,0,0
vda,0.00,0.00,0.00,0,0
vda,13.60,0.00,0.05,0,0
vda,2.80,0.00,0.01,0,0
vda,1.80,0.00,0.01,0,0
vda,6.80,0.00,0.03,0,0
vda,2.40,0.00,0.01,0,0
vda,1.20,0.00,0.00,0,0
vda,28.00,0.00,0.11,0,0
vda,3.40,0.00,0.02,0,0
vda,3.20,0.00,0.01,0,0
vda,14.00,0.00,0.06,0,0
vda,1.20,0.00,0.00,0,0
vda,0.00,0.00,0.00,0,0
vda,1.60,0.00,0.01,0,0
vda,20.00,0.00,0.08,0,0
vda,9.60,0.00,0.04,0,0
vda,24.20,0.00,0.10,0,0
vda,2.00,0.00,0.01,0,0
vda,1.20,0.00,0.00,0,0
vda,8.60,0.00,0.04,0,0
vda,3.00,0.00,0.01,0,0
vda,1.60,0.00,0.01,0,0
vda,20.60,0.00,0.08,0,0
vda,0.40,0.00,0.00,0,0
vda,1.20,0.00,0.00,0,0
vda,24.00,0.00,0.09,0,0
vda,9.20,0.00,0.04,0,0
vda,1.20,0.00,0.00,0,0
vda,14.00,0.00,0.05,0,0
vda,14.00,0.00,0.06,0,0
vda,2.20,0.00,0.01,0,0
vda,3.20,0.00,0.01,0,0
vda,1.40,0.00,0.01,0,0
vda,0.00,0.00,0.00,0,0
vda,30.40,0.00,0.12,0,0
vda,2.00,0.00,0.01,0,0
vda,2.60,0.00,0.01,0,0
vda,42.00,0.00,0.17,0,0
vda,0.00,0.00,0.00,0,0
vda,1.60,0.00,0.01,0,0
vda,1.20,0.00,0.00,0,0
vda,2.00,0.00,0.01,0,0
vda,1.20,0.00,0.00,0,0
vda,23.40,0.00,0.09,0,0
vda,20.00,0.00,0.08,0,0
vda,1.20,0.00,0.00,0,0
vda,13.00,0.00,0.05,0,0
vda,0.80,0.00,0.00,0,0
vda,2.60,0.00,0.01,0,0
vda,2.60,0.00,0.01,0,0
vda,1.80,0.00,0.01,0,0
vda,13.40,0.00,0.05,0,0
vda,24.60,0.00,0.10,0,0
vda,1.00,0.00,0.00,0,0
vda,8.20,0.00,0.03,0,0
vda,8.20,0.00,0.03,0,0
vda,2.60,0.00,0.01,0,0
vda,2.00,0.00,0.01,0,0
vda,19.16,0.00,0.07,0,0
vda,4.60,0.00,0.02,0,0
vda,1.60,0.00,0.01,0,0
vda,22.40,0.00,0.09,0,0
vda,2.20,0.00,0.01,0,0
vda,1.60,0.00,0.01,0,0
vda,20.40,0.00,0.08,0,0
vda,15.00,0.00,0.06,0,0
vda,1.60,0.00,0.01,0,0
vda,0.80,0.00,0.00,0,0
vda,2.20,0.00,0.01,0,0
vda,3.40,0.00,0.01,0,0
vda,25.20,0.00,0.10,0,0
vda,1.60,0.00,0.01,0,0
vda,1.60,0.00,0.01,0,0
vda,29.00,0.00,0.11,0,0
vda,2.20,0.00,0.01,0,0
vda,8.60,0.00,0.04,0,0
vda,1.00,0.00,0.00,0,0
vda,2.20,0.00,0.01,0,0
vda,1.80,0.00,0.01,0,0
vda,19.00,0.00,0.07,0,0
vda,17.80,0.00,0.07,0,0
vda,2.00,0.00,0.01,0,0
vda,11.80,0.00,0.05,0,0
vda,2.20,0.00,0.01,0,0
vda,1.20,0.00,0.00,0,0
vda,8.20,0.00,0.03,0,0
vda,2.80,0.00,0.01,0,0
vda,2.20,0.00,0.01,0,0
vda,35.60,0.00,0.14,0,0
vda,3.80,0.00,0.01,0,0
vda,1.60,0.00,0.01,0,0
vda,7.00,0.00,0.03,0,0
vda,3.80,0.00,0.02,0,0
vda,2.20,0.00,0.01,0,0
vda,8.60,0.00,0.04,0,0
vda,25.60,0.00,0.10,0,0
vda,1.20,0.00,0.00,0,0
vda,34.00,0.00,0.13,0,0
vda,3.20,0.00,0.01,0,0
vda,3.00,0.00,0.02,0,0
vda,15.00,0.00,0.06,0,0
vda,2.60,0.00,0.01,0,0
vda,1.20,0.00,0.00,0,0
vda,12.60,0.00,0.05,0,0
vda,9.20,0.00,0.04,0,0
vda,1.60,0.00,0.01,0,0
vda,24.20,0.00,0.10,0,0
vda,4.60,0.00,0.02,0,0
vda,0.00,0.00,0.00,0,0
vda,12.00,0.00,0.05,0,0
vda,19.40,0.00,0.08,0,0
vda,1.60,0.00,0.01,0,0
vda,1.20,0.00,0.00,0,0
vda,9.80,0.00,0.04,0,0
vda,1.80,0.00,0.01,0,0
vda,16.60,0.00,0.06,0,0
vda,2.20,0.00,0.01,0,0
vda,2.40,0.00,0.01,0,0
vda,30.00,0.00,0.12,0,0
vda,2.00,0.00,0.01,0,0
vda,3.20,0.00,0.02,0,0
vda,0.60,0.00,0.00,0,0
vda,9.20,0.00,0.04,0,0
vda,1.80,0.00,0.01,0,0
vda,18.60,0.00,0.07,0,0
vda,19.20,0.00,0.07,0,0
vda,0.20,0.00,0.00,0,0
vda,11.00,0.00,0.04,0,0
vda,4.00,0.00,0.02,0,0
vda,1.60,0.00,0.01,0,0
vda,0.00,0.00,0.00,0,0
vda,2.20,0.00,0.01,0,0
vda,18.40,0.00,0.07,0,0
vda,32.00,0.00,0.13,0,0
vda,0.00,0.00,0.00,0,0
vda,2.00,0.00,0.01,0,0
vda,1.40,0.00,0.01,0,0
vda,15.60,0.00,0.06,0,0
vda,1.40,0.00,0.01,0,0
vda,2.20,0.00,0.01,0,0
vda,17.20,0.00,0.07,0,0
vda,1.60,0.00,0.01,0,0
vda,24.60,0.00,0.10,0,0
vda,10.00,0.00,0.04,0,0
vda,1.20,0.00,0.00,0,0
vda,1.20,0.00,0.00,0,0
vda,15.40,0.00,0.06,0,0
vda,13.20,0.00,0.05,0,0
vda,0.20,0.00,0.00,0,0
vda,3.20,0.00,0.01,0,0
vda,4.20,0.00,0.02,0,0
vda,0.00,0.00,0.00,0,0
vda,17.20,0.00,0.07,0,0
vda,8.00,0.00,0.03,0,0
vda,19.00,0.00,0.07,0,0
vda,13.20,0.00,0.05,0,0
vda,3.00,0.00,0.01,0,0
vda,2.80,0.00,0.01,0,0
vda,8.80,0.00,0.03,0,0
vda,1.60,0.00,0.01,0,0
vda,1.80,0.00,0.01,0,0
vda,25.20,0.00,0.10,0,0
vda,13.00,0.00,0.05,0,0
vda,1.60,0.00,0.01,0,0
vda,10.20,0.00,0.04,0,0
vda,1.60,0.00,0.01,0,0
vda,3.20,0.00,0.01,0,0
vda,2.20,0.00,0.01,0,0
vda,0.00,0.00,0.00,0,0
vda,18.40,0.00,0.07,0,0
vda,25.40,0.00,0.10,0,0
vda,8.20,0.00,0.03,0,0
vda,1.80,0.00,0.01,0,0
vda,14.20,0.00,0.06,0,0
vda,1.20,0.00,0.00,0,0
vda,2.80,0.00,0.01,0,0
vda,2.40,0.00,0.01,0,0
vda,19.80,0.00,0.08,0,0
vda,0.80,0.00,0.00,0,0
vda,25.60,0.00,0.10,0,0
vda,2.80,0.00,0.02,0,0
vda,8.20,0.00,0.03,0,0
vda,13.00,0.00,0.05,0,0
vda,1.20,0.00,0.00,0,0
vda,13.60,0.00,0.05,0,0
vda,3.80,0.00,0.01,0,0
vda,1.60,0.00,0.01,0,0
vda,1.20,0.00,0.01,0,0
vda,17.60,0.00,0.07,0,0
vda,1.20,0.00,0.00,0,0
vda,0.40,0.00,0.00,0,0
vda,20.80,0.00,0.08,0,0
vda,18.40,0.00,0.07,0,0
vda,1.00,0.00,0.00,0,0
vda,2.80,0.00,0.01,0,0
vda,1.20,0.00,0.00,0,0
vda,3.40,0.00,0.01,0,0
vda,25.80,0.00,0.10,0,0
vda,1.60,0.00,0.01,0,0
vda,0.00,0.00,0.00,0,0
vda,24.80,0.00,0.10,0,0
vda,2.40,0.00,0.01,0,0
vda,7.60,0.00,0.03,0,0
vda,2.80,0.00,0.01,0,0
vda,1.40,0.00,0.01,0,0
vda,4.60,0.00,0.02,0,0
vda,23.20,0.00,0.09,0,0
vda,19.80,0.00,0.08,0,0
vda,2.80,0.00,0.02,0,0
vda,9.80,0.00,0.04,0,0
vda,1.40,0.00,0.01,0,0
vda,0.80,0.00,0.00,0,0
vda,8.40,0.00,0.03,0,0
vda,2.20,0.00,0.01,0,0
vda,0.80,0.00,0.00,0,0
vda,56.00,0.00,0.22,0,1
vda,2.40,0.00,0.01,0,0
vda,2.40,0.00,0.01,0,0
vda,16.40,0.00,0.06,0,0
vda,2.60,0.00,0.01,0,0
vda,0.00,0.00,0.00,0,0
vda,2.80,0.00,0.01,0,0
vda,15.20,0.00,0.06,0,0
vda,8.40,0.00,0.03,0,0
vda,35.80,0.00,0.14,0,0
vda,0.00,0.00,0.00,0,0
vda,4.40,0.00,0.02,0,0
vda,2.40,0.00,0.01,0,0
vda,0.40,0.00,0.00,0,0
vda,2.60,0.00,0.01,0,0
vda,20.80,0.00,0.08,0,0
vda,9.00,0.00,0.04,0,0
vda,1.00,0.00,0.00,0,0
vda,24.00,0.00,0.09,0,0
vda,2.20,0.00,0.01,0,0
vda,3.20,0.00,0.01,0,0
vda,3.80,0.00,0.01,0,0
vda,18.40,0.00,0.07,0,0
vda,0.00,0.00,0.00,0,0
vda,4.60,0.00,0.02,0,0
vda,2.00,0.00,0.01,0,0
vda,7.60,0.00,0.03,0,0
vda,34.00,0.00,0.13,0,0
vda,2.40,0.00,0.01,0,0
vda,2.80,0.00,0.01,0,0
vda,14.20,0.00,0.06,0,0
vda,1.60,0.00,0.01,0,0
vda,0.40,0.00,0.00,0,0
vda,3.80,0.00,0.01,0,0
vda,1.20,0.00,0.00,0,0
vda,1.20,0.00,0.01,0,0
vda,40.80,0.00,0.16,0,0
vda,18.80,0.00,0.07,0,0
vda,4.00,0.00,0.02,0,0
vda,1.80,0.00,0.01,0,0
vda,1.20,0.00,0.00,0,0
vda,0.00,0.00,0.00,0,0
vda,5.80,0.00,0.03,0,0
vda,1.60,0.00,0.01,0,0
vda,8.00,0.00,0.03,0,0
vda,35.20,0.00,0.14,0,0
vda,1.80,0.00,0.01,0,0
vda,1.40,0.00,0.01,0,0
vda,4.40,0.00,0.02,0,0
vda,2.00,0.00,0.01,0,0
vda,1.40,0.00,0.01,0,0
vda,4.60,0.00,0.02,0,0
vda,18.40,0.00,0.07,0,0
vda,1.40,0.00,0.01,0,0
vda,34.60,0.00,0.14,0,0
vda,8.60,0.00,0.04,0,0
vda,1.80,0.00,0.01,0,0
vda,2.20,0.00,0.01,0,0
vda,1.20,0.00,0.00,0,0
vda,24.40,0.00,0.09,0,0
vda,1.60,0.00,0.01,0,0
vda,1.60,0.00,0.01,0,0
vda,34.40,0.00,0.14,0,0
vda,1.40,0.00,0.01,0,0
vda,1.20,0.00,0.00,0,0
vda,7.40,0.00,0.03,0,0
vda,2.40,0.00,0.01,0,0
vda,27.00,0.00,0.11,0,0
vda,14.00,0.00,0.05,0,0
vda,1.40,0.00,0.00,0,0
vda,1.20,0.00,0.00,0,0
vda,9.80,0.00,0.04,0,0
vda,26.00,0.00,0.11,0,0
vda,29.80,0.00,0.12,0,0
vda,0.80,0.00,0.00,0,0
vda,2.20,0.00,0.01,0,0
vda,37.20,0.00,0.15,0,0
vda,4.00,0.00,0.02,0,0
vda,44.80,0.00,0.18,0,0
vda,1.80,0.00,0.01,0,0
vda,30.00,0.00,0.12,0,0
vda,2.40,0.00,0.01,0,0
vda,1.20,0.00,0.00,0,0
vda,15.40,0.00,0.06,0,0
vda,22.20,0.00,0.09,0,0
vda,19.40,0.00,0.08,0,0
vda,1.00,0.00,0.00,0,0
vda,38.40,0.00,0.15,0,0
vda,8.80,0.00,0.03,0,0
vda,0.00,0.00,0.00,0,0
vda,28.20,0.00,0.12,0,0
vda,6.60,0.00,0.03,0,0
vda,0.80,0.00,0.00,0,0
vda,34.40,0.00,0.14,0,0
vda,4.80,0.00,0.02,0,0
vda,2.80,0.00,0.01,0,0
vda,41.60,0.00,0.17,0,0
vda,22.40,0.00,0.09,0,0
vda,0.00,0.00,0.00,0,0
vda,34.60,0.00,0.14,0,0
vda,5.00,0.00,0.02,0,0
vda,0.80,0.00,0.00,0,0
vda,28.00,0.00,0.11,0,0
vda,12.00,0.00,0.05,0,0
vda,0.80,0.00,0.00,0,0
vda,38.20,0.00,0.15,0,0
vda,2.60,0.00,0.01,0,0
vda,27.80,0.00,0.11,0,0
vda,2.00,0.00,0.01,0,0
vda,34.00,0.00,0.14,0,0
vda,15.00,0.00,0.06,0,0
vda,26.80,0.00,0.11,0,0
vda,1.40,0.00,0.01,0,0
vda,0.00,0.00,0.00,0,0
vda,34.60,0.00,0.14,0,0
vda,6.20,0.00,0.02,0,0
vda,0.00,0.00,0.00,0,0
vda,35.20,0.00,0.14,0,0
vda,35.60,0.00,0.14,0,0
vda,1.20,0.00,0.00,0,0
vda,34.40,0.00,0.13,0,0
vda,3.80,0.00,0.01,0,0
vda,1.20,0.00,0.00,0,0
vda,38.20,0.00,0.15,0,0
vda,1.40,0.00,0.01,0,0
vda,2.00,0.00,0.01,0,0
vda,41.40,0.00,0.16,0,0
vda,3.60,0.00,0.01,0,0
vda,1.40,0.00,0.00,0,0
vda,34.60,0.00,0.14,0,0
vda,17.80,0.00,0.07,0,0
vda,2.20,0.00,0.01,0,0
vda,31.00,0.00,0.12,0,0
vda,1.40,0.00,0.01,0,0
vda,2.60,0.00,0.01,0,0
vda,2.60,0.00,0.01,0,0
vda,0.00,0.00,0.00,0,0
vda,10.80,0.00,0.04,0,0
vda,36.80,0.00,0.15,0,0
vda,1.40,0.00,0.01,0,0
vda,1.20,0.00,0.00,0,0
vda,28.00,0.00,0.11,0,0
vda,12.20,0.00,0.05,0,0
vda,32.60,0.00,0.13,0,0
vda,25.40,0.00,0.10,0,0
vda,0.00,0.00,0.00,0,0
vda,35.40,0.00,0.14,0,0
vda,11.40,0.00,0.04,0,0
vda,1.20,0.00,0.00,0,0
vda,25.80,0.00,0.10,0,0
vda,12.00,0.00,0.05,0,0
vda,1.20,0.00,0.00,0,0
vda,17.40,0.00,0.07,0,0
vda,20.40,0.00,0.08,0,0
vda,15.40,0.00,0.06,0,0
vda,28.80,0.00,0.11,0,0
vda,27.40,0.00,0.11,0,0
vda,5.80,0.00,0.03,0,0
vda,1.40,0.00,0.00,0,0
vda,28.20,0.00,0.11,0,0
vda,11.80,0.00,0.05,0,0
vda,0.80,0.00,0.00,0,0
vda,36.20,0.00,0.14,0,0
vda,1.80,0.00,0.01,0,0
vda,0.80,0.00,0.00,0,0
vda,37.60,0.00,0.15,0,0
vda,11.80,0.00,0.05,0,0
vda,44.60,0.00,0.17,0,0
vda,12.60,0.00,0.05,0,0
vda,1.20,0.00,0.00,0,0
vda,35.00,0.00,0.14,0,0
vda,3.20,0.00,0.01,0,0
vda,1.20,0.00,0.00,0,0
vda,39.60,0.00,0.15,0,0
vda,1.20,0.00,0.00,0,0
vda,20.20,0.00,0.08,0,0
vda,26.00,0.00,0.10,0,0
vda,2.40,0.00,0.01,0,0
vda,0.00,0.00,0.00,0,0
vda,40.20,0.00,0.16,0,0
vda,16.60,0.00,0.06,0,0
vda,1.20,0.00,0.00,0,0
vda,40.20,0.00,0.16,0,0
vda,6.60,0.00,0.03,0,0
vda,0.00,0.00,0.00,0,0
vda,39.80,0.00,0.16,0,0
vda,5.40,0.00,0.02,0,0
vda,1.20,0.00,0.00,0,0
vda,33.60,0.00,0.13,0,0
vda,6.00,0.00,0.02,0,0
vda,1.20,0.00,0.00,0,0
vda,42.60,0.00,0.17,0,0
vda,22.60,0.00,0.09,0,0
vda,0.00,0.00,0.00,0,0
vda,34.20,0.00,0.14,0,0
vda,11.20,0.00,0.04,0,0
vda,1.20,0.00,0.00,0,0
vda,35.60,0.00,0.14,0,0
vda,2.60,0.00,0.01,0,0
vda,1.20,0.00,0.00,0,0
vda,37.40,0.00,0.15,0,0
vda,9.00,0.00,0.04,0,0
vda,21.20,0.00,0.09,0,0
vda,1.00,0.00,0.00,0,0
vda,41.80,0.00,0.16,0,0
vda,10.80,0.00,0.04,0,0
vda,2.40,0.00,0.01,0,0
vda,26.00,0.00,0.10,0,0
vda,11.20,0.00,0.04,0,0
vda,0.80,0.00,0.00,0,0
vda,47.40,0.00,0.19,0,0
vda,0.00,0.00,0.00,0,0
vda,37.60,0.00,0.15,0,0
vda,2.40,0.00,0.01,0,0
vda,1.20,0.00,0.00,0,0
vda,37.80,0.00,0.15,0,0
vda,19.00,0.00,0.07,0,0
vda,1.20,0.00,0.00,0,0
vda,36.00,0.00,0.14,0,0
vda,2.40,0.00,0.01,0,0
vda,1.20,0.00,0.00,0,0
vda,29.40,0.00,0.12,0,0
vda,19.60,0.00,0.08,0,0
vda,1.20,0.00,0.00,0,0
vda,33.60,0.00,0.13,0,0
vda,16.80,0.00,0.06,0,0
vda,1.20,0.00,0.00,0,0
vda,14.00,0.00,0.05,0,0
vda,28.14,0.00,0.11,0,0
vda,2.60,0.00,0.01,0,0
vda,2.20,0.00,0.01,0,0
vda,43.00,0.00,0.17,0,0
vda,1.80,0.00,0.01,0,0
vda,1.20,0.00,0.00,0,0
vda,2.20,0.00,0.01,0,0
vda,0.00,0.00,0.00,0,0
vda,1.20,0.00,0.00,0,0
vda,38.60,0.00,0.15,0,0
vda,1.40,0.00,0.01,0,0
vda,2.20,0.00,0.01,0,0
vda,2.60,0.00,0.01,0,0
vda,0.00,0.00,0.00,0,0
vda,1.20,0.00,0.00,0,0
vda,2.60,0.00,0.01,0,0
vda,26.60,0.00,0.11,0,0
vda,7.60,0.00,0.03,0,0
vda,48.40,0.00,0.19,0,0
vda,2.40,0.00,0.01,0,0
vda,0.00,0.00,0.00,0,0
vda,3.00,0.00,0.01,0,0
vda,3.40,0.00,0.02,0,0
vda,0.80,0.00,0.00,0,0
vda,19.80,0.00,0.08,0,0
vda,1.20,0.00,0.00,0,0
vda,7.60,0.00,0.03,0,0
vda,37.40,0.00,0.15,0,0
vda,2.80,0.00,0.01,0,0
vda,1.80,0.00,0.01,0,0
vda,34.40,0.00,0.14,0,0
vda,13.00,0.00,0.05,0,0
vda,2.20,0.00,0.01,0,0
vda,36.00,0.00,0.14,0,0
vda,1.40,0.00,0.01,0,0
vda,2.00,0.00,0.01,0,0
vda,40.20,0.00,0.16,0,0
vda,19.00,0.00,0.07,0,0
vda,0.00,0.00,0.00,0,0
vda,45.20,0.00,0.18,0,0
vda,1.60,0.00,0.01,0,0
vda,38.00,0.00,0.15,0,0
vda,1.40,0.00,0.00,0,0
vda,0.00,0.00,0.00,0,0
vda,37.60,0.00,0.15,0,0
vda,2.80,0.00,0.01,0,0
vda,4.60,0.00,0.02,0,0
vda,0.00,0.00,0.00,0,0
vda,39.00,0.00,0.16,0,0
vda,25.60,0.00,0.10,0,0
vda,2.00,0.00,0.01,0,0
vda,37.40,0.00,0.15,0,0
vda,1.60,0.00,0.01,0,0
vda,32.20,0.00,0.13,0,0
vda,1.40,0.00,0.01,0,0
vda,1.20,0.00,0.00,0,0
vda,37.00,0.00,0.15,0,0
vda,10.40,0.00,0.04,0,0
vda,1.80,0.00,0.01,0,0
vda,40.00,0.00,0.16,0,0
vda,16.00,0.00,0.06,0,0
vda,1.20,0.00,0.00,0,0
vda,33.40,0.00,0.13,0,0
vda,5.20,0.00,0.02,0,0
vda,1.20,0.00,0.00,0,0
vda,24.60,0.00,0.10,0,0
vda,14.60,0.00,0.06,0,0
vda,1.20,0.00,0.00,0,0
vda,15.40,0.00,0.06,0,0
vda,27.60,0.00,0.11,0,0
vda,6.60,0.00,0.03,0,0
vda,0.00,0.00,0.00,0,0
vda,52.40,0.00,0.20,0,1
vda,5.40,0.00,0.02,0,0
vda,0.80,0.00,0.00,0,0
vda,38.40,0.00,0.15,0,0
vda,0.00,0.00,0.00,0,0
vda,1.40,0.00,0.00,0,0
vda,40.40,0.00,0.16,0,0
vda,1.60,0.00,0.01,0,0
vda,20.00,0.00,0.08,0,0
vda,32.40,0.00,0.13,0,0
vda,1.40,0.00,0.01,0,0
vda,1.00,0.00,0.00,0,0
vda,39.20,0.00,0.15,0,0
vda,16.00,0.00,0.06,0,0
vda,1.20,0.00,0.00,0,0
vda,37.40,0.00,0.15,0,0
vda,1.80,0.00,0.01,0,0
vda,2.60,0.00,0.01,0,0
vda,37.00,0.00,0.15,0,0
vda,11.00,0.00,0.04,0,0
vda,0.20,0.00,0.00,0,0
vda,38.40,0.00,0.15,0,0
vda,1.40,0.00,0.01,0,0
vda,0.00,0.00,0.00,0,0
vda,40.80,0.00,0.16,0,0
vda,16.20,0.00,0.06,0,0
vda,0.80,0.00,0.00,0,0
vda,36.40,0.00,0.15,0,0
vda,3.80,0.00,0.01,0,0
vda,1.20,0.00,0.00,0,0
vda,23.00,0.00,0.10,0,0
vda,25.40,0.00,0.10,0,0
vda,2.20,0.00,0.01,0,0
vda,36.80,0.00,0.15,0,0
vda,3.20,0.00,0.01,0,0
vda,0.00,0.00,0.00,0,0
vda,43.20,0.00,0.17,0,0
vda,16.20,0.00,0.06,0,0
vda,1.40,0.00,0.01,0,0
vda,37.40,0.00,0.15,0,0
vda,9.60,0.00,0.04,0,0
vda,32.20,0.00,0.13,0,0
vda,6.40,0.00,0.03,0,0
vda,12.80,0.00,0.05,0,0
vda,31.40,0.00,0.12,0,0
vda,2.40,0.00,0.01,0,0
vda,20.00,0.00,0.08,0,0
vda,40.00,0.00,0.16,0,0
vda,6.80,0.00,0.03,0,0
vda,22.40,0.00,0.09,0,0
vda,32.20,0.00,0.13,0,0
vda,1.00,0.00,0.00,0,0
vda,13.00,0.00,0.05,0,0
vda,31.40,0.00,0.12,0,0
vda,2.40,0.00,0.01,0,0
vda,0.00,0.00,0.00,0,0
vda,25.80,0.00,0.10,0,0
vda,2.40,0.00,0.01,0,0
vda,3.40,0.00,0.01,0,0
vda,2.00,0.00,0.01,0,0
vda,2.00,0.00,0.01,0,0
vda,0.00,0.00,0.00,0,0
vda,24.60,0.00,0.10,0,0
vda,4.80,0.00,0.02,0,0
vda,31.80,0.00,0.13,0,0
vda,1.40,0.00,0.01,0,0
vda,26.00,0.00,0.10,0,0
vda,0.00,0.00,0.00,0,0
vda,2.20,0.00,0.01,0,0
vda,19.60,0.00,0.08,0,0
vda,2.20,0.00,0.01,0,0
vda,20.40,0.00,0.08,0,0
vda,32.20,0.00,0.18,0,0
vda,0.00,0.00,0.00,0,0
vda,1.60,0.00,0.01,0,0
vda,20.40,0.00,0.08,0,0
vda,2.00,0.00,0.01,0,0
vda,3.40,0.00,0.01,0,0
vda,14.60,0.00,0.06,0,0
vda,12.60,0.00,0.05,0,0
vda,0.40,0.00,0.00,0,0
vda,2.40,0.00,0.01,0,0
vda,1.20,0.00,0.00,0,0
vda,24.40,0.00,0.10,0,0
vda,2.80,0.00,0.01,0,0
vda,2.40,0.00,0.01,0,0
vda,37.00,0.00,0.15,0,0
vda,2.80,0.00,0.01,0,0
vda,0.00,0.00,0.00,0,0
vda,1.20,0.00,0.00,0,0
vda,2.20,0.00,0.01,0,0
vda,0.80,0.00,0.00,0,0
vda,21.60,0.00,0.09,0,0
vda,2.60,0.00,0.01,0,0
vda,18.40,0.00,0.07,0,0
vda,18.00,0.00,0.07,0,0
vda,12.40,0.00,0.05,0,0
vda,1.20,0.00,0.00,0,0
vda,0.80,0.00,0.00,0,0
vda,4.00,0.00,0.02,0,0
vda,1.20,0.00,0.00,0,0
vda,28.80,0.00,0.11,0,0
vda,2.20,0.00,0.01,0,0
vda,1.20,0.00,0.00,0,0
vda,36.00,0.00,0.14,0,0
vda,2.40,0.00,0.01,0,0
vda,3.60,0.00,0.01,0,0
vda,2.80,0.00,0.01,0,0
vda,0.00,0.00,0.00,0,0
vda,1.20,0.00,0.00,0,0
vda,1.20,0.00,0.00,0,0
vda,21.80,0.00,0.09,0,0
vda,8.00,0.00,0.03,0,0
vda,32.00,0.00,0.12,0,0
vda,4.80,0.00,0.02,0,0
vda,1.20,0.00,0.00,0,0
vda,4.80,0.00,0.02,0,0
vda,0.00,0.00,0.00,0,0
vda,3.60,0.00,0.02,0,0
vda,18.60,0.00,0.07,0,0
vda,2.20,0.00,0.01,0,0
vda,0.00,0.00,0.00,0,0
vda,14.00,0.00,0.05,0,0
vda,31.40,0.00,0.12,0,0
vda,1.40,0.00,0.01,0,0
vda,13.40,0.00,0.06,0,0
vda,40.80,0.00,0.16,0,0
vda,3.40,0.00,0.02,0,0
vda,13.40,0.00,0.05,0,0
vda,32.60,0.00,0.13,0,0
vda,1.40,0.00,0.01,0,0
vda,19.40,0.00,0.08,0,0
vda,38.00,0.00,0.15,0,0
vda,13.00,0.00,0.05,0,0
vda,0.80,0.00,0.00,0,0
vda,34.80,0.00,0.14,0,0
vda,21.20,0.00,0.08,0,0
vda,0.00,0.00,0.00,0,0
vda,33.00,0.00,0.13,0,0
vda,1.00,0.00,0.00,0,0
vda,1.20,0.00,0.00,0,0
vda,38.40,0.00,0.15,0,0
vda,19.60,0.00,0.08,0,0
vda,1.40,0.00,0.01,0,0
vda,28.80,0.00,0.11,0,0
vda,21.60,0.00,0.08,0,0
vda,4.00,0.00,0.02,0,0
vda,36.20,0.00,0.15,0,0
vda,6.80,0.00,0.03,0,0
vda,1.20,0.00,0.00,0,0
vda,30.40,0.00,0.12,0,0
vda,11.00,0.00,0.04,0,0
vda,31.40,0.00,0.12,0,0
vda,1.40,0.00,0.01,0,0
vda,18.80,0.00,0.07,0,0
vda,36.40,0.00,0.14,0,0
vda,13.00,0.00,0.05,0,0
vda,1.20,0.00,0.00,0,0
vda,36.40,0.00,0.14,0,0
vda,2.40,0.00,0.01,0,0
vda,0.80,0.00,0.00,0,0
vda,37.00,0.00,0.14,0,0
vda,2.40,0.00,0.01,0,0
vda,0.80,0.00,0.00,0,0
vda,47.40,0.00,0.19,0,0
vda,1.80,0.00,0.01,0,0
vda,2.00,0.00,0.01,0,0
vda,44.80,0.00,0.17,0,0
vda,11.40,0.00,0.04,0,0
vda,1.20,0.00,0.00,0,0
vda,38.60,0.00,0.15,0,0
vda,1.40,0.00,0.01,0,0
vda,0.00,0.00,0.00,0,0
vda,1.20,0.00,0.00,0,0
vda,30.00,0.00,0.12,0,0
vda,6.60,0.00,0.03,0,0
vda,28.60,0.00,0.12,0,0
vda,20.00,0.00,0.08,0,0
vda,7.00,0.00,0.03,0,0
vda,19.00,0.00,0.07,0,0
vda,28.40,0.00,0.11,0,0
vda,34.00,0.00,0.13,0,0
vda,1.20,0.00,0.00,0,0
vda,28.00,0.00,0.11,0,0
vda,11.40,0.00,0.04,0,0
vda,1.20,0.00,0.00,0,0
vda,37.00,0.00,0.15,0,0
vda,12.60,0.00,0.05,0,0
vda,0.20,0.00,0.00,0,0
vda,34.40,0.00,0.14,0,0
vda,11.40,0.00,0.04,0,0
vda,1.20,0.00,0.00,0,0
vda,28.40,0.00,0.11,0,0
vda,22.60,0.00,0.09,0,0
vda,1.20,0.00,0.00,0,0
vda,34.80,0.00,0.14,0,0
vda,4.80,0.00,0.02,0,0
vda,2.40,0.00,0.01,0,0
vda,28.00,0.00,0.11,0,0
vda,17.20,0.00,0.07,0,0
vda,1.40,0.00,0.00,0,0
vda,37.20,0.00,0.15,0,0
vda,9.20,0.00,0.04,0,0
vda,44.20,0.00,0.17,0,0
vda,1.60,0.00,0.01,0,0
vda,2.20,0.00,0.01,0,0
vda,29.20,0.00,0.12,0,0
vda,17.20,0.00,0.07,0,0
vda,0.80,0.00,0.00,0,0
vda,38.00,0.00,0.15,0,0
vda,2.20,0.00,0.01,0,0
vda,1.20,0.00,0.00,0,0
vda,38.00,0.00,0.15,0,0
vda,0.00,0.00,0.00,0,0
vda,1.20,0.00,0.00,0,0
vda,29.00,0.00,0.11,0,0
vda,37.20,0.00,0.14,0,0
vda,1.20,0.00,0.00,0,0
vda,36.20,0.00,0.14,0,0
vda,2.40,0.00,0.01,0,0
vda,0.80,0.00,0.00,0,0
vda,37.00,0.00,0.14,0,0
vda,2.20,0.00,0.01,0,0
vda,3.20,0.00,0.01,0,0
vda,2.60,0.00,0.01,0,0
vda,27.80,0.00,0.11,0,0
vda,23.40,0.00,0.09,0,0
vda,1.20,0.00,0.00,0,0
vda,34.60,0.00,0.14,0,0
vda,16.60,0.00,0.06,0,0
vda,1.20,0.00,0.00,0,0
vda,2.20,0.00,0.01,0,0
vda,28.60,0.00,0.12,0,0
vda,20.80,0.00,0.08,0,0
vda,0.00,0.00,0.00,0,0
vda,2.60,0.00,0.01,0,0
vda,39.40,0.00,0.16,0,0
vda,0.00,0.00,0.00,0,0
vda,1.80,0.00,0.01,0,0
vda,48.80,0.00,0.19,0,0
vda,8.40,0.00,0.03,0,0
vda,0.80,0.00,0.00,0,0
vda,29.60,0.00,0.12,0,0
vda,19.60,0.00,0.08,0,0
vda,1.20,0.00,0.00,0,0
vda,2.20,0.00,0.01,0,0
vda,6.40,0.00,0.03,0,0
vda,32.60,0.00,0.13,0,0
vda,0.20,0.00,0.00,0,0
vda,31.60,0.00,0.12,0,0
vda,13.00,0.00,0.05,0,0
vda,1.20,0.00,0.00,0,0
vda,29.40,0.00,0.12,0,0
vda,30.60,0.00,0.12,0,0
vda,2.40,0.00,0.01,0,0
vda,1.20,0.00,0.00,0,0
vda,0.00,0.00,0.00,0,0
vda,1.40,0.00,0.00,0,0
vda,2.60,0.00,0.01,0,0
vda,3.60,0.00,0.03,0,0
vda,43.40,0.00,0.18,0,0
vda,4.00,0.00,0.02,0,0
vda,1.80,0.00,0.01,0,0
vda,39.00,0.00,0.15,0,0
vda,15.40,0.00,0.07,0,0
vda,0.80,0.00,0.00,0,0
vda,40.60,0.00,0.16,0,0
vda,11.00,0.00,0.05,0,0
vda,0.80,0.00,0.00,0,0
vda,4.40,0.00,0.02,0,0
vda,27.80,0.00,0.11,0,0
vda,17.20,0.00,0.07,0,0
vda,1.20,0.00,0.00,0,0
vda,43.20,0.00,0.17,0,0
vda,2.60,0.00,0.01,0,0
vda,40.00,0.00,0.16,0,0
vda,5.40,0.00,0.02,0,0
vda,0.80,0.00,0.00,0,0
vda,47.00,0.00,0.19,0,0
vda,2.00,0.00,0.01,0,0
vda,0.00,0.00,0.00,0,0
vda,1.60,0.00,0.00,0,0
vda,2.20,0.00,0.01,0,0
vda,0.80,0.00,0.00,0,0
vda,1.80,0.00,0.01,0,0
vda,20.20,0.00,0.08,0,0
vda,2.00,0.00,0.01,0,0
vda,38.80,0.00,0.15,0,0
vda,1.60,0.00,0.01,0,0
vda,20.80,0.00,0.09,0,0
vda,2.00,0.00,0.01,0,0
vda,36.40,0.00,0.15,0,0
vda,4.20,0.00,0.02,0,0
vda,30.34,0.00,0.12,0,0
vda,2.40,0.00,0.01,0,0
vda,0.80,0.00,0.00,0,0
vda,36.40,0.00,0.15,0,0
vda,13.20,0.00,0.05,0,0
vda,1.00,0.00,0.00,0,0
vda,0.20,0.00,0.00,0,0
vda,40.60,0.00,0.16,0,0
vda,34.20,0.00,0.13,0,0
vda,3.80,0.00,0.01,0,0
vda,36.40,0.00,0.14,0,0
vda,1.40,0.00,0.01,0,0
vda,3.60,0.00,0.01,0,0
vda,40.40,0.00,0.16,0,0
vda,6.80,0.00,0.03,0,0
vda,24.00,0.00,0.10,0,0
vda,10.80,0.00,0.04,0,0
vda,0.20,0.00,0.00,0,0
vda,11.20,0.00,0.04,0,0
vda,28.20,0.00,0.11,0,0
vda,18.80,0.00,0.07,0,0
vda,2.40,0.00,0.01,0,0
vda,36.40,0.00,0.15,0,0
vda,4.00,0.00,0.02,0,0
vda,2.40,0.00,0.01,0,0
vda,0.20,0.00,0.00,0,0
vda,1.20,0.00,0.00,0,0
vda,1.20,0.00,0.00,0,0
vda,2.40,0.00,0.01,0,0
vda,21.00,0.00,0.09,0,0
vda,43.00,0.00,0.17,0,0
vda,2.00,0.00,0.01,0,0
vda,1.20,0.00,0.00,0,0
vda,38.60,0.00,0.15,0,0
vda,3.40,0.00,0.01,0,0
vda,1.60,0.00,0.01,0,0
vda,41.60,0.00,0.17,0,0
vda,4.60,0.00,0.02,0,0
vda,1.20,0.00,0.00,0,0
vda,37.20,0.00,0.14,0,0
vda,2.80,0.00,0.01,0,0
vda,0.80,0.00,0.00,0,0
vda,33.60,0.00,0.13,0,0
vda,23.20,0.00,0.09,0,0
vda,3.20,0.00,0.01,0,0
vda,2.20,0.00,0.01,0,0
vda,34.80,0.00,0.14,0,0
vda,10.60,0.00,0.04,0,0
vda,1.20,0.00,0.00,0,0
vda,36.60,0.00,0.15,0,0
vda,3.00,0.00,0.01,0,0
vda,31.60,0.00,0.12,0,0
vda,2.80,0.00,0.01,0,0
vda,1.20,0.00,0.00,0,0
vda,36.20,0.00,0.14,0,0
vda,30.00,0.00,0.12,0,0
vda,0.80,0.00,0.00,0,0
vda,41.40,0.00,0.16,0,0
vda,3.80,0.00,0.01,0,0
vda,1.20,0.00,0.00,0,0
vda,1.40,0.00,0.00,0,0
vda,2.20,0.00,0.01,0,0
vda,1.20,0.00,0.00,0,0
vda,1.60,0.00,0.01,0,0
vda,22.80,0.00,0.09,0,0
vda,0.20,0.00,0.00,0,0
vda,36.40,0.00,0.14,0,0
vda,2.00,0.00,0.01,0,0
vda,1.20,0.00,0.00,0,0
vda,37.40,0.00,0.15,0,0
vda,9.60,0.00,0.04,0,0
vda,1.20,0.00,0.00,0,0
vda,3.99,0.00,0.01,0,0
vda,0.00,0.00,0.00,0,0
vda,37.80,0.00,0.15,0,0
vda,4.00,0.00,0.01,0,0
vda,2.60,0.00,0.01,0,0
vda,38.60,0.00,0.15,0,0
vda,12.40,0.00,0.05,0,0
vda,2.00,0.00,0.01,0,0
vda,34.20,0.00,0.14,0,0
vda,17.20,0.00,0.07,0,0
vda,2.00,0.00,0.01,0,0
vda,1.20,0.00,0.00,0,0
vda,4.00,0.00,0.02,0,0
vda,1.40,0.00,0.01,0,0
vda,0.60,0.00,0.00,0,0
vda,24.20,0.00,0.10,0,0
vda,19.80,0.00,0.08,0,0
vda,1.20,0.00,0.00,0,0
vda,11.60,0.00,0.05,0,0
vda,41.80,0.00,0.17,0,0
vda,6.20,0.00,0.02,0,0
vda,4.00,0.00,0.02,0,0
vda,40.20,0.00,0.16,0,0
vda,6.80,0.00,0.03,0,0
vda,2.00,0.00,0.01,0,0
vda,32.20,0.00,0.13,0,0
vda,5.80,0.00,0.02,0,0
vda,1.20,0.00,0.00,0,0
vda,14.80,0.00,0.06,0,0
vda,27.20,0.00,0.11,0,0
vda,8.40,0.00,0.03,0,0
vda,1.20,0.00,0.00,0,0
vda,40.60,0.00,0.16,0,0
vda,16.20,0.00,0.06,0,0
vda,2.20,0.00,0.01,0,0
vda,26.80,0.00,0.11,0,0
vda,2.40,0.00,0.01,0,0
vda,0.80,0.00,0.00,0,0
vda,37.40,0.00,0.15,0,0
vda,4.60,0.00,0.02,0,0
vda,1.40,0.00,0.01,0,0
vda,0.20,0.00,0.00,0,0
vda,2.20,0.00,0.01,0,0
vda,0.80,0.00,0.00,0,0
vda,1.80,0.00,0.01,0,0
vda,56.40,0.00,0.22,0,1
vda,7.20,0.00,0.03,0,0
vda,1.20,0.00,0.00,0,0
vda,2.20,0.00,0.01,0,0
vda,0.00,0.00,0.00,0,0
vda,1.60,0.00,0.01,0,0
vda,3.80,0.00,0.01,0,0
vda,2.80,0.00,0.01,0,0
vda,24.60,0.00,0.10,0,0
vda,48.60,0.00,0.19,0,0
vda,0.00,0.00,0.00,0,0
vda,1.60,0.00,0.01,0,0
vda,9.20,0.00,0.04,0,0
vda,1.20,0.00,0.01,0,0
vda,1.60,0.00,0.01,0,0
vda,14.80,0.00,0.06,0,0
vda,1.60,0.00,0.01,0,0
vda,1.80,0.00,0.01,0,0
vda,33.00,0.00,0.13,0,0
vda,1.40,0.00,0.00,0,0
vda,3.20,0.00,0.01,0,0
vda,3.20,0.00,0.01,0,0
vda,0.20,0.00,0.00,0,0
vda,19.00,0.00,0.07,0,0
vda,4.60,0.00,0.02,0,0
vda,1.60,0.00,0.01,0,0
vda,0.00,0.00,0.00,0,0
vda,37.00,0.00,0.15,0,0
vda,2.80,0.00,0.01,0,0
vda,2.00,0.00,0.01,0,0
vda,14.00,0.00,0.05,0,0
vda,6.60,0.00,0.03,0,0
vda,1.40,0.00,0.01,0,0
vda,2.00,0.00,0.01,0,0
vda,2.60,0.00,0.01,0,0
vda,3.80,0.00,0.01,0,0
vda,37.40,0.00,0.15,0,0
vda,0.20,0.00,0.00,0,0
vda,18.60,0.00,0.07,0,0
vda,2.20,0.00,0.01,0,0
vda,0.80,0.00,0.00,0,0
vda,2.80,0.00,0.01,0,0
vda,9.60,0.00,0.04,0,0
vda,0.80,0.00,0.00,0,0
vda,2.80,0.00,0.01,0,0
vda,54.80,0.00,0.21,0,1
vda,0.00,0.00,0.00,0,0
vda,1.60,0.00,0.01,0,0
vda,2.40,0.00,0.01,0,0
vda,2.60,0.00,0.01,0,0
vda,8.40,0.00,0.03,0,0
vda,2.20,0.00,0.01,0,0
vda,12.40,0.00,0.05,0,0
vda,3.40,0.00,0.01,0,0
vda,26.00,0.00,0.10,0,0
vda,1.80,0.00,0.01,0,0
vda,1.80,0.00,0.01,0,0
vda,1.80,0.00,0.01,0,0
vda,2.20,0.00,0.01,0,0
vda,8.40,0.00,0.04,0,0
vda,19.80,0.00,0.08,0,0
vda,0.00,0.00,0.00,0,0
vda,2.40,0.00,0.01,0,0
vda,38.60,0.00,0.15,0,0
vda,2.60,0.00,0.01,0,0
vda,0.40,0.00,0.00,0,0
vda,1.40,0.00,0.01,0,0
vda,19.60,0.00,0.08,0,0
vda,1.20,0.00,0.00,0,0
vda,34.80,0.00,0.14,0,0
vda,2.40,0.00,0.01,0,0
vda,1.60,0.00,0.01,0,0
vda,4.80,0.00,0.02,0,0
vda,10.60,0.00,0.04,0,0
vda,0.00,0.00,0.00,0,0
vda,12.80,0.00,0.05,0,0
vda,3.60,0.00,0.02,0,0
vda,2.20,0.00,0.01,0,0
vda,8.80,0.00,0.04,0,0
vda,19.40,0.00,0.08,0,0
vda,0.00,0.00,0.00,0,0
vda,1.40,0.00,0.00,0,0
vda,28.40,0.00,0.11,0,0
vda,4.60,0.00,0.02,0,0
vda,11.40,0.00,0.05,0,0
vda,2.20,0.00,0.01,0,0
vda,0.00,0.00,0.00,0,0
vda,1.20,0.00,0.00,0,0
vda,27.80,0.00,0.11,0,0
vda,1.60,0.00,0.01,0,0
vda,14.20,0.00,0.06,0,0
vda,8.40,0.00,0.03,0,0
vda,2.40,0.00,0.01,0,0
vda,3.00,0.00,0.01,0,0
vda,1.20,0.00,0.00,0,0
vda,1.20,0.00,0.00,0,0
vda,26.40,0.00,0.10,0,0
vda,21.20,0.00,0.09,0,0
vda,1.60,0.00,0.01,0,0
vda,17.40,0.00,0.07,0,0
vda,2.00,0.00,0.01,0,0
vda,1.20,0.00,0.00,0,0
vda,4.60,0.00,0.02,0,0
vda,1.60,0.00,0.01,0,0
vda,1.20,0.00,0.01,0,0
vda,44.80,0.00,0.18,0,0
vda,2.20,0.00,0.01,0,0
vda,1.20,0.00,0.00,0,0
vda,17.20,0.00,0.07,0,0
vda,2.20,0.00,0.01,0,0
vda,2.40,0.00,0.01,0,0
vda,3.00,0.00,0.01,0,0
vda,12.38,0.00,0.05,0,0
vda,1.80,0.00,0.01,0,0
vda,18.80,0.00,0.07,0,0
vda,2.20,0.00,0.01,0,0
vda,7.80,0.00,0.03,0,0
vda,11.80,0.00,0.05,0,0
vda,1.60,0.00,0.01,0,0
vda,3.00,0.00,0.01,0,0
vda,19.40,0.00,0.08,0,0
vda,2.40,0.00,0.01,0,0
vda,0.00,0.00,0.00,0,0
vda,27.00,0.00,0.11,0,0
vda,2.00,0.00,0.01,0,0
vda,9.40,0.00,0.04,0,0
vda,9.00,0.00,0.04,0,0
vda,24.80,0.00,0.10,0,0
vda,1.00,0.00,0.00,0,0
vda,2.20,0.00,0.01,0,0
vda,2.60,0.00,0.01,0,0
vda,1.20,0.00,0.00,0,0
vda,37.20,0.00,0.15,0,0
vda,1.80,0.00,0.01,0,0
vda,1.20,0.00,0.00,0,0
vda,24.80,0.00,0.10,0,0
vda,9.00,0.00,0.04,0,0
vda,1.40,0.00,0.01,0,0
vda,1.60,0.00,0.01,0,0
vda,2.60,0.00,0.01,0,0
vda,1.60,0.00,0.01,0,0
vda,29.40,0.00,0.11,0,0
vda,20.00,0.00,0.08,0,0
vda,0.80,0.00,0.00,0,0
vda,11.60,0.00,0.05,0,0
vda,0.20,0.00,0.00,0,0
vda,1.20,0.00,0.00,0,0
vda,11.00,0.00,0.05,0,0
vda,2.20,0.00,0.01,0,0
vda,0.00,0.00,0.00,0,0
vda,32.00,0.00,0.13,0,0
vda,2.60,0.00,0.01,0,0
vda,9.20,0.00,0.04,0,0
vda,9.20,0.00,0.04,0,0
vda,2.40,0.00,0.01,0,0
vda,2.60,0.00,0.01,0,0
vda,1.80,0.00,0.01,0,0
vda,19.60,0.00,0.08,0,0
vda,3.80,0.00,0.01,0,0
vda,28.40,0.00,0.11,0,0
vda,1.20,0.00,0.00,0,0
vda,0.40,0.00,0.00,0,0
vda,8.20,0.00,0.03,0,0
vda,2.40,0.00,0.01,0,0
vda,7.80,0.00,0.03,0,0
vda,20.40,0.00,0.08,0,0
vda,0.00,0.00,0.00,0,0
vda,2.60,0.00,0.01,0,0
vda,28.80,0.00,0.11,0,0
vda,5.20,0.00,0.03,0,0
vda,0.00,0.00,0.00,0,0
vda,10.20,0.00,0.04,0,0
vda,13.60,0.00,0.05,0,0
vda,8.00,0.00,0.03,0,0
vda,2.40,0.00,0.01,0,0
vda,0.80,0.00,0.00,0,0
vda,1.40,0.00,0.01,0,0
vda,27.80,0.00,0.11,0,0
vda,3.20,0.00,0.01,0,0
vda,1.60,0.00,0.01,0,0
vda,26.40,0.00,0.10,0,0
vda,2.60,0.00,0.01,0,0
vda,1.80,0.00,0.01,0,0
vda,9.00,0.00,0.04,0,0
vda,2.40,0.00,0.01,0,0
vda,0.00,0.00,0.00,0,0
vda,18.40,0.00,0.07,0,0
vda,19.80,0.00,0.08,0,0
vda,1.40,0.00,0.01,0,0
vda,11.40,0.00,0.04,0,0
vda,2.60,0.00,0.01,0,0
vda,2.80,0.00,0.01,0,0
vda,2.00,0.00,0.01,0,0
vda,0.60,0.00,0.00,0,0
vda,8.38,0.00,0.04,0,0
vda,38.80,0.00,0.15,0,0
vda,3.00,0.00,0.01,0,0
vda,1.80,0.00,0.01,0,0
vda,6.00,0.00,0.02,0,0
vda,7.00,0.00,0.03,0,0
vda,1.40,0.00,0.01,0,0
vda,2.60,0.00,0.01,0,0
vda,17.40,0.00,0.07,0,0
vda,1.60,0.00,0.01,0,0
vda,27.00,0.00,0.11,0,0
vda,9.40,0.00,0.04,0,0
vda,2.20,0.00,0.01,0,0
vda,11.20,0.00,0.04,0,0
vda,2.00,0.00,0.01,0,0
vda,1.20,0.00,0.00,0,0
vda,14.40,0.00,0.06,0,0
vda,0.40,0.00,0.00,0,0
vda,1.40,0.00,0.01,0,0
vda,28.20,0.00,0.11,0,0
vda,8.80,0.00,0.04,0,0
vda,1.20,0.00,0.00,0,0
vda,10.60,0.00,0.04,0,0
vda,20.20,0.00,0.08,0,0
vda,2.80,0.00,0.01,0,0
vda,2.80,0.00,0.01,0,0
vda,4.20,0.00,0.02,0,0
vda,0.00,0.00,0.00,0,0
vda,18.40,0.00,0.07,0,0
vda,2.40,0.00,0.01,0,0
vda,26.40,0.00,0.11,0,0
vda,11.00,0.00,0.04,0,0
vda,2.00,0.00,0.01,0,0
vda,1.20,0.00,0.00,0,0
vda,2.40,0.00,0.01,0,0
vda,2.40,0.00,0.01,0,0
vda,2.20,0.00,0.01,0,0
vda,28.20,0.00,0.11,0,0
vda,14.00,0.00,0.05,0,0
vda,0.20,0.00,0.00,0,0
vda,10.40,0.00,0.04,0,0
vda,10.80,0.00,0.05,0,0
vda,1.40,0.00,0.01,0,0
vda,2.20,0.00,0.01,0,0
vda,0.40,0.00,0.00,0,0
vda,18.60,0.00,0.07,0,0
vda,28.00,0.00,0.11,0,0
vda,3.00,0.00,0.01,0,0
vda,2.40,0.00,0.01,0,0
vda,6.00,0.00,0.02,0,0
vda,2.00,0.00,0.01,0,0
vda,8.20,0.00,0.03,0,0
vda,1.40,0.00,0.01,0,0
vda,23.80,0.00,0.09,0,0
vda,2.40,0.00,0.01,0,0
vda,28.40,0.00,0.11,0,0
vda,12.00,0.00,0.05,0,0
vda,1.20,0.00,0.00,0,0
vda,1.20,0.00,0.00,0,0
vda,12.60,0.00,0.05,0,0
vda,3.20,0.00,0.01,0,0
vda,20.00,0.00,0.08,0,0
vda,1.00,0.00,0.00,0,0
vda,3.40,0.00,0.01,0,0
vda,1.20,0.00,0.00,0,0
vda,20.40,0.00,0.08,0,0
vda,2.60,0.00,0.01,0,0
vda,1.20,0.00,0.00,0,0
vda,0.00,0.00,0.00,0,0
vda,28.60,0.00,0.11,0,0
vda,2.60,0.00,0.01,0,0
vda,9.20,0.00,0.04,0,0
vda,26.40,0.00,0.10,0,0
vda,1.40,0.00,0.01,0,0
vda,1.00,0.00,0.00,0,0
vda,2.20,0.00,0.01,0,0
vda,14.00,0.00,0.05,0,0
vda,9.20,0.00,0.04,0,0
vda,1.80,0.00,0.01,0,0
vda,1.60,0.00,0.01,0,0
vda,0.00,0.00,0.00,0,0
vda,27.80,0.00,0.11,0,0
vda,8.20,0.00,0.03,0,0
vda,1.20,0.00,0.00,0,0
vda,30.20,0.00,0.12,0,0
vda,2.80,0.00,0.01,0,0
vda,5.60,0.00,0.02,0,0
vda,1.20,0.00,0.00,0,0
vda,1.00,0.00,0.00,0,0
vda,0.40,0.00,0.00,0,0
vda,28.20,0.00,0.11,0,0
vda,21.00,0.00,0.09,0,0
vda,7.80,0.00,0.03,0,0
vda,12.20,0.00,0.05,0,0
vda,1.60,0.00,0.01,0,0
vda,3.60,0.00,0.01,0,0
vda,1.80,0.00,0.01,0,0
vda,1.20,0.00,0.00,0,0
vda,0.00,0.00,0.00,0,0
vda,33.00,0.00,0.13,0,0
vda,1.60,0.00,0.01,0,0
vda,8.40,0.00,0.03,0,0
vda,11.80,0.00,0.05,0,0
vda,1.20,0.00,0.00,0,0
vda,0.00,0.00,0.00,0,0
vda,3.80,0.00,0.01,0,0
vda,20.00,0.00,0.08,0,0
vda,0.80,0.00,0.00,0,0
vda,28.00,0.00,0.11,0,0
vda,1.40,0.00,0.01,0,0
vda,0.00,0.00,0.00,0,0
vda,8.20,0.00,0.03,0,0
vda,8.00,0.00,0.03,0,0
vda,2.40,0.00,0.01,0,0
vda,20.60,0.00,0.08,0,0
vda,2.00,0.00,0.01,0,0
vda,0.80,0.00,0.00,0,0
vda,29.00,0.00,0.11,0,0
vda,1.60,0.00,0.01,0,0
vda,0.20,0.00,0.00,0,0
vda,13.20,0.00,0.06,0,0
vda,13.60,0.00,0.05,0,0
vda,1.20,0.00,0.00,0,0
vda,9.20,0.00,0.04,0,0
vda,1.20,0.00,0.00,0,0
vda,0.80,0.00,0.00,0,0
vda,30.20,0.00,0.12,0,0
vda,2.40,0.00,0.01,0,0
vda,0.60,0.00,0.00,0,0
vda,28.60,0.00,0.11,0,0
vda,1.20,0.00,0.00,0,0
vda,0.00,0.00,0.00,0,0
vda,2.60,0.00,0.01,0,0
vda,8.60,0.00,0.04,0,0
vda,1.80,0.00,0.01,0,0
vda,19.40,0.00,0.08,0,0
vda,13.20,0.00,0.05,0,0
vda,1.60,0.00,0.01,0,0
vda,12.00,0.00,0.05,0,0
vda,1.40,0.00,0.01,0,0
vda,0.00,0.00,0.00,0,0
vda,3.60,0.00,0.02,0,0
vda,2.00,0.00,0.01,0,0
vda,9.00,0.00,0.04,0,0
vda,45.60,0.00,0.18,0,0
vda,1.00,0.00,0.00,0,0
vda,1.60,0.00,0.00,0,0
vda,9.80,0.00,0.04,0,0
vda,3.20,0.00,0.01,0,0
vda,0.60,0.00,0.00,0,0
vda,3.00,0.00,0.01,0,0
vda,18.80,0.00,0.07,0,0
vda,7.60,0.00,0.03,0,0
vda,27.60,0.00,0.11,0,0
vda,1.20,0.00,0.00,0,0
vda,1.40,0.00,0.01,0,0
vda,14.60,0.00,0.06,0,0
vda,1.00,0.00,0.00,0,0
vda,0.20,0.00,0.00,0,0
vda,13.80,0.00,0.05,0,0
vda,1.20,0.00,0.00,0,0
vda,1.00,0.00,0.00,0,0
vda,29.60,0.00,0.12,0,0
vda,8.60,0.00,0.04,0,0
vda,1.00,0.00,0.00,0,0
vda,11.20,0.00,0.04,0,0
vda,20.16,0.00,0.08,0,0
vda,2.60,0.00,0.01,0,0
vda,0.00,0.00,0.00,0,0
vda,3.00,0.00,0.02,0,0
vda,1.60,0.00,0.01,0,0
vda,19.60,0.00,0.08,0,0
vda,8.00,0.00,0.03,0,0
vda,24.00,0.00,0.09,0,0
vda,14.20,0.00,0.06,0,0
vda,1.60,0.00,0.01,0,0
vda,5.20,0.00,0.02,0,0
vda,2.60,0.00,0.01,0,0
vda,0.00,0.00,0.00,0,0
vda,0.80,0.00,0.00,0,0
vda,36.20,0.00,0.14,0,0
vda,13.20,0.00,0.05,0,0
vda,1.20,0.00,0.00,0,0
vda,17.00,0.00,0.07,0,0
vda,1.60,0.00,0.01,0,0
vda,2.40,0.00,0.01,0,0
vda,2.80,0.00,0.01,0,0
vda,2.60,0.00,0.01,0,0
vda,20.00,0.00,0.08,0,0
vda,25.40,0.00,0.10,0,0
vda,2.80,0.00,0.01,0,0
vda,43.60,0.00,0.21,0,1
vda,3.20,0.00,0.01,0,0
vda,1.80,0.00,0.01,0,0
vda,0.00,0.00,0.00,0,0
vda,2.20,0.00,0.01,0,0
vda,12.80,0.00,0.05,0,0
vda,2.80,0.00,0.01,0,0
vda,39.40,0.00,0.15,0,0
vda,2.20,0.00,0.01,0,0
vda,0.00,0.00,0.00,0,0
vda,2.20,0.00,0.01,0,0
vda,1.00,0.00,0.00,0,0
vda,18.60,0.00,0.07,0,0
vda,3.80,0.00,0.02,0,0
vda,9.20,0.00,0.04,0,0
vda,1.40,0.00,0.01,0,0
vda,26.40,0.00,0.10,0,0
vda,2.80,0.00,0.01,0,0
vda,2.60,0.00,0.01,0,0
vda,17.40,0.00,0.07,0,0
vda,2.60,0.00,0.01,0,0
vda,1.60,0.00,0.01,0,0
vda,9.20,0.00,0.04,0,0
vda,0.00,0.00,0.00,0,0
vda,1.20,0.00,0.00,0,0
vda,36.60,0.00,0.14,0,0
vda,12.80,0.00,0.05,0,0
vda,5.20,0.00,0.02,0,0
vda,1.60,0.00,0.01,0,0
vda,2.00,0.00,0.02,0,0
vda,4.00,0.00,0.01,0,0
vda,2.20,0.00,0.01,0,0
vda,0.00,0.00,0.00,0,0
vda,60.80,0.00,0.24,0,1
vda,5.40,0.00,0.03,0,0
vda,0.80,0.00,0.00,0,0
vda,2.00,0.00,0.01,0,0
vda,2.20,0.00,0.01,0,0
vda,3.40,0.00,0.01,0,0
vda,1.60,0.00,0.01,0,0
vda,36.80,0.00,0.14,0,0
vda,0.00,0.00,0.00,0,0
vda,4.00,0.00,0.02,0,0
vda,2.80,0.00,0.01,0,0
vda,8.00,0.00,0.03,0,0
vda,1.60,0.00,0.01,0,0
vda,2.40,0.00,0.01,0,0
vda,17.40,0.00,0.07,0,0
vda,1.20,0.00,0.00,0,0
vda,40.00,0.00,0.16,0,0
vda,1.20,0.00,0.00,0,0
vda,1.80,0.00,0.01,0,0
vda,2.40,0.00,0.01,0,0
vda,0.00,0.00,0.00,0,0
vda,1.20,0.00,0.00,0,0
vda,26.00,0.00,0.10,0,0
vda,2.60,0.00,0.01,0,0
vda,0.60,0.00,0.00,0,0
vda,36.80,0.00,0.14,0,0
vda,2.40,0.00,0.01,0,0
vda,2.60,0.00,0.01,0,0
vda,1.00,0.00,0.00,0,0
vda,11.60,0.00,0.05,0,0
vda,3.00,0.00,0.01,0,0
vda,2.40,0.00,0.01,0,0
vda,7.80,0.00,0.03,0,0
vda,36.00,0.00,0.14,0,0
vda,2.20,0.00,0.01,0,0
vda,0.80,0.00,0.00,0,0
vda,19.00,0.00,0.07,0,0
vda,6.00,0.00,0.03,0,0
vda,1.80,0.00,0.01,0,0
vda,1.20,0.00,0.00,0,0
vda,2.20,0.00,0.01,0,0
vda,0.00,0.00,0.00,0,0
vda,31.60,0.00,0.12,0,0
vda,13.80,0.00,0.05,0,0
vda,4.80,0.00,0.02,0,0
vda,1.20,0.00,0.00,0,0
vda,2.20,0.00,0.01,0,0
vda,1.20,0.00,0.00,0,0
vda,2.40,0.00,0.01,0,0
vda,4.00,0.00,0.03,0,0
vda,38.20,0.04,0.16,0,0
vda,42.80,0.00,0.17,0,0
vda,2.40,0.00,0.01,0,0
vda,0.00,0.00,0.00,0,0
vda,37.20,0.00,0.15,0,0
vda,3.20,0.00,0.01,0,0
vda,1.20,0.00,0.00,0,0
vda,27.80,0.00,0.11,0,0
vda,41.00,0.00,0.16,0,0
vda,12.00,0.00,0.05,0,0
vda,2.20,0.00,0.01,0,0
vda,35.60,0.00,0.14,0,0
vda,2.00,0.00,0.01,0,0
vda,32.00,0.00,0.12,0,0
vda,2.40,0.00,0.01,0,0
vda,0.00,0.00,0.00,0,0
vda,12.60,0.00,0.05,0,0
vda,27.40,0.00,0.11,0,0
vda,3.00,0.00,0.01,0,0
vda,23.20,0.00,0.10,0,0
vda,38.60,0.00,0.15,0,0
vda,34.40,0.00,0.14,0,0
vda,1.40,0.00,0.01,0,0
vda,31.80,0.00,0.13,0,0
vda,14.20,0.00,0.06,0,0
vda,32.40,0.00,0.13,0,0
vda,1.00,0.00,0.00,0,0
vda,14.00,0.00,0.06,0,0
vda,32.20,0.00,0.13,0,0
vda,2.60,0.00,0.01,0,0
vda,21.20,0.00,0.09,0,0
vda,36.40,0.00,0.14,0,0
vda,20.60,0.00,0.08,0,0
vda,8.00,0.00,0.04,0,0
vda,2.40,0.00,0.01,0,0
vda,34.20,0.00,0.14,0,0
vda,3.00,0.00,0.01,0,0
vda,36.80,0.00,0.14,0,0
vda,2.20,0.00,0.01,0,0
vda,3.40,0.00,0.01,0,0
vda,2.60,0.00,0.01,0,0
vda,0.00,0.00,0.00,0,0
vda,1.40,0.00,0.00,0,0
vda,1.60,0.00,0.01,0,0
vda,21.80,0.00,0.09,0,0
vda,8.60,0.00,0.04,0,0
vda,35.60,0.00,0.14,0,0
vda,2.00,0.00,0.01,0,0
vda,3.20,0.00,0.01,0,0
vda,3.40,0.00,0.01,0,0
vda,11.58,0.00,0.05,0,0
vda,3.20,0.00,0.02,0,0
vda,1.40,0.00,0.01,0,0
vda,2.00,0.00,0.01,0,0
vda,1.40,0.00,0.00,0,0
vda,43.00,0.00,0.17,0,0
vda,19.60,0.00,0.08,0,0
vda,2.60,0.00,0.01,0,0
vda,3.80,0.00,0.01,0,0
vda,1.60,0.00,0.01,0,0
vda,7.80,0.00,0.06,0,0
vda,37.20,0.00,0.15,0,0
vda,14.40,0.00,0.06,0,0
vda,0.80,0.00,0.00,0,0
vda,36.00,0.00,0.14,0,0
vda,2.40,0.00,0.01,0,0
vda,1.20,0.00,0.00,0,0
vda,47.20,0.00,0.18,0,0
vda,10.60,0.00,0.04,0,0
vda,1.60,0.00,0.01,0,0
vda,34.00,0.00,0.14,0,0
vda,11.20,0.00,0.04,0,0
vda,1.20,0.00,0.00,0,0
vda,34.60,0.00,0.14,0,0
vda,5.20,0.00,0.02,0,0
vda,1.20,0.00,0.00,0,0
vda,37.60,0.00,0.15,0,0
vda,3.40,0.00,0.01,0,0
vda,16.80,0.00,0.07,0,0
vda,36.80,0.00,0.14,0,0
vda,20.00,0.00,0.08,0,0
vda,0.00,0.00,0.00,0,0
vda,34.80,0.00,0.14,0,0
vda,4.20,0.00,0.02,0,0
vda,1.20,0.00,0.00,0,0
vda,27.40,0.00,0.11,0,0
vda,11.80,0.00,0.05,0,0
vda,23.40,0.00,0.10,0,0
vda,3.00,0.00,0.01,0,0
vda,30.60,0.00,0.12,0,0
vda,1.60,0.00,0.01,0,0
vda,14.20,0.00,0.05,0,0
vda,28.40,0.00,0.11,0,0
vda,15.20,0.00,0.06,0,0
vda,37.80,0.00,0.15,0,0
vda,0.00,0.00,0.00,0,0
vda,1.20,0.00,0.00,0,0
vda,37.80,0.00,0.15,0,0
vda,4.40,0.00,0.02,0,0
vda,0.00,0.00,0.00,0,0
vda,22.20,0.00,0.09,0,0
vda,27.00,0.00,0.11,0,0
vda,1.80,0.00,0.01,0,0
vda,0.80,0.00,0.00,0,0
vda,42.00,0.00,0.17,0,0
vda,15.40,0.00,0.06,0,0
vda,1.00,0.00,0.00,0,0
vda,34.40,0.00,0.14,0,0
vda,7.20,0.00,0.03,0,0
vda,41.00,0.00,0.16,0,0
vda,6.60,0.00,0.03,0,0
vda,1.20,0.00,0.00,0,0
vda,25.80,0.00,0.10,0,0
vda,12.00,0.00,0.05,0,0
vda,1.20,0.00,0.00,0,0
vda,37.60,0.00,0.15,0,0
vda,18.80,0.00,0.07,0,0
vda,1.20,0.00,0.00,0,0
vda,44.80,0.00,0.18,0,0
vda,3.60,0.00,0.01,0,0
vda,6.80,0.00,0.05,0,0
vda,3.20,0.00,0.01,0,0
vda,38.40,0.00,0.16,0,0
vda,4.60,0.00,0.02,0,0
vda,34.00,0.00,0.13,0,0
vda,4.40,0.00,0.02,0,0
vda,3.60,0.00,0.01,0,0
vda,42.20,0.00,0.17,0,0
vda,21.20,0.00,0.08,0,0
vda,1.20,0.00,0.00,0,0
vda,37.20,0.00,0.15,0,0
vda,2.80,0.00,0.01,0,0
vda,1.20,0.00,0.00,0,0
vda,36.80,0.00,0.14,0,0
vda,2.40,0.00,0.01,0,0
vda,2.79,0.00,0.01,0,0
vda,36.60,0.00,0.15,0,0
vda,8.80,0.00,0.03,0,0
vda,1.20,0.00,0.00,0,0
vda,42.60,0.00,0.17,0,0
vda,31.60,0.00,0.12,0,0
vda,1.20,0.00,0.00,0,0
vda,33.00,0.00,0.13,0,0
vda,5.60,0.00,0.02,0,0
vda,2.80,0.00,0.01,0,0
vda,36.60,0.00,0.14,0,0
vda,11.00,0.00,0.04,0,0
vda,1.20,0.00,0.00,0,0
vda,35.60,0.00,0.14,0,0
vda,2.40,0.00,0.01,0,0
vda,1.20,0.00,0.00,0,0
vda,29.40,0.00,0.11,0,0
vda,27.00,0.00,0.11,0,0
vda,2.80,0.00,0.01,0,0
vda,6.40,0.00,0.03,0,0
vda,27.40,0.00,0.11,0,0
vda,13.60,0.00,0.05,0,0
vda,1.00,0.00,0.00,0,0
vda,39.00,0.00,0.16,0,0
vda,1.80,0.00,0.01,0,0
vda,0.80,0.00,0.00,0,0
vda,38.60,0.00,0.15,0,0
vda,1.40,0.00,0.01,0,0
vda,0.80,0.00,0.00,0,0
vda,36.60,0.00,0.15,0,0
vda,29.20,0.00,0.12,0,0
vda,0.00,0.00,0.00,0,0
vda,38.80,0.00,0.16,0,0
vda,1.40,0.00,0.01,0,0
vda,1.20,0.00,0.00,0,0
vda,36.20,0.00,0.14,0,0
vda,3.80,0.00,0.01,0,0
vda,0.00,0.00,0.00,0,0
vda,40.00,0.00,0.16,0,0
vda,2.00,0.00,0.01,0,0
vda,26.00,0.00,0.10,0,0
vda,34.80,0.00,0.14,0,0
vda,4.80,0.00,0.02,0,0
vda,0.80,0.00,0.00,0,0
vda,28.00,0.00,0.11,0,0
vda,14.00,0.00,0.07,0,0
vda,6.80,0.00,0.04,0,0
vda,36.60,0.00,0.15,0,0
vda,5.40,0.00,0.02,0,0
vda,23.40,0.00,0.09,0,0
vda,25.60,0.00,0.10,0,0
vda,2.00,0.00,0.01,0,0
vda,0.00,0.00,0.00,0,0
vda,34.60,0.00,0.14,0,0
vda,23.00,0.00,0.09,0,0
vda,0.80,0.00,0.00,0,0
vda,34.40,0.00,0.14,0,0
vda,5.40,0.00,0.02,0,0
vda,4.80,0.00,0.02,0,0
vda,40.60,0.00,0.17,0,0
vda,4.00,0.00,0.02,0,0
vda,0.80,0.00,0.00,0,0
vda,34.40,0.00,0.14,0,0
vda,5.40,0.00,0.02,0,0
vda,1.00,0.00,0.00,0,0
vda,40.80,0.00,0.16,0,0
vda,16.00,0.00,0.06,0,0
vda,0.80,0.00,0.00,0,0
vda,41.60,0.00,0.17,0,0
vda,7.00,0.00,0.03,0,0
vda,1.60,0.00,0.01,0,0
vda,31.00,0.00,0.12,0,0
vda,7.00,0.00,0.03,0,0
vda,1.00,0.00,0.00,0,0
vda,14.00,0.00,0.05,0,0
vda,24.80,0.00,0.10,0,0
vda,0.80,0.00,0.00,0,0
vda,40.60,0.00,0.16,0,0
vda,17.80,0.00,0.07,0,0
vda,1.60,0.00,0.01,0,0
vda,21.00,0.00,0.09,0,0
vda,33.00,0.00,0.13,0,0
vda,1.00,0.00,0.00,0,0
vda,1.20,0.00,0.00,0,0
vda,38.00,0.00,0.15,0,0
vda,1.00,0.00,0.00,0,0
vda,36.60,0.00,0.14,0,0
vda,2.40,0.00,0.01,0,0
vda,1.00,0.00,0.00,0,0
vda,29.40,0.00,0.12,0,0
vda,49.40,0.00,0.20,0,0
vda,0.00,0.00,0.00,0,0
vda,33.73,0.00,0.13,0,0
vda,5.60,0.00,0.02,0,0
vda,0.80,0.00,0.00,0,0
vda,36.20,0.00,0.14,0,0
vda,2.80,0.00,0.01,0,0
vda,0.00,0.00,0.00,0,0
vda,36.20,0.00,0.14,0,0
vda,4.40,0.00,0.02,0,0
vda,1.60,0.00,0.01,0,0
vda,40.80,0.00,0.16,0,0
vda,21.80,0.00,0.09,0,0
vda,0.80,0.00,0.00,0,0
vda,36.60,0.00,0.14,0,0
vda,3.00,0.00,0.01,0,0
vda,6.60,0.00,0.05,0,0
vda,3.60,0.00,0.01,0,0
vda,48.60,0.00,0.20,0,0
vda,3.20,0.00,0.01,0,0
vda,39.60,0.00,0.16,0,0
vda,1.80,0.00,0.01,0,0
vda,0.00,0.00,0.00,0,0
vda,37.20,0.00,0.15,0,0
vda,19.20,0.00,0.07,0,0
vda,1.20,0.00,0.00,0,0
vda,39.00,0.00,0.15,0,0
vda,8.00,0.00,0.03,0,0
vda,3.00,0.00,0.01,0,0
vda,38.80,0.00,0.16,0,0
vda,9.40,0.00,0.05,0,0
vda,0.40,0.00,0.00,0,0
vda,15.00,0.00,0.06,0,0
vda,31.40,0.00,0.15,0,0
vda,3.60,0.00,0.01,0,0
vda,48.40,0.00,0.19,0,0
vda,5.20,0.00,0.02,0,0
vda,40.40,0.00,0.16,0,0
vda,38.00,0.00,0.15,0,0
vda,0.00,0.00,0.00,0,0
vda,1.20,0.00,0.00,0,0
vda,34.60,0.00,0.14,0,0
vda,4.20,0.00,0.02,0,0
vda,1.20,0.00,0.00,0,0
vda,36.80,0.00,0.14,0,0
vda,4.40,0.00,0.02,0,0
vda,1.60,0.00,0.01,0,0
vda,41.20,0.00,0.16,0,0
vda,22.00,0.00,0.09,0,0
vda,1.20,0.00,0.00,0,0
vda,34.80,0.00,0.14,0,0
vda,5.00,0.00,0.02,0,0
vda,1.20,0.00,0.00,0,0
vda,36.80,0.00,0.15,0,0
vda,2.60,0.00,0.01,0,0
vda,4.00,0.00,0.02,0,0
vda,40.60,0.00,0.16,0,0
vda,4.00,0.00,0.02,0,0
vda,1.40,0.00,0.00,0,0
vda,43.20,0.00,0.17,0,0
vda,13.40,0.00,0.05,0,0
vda,1.20,0.00,0.00,0,0
vda,38.00,0.00,0.15,0,0
vda,1.00,0.00,0.00,0,0
vda,1.40,0.00,0.00,0,0
vda,36.40,0.00,0.15,0,0
vda,4.80,0.00,0.02,0,0
vda,0.00,0.00,0.00,0,0
vda,28.20,0.00,0.12,0,0
vda,18.00,0.00,0.07,0,0
vda,27.40,0.00,0.11,0,0
vda,17.60,0.00,0.07,0,0
vda,19.80,0.00,0.08,0,0
vda,2.00,0.00,0.01,0,0
vda,27.80,0.00,0.11,0,0
vda,11.60,0.00,0.05,0,0
vda,3.00,0.00,0.01,0,0
vda,38.80,0.00,0.16,0,0
vda,9.40,0.00,0.04,0,0
vda,28.60,0.00,0.11,0,0
vda,1.40,0.00,0.01,0,0
vda,0.00,0.00,0.00,0,0
vda,40.40,0.00,0.16,0,0
vda,10.00,0.00,0.04,0,0
vda,1.20,0.00,0.00,0,0
vda,33.60,0.00,0.13,0,0
vda,19.20,0.00,0.08,0,0
vda,1.60,0.00,0.01,0,0
vda,37.60,0.00,0.15,0,0
vda,1.60,0.00,0.01,0,0
vda,0.00,0.00,0.00,0,0
vda,36.40,0.00,0.14,0,0
vda,2.20,0.00,0.01,0,0
vda,1.20,0.00,0.00,0,0
vda,43.80,0.00,0.17,0,0
vda,13.20,0.00,0.05,0,0
vda,19.80,0.00,0.08,0,0
vda,2.40,0.00,0.01,0,0
vda,29.00,0.00,0.12,0,0
vda,8.00,0.00,0.03,0,0
vda,1.20,0.00,0.00,0,0
vda,3.40,0.00,0.01,0,0
vda,26.60,0.00,0.11,0,0
vda,11.20,0.00,0.04,0,0
vda,3.20,0.00,0.01,0,0
vda,1.60,0.00,0.01,0,0
vda,41.80,0.00,0.17,0,0
vda,11.80,0.00,0.05,0,0
vda,0.00,0.00,0.00,0,0
vda,40.20,0.00,0.16,0,0
vda,11.20,0.00,0.04,0,0
vda,1.20,0.00,0.00,0,0
vda,37.40,0.00,0.15,0,0
vda,2.20,0.00,0.01,0,0
vda,2.80,0.00,0.01,0,0
vda,0.00,0.00,0.00,0,0
vda,2.40,0.00,0.01,0,0
vda,1.40,0.00,0.00,0,0
vda,1.60,0.00,0.01,0,0
vda,37.00,0.00,0.14,0,0
vda,19.40,0.00,0.08,0,0
vda,8.20,0.00,0.03,0,0
vda,2.00,0.00,0.01,0,0
vda,1.20,0.00,0.00,0,0
vda,36.00,0.00,0.14,0,0
vda,4.00,0.00,0.02,0,0
vda,0.00,0.00,0.00,0,0
vda,1.20,0.00,0.00,0,0
vda,2.00,0.00,0.01,0,0
vda,1.20,0.00,0.00,0,0
vda,2.80,0.00,0.01,0,0
vda,39.60,0.00,0.16,0,0
vda,19.00,0.00,0.07,0,0
vda,1.20,0.00,0.00,0,0
vda,7.60,0.00,0.03,0,0
vda,1.20,0.00,0.00,0,0
vda,35.60,0.00,0.14,0,0
vda,10.20,0.00,0.04,0,0
vda,1.20,0.00,0.00,0,0
vda,1.20,0.00,0.00,0,0
vda,2.20,0.00,0.01,0,0
vda,36.20,0.00,0.14,0,0
vda,1.40,0.00,0.01,0,0
vda,2.00,0.00,0.01,0,0
vda,40.20,0.00,0.18,0,0
vda,25.40,0.00,0.11,0,0
vda,0.00,0.00,0.00,0,0
vda,34.40,0.00,0.14,0,0
vda,33.00,0.00,0.13,0,0
vda,2.40,0.00,0.01,0,0
vda,0.00,0.00,0.00,0,0
vda,1.20,0.00,0.00,0,0
vda,28.00,0.00,0.11,0,0
vda,12.60,0.00,0.05,0,0
vda,0.40,0.00,0.00,0,0
vda,41.40,0.00,0.17,0,0
vda,40.40,0.00,0.16,0,0
vda,1.20,0.00,0.00,0,0
vda,35.00,0.00,0.14,0,0
vda,4.80,0.00,0.02,0,0
vda,1.20,0.00,0.00,0,0
vda,28.20,0.00,0.11,0,0
vda,12.00,0.00,0.05,0,0
vda,16.60,0.00,0.07,0,0
vda,33.00,0.00,0.15,0,0
vda,15.20,0.00,0.07,0,0
vda,0.20,0.00,0.00,0,0
vda,39.72,0.00,0.16,0,0
vda,19.00,0.00,0.07,0,0
vda,1.20,0.00,0.00,0,0
vda,37.20,0.00,0.15,0,0
vda,0.80,0.00,0.00,0,0
vda,2.60,0.00,0.01,0,0
vda,3.00,0.00,0.01,0,0
vda,1.20,0.00,0.00,0,0
vda,1.40,0.00,0.00,0,0
vda,2.80,0.00,0.01,0,0
vda,12.00,0.00,0.05,0,0
vda,7.60,0.00,0.03,0,0
vda,37.60,0.00,0.15,0,0
vda,1.20,0.00,0.00,0,0
vda,3.60,0.00,0.01,0,0
vda,0.80,0.00,0.00,0,0
vda,1.80,0.00,0.01,0,0
vda,3.00,0.00,0.01,0,0
vda,18.20,0.00,0.07,0,0
vda,0.80,0.00,0.00,0,0
vda,31.00,0.00,0.12,0,0
vda,2.60,0.00,0.01,0,0
vda,1.60,0.00,0.01,0,0
vda,3.20,0.00,0.01,0,0
vda,3.40,0.00,0.01,0,0
vda,3.20,0.00,0.01,0,0
vda,17.00,0.00,0.07,0,0
vda,2.40,0.00,0.01,0,0
vda,1.40,0.00,0.01,0,0
vda,42.40,0.00,0.17,0,0
vda,2.00,0.00,0.01,0,0
vda,1.60,0.00,0.01,0,0
vda,2.20,0.00,0.01,0,0
vda,13.60,0.00,0.05,0,0
vda,3.40,0.00,0.01,0,0
vda,2.40,0.00,0.01,0,0
vda,34.40,0.00,0.13,0,0
vda,1.20,0.00,0.00,0,0
vda,1.60,0.00,0.01,0,0
vda,3.60,0.00,0.02,0,0
vda,25.00,0.00,0.10,0,0
vda,1.20,0.00,0.00,0,0
vda,2.00,0.00,0.01,0,0
vda,3.20,0.00,0.01,0,0
vda,25.20,0.00,0.10,0,0
vda,0.80,0.00,0.00,0,0
vda,2.60,0.00,0.01,0,0
vda,1.20,0.00,0.00,0,0
vda,19.00,0.00,0.07,0,0
vda,8.20,0.00,0.03,0,0
vda,1.40,0.00,0.01,0,0
vda,2.40,0.00,0.01,0,0
vda,2.20,0.00,0.01,0,0
vda,3.40,0.00,0.02,0,0
vda,36.20,0.00,0.14,0,0
vda,14.00,0.00,0.05,0,0
vda,1.60,0.00,0.01,0,0
vda,2.80,0.00,0.01,0,0
vda,1.40,0.00,0.01,0,0
vda,0.60,0.00,0.00,0,0
vda,10.40,0.00,0.04,0,0
vda,1.20,0.00,0.00,0,0
vda,35.40,0.00,0.14,0,0
vda,19.40,0.00,0.08,0,0
vda,1.60,0.00,0.01,0,0
vda,11.40,0.00,0.05,0,0
vda,2.60,0.00,0.01,0,0
vda,1.40,0.00,0.01,0,0
vda,1.20,0.00,0.00,0,0
vda,2.40,0.00,0.01,0,0
vda,18.60,0.00,0.07,0,0
vda,35.40,0.00,0.14,0,0
vda,2.20,0.00,0.01,0,0
vda,0.40,0.00,0.00,0,0
vda,4.60,0.00,0.02,0,0
vda,2.60,0.00,0.01,0,0
vda,1.80,0.00,0.01,0,0
vda,2.20,0.00,0.01,0,0
vda,11.20,0.00,0.04,0,0
vda,1.20,0.00,0.00,0,0
vda,31.20,0.00,0.12,0,0
vda,5.20,0.00,0.02,0,0
vda,1.40,0.00,0.01,0,0
vda,2.59,0.00,0.01,0,0
vda,2.00,0.00,0.01,0,0
vda,18.60,0.00,0.07,0,0
vda,0.00,0.00,0.00,0,0
vda,3.20,0.00,0.01,0,0
vda,3.60,0.00,0.02,0,0
vda,14.00,0.00,0.06,0,0
vda,30.20,0.00,0.12,0,0
vda,1.20,0.00,0.00,0,0
vda,12.00,0.00,0.05,0,0
vda,2.20,0.00,0.01,0,0
vda,3.60,0.00,0.01,0,0
vda,3.00,0.00,0.02,0,0
vda,2.20,0.00,0.01,0,0
vda,0.00,0.00,0.00,0,0
vda,1.00,0.00,0.00,0,0
vda,53.20,0.00,0.21,0,1
vda,1.60,0.00,0.01,0,0
vda,8.40,0.00,0.04,0,0
vda,3.60,0.00,0.02,0,0
vda,1.20,0.00,0.00,0,0
vda,2.80,0.00,0.01,0,0
vda,2.40,0.00,0.01,0,0
vda,13.00,0.00,0.05,0,0
vda,0.20,0.00,0.00,0,0
vda,48.40,0.00,0.19,0,0
vda,3.40,0.00,0.02,0,0
vda,7.60,0.00,0.03,0,0
vda,2.20,0.00,0.01,0,0
vda,1.60,0.00,0.01,0,0
vda,1.00,0.00,0.00,0,0
vda,26.60,0.00,0.10,0,0
vda,2.60,0.00,0.01,0,0
vda,1.60,0.00,0.01,0,0
vda,24.80,0.00,0.10,0,0
vda,1.60,0.00,0.01,0,0
vda,1.20,0.00,0.00,0,0
vda,9.00,0.00,0.04,0,0
vda,18.20,0.00,0.07,0,0
vda,1.60,0.00,0.00,0,0
vda,2.80,0.00,0.01,0,0
vda,4.60,0.00,0.02,0,0
vda,1.20,0.00,0.00,0,0
vda,36.20,0.00,0.14,0,0
vda,0.00,0.00,0.00,0,0
vda,1.20,0.00,0.00,0,0
vda,13.80,0.00,0.05,0,0
vda,9.80,0.00,0.04,0,0
vda,1.60,0.00,0.01,0,0
vda,2.20,0.00,0.01,0,0
vda,0.80,0.00,0.00,0,0
vda,11.60,0.00,0.05,0,0
vda,34.00,0.00,0.13,0,0
vda,20.00,0.00,0.08,0,0
vda,3.20,0.00,0.01,0,0
vda,2.20,0.00,0.01,0,0
vda,0.00,0.00,0.00,0,0
vda,33.80,0.00,0.14,0,0
vda,5.20,0.00,0.02,0,0
vda,2.00,0.00,0.01,0,0
vda,4.40,0.00,0.02,0,0
vda,2.60,0.00,0.01,0,0
vda,0.00,0.00,0.00,0,0
vda,1.60,0.00,0.01,0,0
vda,50.60,0.00,0.20,0,1
vda,0.80,0.00,0.00,0,0
vda,1.20,0.00,0.00,0,0
vda,13.00,0.00,0.05,0,0
vda,2.00,0.00,0.01,0,0
vda,33.00,0.00,0.13,0,0
vda,4.20,0.00,0.02,0,0
vda,1.60,0.00,0.01,0,0
vda,0.00,0.00,0.00,0,0
vda,1.40,0.00,0.00,0,0
vda,2.00,0.00,0.01,0,0
vda,1.80,0.00,0.01,0,0
vda,62.00,0.00,0.25,0,1
vda,1.00,0.00,0.00,0,0
vda,1.20,0.00,0.00,0,0
vda,2.20,0.00,0.01,0,0
vda,0.00,0.00,0.00,0,0
vda,3.20,0.00,0.01,0,0
vda,2.80,0.00,0.01,0,0
vda,13.17,0.00,0.05,0,0
vda,2.00,0.00,0.01,0,0
vda,36.20,0.00,0.14,0,0
vda,1.20,0.00,0.00,0,0
vda,7.00,0.00,0.03,0,0
vda,1.60,0.00,0.01,0,0
vda,43.60,0.00,0.17,0,0
vda,1.80,0.00,0.01,0,0
vda,3.00,0.00,0.01,0,0
vda,1.60,0.00,0.01,0,0
vda,0.00,0.00,0.00,0,0
vda,2.20,0.00,0.01,0,0
vda,1.20,0.00,0.00,0,0
vda,3.60,0.00,0.02,0,0
vda,60.20,0.00,0.24,0,1
vda,1.40,0.00,0.01,0,0
vda,0.00,0.00,0.00,0,0
vda,2.20,0.00,0.01,0,0
vda,1.20,0.00,0.00,0,0
vda,2.20,0.00,0.01,0,0
vda,3.00,0.00,0.01,0,0
vda,13.80,0.00,0.06,0,0
vda,22.60,0.00,0.09,0,0
vda,2.20,0.00,0.01,0,0
vda,1.20,0.00,0.00,0,0
vda,8.80,0.00,0.03,0,0
vda,2.40,0.00,0.01,0,0
vda,0.60,0.00,0.00,0,0
vda,35.60,0.00,0.14,0,0
vda,30.80,0.00,0.12,0,0
vda,1.00,0.00,0.00,0,0
vda,0.20,0.00,0.00,0,0
vda,36.00,0.00,0.14,0,0
vda,3.40,0.00,0.01,0,0
vda,1.20,0.00,0.00,0,0
vda,7.40,0.00,0.03,0,0
vda,25.60,0.00,0.10,0,0
vda,7.00,0.00,0.03,0,0
vda,28.40,0.00,0.11,0,0
vda,29.20,0.00,0.11,0,0
vda,1.20,0.00,0.00,0,0
vda,2.20,0.00,0.01,0,0
vda,36.40,0.00,0.15,0,0
vda,7.40,0.00,0.03,0,0
vda,2.40,0.00,0.01,0,0
vda,35.00,0.00,0.14,0,0
vda,1.40,0.00,0.01,0,0
vda,35.20,0.00,0.14,0,0
vda,2.40,0.00,0.01,0,0
vda,3.20,0.00,0.01,0,0
vda,3.00,0.00,0.01,0,0
vda,0.00,0.00,0.00,0,0
vda,1.20,0.00,0.00,0,0
vda,1.60,0.00,0.01,0,0
vda,4.20,0.00,0.02,0,0
vda,25.60,0.00,0.10,0,0
vda,36.00,0.00,0.14,0,0
vda,0.80,0.00,0.00,0,0
vda,2.80,0.00,0.01,0,0
vda,46.00,0.00,0.19,0,0
vda,1.80,0.00,0.01,0,0
vda,0.00,0.00,0.00,0,0
vda,33.40,0.00,0.13,0,0
vda,39.20,0.00,0.15,0,0
vda,1.40,0.00,0.00,0,0
vda,35.00,0.00,0.14,0,0
vda,3.00,0.00,0.01,0,0
vda,1.20,0.00,0.00,0,0
vda,46.40,0.00,0.19,0,0
vda,2.00,0.00,0.01,0,0
vda,1.00,0.00,0.00,0,0
vda,32.20,0.00,0.13,0,0
vda,5.20,0.00,0.02,0,0
vda,1.80,0.00,0.01,0,0
vda,52.60,0.00,0.25,0,1
vda,29.80,0.00,0.12,0,0
vda,1.20,0.00,0.00,0,0
vda,3.00,0.00,0.01,0,0
vda,0.00,0.00,0.00,0,0
vda,1.60,0.00,0.01,0,0
vda,1.40,0.00,0.00,0,0
vda,15.20,0.00,0.06,0,0
vda,1.20,0.00,0.00,0,0
vda,29.80,0.00,0.12,0,0
vda,2.40,0.00,0.01,0,0
vda,1.20,0.00,0.00,0,0
vda,4.20,0.00,0.02,0,0
vda,1.80,0.00,0.01,0,0
vda,2.40,0.00,0.01,0,0
vda,18.20,0.00,0.07,0,0
vda,2.20,0.00,0.01,0,0
vda,1.20,0.00,0.00,0,0
vda,42.80,0.00,0.17,0,0
vda,1.40,0.00,0.01,0,0
vda,1.20,0.00,0.00,0,0
vda,45.60,0.00,0.18,0,0
vda,0.20,0.00,0.00,0,0
vda,1.60,0.00,0.01,0,0
vda,38.40,0.00,0.16,0,0
vda,24.60,0.00,0.10,0,0
vda,1.20,0.00,0.00,0,0
vda,2.20,0.00,0.01,0,0
vda,35.20,0.00,0.14,0,0
vda,1.60,0.00,0.01,0,0
vda,4.60,0.00,0.02,0,0
vda,27.20,0.00,0.11,0,0
vda,19.00,0.00,0.08,0,0
vda,0.20,0.00,0.00,0,0
vda,13.80,0.00,0.05,0,0
vda,19.80,0.00,0.08,0,0
vda,2.20,0.00,0.01,0,0
vda,11.60,0.00,0.05,0,0
vda,27.80,0.00,0.11,0,0
vda,18.00,0.00,0.07,0,0
vda,2.40,0.00,0.01,0,0
vda,1.60,0.00,0.01,0,0
vda,2.00,0.00,0.01,0,0
vda,0.00,0.00,0.00,0,0
vda,2.00,0.00,0.01,0,0
vda,26.80,0.00,0.11,0,0
vda,1.20,0.00,0.00,0,0
vda,18.00,0.00,0.07,0,0
vda,2.20,0.00,0.01,0,0
vda,38.00,0.00,0.15,0,0
vda,25.60,0.00,0.10,0,0
vda,2.20,0.00,0.01,0,0
vda,0.00,0.00,0.00,0,0
vda,1.20,0.00,0.00,0,0
vda,2.20,0.00,0.01,0,0
vda,1.20,0.00,0.00,0,0
vda,14.00,0.00,0.06,0,0
vda,24.40,0.00,0.10,0,0
vda,0.80,0.00,0.00,0,0
vda,1.40,0.00,0.00,0,0
vda,4.40,0.00,0.02,0,0
vda,34.20,0.00,0.14,0,0
vda,26.60,0.00,0.10,0,0
vda,1.20,0.00,0.00,0,0
vda,30.40,0.00,0.12,0,0
vda,8.00,0.00,0.03,0,0
vda,1.20,0.00,0.00,0,0
vda,2.00,0.00,0.01,0,0
vda,1.20,0.00,0.00,0,0
vda,3.80,0.00,0.01,0,0
vda,2.20,0.00,0.01,0,0
vda,12.80,0.00,0.05,0,0
vda,34.40,0.00,0.14,0,0
vda,17.20,0.00,0.07,0,0
vda,1.20,0.00,0.00,0,0
vda,39.80,0.00,0.16,0,0
vda,8.80,0.00,0.03,0,0
vda,1.20,0.00,0.00,0,0
vda,44.60,0.00,0.18,0,0
vda,1.60,0.00,0.01,0,0
vda,0.00,0.00,0.00,0,0
vda,33.80,0.00,0.13,0,0
vda,10.40,0.00,0.04,0,0
vda,1.40,0.00,0.00,0,0
vda,40.00,0.00,0.16,0,0
vda,14.80,0.00,0.06,0,0
vda,1.20,0.00,0.00,0,0
vda,1.40,0.00,0.00,0,0
vda,2.00,0.00,0.01,0,0
vda,2.80,0.00,0.01,0,0
vda,10.20,0.00,0.04,0,0
vda,15.60,0.00,0.06,0,0
vda,0.80,0.00,0.00,0,0
vda,24.20,0.00,0.09,0,0
vda,0.00,0.00,0.00,0,0
vda,1.60,0.00,0.00,0,0
vda,2.60,0.00,0.01,0,0
vda,1.00,0.00,0.00,0,0
vda,1.80,0.00,0.01,0,0
vda,24.00,0.00,0.10,0,0
vda,1.60,0.00,0.01,0,0
vda,0.00,0.00,0.00,0,0
vda,35.00,0.00,0.14,0,0
vda,2.20,0.00,0.01,0,0
vda,1.20,0.00,0.00,0,0
vda,8.60,0.00,0.04,0,0
vda,15.00,0.00,0.06,0,0
vda,1.20,0.00,0.00,0,0
vda,41.20,0.00,0.16,0,0
vda,33.20,0.00,0.13,0,0
vda,1.80,0.00,0.01,0,0
vda,2.20,0.00,0.01,0,0
vda,0.00,0.00,0.00,0,0
vda,1.20,0.00,0.00,0,0
vda,2.60,0.00,0.01,0,0
vda,8.40,0.00,0.04,0,0
vda,1.60,0.00,0.01,0,0
vda,37.60,0.00,0.15,0,0
vda,1.60,0.00,0.01,0,0
vda,0.00,0.00,0.00,0,0
vda,2.60,0.00,0.01,0,0
vda,1.00,0.00,0.00,0,0
vda,1.20,0.00,0.00,0,0
vda,11.00,0.00,0.05,0,0
vda,18.20,0.00,0.07,0,0
vda,1.20,0.00,0.00,0,0
vda,36.00,0.00,0.14,0,0
vda,3.00,0.00,0.01,0,0
vda,1.40,0.00,0.01,0,0
vda,2.20,0.00,0.01,0,0
vda,2.20,0.00,0.01,0,0
vda,1.60,0.00,0.01,0,0
vda,19.40,0.00,0.08,0,0
vda,8.00,0.00,0.03,0,0
vda,33.60,0.00,0.13,0,0
vda,16.40,0.00,0.07,0,0
vda,1.00,0.00,0.00,0,0
vda,3.00,0.00,0.01,0,0
vda,2.80,0.00,0.01,0,0
vda,0.00,0.00,0.00,0,0
vda,1.20,0.00,0.00,0,0
vda,23.80,0.00,0.09,0,0
vda,13.60,0.00,0.06,0,0
vda,8.40,0.00,0.03,0,0
vda,3.60,0.00,0.01,0,0
vda,0.80,0.00,0.00,0,0
vda,1.20,0.00,0.00,0,0
vda,4.20,0.00,0.02,0,0
vda,1.80,0.00,0.01,0,0
vda,18.20,0.00,0.07,0,0
vda,34.40,0.00,0.14,0,0
vda,0.80,0.00,0.00,0,0
vda,1.40,0.00,0.00,0,0
vda,10.20,0.00,0.04,0,0
vda,1.00,0.00,0.00,0,0
vda,1.60,0.00,0.00,0,0
vda,5.60,0.00,0.03,0,0
vda,19.20,0.00,0.07,0,0
vda,34.40,0.00,0.14,0,0
vda,8.80,0.00,0.04,0,0
vda,1.40,0.00,0.01,0,0
vda,1.20,0.00,0.00,0,0
vda,2.20,0.00,0.01,0,0
vda,2.60,0.00,0.01,0,0
vda,12.40,0.00,0.05,0,0
vda,3.80,0.00,0.01,0,0
vda,2.00,0.00,0.01,0,0
vda,33.40,0.00,0.13,0,0
vda,2.20,0.00,0.01,0,0
vda,0.00,0.00,0.00,0,0
vda,3.80,0.00,0.01,0,0
vda,2.60,0.00,0.01,0,0
vda,25.40,0.00,0.10,0,0
vda,2.40,0.00,0.01,0,0
vda,0.00,0.00,0.00,0,0
vda,0.80,0.00,0.00,0,0
vda,23.60,0.00,0.09,0,0
vda,5.20,0.00,0.02,0,0
vda,1.40,0.00,0.01,0,0
vda,18.20,0.00,0.07,0,0
vda,2.20,0.00,0.01,0,0
vda,0.80,0.00,0.00,0,0
vda,8.20,0.00,0.03,0,0
vda,35.00,0.00,0.14,0,0
vda,2.60,0.00,0.01,0,0
vda,2.80,0.00,0.01,0,0
vda,4.80,0.00,0.02,0,0
vda,41.20,0.00,0.17,0,0
vda,2.20,0.00,0.01,0,0
vda,1.20,0.00,0.00,0,0
vda,2.00,0.00,0.01,0,0
vda,27.60,0.00,0.11,0,0
vda,12.20,0.00,0.05,0,0
vda,0.00,0.00,0.00,0,0
vda,1.60,0.00,0.00,0,0
vda,1.20,0.00,0.00,0,0
vda,3.60,0.00,0.01,0,0
vda,2.40,0.00,0.01,0,0
vda,18.60,0.00,0.08,0,0
vda,35.60,0.00,0.14,0,0
vda,1.20,0.00,0.00,0,0
vda,1.20,0.00,0.00,0,0
vda,34.40,0.00,0.14,0,0
vda,10.60,0.00,0.04,0,0
vda,1.20,0.00,0.00,0,0
vda,2.00,0.00,0.01,0,0
vda,2.80,0.00,0.01,0,0
vda,1.60,0.00,0.01,0,0
vda,2.80,0.00,0.01,0,0
vda,19.20,0.00,0.08,0,0
vda,1.80,0.00,0.01,0,0
vda,35.60,0.00,0.14,0,0
vda,8.20,0.00,0.03,0,0
vda,1.60,0.00,0.01,0,0
vda,2.40,0.00,0.01,0,0
vda,3.60,0.00,0.01,0,0
vda,21.00,0.00,0.09,0,0
vda,2.20,0.00,0.01,0,0
vda,0.00,0.00,0.00,0,0
vda,1.20,0.00,0.00,0,0
vda,36.20,0.00,0.14,0,0
vda,1.00,0.00,0.00,0,0
vda,8.00,0.00,0.03,0,0
vda,15.40,0.00,0.06,0,0
vda,2.80,0.00,0.01,0,0
vda,10.40,0.00,0.04,0,0
vda,35.20,0.00,0.14,0,0
vda,1.20,0.00,0.00,0,0
vda,1.40,0.00,0.00,0,0
vda,2.00,0.00,0.01,0,0
vda,1.20,0.00,0.00,0,0
vda,1.20,0.00,0.00,0,0
vda,2.40,0.00,0.01,0,0
vda,2.40,0.00,0.01,0,0
vda,26.60,0.00,0.10,0,0
vda,47.70,0.00,0.19,0,0
vda,0.00,0.00,0.00,0,0
vda,1.20,0.00,0.00,0,0
vda,2.40,0.00,0.01,0,0
vda,1.40,0.00,0.01,0,0
vda,9.60,0.00,0.04,0,0
vda,19.60,0.00,0.08,0,0
vda,1.40,0.00,0.00,0,0
vda,46.00,0.00,0.18,0,0
vda,5.20,0.00,0.02,0,0
vda,1.60,0.00,0.01,0,0
vda,1.20,0.00,0.00,0,0
vda,2.20,0.00,0.01,0,0
vda,0.00,0.00,0.00,0,0
vda,1.60,0.00,0.01,0,0
vda,42.20,0.00,0.17,0,0
vda,1.40,0.00,0.01,0,0
vda,4.80,0.00,0.02,0,0
vda,2.20,0.00,0.01,0,0
vda,0.00,0.00,0.00,0,0
vda,3.20,0.00,0.01,0,0
vda,2.80,0.00,0.01,0,0
vda,2.00,0.00,0.01,0,0
vda,14.60,0.00,0.06,0,0
vda,38.00,0.00,0.15,0,0
vda,1.20,0.00,0.00,0,0
vda,8.40,0.00,0.03,0,0
vda,2.40,0.00,0.01,0,0
vda,1.40,0.00,0.00,0,0
vda,4.80,0.00,0.02,0,0
vda,16.00,0.00,0.06,0,0
vda,0.00,0.00,0.00,0,0
vda,4.80,0.00,0.02,0,0
vda,34.80,0.00,0.14,0,0
vda,2.40,0.00,0.01,0,0
vda,8.20,0.00,0.03,0,0
vda,4.20,0.00,0.02,0,0
vda,1.80,0.00,0.01,0,0
vda,10.00,0.00,0.04,0,0
vda,7.40,0.00,0.03,0,0
vda,25.80,0.00,0.10,0,0
vda,18.60,0.00,0.07,0,0
vda,2.40,0.00,0.01,0,0
vda,1.20,0.00,0.00,0,0
vda,39.00,0.00,0.16,0,0
vda,14.00,0.00,0.05,0,0
vda,23.80,0.00,0.10,0,0
vda,1.40,0.00,0.01,0,0
vda,36.80,0.00,0.15,0,0
vda,1.60,0.00,0.01,0,0
vda,2.80,0.00,0.01,0,0
vda,32.00,0.00,0.13,0,0
vda,12.80,0.00,0.05,0,0
vda,1.20,0.00,0.00,0,0
vda,43.40,0.00,0.17,0,0
vda,12.60,0.00,0.05,0,0
vda,1.20,0.00,0.00,0,0
vda,36.80,0.00,0.15,0,0
vda,1.60,0.00,0.01,0,0
vda,2.60,0.00,0.01,0,0
vda,4.00,0.00,0.02,0,0
vda,1.20,0.00,0.00,0,0
vda,1.40,0.00,0.01,0,0
vda,2.80,0.00,0.01,0,0
vda,19.00,0.00,0.08,0,0
vda,9.00,0.00,0.04,0,0
vda,35.80,0.00,0.14,0,0
vda,1.20,0.00,0.00,0,0
vda,1.20,0.00,0.00,0,0
vda,2.40,0.00,0.01,0,0
vda,1.40,0.00,0.01,0,0
vda,5.40,0.00,0.02,0,0
vda,13.80,0.00,0.05,0,0
vda,1.20,0.00,0.00,0,0
vda,41.80,0.00,0.17,0,0
vda,2.40,0.00,0.01,0,0
vda,1.20,0.00,0.00,0,0
vda,41.20,0.00,0.16,0,0
vda,15.00,0.00,0.06,0,0
vda,0.00,0.00,0.00,0,0
vda,1.20,0.00,0.00,0,0
vda,4.00,0.00,0.02,0,0
vda,1.20,0.00,0.00,0,0
vda,2.60,0.00,0.01,0,0
vda,4.00,0.00,0.02,0,0
vda,10.20,0.00,0.04,0,0
vda,23.40,0.00,0.09,0,0
vda,8.40,0.00,0.04,0,0
vda,1.20,0.00,0.00,0,0
vda,1.60,0.00,0.01,0,0
vda,4.20,0.00,0.02,0,0
vda,5.20,0.00,0.02,0,0
vda,4.80,0.00,0.02,0,0
vda,13.60,0.00,0.05,0,0
vda,1.20,0.00,0.00,0,0
vda,11.20,0.00,0.04,0,0
vda,32.80,0.00,0.13,0,0
vda,1.40,0.00,0.01,0,0
vda,1.80,0.00,0.01,0,0
vda,6.60,0.00,0.03,0,0
vda,17.40,0.00,0.07,0,0
vda,1.80,0.00,0.01,0,0
vda,2.40,0.00,0.01,0,0
vda,0.00,0.00,0.00,0,0
vda,41.60,0.00,0.17,0,0
vda,1.40,0.00,0.01,0,0
vda,5.60,0.00,0.02,0,0
vda,2.60,0.00,0.01,0,0
vda,11.20,0.00,0.04,0,0
vda,3.40,0.00,0.01,0,0
vda,2.40,0.00,0.01,0,0
vda,22.20,0.00,0.09,0,0
vda,1.60,0.00,0.01,0,0
vda,1.60,0.00,0.01,0,0
vda,8.00,0.00,0.03,0,0
vda,26.20,0.00,0.10,0,0
vda,1.20,0.00,0.00,0,0
vda,2.00,0.00,0.01,0,0
vda,1.20,0.00,0.00,0,0
vda,35.80,0.00,0.14,0,0
vda,24.40,0.00,0.10,0,0
vda,5.40,0.00,0.02,0,0
vda,1.40,0.00,0.01,0,0
vda,11.20,0.00,0.04,0,0
vda,0.20,0.00,0.00,0,0
vda,7.40,0.00,0.03,0,0
vda,3.00,0.00,0.01,0,0
vda,1.60,0.00,0.01,0,0
vda,7.60,0.00,0.03,0,0
vda,30.20,0.00,0.12,0,0
vda,5.80,0.00,0.02,0,0
vda,15.20,0.00,0.06,0,0
vda,2.80,0.00,0.01,0,0
vda,0.40,0.00,0.00,0,0
vda,1.20,0.00,0.00,0,0
vda,2.00,0.00,0.01,0,0
vda,2.40,0.00,0.01,0,0
vda,11.60,0.00,0.05,0,0
vda,34.80,0.00,0.14,0,0
vda,16.00,0.00,0.06,0,0
vda,3.20,0.00,0.01,0,0
vda,2.40,0.00,0.01,0,0
vda,1.40,0.00,0.00,0,0
vda,2.40,0.00,0.01,0,0
vda,0.60,0.00,0.00,0,0
vda,4.80,0.00,0.02,0,0
vda,17.00,0.00,0.07,0,0
vda,23.55,0.00,0.09,0,0
vda,2.80,0.00,0.01,0,0
vda,1.20,0.00,0.00,0,0
vda,6.00,0.00,0.03,0,0
vda,1.20,0.00,0.00,0,0
vda,4.60,0.00,0.02,0,0
vda,0.00,0.00,0.00,0,0
vda,16.40,0.00,0.06,0,0
vda,1.60,0.00,0.01,0,0
vda,41.80,0.00,0.17,0,0
vda,4.20,0.00,0.02,0,0
vda,1.20,0.00,0.00,0,0
vda,1.00,0.00,0.00,0,0
vda,6.40,0.00,0.03,0,0
vda,15.20,0.00,0.06,0,0
vda,0.60,0.00,0.00,0,0
vda,2.40,0.00,0.01,0,0
vda,2.80,0.00,0.01,0,0
vda,0.00,0.00,0.00,0,0
vda,35.80,0.00,0.14,0,0
vda,11.60,0.00,0.05,0,0
vda,10.60,0.00,0.04,0,0
vda,4.60,0.00,0.02,0,0
vda,1.60,0.00,0.01,0,0
vda,0.00,0.00,0.00,0,0
vda,3.60,0.00,0.02,0,0
vda,1.20,0.00,0.00,0,0
vda,38.20,0.00,0.15,0,0
vda,10.00,0.00,0.04,0,0
vda,15.40,0.00,0.06,0,0
vda,0.80,0.00,0.00,0,0
vda,2.20,0.00,0.01,0,0
vda,4.60,0.00,0.02,0,0
vda,11.60,0.00,0.05,0,0
vda,2.20,0.00,0.01,0,0
vda,1.80,0.00,0.01,0,0
vda,23.40,0.00,0.09,0,0
vda,11.20,0.00,0.04,0,0
vda,1.20,0.00,0.00,0,0
vda,1.20,0.00,0.00,0,0
vda,6.80,0.00,0.03,0,0
vda,4.60,0.00,0.02,0,0
vda,0.40,0.00,0.00,0,0
vda,2.20,0.00,0.01,0,0
vda,14.80,0.00,0.06,0,0
vda,35.00,0.00,0.14,0,0
vda,2.40,0.00,0.01,0,0
vda,9.60,0.00,0.04,0,0
vda,2.20,0.00,0.01,0,0
vda,2.60,0.00,0.01,0,0
vda,2.80,0.00,0.01,0,0
vda,31.00,0.00,0.12,0,0
vda,8.20,0.00,0.03,0,0
vda,1.20,0.00,0.00,0,0
vda,2.00,0.00,0.01,0,0
vda,5.00,0.00,0.02,0,0
vda,5.20,0.00,0.02,0,0
vda,34.60,0.00,0.14,0,0
vda,2.60,0.00,0.01,0,0
vda,12.00,0.00,0.05,0,0
vda,6.20,0.00,0.02,0,0
vda,1.80,0.00,0.01,0,0
vda,1.20,0.00,0.00,0,0
vda,5.20,0.00,0.02,0,0
vda,31.00,0.00,0.12,0,0
vda,8.20,0.00,0.03,0,0
vda,0.00,0.00,0.00,0,0
vda,21.40,0.00,0.08,0,0
vda,2.40,0.00,0.01,0,0
vda,4.40,0.00,0.02,0,0
vda,2.00,0.00,0.01,0,0
vda,2.20,0.00,0.01,0,0
vda,1.40,0.00,0.00,0,0
vda,30.40,0.00,0.12,0,0
vda,15.00,0.00,0.06,0,0
vda,2.40,0.00,0.01,0,0
vda,15.00,0.00,0.06,0,0
vda,1.60,0.00,0.01,0,0
vda,4.20,0.00,0.02,0,0
vda,3.80,0.00,0.01,0,0
vda,1.60,0.00,0.01,0,0
vda,9.60,0.00,0.04,0,0
vda,22.20,0.00,0.09,0,0
vda,1.20,0.00,0.00,0,0
vda,1.20,0.00,0.00,0,0
vda,12.60,0.00,0.05,0,0
vda,6.00,0.00,0.02,0,0
vda,1.20,0.00,0.00,0,0
vda,20.80,0.00,0.08,0,0
vda,2.00,0.00,0.01,0,0
vda,40.40,0.00,0.16,0,0
vda,3.40,0.00,0.01,0,0
vda,1.80,0.00,0.01,0,0
vda,9.80,0.00,0.04,0,0
vda,2.40,0.00,0.01,0,0
vda,10.40,0.00,0.04,0,0
vda,8.80,0.00,0.04,0,0
vda,2.20,0.00,0.01,0,0
vda,3.60,0.00,0.01,0,0
vda,31.20,0.00,0.12,0,0
vda,11.80,0.00,0.05,0,0
vda,0.00,0.00,0.00,0,0
vda,6.60,0.00,0.03,0,0
vda,17.80,0.00,0.07,0,0
vda,1.20,0.00,0.00,0,0
vda,0.80,0.00,0.00,0,0
vda,2.40,0.00,0.01,0,0
vda,6.20,0.00,0.02,0,0
vda,21.40,0.00,0.08,0,0
vda,1.20,0.00,0.00,0,0
vda,13.80,0.00,0.05,0,0
vda,8.20,0.00,0.03,0,0
vda,2.80,0.00,0.01,0,0
vda,8.00,0.00,0.03,0,0
vda,1.40,0.00,0.01,0,0
vda,5.60,0.00,0.02,0,0
vda,2.20,0.00,0.01,0,0
vda,31.20,0.00,0.12,0,0
vda,11.80,0.00,0.05,0,0
vda,0.80,0.00,0.00,0,0
vda,5.40,0.00,0.02,0,0
vda,2.20,0.00,0.01,0,0
vda,11.60,0.00,0.05,0,0
vda,1.80,0.00,0.01,0,0
vda,2.20,0.00,0.01,0,0
vda,16.20,0.00,0.07,0,0
vda,31.40,0.00,0.12,0,0
vda,2.40,0.00,0.01,0,0
vda,1.20,0.00,0.00,0,0
vda,10.40,0.00,0.04,0,0
vda,0.00,0.00,0.00,0,0
vda,1.20,0.00,0.00,0,0
vda,18.60,0.00,0.07,0,0
vda,2.40,0.00,0.01,0,0
vda,1.20,0.00,0.00,0,0
vda,30.80,0.00,0.12,0,0
vda,4.40,0.00,0.02,0,0
vda,2.60,0.00,0.01,0,0
vda,8.00,0.00,0.03,0,0
vda,16.20,0.00,0.07,0,0
vda,0.40,0.00,0.00,0,0
vda,2.60,0.00,0.01,0,0
vda,1.00,0.00,0.00,0,0
vda,8.00,0.00,0.03,0,0
vda,23.20,0.00,0.09,0,0
vda,2.80,0.00,0.01,0,0
vda,1.00,0.00,0.01,0,0
vda,22.00,0.00,0.09,0,0
vda,3.00,0.00,0.01,0,0
vda,1.20,0.00,0.00,0,0
vda,1.20,0.00,0.00,0,0
vda,5.60,0.00,0.02,0,0
vda,8.20,0.00,0.03,0,0
vda,31.60,0.00,0.13,0,0
vda,11.40,0.00,0.04,0,0
vda,3.20,0.00,0.01,0,0
vda,6.00,0.00,0.02,0,0
vda,0.20,0.00,0.00,0,0
vda,1.20,0.00,0.00,0,0
vda,5.20,0.00,0.02,0,0
vda,3.60,0.00,0.02,0,0
vda,8.20,0.00,0.03,0,0
vda,43.40,0.00,0.17,0,0
vda,2.00,0.00,0.01,0,0
vda,3.80,0.00,0.01,0,0
vda,8.40,0.00,0.03,0,0
vda,2.40,0.00,0.01,0,0
vda,11.60,0.00,0.05,0,0
vda,2.80,0.00,0.01,0,0
vda,13.80,0.00,0.05,0,0
vda,1.20,0.00,0.00,0,0
vda,30.20,0.00,0.12,0,0
vda,2.40,0.00,0.01,0,0
vda,2.40,0.00,0.01,0,0
vda,10.60,0.00,0.04,0,0
vda,5.00,0.00,0.02,0,0
vda,11.00,0.00,0.04,0,0
vda,0.40,0.00,0.00,0,0
vda,2.40,0.00,0.01,0,0
vda,0.80,0.00,0.00,0,0
vda,27.20,0.00,0.11,0,0
vda,5.80,0.00,0.02,0,0
vda,1.20,0.00,0.00,0,0
vda,11.80,0.00,0.05,0,0
vda,15.60,0.00,0.06,0,0
vda,1.20,0.00,0.00,0,0
vda,0.00,0.00,0.00,0,0
vda,2.20,0.00,0.01,0,0
vda,3.20,0.00,0.01,0,0
vda,37.40,0.00,0.15,0,0
vda,3.80,0.00,0.02,0,0
vda,10.00,0.00,0.04,0,0
vda,4.80,0.00,0.02,0,0
vda,2.20,0.00,0.01,0,0
vda,2.79,0.00,0.01,0,0
vda,2.00,0.00,0.01,0,0
vda,6.40,0.00,0.03,0,0
vda,2.40,0.00,0.01,0,0
vda,28.40,0.00,0.11,0,0
vda,16.00,0.00,0.06,0,0
vda,7.80,0.00,0.03,0,0
vda,7.00,0.00,0.03,0,0
vda,3.80,0.00,0.01,0,0
vda,4.20,0.00,0.02,0,0
vda,4.80,0.00,0.02,0,0
vda,1.20,0.00,0.00,0,0
vda,18.40,0.00,0.07,0,0
vda,39.80,0.00,0.16,0,0
vda,9.40,0.00,0.04,0,0
vda,1.20,0.00,0.00,0,0
vda,7.80,0.00,0.03,0,0
vda,7.40,0.00,0.03,0,0
vda,1.80,0.00,0.01,0,0
vda,4.40,0.00,0.02,0,0
vda,11.00,0.00,0.04,0,0
vda,1.20,0.00,0.00,0,0
vda,18.80,0.00,0.07,0,0
vda,2.60,0.00,0.01,0,0
vda,4.40,0.00,0.02,0,0
vda,14.80,0.00,0.06,0,0
vda,2.80,0.00,0.01,0,0
vda,14.80,0.00,0.06,0,0
vda,1.20,0.00,0.00,0,0
vda,2.20,0.00,0.01,0,0
vda,2.00,0.00,0.01,0,0
vda,31.00,0.00,0.12,0,0
vda,5.40,0.00,0.02,0,0
vda,1.40,0.00,0.01,0,0
vda,3.60,0.00,0.01,0,0
vda,15.80,0.00,0.06,0,0
vda,8.20,0.00,0.03,0,0
vda,2.00,0.00,0.01,0,0
vda,3.00,0.00,0.01,0,0
vda,17.40,0.00,0.07,0,0
vda,30.80,0.00,0.12,0,0
vda,0.00,0.00,0.00,0,0
vda,10.40,0.00,0.04,0,0
vda,6.60,0.00,0.03,0,0
vda,3.00,0.00,0.01,0,0
vda,7.80,0.00,0.03,0,0
vda,3.80,0.00,0.02,0,0
vda,3.60,0.00,0.01,0,0
vda,1.20,0.00,0.00,0,0
vda,14.80,0.00,0.06,0,0
vda,32.20,0.00,0.12,0,0
vda,1.80,0.00,0.01,0,0
vda,7.60,0.00,0.03,0,0
vda,1.20,0.00,0.00,0,0
vda,3.60,0.00,0.02,0,0
vda,7.80,0.00,0.03,0,0
vda,2.80,0.00,0.01,0,0
vda,10.60,0.00,0.04,0,0
vda,19.20,0.00,0.07,0,0
vda,2.00,0.00,0.01,0,0
vda,2.80,0.00,0.01,0,0
vda,10.00,0.00,0.04,0,0
vda,5.20,0.00,0.02,0,0
vda,1.40,0.00,0.01,0,0
vda,0.00,0.00,0.00,0,0
vda,16.40,0.00,0.06,0,0
vda,8.38,0.00,0.03,0,0
vda,29.60,0.00,0.12,0,0
vda,2.40,0.00,0.01,0,0
vda,7.20,0.00,0.03,0,0
vda,6.20,0.00,0.02,0,0
vda,0.00,0.00,0.00,0,0
vda,15.60,0.00,0.06,0,0
vda,1.60,0.00,0.01,0,0
vda,2.40,0.00,0.01,0,0
vda,7.00,0.00,0.03,0,0
vda,27.40,0.00,0.11,0,0
vda,9.60,0.00,0.04,0,0
vda,2.60,0.00,0.01,0,0
vda,8.40,0.00,0.03,0,0
vda,1.00,0.00,0.00,0,0
vda,9.80,0.00,0.04,0,0
vda,1.20,0.00,0.00,0,0
vda,7.20,0.00,0.03,0,0
vda,4.80,0.00,0.02,0,0
vda,6.00,0.00,0.02,0,0
vda,28.60,0.00,0.11,0,0
vda,1.40,0.00,0.01,0,0
vda,18.40,0.00,0.07,0,0
vda,7.00,0.00,0.03,0,0
vda,0.00,0.00,0.00,0,0
vda,2.80,0.00,0.01,0,0
vda,2.00,0.00,0.01,0,0
vda,4.60,0.00,0.02,0,0
vda,3.40,0.00,0.01,0,0
vda,35.00,0.00,0.14,0,0
vda,15.00,0.00,0.06,0,0
vda,1.20,0.00,0.00,0,0
vda,8.60,0.00,0.04,0,0
vda,11.80,0.00,0.05,0,0
vda,4.20,0.00,0.02,0,0
vda,2.60,0.00,0.01,0,0
vda,1.60,0.00,0.01,0,0
vda,10.60,0.00,0.04,0,0
vda,21.00,0.00,0.08,0,0
vda,1.60,0.00,0.01,0,0
vda,1.60,0.00,0.01,0,0
vda,7.80,0.00,0.03,0,0
vda,7.40,0.00,0.03,0,0
vda,0.00,0.00,0.00,0,0
vda,2.60,0.00,0.01,0,0
vda,15.00,0.00,0.06,0,0
vda,2.80,0.00,0.01,0,0
vda,30.60,0.00,0.12,0,0
vda,1.40,0.00,0.01,0,0
vda,11.60,0.00,0.05,0,0
vda,3.80,0.00,0.01,0,0
vda,3.40,0.00,0.01,0,0
vda,12.60,0.00,0.05,0,0
vda,0.00,0.00,0.00,0,0
vda,2.20,0.00,0.01,0,0
vda,1.60,0.00,0.01,0,0
vda,30.00,0.00,0.12,0,0
vda,12.80,0.00,0.05,0,0
vda,0.40,0.00,0.00,0,0
vda,11.40,0.00,0.05,0,0
vda,15.20,0.00,0.06,0,0
vda,1.20,0.00,0.00,0,0
vda,17.40,0.00,0.07,0,0
vda,2.60,0.00,0.01,0,0
vda,4.40,0.00,0.02,0,0
vda,4.40,0.00,0.02,0,0
vda,10.60,0.00,0.05,0,0
vda,19.80,0.00,0.08,0,0
vda,8.00,0.00,0.03,0,0
vda,4.00,0.00,0.02,0,0
vda,2.40,0.00,0.01,0,0
vda,35.20,0.00,0.14,0,0
vda,7.00,0.00,0.03,0,0
vda,2.20,0.00,0.01,0,0
vda,2.80,0.00,0.01,0,0
vda,11.40,0.00,0.04,0,0
vda,10.20,0.00,0.04,0,0
vda,8.60,0.00,0.03,0,0
vda,0.00,0.00,0.00,0,0
vda,6.40,0.00,0.03,0,0
vda,29.60,0.00,0.12,0,0
vda,0.00,0.00,0.00,0,0
vda,15.00,0.00,0.06,0,0
vda,38.00,0.00,0.20,0,0
vda,2.80,0.00,0.01,0,0
vda,1.20,0.00,0.00,0,0
vda,5.60,0.00,0.02,0,0
vda,5.80,0.00,0.03,0,0
vda,1.60,0.00,0.01,0,0
vda,28.40,0.00,0.11,0,0
vda,16.60,0.00,0.06,0,0
vda,2.00,0.00,0.01,0,0
vda,5.00,0.00,0.02,0,0
vda,0.00,0.00,0.00,0,0
vda,6.80,0.00,0.03,0,0
vda,7.60,0.00,0.03,0,0
vda,8.00,0.00,0.03,0,0
vda,11.20,0.00,0.04,0,0
vda,19.40,0.00,0.08,0,0
vda,1.20,0.00,0.00,0,0
vda,3.60,0.00,0.01,0,0
vda,5.60,0.00,0.02,0,0
vda,12.00,0.00,0.05,0,0
vda,1.20,0.00,0.00,0,0
vda,19.40,0.00,0.08,0,0
vda,2.40,0.00,0.01,0,0
vda,1.60,0.00,0.01,0,0
vda,28.60,0.00,0.11,0,0
vda,2.20,0.00,0.01,0,0
vda,2.40,0.00,0.01,0,0
vda,5.40,0.00,0.02,0,0
vda,11.20,0.00,0.04,0,0
vda,2.80,0.00,0.01,0,0
vda,7.80,0.00,0.03,0,0
vda,1.20,0.00,0.00,0,0
vda,1.60,0.00,0.01,0,0
vda,27.60,0.00,0.11,0,0
vda,12.40,0.00,0.05,0,0
vda,15.60,0.00,0.06,0,0
vda,3.80,0.00,0.01,0,0
vda,2.60,0.00,0.01,0,0
vda,3.40,0.00,0.01,0,0
vda,7.80,0.00,0.03,0,0
vda,0.00,0.00,0.00,0,0
vda,4.00,0.00,0.02,0,0
vda,36.80,0.00,0.14,0,0
vda,2.40,0.00,0.01,0,0
vda,7.60,0.00,0.03,0,0
vda,1.40,0.00,0.01,0,0
vda,11.20,0.00,0.05,0,0
vda,1.20,0.00,0.00,0,0
vda,1.60,0.00,0.01,0,0
vda,21.40,0.00,0.08,0,0
vda,1.80,0.00,0.01,0,0
vda,0.00,0.00,0.00,0,0
vda,19.40,0.00,0.08,0,0
vda,2.80,0.00,0.01,0,0
vda,1.20,0.00,0.00,0,0
vda,17.00,0.00,0.07,0,0
vda,18.80,0.00,0.07,0,0
vda,1.00,0.00,0.00,0,0
vda,3.80,0.00,0.01,0,0
vda,2.00,0.00,0.01,0,0
vda,3.00,0.00,0.01,0,0
vda,26.20,0.00,0.10,0,0
vda,1.20,0.00,0.00,0,0
vda,12.80,0.00,0.05,0,0
vda,15.20,0.00,0.06,0,0
vda,2.00,0.00,0.01,0,0
vda,2.40,0.00,0.01,0,0
vda,3.39,0.00,0.02,0,0
vda,1.60,0.00,0.01,0,0
vda,26.20,0.00,0.10,0,0
vda,2.40,0.00,0.01,0,0
vda,19.20,0.00,0.07,0,0
vda,8.80,0.00,0.03,0,0
vda,9.20,0.00,0.04,0,0
vda,1.40,0.00,0.01,0,0
vda,4.20,0.00,0.02,0,0
vda,1.40,0.00,0.01,0,0
vda,2.00,0.00,0.01,0,0
vda,44.00,0.00,0.17,0,0
vda,2.20,0.00,0.01,0,0
vda,1.20,0.00,0.00,0,0
vda,14.80,0.00,0.06,0,0
vda,3.40,0.00,0.02,0,0
vda,1.60,0.00,0.01,0,0
vda,1.20,0.00,0.00,0,0
vda,2.40,0.00,0.01,0,0
vda,14.20,0.00,0.06,0,0
vda,28.00,0.00,0.11,0,0
vda,0.00,0.00,0.00,0,0
vda,3.00,0.00,0.02,0,0
vda,9.40,0.00,0.03,0,0
vda,2.60,0.00,0.01,0,0
vda,2.20,0.00,0.01,0,0
vda,17.40,0.00,0.07,0,0
vda,2.20,0.00,0.01,0,0
vda,4.20,0.00,0.02,0,0
vda,29.80,0.00,0.12,0,0
vda,0.00,0.00,0.00,0,0
vda,1.40,0.00,0.01,0,0
vda,7.40,0.00,0.03,0,0
vda,1.20,0.00,0.00,0,0
vda,19.60,0.00,0.08,0,0
vda,1.60,0.00,0.01,0,0
vda,3.60,0.00,0.02,0,0
vda,0.80,0.00,0.00,0,0
vda,39.60,0.00,0.15,0,0
vda,1.80,0.00,0.01,0,0
vda,1.60,0.00,0.01,0,0
vda,35.80,0.00,0.14,0,0
vda,1.20,0.00,0.00,0,0
vda,1.40,0.00,0.01,0,0
vda,7.80,0.00,0.03,0,0
vda,2.40,0.00,0.01,0,0
vda,1.80,0.00,0.01,0,0
vda,41.60,0.00,0.16,0,0
vda,1.20,0.00,0.00,0,0
vda,0.00,0.00,0.00,0,0
vda,10.00,0.00,0.04,0,0
vda,2.20,0.00,0.01,0,0
vda,1.60,0.00,0.01,0,0
vda,9.40,0.00,0.04,0,0
vda,20.20,0.00,0.08,0,0
vda,0.80,0.00,0.00,0,0
vda,18.60,0.00,0.07,0,0
vda,3.60,0.00,0.02,0,0
vda,2.20,0.00,0.01,0,0
vda,10.20,0.00,0.04,0,0
vda,2.60,0.00,0.01,0,0
vda,18.60,0.00,0.07,0,0
vda,0.20,0.00,0.00,0,0
vda,2.20,0.00,0.01,0,0
vda,9.20,0.00,0.04,0,0
vda,28.00,0.00,0.11,0,0
vda,2.60,0.00,0.01,0,0
vda,3.20,0.00,0.01,0,0
vda,7.60,0.00,0.03,0,0
vda,12.80,0.00,0.05,0,0
vda,0.00,0.00,0.00,0,0
vda,3.00,0.00,0.01,0,0
vda,2.40,0.00,0.01,0,0
vda,8.20,0.00,0.03,0,0
vda,27.60,0.00,0.11,0,0
vda,3.80,0.00,0.01,0,0
vda,17.60,0.00,0.07,0,0
vda,9.80,0.00,0.04,0,0
vda,3.40,0.00,0.02,0,0
vda,1.20,0.00,0.00,0,0
vda,1.80,0.00,0.01,0,0
vda,9.60,0.00,0.04,0,0
vda,1.80,0.00,0.01,0,0
vda,27.80,0.00,0.11,0,0
vda,19.60,0.00,0.08,0,0
vda,3.20,0.00,0.01,0,0
vda,10.40,0.00,0.04,0,0
vda,1.40,0.00,0.01,0,0
vda,9.58,0.00,0.04,0,0
vda,2.60,0.00,0.01,0,0
vda,1.40,0.00,0.01,0,0
vda,11.60,0.00,0.05,0,0
vda,18.40,0.00,0.07,0,0
vda,3.60,0.00,0.02,0,0
vda,1.40,0.00,0.01,0,0
vda,10.60,0.00,0.04,0,0
vda,3.00,0.00,0.01,0,0
vda,1.20,0.00,0.00,0,0
vda,2.20,0.00,0.01,0,0
vda,17.40,0.00,0.07,0,0
vda,2.40,0.00,0.01,0,0
vda,28.00,0.00,0.11,0,0
vda,9.20,0.00,0.04,0,0
vda,1.20,0.00,0.00,0,0
vda,6.40,0.00,0.03,0,0
vda,4.00,0.00,0.02,0,0
vda,18.60,0.00,0.07,0,0
vda,4.20,0.00,0.02,0,0
vda,2.40,0.00,0.01,0,0
vda,0.40,0.00,0.00,0,0
vda,28.80,0.00,0.11,0,0
vda,7.60,0.00,0.03,0,0
vda,1.40,0.00,0.01,0,0
vda,12.20,0.00,0.05,0,0
vda,13.60,0.00,0.05,0,0
vda,3.40,0.00,0.02,0,0
vda,0.20,0.00,0.00,0,0
vda,2.00,0.00,0.01,0,0
vda,1.20,0.00,0.00,0,0
vda,35.80,0.00,0.14,0,0
vda,1.60,0.00,0.01,0,0
vda,17.40,0.00,0.07,0,0
vda,11.00,0.00,0.05,0,0
vda,1.00,0.00,0.00,0,0
vda,3.20,0.00,0.01,0,0
vda,3.00,0.00,0.01,0,0
vda,1.40,0.00,0.01,0,0
vda,17.60,0.00,0.07,0,0
vda,2.20,0.00,0.01,0,0
vda,14.40,0.00,0.06,0,0
vda,16.60,0.00,0.07,0,0
vda,2.60,0.00,0.01,0,0
vda,1.40,0.00,0.01,0,0
vda,1.60,0.00,0.01,0,0
vda,28.80,0.00,0.11,0,0
vda,1.20,0.00,0.00,0,0
vda,19.00,0.00,0.08,0,0
vda,3.60,0.00,0.01,0,0
vda,1.40,0.00,0.01,0,0
vda,13.40,0.00,0.05,0,0
vda,2.40,0.00,0.01,0,0
vda,0.00,0.00,0.00,0,0
vda,1.40,0.00,0.00,0,0
vda,32.40,0.00,0.13,0,0
vda,19.40,0.00,0.08,0,0
vda,2.20,0.00,0.01,0,0
vda,0.00,0.00,0.00,0,0
vda,0.80,0.00,0.00,0,0
vda,9.00,0.00,0.04,0,0
vda,8.80,0.00,0.04,0,0
vda,1.60,0.00,0.01,0,0
vda,30.40,0.00,0.12,0,0
vda,3.60,0.00,0.01,0,0
vda,1.60,0.00,0.01,0,0
vda,0.60,0.00,0.00,0,0
vda,12.60,0.00,0.05,0,0
vda,9.40,0.00,0.04,0,0
vda,3.40,0.00,0.02,0,0
vda,2.40,0.00,0.01,0,0
vda,24.20,0.00,0.09,0,0
vda,13.40,0.00,0.05,0,0
vda,26.80,0.00,0.10,0,0
vda,1.60,0.00,0.01,0,0
vda,0.40,0.00,0.00,0,0
vda,2.80,0.00,0.01,0,0
vda,7.80,0.00,0.04,0,0
vda,1.80,0.00,0.01,0,0
vda,19.60,0.00,0.08,0,0
vda,6.80,0.00,0.03,0,0
vda,2.00,0.00,0.01,0,0
vda,28.60,0.00,0.11,0,0
vda,2.60,0.00,0.01,0,0
vda,3.60,0.00,0.02,0,0
vda,10.00,0.00,0.04,0,0
vda,0.00,0.00,0.00,0,0
vda,13.40,0.00,0.05,0,0
vda,2.40,0.00,0.01,0,0
vda,7.40,0.00,0.03,0,0
vda,1.40,0.00,0.01,0,0
vda,29.40,0.00,0.12,0,0
vda,2.00,0.00,0.01,0,0
vda,2.00,0.00,0.01,0,0
vda,27.60,0.00,0.11,0,0
vda,0.80,0.00,0.00,0,0
vda,1.20,0.00,0.00,0,0
vda,2.40,0.00,0.01,0,0
vda,8.40,0.00,0.04,0,0
vda,2.00,0.00,0.01,0,0
vda,19.60,0.00,0.08,0,0
vda,2.40,0.00,0.01,0,0
vda,14.20,0.00,0.06,0,0
vda,5.20,0.00,0.02,0,0
vda,1.20,0.00,0.00,0,0
vda,4.80,0.00,0.02,0,0
vda,2.40,0.00,0.01,0,0
vda,0.00,0.00,0.00,0,0
vda,8.00,0.00,0.03,0,0
vda,45.80,0.00,0.18,0,0
vda,0.80,0.00,0.00,0,0
vda,2.20,0.00,0.01,0,0
vda,11.60,0.00,0.05,0,0
vda,2.80,0.00,0.01,0,0
vda,0.20,0.00,0.00,0,0
vda,2.20,0.00,0.01,0,0
vda,0.80,0.00,0.00,0,0
vda,19.20,0.00,0.08,0,0
vda,35.40,0.00,0.14,0,0
vda,0.20,0.00,0.00,0,0
vda,2.40,0.00,0.01,0,0
vda,10.00,0.00,0.04,0,0
vda,2.00,0.00,0.01,0,0
vda,2.20,0.00,0.01,0,0
vda,13.80,0.00,0.05,0,0
vda,0.20,0.00,0.00,0,0
vda,1.60,0.00,0.01,0,0
vda,30.00,0.00,0.12,0,0
vda,7.80,0.00,0.03,0,0
vda,2.20,0.00,0.01,0,0
vda,10.20,0.00,0.04,0,0
vda,0.00,0.00,0.00,0,0
vda,22.60,0.00,0.09,0,0
vda,9.00,0.00,0.04,0,0
vda,1.80,0.00,0.01,0,0
vda,1.60,0.00,0.01,0,0
vda,19.80,0.00,0.08,0,0
vda,0.80,0.00,0.00,0,0
vda,1.20,0.00,0.00,0,0
vda,25.00,0.00,0.10,0,0
vda,0.40,0.00,0.00,0,0
vda,3.20,0.00,0.02,0,0
vda,3.20,0.00,0.01,0,0
vda,1.60,0.00,0.01,0,0
vda,1.60,0.00,0.01,0,0
vda,28.60,0.00,0.11,0,0
vda,0.20,0.00,0.00,0,0
vda,13.40,0.00,0.05,0,0
vda,11.60,0.00,0.05,0,0
vda,8.20,0.00,0.03,0,0
vda,1.20,0.00,0.00,0,0
vda,2.40,0.00,0.01,0,0
vda,1.60,0.00,0.01,0,0
vda,2.40,0.00,0.01,0,0
vda,46.20,0.00,0.18,0,0
vda,1.20,0.00,0.01,0,0
vda,1.40,0.00,0.00,0,0
vda,9.80,0.00,0.04,0,0
vda,7.80,0.00,0.03,0,0
vda,1.80,0.00,0.01,0,0
vda,0.40,0.00,0.00,0,0
vda,5.20,0.00,0.02,0,0
vda,14.80,0.00,0.06,0,0
vda,26.60,0.00,0.10,0,0
vda,2.20,0.00,0.01,0,0
vda,1.60,0.00,0.01,0,0
vda,10.20,0.00,0.04,0,0
vda,0.20,0.00,0.00,0,0
vda,8.40,0.00,0.03,0,0
vda,21.40,0.00,0.09,0,0
vda,2.80,0.00,0.01,0,0
vda,3.00,0.00,0.01,0,0
vda,17.60,0.00,0.07,0,0
vda,1.20,0.00,0.00,0,0
vda,1.40,0.00,0.01,0,0
vda,10.20,0.00,0.04,0,0
vda,19.80,0.00,0.08,0,0
vda,9.00,0.00,0.04,0,0
vda,2.20,0.00,0.01,0,0
vda,0.00,0.00,0.00,0,0
vda,3.80,0.00,0.01,0,0
vda,28.40,0.00,0.11,0,0
vda,0.20,0.00,0.00,0,0
vda,14.80,0.00,0.06,0,0
vda,7.40,0.00,0.03,0,0
vda,1.20,0.00,0.00,0,0
vda,2.20,0.00,0.01,0,0
vda,7.00,0.00,0.03,0,0
vda,1.60,0.00,0.01,0,0
vda,2.40,0.00,0.01,0,0
vda,38.40,0.00,0.15,0,0
vda,24.40,0.00,0.10,0,0
vda,2.00,0.00,0.01,0,0
vda,12.80,0.00,0.05,0,0
vda,1.20,0.00,0.00,0,0
vda,3.40,0.00,0.01,0,0
vda,0.40,0.00,0.00,0,0
vda,3.20,0.00,0.02,0,0
vda,19.60,0.00,0.08,0,0
vda,19.40,0.00,0.08,0,0
vda,1.20,0.00,0.00,0,0
vda,2.40,0.00,0.01,0,0
vda,19.20,0.00,0.08,0,0
vda,0.20,0.00,0.00,0,0
vda,2.60,0.00,0.01,0,0
vda,2.00,0.00,0.01,0,0
vda,18.60,0.00,0.07,0,0
vda,1.60,0.00,0.01,0,0
vda,28.40,0.00,0.11,0,0
vda,2.99,0.00,0.01,0,0
vda,1.80,0.00,0.01,0,0
vda,9.40,0.00,0.04,0,0
vda,0.80,0.00,0.00,0,0
vda,20.00,0.00,0.08,0,0
vda,0.00,0.00,0.00,0,0
vda,1.20,0.00,0.00,0,0
vda,7.20,0.00,0.03,0,0
vda,28.60,0.00,0.11,0,0
vda,1.20,0.00,0.00,0,0
vda,4.40,0.00,0.02,0,0
vda,10.40,0.00,0.04,0,0
vda,12.60,0.00,0.05,0,0
vda,0.00,0.00,0.00,0,0
vda,2.80,0.00,0.01,0,0
vda,2.20,0.00,0.01,0,0
vda,8.80,0.00,0.04,0,0
vda,30.00,0.00,0.12,0,0
vda,1.20,0.00,0.00,0,0
vda,18.40,0.00,0.07,0,0
vda,11.60,0.00,0.05,0,0
vda,1.80,0.00,0.01,0,0
vda,0.60,0.00,0.00,0,0
vda,2.60,0.00,0.01,0,0
vda,2.40,0.00,0.01,0,0
vda,0.80,0.00,0.00,0,0
vda,35.00,0.00,0.14,0,0
vda,18.60,0.00,0.07,0,0
vda,1.40,0.00,0.01,0,0
vda,10.40,0.00,0.04,0,0
vda,1.20,0.00,0.00,0,0
vda,5.20,0.00,0.02,0,0
vda,2.40,0.00,0.01,0,0
vda,1.20,0.00,0.00,0,0
vda,11.80,0.00,0.05,0,0
vda,18.80,0.00,0.07,0,0
vda,2.40,0.00,0.01,0,0
vda,7.60,0.00,0.03,0,0
vda,9.40,0.00,0.04,0,0
vda,3.20,0.00,0.02,0,0
vda,1.20,0.00,0.00,0,0
vda,4.80,0.00,0.02,0,0
vda,19.80,0.00,0.08,0,0
vda,0.40,0.00,0.00,0,0
vda,28.20,0.00,0.11,0,0
vda,2.20,0.00,0.01,0,0
vda,3.40,0.00,0.02,0,0
vda,13.20,0.00,0.05,0,0
vda,2.40,0.00,0.01,0,0
vda,12.40,0.00,0.05,0,0
vda,1.40,0.00,0.01,0,0
vda,3.80,0.00,0.01,0,0
vda,1.60,0.00,0.01,0,0
vda,29.60,0.00,0.12,0,0
vda,1.20,0.00,0.00,0,0
vda,0.00,0.00,0.00,0,0
vda,9.40,0.00,0.04,0,0
vda,26.60,0.00,0.11,0,0
vda,1.80,0.00,0.01,0,0
vda,3.20,0.00,0.01,0,0
vda,10.40,0.00,0.04,0,0
vda,0.20,0.00,0.00,0,0
vda,27.60,0.00,0.11,0,0
vda,2.40,0.00,0.01,0,0
vda,18.40,0.00,0.07,0,0
vda,9.20,0.00,0.04,0,0
vda,2.20,0.00,0.01,0,0
vda,1.80,0.00,0.01,0,0
vda,1.40,0.00,0.00,0,0
vda,4.80,0.00,0.02,0,0
vda,0.80,0.00,0.00,0,0
vda,20.40,0.00,0.08,0,0
vda,13.80,0.00,0.05,0,0
vda,0.80,0.00,0.00,0,0
vda,10.80,0.00,0.04,0,0
vda,2.00,0.00,0.01,0,0
vda,8.40,0.00,0.04,0,0
vda,2.80,0.00,0.01,0,0
vda,0.20,0.00,0.00,0,0
vda,2.80,0.00,0.01,0,0
vda,45.00,0.00,0.18,0,0
vda,4.20,0.00,0.02,0,0
vda,0.40,0.00,0.00,0,0
vda,6.60,0.00,0.03,0,0
vda,2.20,0.00,0.01,0,0
vda,8.00,0.00,0.03,0,0
vda,1.40,0.00,0.01,0,0
vda,19.00,0.00,0.07,0,0
vda,3.20,0.00,0.01,0,0
vda,30.20,0.00,0.12,0,0
vda,0.00,0.00,0.00,0,0
vda,1.40,0.00,0.01,0,0
vda,9.20,0.00,0.04,0,0
vda,2.00,0.00,0.01,0,0
vda,8.00,0.00,0.03,0,0
vda,12.80,0.00,0.05,0,0
vda,3.20,0.00,0.01,0,0
vda,1.20,0.00,0.00,0,0
vda,19.20,0.00,0.07,0,0
vda,5.20,0.00,0.02,0,0
vda,2.00,0.00,0.01,0,0
vda,13.20,0.00,0.05,0,0
vda,22.80,0.00,0.09,0,0
vda,3.20,0.00,0.02,0,0
vda,1.40,0.00,0.00,0,0
vda,44.40,0.00,0.18,0,0
vda,1.60,0.00,0.01,0,0
vda,2.60,0.00,0.01,0,0
vda,7.40,0.00,0.03,0,0
vda,1.20,0.00,0.00,0,0
vda,20.40,0.00,0.08,0,0
vda,0.00,0.00,0.00,0,0
vda,1.40,0.00,0.01,0,0
vda,28.00,0.00,0.11,0,0
vda,9.40,0.00,0.04,0,0
vda,1.60,0.00,0.00,0,0
vda,9.40,0.00,0.04,0,0
vda,13.80,0.00,0.06,0,0
vda,2.80,0.00,0.01,0,0
vda,2.20,0.00,0.01,0,0
vda,2.60,0.00,0.01,0,0
vda,0.80,0.00,0.00,0,0
vda,29.00,0.00,0.11,0,0
vda,0.20,0.00,0.00,0,0
vda,9.20,0.00,0.04,0,0
vda,26.40,0.00,0.10,0,0
vda,2.60,0.00,0.01,0,0
vda,2.20,0.00,0.01,0,0
vda,3.20,0.00,0.01,0,0
vda,10.40,0.00,0.04,0,0
vda,0.00,0.00,0.00,0,0
vda,21.20,0.00,0.09,0,0
vda,13.40,0.00,0.05,0,0
vda,1.60,0.00,0.01,0,0
vda,2.00,0.00,0.01,0,0
vda,9.80,0.00,0.04,0,0
vda,1.20,0.00,0.00,0,0
vda,3.80,0.00,0.01,0,0
vda,34.60,0.00,0.14,0,0
vda,1.60,0.00,0.01,0,0
vda,17.20,0.00,0.07,0,0
vda,2.20,0.00,0.01,0,0
vda,1.60,0.00,0.01,0,0
vda,1.80,0.00,0.01,0,0
vda,14.00,0.00,0.06,0,0
