16197328.0,63664.0,1308.0
16197328.0,63664.0,1308.0
15417818.667,200907.73333,2366.1333333
14735748.0,320996.0,3292.0
13863986.667,546935.46667,3323.7333333
12867688.0,805152.0,3360.0
12867688.0,805152.0,3360.0
11986286.4,1057346.1333,3398.4
11215060.0,1278016.0,3432.0
11215060.0,1278016.0,3432.0
10039744.0,1565041.6,3465.6
9256200.0,1756392.0,3488.0
7777480.0,1980237.3333,3520.0
7038120.0,2092160.0,3536.0
7038120.0,2092160.0,3536.0
6534956.5333,2092162.9333,3582.9333333
6351988.0,2092164.0,3600.0
6351988.0,2092164.0,3600.0
6349321.3333,2092166.6667,3642.6666667
6347988.0,2092168.0,3664.0
6340990.6667,2094589.3333,4730.6666667
6337492.0,2095800.0,5264.0
6337492.0,2095800.0,5264.0
6334878.6667,2098440.0,5442.6666667
6333572.0,2099760.0,5532.0
6333572.0,2099760.0,5532.0
6333572.0,2099760.0,5532.0
6333572.0,2099760.0,5532.0
6333572.0,2099760.0,5532.0
6333572.0,2099760.0,5532.0
6333572.0,2099760.0,5532.0
6333572.0,2099760.0,5532.0
6333572.0,2099760.0,5532.0
6333572.0,2099760.0,5532.0
6333572.0,2099760.0,5532.0
6333537.8667,2099770.6667,5668.5333333
6333508.0,2099780.0,5788.0
6333508.0,2099780.0,5788.0
6333508.0,2099780.0,5788.0
6333508.0,2099780.0,5788.0
6333508.0,2099780.0,5788.0
6333508.0,2099780.0,5788.0
6333508.0,2099780.0,5788.0
6333508.0,2099780.0,5788.0
6333508.0,2099780.0,5788.0
6332822.6667,2099793.3333,5956.0
6332480.0,2099800.0,6040.0
6332480.0,2099800.0,6040.0
6332480.0,2099800.0,6040.0
6332480.0,2099800.0,6040.0
6332480.0,2099800.0,6040.0
6332480.0,2099800.0,6040.0
6332480.0,2099800.0,6040.0
6332480.0,2099800.0,6040.0
6332480.0,2099800.0,6040.0
6330924.8,2099828.8,6244.8
6330536.0,2099836.0,6296.0
6330536.0,2099836.0,6296.0
6331688.8,2099841.8667,6337.0666667
6332108.0,2099844.0,6352.0
6332108.0,2099844.0,6352.0
6332108.0,2099844.0,6352.0
6332108.0,2099844.0,6352.0
6332108.0,2099844.0,6352.0
6332108.0,2099844.0,6352.0
6332108.0,2099844.0,6352.0
6332108.0,2099844.0,6352.0
6332108.0,2099844.0,6352.0
6332108.0,2099844.0,6352.0
6332108.0,2099844.0,6352.0
6332640.8,2099894.4,6500.8
6332996.0,2099928.0,6600.0
6332996.0,2099928.0,6600.0
6332996.0,2099928.0,6600.0
6332996.0,2099928.0,6600.0
6332996.0,2099928.0,6600.0
6332996.0,2099928.0,6600.0
6332996.0,2099928.0,6600.0
6332996.0,2099928.0,6600.0
6332996.0,2099928.0,6600.0
6332996.0,2099928.0,6600.0
6332996.0,2099928.0,6600.0
6333404.0,2100021.6,6777.6
6333676.0,2100084.0,6896.0
6333676.0,2100084.0,6896.0
6333676.0,2100084.0,6896.0
6333676.0,2100084.0,6896.0
6333676.0,2100084.0,6896.0
6333676.0,2100084.0,6896.0
6333676.0,2100084.0,6896.0
6333676.0,2100084.0,6896.0
6333676.0,2100084.0,6896.0
6333676.0,2100084.0,6896.0
6333676.0,2100084.0,6896.0
6333265.6,2100093.6,7044.8
6332992.0,2100100.0,7144.0
6332992.0,2100100.0,7144.0
6332992.0,2100100.0,7144.0
6332992.0,2100100.0,7144.0
6332992.0,2100100.0,7144.0
6332992.0,2100100.0,7144.0
6332992.0,2100100.0,7144.0
6332992.0,2100100.0,7144.0
6332992.0,2100100.0,7144.0
6332992.0,2100100.0,7144.0
6332992.0,2100100.0,7144.0
6332832.0,2100116.0,7259.2
6332592.0,2100140.0,7432.0
6332592.0,2100140.0,7432.0
6332592.0,2100140.0,7432.0
6332592.0,2100140.0,7432.0
6332592.0,2100140.0,7432.0
6332592.0,2100140.0,7432.0
6332592.0,2100140.0,7432.0
6332108.8,2100149.6,7502.4
6331384.0,2100164.0,7608.0
6331384.0,2100164.0,7608.0
6331384.0,2100164.0,7608.0
6331384.0,2100164.0,7608.0
6331384.0,2100164.0,7608.0
6331384.0,2100164.0,7608.0
6331384.0,2100164.0,7608.0
6331384.0,2100164.0,7608.0
6331384.0,2100164.0,7608.0
6330824.0,2101037.6,7792.0
6329984.0,2102348.0,8068.0
6329984.0,2102348.0,8068.0
6329984.0,2102348.0,8068.0
6329984.0,2102348.0,8068.0
6329984.0,2102348.0,8068.0
6329984.0,2102348.0,8068.0
6329984.0,2102348.0,8068.0
6329984.0,2102348.0,8068.0
6329984.0,2102348.0,8068.0
6329984.0,2102348.0,8068.0
6329984.0,2102348.0,8068.0
6329956.0,2102359.2,8168.8
6329924.0,2102372.0,8284.0
6329924.0,2102372.0,8284.0
6329924.0,2102372.0,8284.0
6329924.0,2102372.0,8284.0
6329924.0,2102372.0,8284.0
6329924.0,2102372.0,8284.0
6329924.0,2102372.0,8284.0
6329924.0,2102372.0,8284.0
6329924.0,2102372.0,8284.0
6329023.2,2102392.8,8389.6
6327672.0,2102424.0,8548.0
6327672.0,2102424.0,8548.0
6327672.0,2102424.0,8548.0
6327672.0,2102424.0,8548.0
6327672.0,2102424.0,8548.0
6327672.0,2102424.0,8548.0
6327672.0,2102424.0,8548.0
6327672.0,2102424.0,8548.0
6327672.0,2102424.0,8548.0
6327672.0,2102424.0,8548.0
6327672.0,2102424.0,8548.0
6328013.6,2102431.4667,8660.0
6328404.0,2102440.0,8788.0
6328404.0,2102440.0,8788.0
6328404.0,2102440.0,8788.0
6328404.0,2102440.0,8788.0
6328404.0,2102440.0,8788.0
6328404.0,2102440.0,8788.0
6328404.0,2102440.0,8788.0
6328404.0,2102440.0,8788.0
6328404.0,2102440.0,8788.0
6328404.0,2102440.0,8788.0
6328404.0,2102440.0,8788.0
6328354.9333,2102450.6667,8869.0666667
6328220.0,2102480.0,9092.0
6327930.9333,2102480.0,9109.0666667
6327136.0,2102480.0,9156.0
6327136.0,2102480.0,9156.0
6327136.0,2102480.0,9156.0
6327136.0,2102480.0,9156.0
6327136.0,2102480.0,9156.0
6327136.0,2102480.0,9156.0
6327136.0,2102480.0,9156.0
6327396.0,2102486.4,9189.6
6328436.0,2102512.0,9324.0
6328436.0,2102512.0,9324.0
6328436.0,2102512.0,9324.0
6328436.0,2102512.0,9324.0
6328436.0,2102512.0,9324.0
6328436.0,2102512.0,9324.0
6328436.0,2102512.0,9324.0
6328436.0,2102512.0,9324.0
6328436.0,2102512.0,9324.0
6328436.0,2102512.0,9324.0
6328436.0,2102512.0,9324.0
6328385.8667,2102517.3333,9398.6666667
6328248.0,2102532.0,9604.0
6328248.0,2102532.0,9604.0
6328248.0,2102532.0,9604.0
6328248.0,2102532.0,9604.0
6328248.0,2102532.0,9604.0
6328248.0,2102532.0,9604.0
6328248.0,2102532.0,9604.0
6328248.0,2102532.0,9604.0
6328248.0,2102532.0,9604.0
6328248.0,2102532.0,9604.0
6328248.0,2102532.0,9604.0
6328241.6,2102536.8,9647.7333333
6328200.0,2102568.0,9932.0
6328200.0,2102568.0,9932.0
6328200.0,2102568.0,9932.0
6328200.0,2102568.0,9932.0
6328200.0,2102568.0,9932.0
6328200.0,2102568.0,9932.0
6328200.0,2102568.0,9932.0
6328200.0,2102568.0,9932.0
6328200.0,2102568.0,9932.0
6328200.0,2102568.0,9932.0
6328200.0,2102568.0,9932.0
6325892.0,2102584.0,10164.0
6326008.2667,2102584.5333,10168.266667
6327636.0,2102592.0,10228.0
6327636.0,2102592.0,10228.0
6327551.4667,2102591.7333,10231.733333
6326368.0,2102588.0,10284.0
6326368.0,2102588.0,10284.0
6326368.0,2102588.0,10284.0
6326368.0,2102588.0,10284.0
6326368.0,2102588.0,10284.0
6326368.0,2102588.0,10284.0
6326368.0,2102588.0,10284.0
6326368.0,2102588.0,10284.0
6326368.0,2102588.0,10284.0
6326368.0,2102588.0,10284.0
6326368.0,2102588.0,10284.0
6326824.5333,2102605.0667,10424.8
6326824.5333,2102605.0667,10424.8
6327224.0,2102620.0,10548.0
6327224.0,2102620.0,10548.0
6327224.0,2102620.0,10548.0
6327224.0,2102620.0,10548.0
6327224.0,2102620.0,10548.0
6327224.0,2102620.0,10548.0
6327224.0,2102620.0,10548.0
6327224.0,2102620.0,10548.0
6327224.0,2102620.0,10548.0
6327224.0,2102620.0,10548.0
6327224.0,2102620.0,10548.0
6326768.5333,2102642.4,10831.733333
6326736.0,2102644.0,10852.0
6326736.0,2102644.0,10852.0
6326736.0,2102644.0,10852.0
6326736.0,2102644.0,10852.0
6326736.0,2102644.0,10852.0
6326736.0,2102644.0,10852.0
6326736.0,2102644.0,10852.0
6326736.0,2102644.0,10852.0
6326736.0,2102644.0,10852.0
6326736.0,2102644.0,10852.0
6326688.0,2102646.6667,10886.133333
6326376.0,2102664.0,11108.0
6326376.0,2102664.0,11108.0
6326376.0,2102664.0,11108.0
6326376.0,2102664.0,11108.0
6326376.0,2102664.0,11108.0
6326376.0,2102664.0,11108.0
6326376.0,2102664.0,11108.0
6326376.0,2102664.0,11108.0
6326376.0,2102664.0,11108.0
6326376.0,2102664.0,11108.0
6326376.0,2102664.0,11108.0
6326390.9333,2102666.4,11129.333333
6326600.0,2102700.0,11428.0
6326600.0,2102700.0,11428.0
6326600.0,2102700.0,11428.0
6326600.0,2102700.0,11428.0
6326550.4,2102700.2667,11436.533333
6325856.0,2102704.0,11556.0
6325856.0,2102704.0,11556.0
6325856.0,2102704.0,11556.0
6325856.0,2102704.0,11556.0
6325856.0,2102704.0,11556.0
6325856.0,2102704.0,11556.0
6325856.0,2102704.0,11556.0
6325856.0,2102704.0,11556.0
6325856.0,2102704.0,11556.0
6325856.0,2102704.0,11556.0
6325856.0,2102704.0,11556.0
6325841.0667,2102705.0667,11570.933333
6325632.0,2102720.0,11780.0
6325632.0,2102720.0,11780.0
6325632.0,2102720.0,11780.0
6325632.0,2102720.0,11780.0
6325632.0,2102720.0,11780.0
6325632.0,2102720.0,11780.0
6325632.0,2102720.0,11780.0
6325632.0,2102720.0,11780.0
6325632.0,2102720.0,11780.0
6325632.0,2102720.0,11780.0
6325632.0,2102720.0,11780.0
6325632.0,2102720.0,11780.0
6325400.8,2102724.8,11840.8
6324476.0,2102744.0,12084.0
6324476.0,2102744.0,12084.0
6324476.0,2102744.0,12084.0
6324476.0,2102744.0,12084.0
6324476.0,2102744.0,12084.0
6324476.0,2102744.0,12084.0
6324476.0,2102744.0,12084.0
6324476.0,2102744.0,12084.0
6324476.0,2102744.0,12084.0
6324476.0,2102744.0,12084.0
6324476.0,2102744.0,12084.0
6324560.8,2102748.2667,12113.866667
6324904.5333,2102776.5333,12317.6
6323556.0,2102780.0,12380.0
6323556.0,2102780.0,12380.0
6323657.6,2102780.2667,12383.733333
6325080.0,2102784.0,12436.0
6325080.0,2102784.0,12436.0
6325080.0,2102784.0,12436.0
6325080.0,2102784.0,12436.0
6325080.0,2102784.0,12436.0
6325080.0,2102784.0,12436.0
6325080.0,2102784.0,12436.0
6325080.0,2102784.0,12436.0
6325080.0,2102784.0,12436.0
6325080.0,2102784.0,12436.0
6325080.0,2102784.0,12436.0
6325119.2,2102788.0,12484.0
6325276.0,2102804.0,12676.0
6325276.0,2102804.0,12676.0
6325276.0,2102804.0,12676.0
6325276.0,2102804.0,12676.0
6325276.0,2102804.0,12676.0
6324486.6667,2102813.3333,12737.333333
6322908.0,2102832.0,12860.0
6322908.0,2102832.0,12860.0
6323357.0667,2102834.1333,12877.066667
6324592.0,2102840.0,12924.0
6324592.0,2102840.0,12924.0
6324592.0,2102840.0,12924.0
6324592.0,2102840.0,12924.0
6324592.0,2102840.0,12924.0
6324592.0,2102840.0,12924.0
6324592.0,2102840.0,12924.0
6324592.0,2102840.0,12924.0
6324592.0,2102840.0,12924.0
6324592.0,2102840.0,12924.0
6324592.0,2102840.0,12924.0
6324502.9333,2102869.8667,12956.0
6323924.0,2103064.0,13164.0
6323924.0,2103064.0,13164.0
6323924.0,2103064.0,13164.0
6323924.0,2103064.0,13164.0
6323924.0,2103064.0,13164.0
6323924.0,2103064.0,13164.0
6323924.0,2103064.0,13164.0
6323924.0,2103064.0,13164.0
6323924.0,2103064.0,13164.0
6323924.0,2103064.0,13164.0
6323924.0,2103064.0,13164.0
6323846.1333,2103065.3333,13184.266667
6322756.0,2103084.0,13468.0
6322756.0,2103084.0,13468.0
6322756.0,2103084.0,13468.0
6322756.0,2103084.0,13468.0
6322756.0,2103084.0,13468.0
6322756.0,2103084.0,13468.0
6322756.0,2103084.0,13468.0
6322756.0,2103084.0,13468.0
6322756.0,2103084.0,13468.0
6322756.0,2103084.0,13468.0
6322756.0,2103084.0,13468.0
6322811.2,2103097.6,13483.2
6323584.0,2103288.0,13696.0
6323584.0,2103288.0,13696.0
6323584.0,2103288.0,13696.0
6323584.0,2103288.0,13696.0
6323584.0,2103288.0,13696.0
6323584.0,2103288.0,13696.0
6323584.0,2103288.0,13696.0
6323584.0,2103288.0,13696.0
6323584.0,2103288.0,13696.0
6323584.0,2103288.0,13696.0
6323584.0,2103288.0,13696.0
6323460.2667,2103306.1333,13736.533333
6322656.0,2103424.0,14000.0
6322656.0,2103424.0,14000.0
6322656.0,2103424.0,14000.0
6322656.0,2103424.0,14000.0
6322656.0,2103424.0,14000.0
6322656.0,2103424.0,14000.0
6322656.0,2103424.0,14000.0
6322656.0,2103424.0,14000.0
6322656.0,2103424.0,14000.0
6322656.0,2103424.0,14000.0
6322656.0,2103424.0,14000.0
6322651.2,2103430.4,14046.4
6322632.0,2103456.0,14232.0
6322632.0,2103456.0,14232.0
6322632.0,2103456.0,14232.0
6322632.0,2103456.0,14232.0
6322632.0,2103456.0,14232.0
6322632.0,2103456.0,14232.0
6322632.0,2103456.0,14232.0
6322632.0,2103456.0,14232.0
6322632.0,2103456.0,14232.0
6322632.0,2103456.0,14232.0
6322632.0,2103456.0,14232.0
6322573.3333,2103470.4,14273.6
6322192.0,2103564.0,14544.0
6322192.0,2103564.0,14544.0
6322192.0,2103564.0,14544.0
6322192.0,2103564.0,14544.0
6321840.0,2103568.0,14564.8
6320432.0,2103584.0,14648.0
6320432.0,2103584.0,14648.0
6320672.5333,2103584.5333,14656.533333
6322236.0,2103588.0,14712.0
6322236.0,2103588.0,14712.0
6322236.0,2103588.0,14712.0
6322236.0,2103588.0,14712.0
6322236.0,2103588.0,14712.0
6322236.0,2103588.0,14712.0
6322236.0,2103588.0,14712.0
6322236.0,2103588.0,14712.0
6322236.0,2103588.0,14712.0
6322236.0,2103588.0,14712.0
6322236.0,2103588.0,14712.0
6322201.6,2103591.2,14764.8
6322064.0,2103604.0,14976.0
6322064.0,2103604.0,14976.0
6322064.0,2103604.0,14976.0
6322064.0,2103604.0,14976.0
6322064.0,2103604.0,14976.0
6322064.0,2103604.0,14976.0
6322064.0,2103604.0,14976.0
6322064.0,2103604.0,14976.0
6322064.0,2103604.0,14976.0
6322064.0,2103604.0,14976.0
6322064.0,2103604.0,14976.0
6322002.1333,2103614.6667,15059.2
6321832.0,2103644.0,15288.0
6321832.0,2103644.0,15288.0
6321832.0,2103644.0,15288.0
6321832.0,2103644.0,15288.0
6321832.0,2103644.0,15288.0
6321832.0,2103644.0,15288.0
6321832.0,2103644.0,15288.0
6321832.0,2103644.0,15288.0
6321832.0,2103644.0,15288.0
6321832.0,2103644.0,15288.0
6321832.0,2103644.0,15288.0
6321957.8667,2103647.2,15356.266667
6322304.0,2103656.0,15544.0
6322304.0,2103656.0,15544.0
6322304.0,2103656.0,15544.0
6322304.0,2103656.0,15544.0
6322304.0,2103656.0,15544.0
6322304.0,2103656.0,15544.0
6322304.0,2103656.0,15544.0
6322304.0,2103656.0,15544.0
6322304.0,2103656.0,15544.0
6322304.0,2103656.0,15544.0
6322304.0,2103656.0,15544.0
6322303.4667,2103660.2667,15586.666667
6322300.0,2103688.0,15864.0
6322300.0,2103688.0,15864.0
6322300.0,2103688.0,15864.0
6322300.0,2103688.0,15864.0
6322300.0,2103688.0,15864.0
6322300.0,2103688.0,15864.0
6322300.0,2103688.0,15864.0
6322300.0,2103688.0,15864.0
6322300.0,2103688.0,15864.0
6322300.0,2103688.0,15864.0
6322300.0,2103688.0,15864.0
6322050.6667,2103716.0,15952.0
6321552.0,2103772.0,16128.0
6321552.0,2103772.0,16128.0
6321552.0,2103772.0,16128.0
6321552.0,2103772.0,16128.0
6321552.0,2103772.0,16128.0
6321552.0,2103772.0,16128.0
6321552.0,2103772.0,16128.0
6321552.0,2103772.0,16128.0
6321552.0,2103772.0,16128.0
6321552.0,2103772.0,16128.0
6321552.0,2103772.0,16128.0
6321385.6,2103818.9333,16209.066667
6320928.0,2103948.0,16432.0
6320928.0,2103948.0,16432.0
6320928.0,2103948.0,16432.0
6320928.0,2103948.0,16432.0
6320928.0,2103948.0,16432.0
6320928.0,2103948.0,16432.0
6320928.0,2103948.0,16432.0
6320928.0,2103948.0,16432.0
6320928.0,2103948.0,16432.0
6320928.0,2103948.0,16432.0
6320928.0,2103948.0,16432.0
6320792.0,2103950.1333,16465.066667
6319908.0,2103964.0,16680.0
6319908.0,2103964.0,16680.0
6319908.0,2103964.0,16680.0
6319908.0,2103964.0,16680.0
6319908.0,2103964.0,16680.0
6319908.0,2103964.0,16680.0
6319972.0,2103965.0667,16706.666667
6320388.0,2103972.0,16880.0
6320159.2,2103972.0,16888.533333
6318672.0,2103972.0,16944.0
6318672.0,2103972.0,16944.0
6318996.8,2103972.8,16956.8
6320296.0,2103976.0,17008.0
6320296.0,2103976.0,17008.0
6320296.0,2103976.0,17008.0
6320296.0,2103976.0,17008.0
6320296.0,2103976.0,17008.0
6320296.0,2103976.0,17008.0
6320296.0,2103976.0,17008.0
6320296.0,2103976.0,17008.0
6320296.0,2103976.0,17008.0
6320296.0,2103976.0,17008.0
6320296.0,2103976.0,17008.0
6320188.2667,2103980.8,17040.0
6319247.4667,2104013.6,17255.466667
6317684.0,2104024.0,17304.0
6317684.0,2104024.0,17304.0
6317810.6667,2104024.2667,17307.733333
6319584.0,2104028.0,17360.0
6319584.0,2104028.0,17360.0
6319515.7333,2104028.0,17364.8
6318560.0,2104028.0,17432.0
6318560.0,2104028.0,17432.0
6318560.0,2104028.0,17432.0
6318560.0,2104028.0,17432.0
6318560.0,2104028.0,17432.0
6318560.0,2104028.0,17432.0
6318560.0,2104028.0,17432.0
6318560.0,2104028.0,17432.0
6318560.0,2104028.0,17432.0
6318560.0,2104028.0,17432.0
6318560.0,2104028.0,17432.0
6318545.6,2104029.3333,17448.0
6318344.0,2104048.0,17672.0
6318344.0,2104048.0,17672.0
6318344.0,2104048.0,17672.0
6318344.0,2104048.0,17672.0
6318344.0,2104048.0,17672.0
6318292.2667,2104049.8667,17683.2
6317568.0,2104076.0,17840.0
6317568.0,2104076.0,17840.0
6317568.0,2104076.0,17840.0
6317568.0,2104076.0,17840.0
6317568.0,2104076.0,17840.0
6317568.0,2104076.0,17840.0
6317568.0,2104076.0,17840.0
6317568.0,2104076.0,17840.0
6317568.0,2104076.0,17840.0
6317568.0,2104076.0,17840.0
6317568.0,2104076.0,17840.0
6317568.0,2104076.0,17840.0
6317366.4,2104102.1333,18071.466667
6317352.0,2104104.0,18088.0
6317352.0,2104104.0,18088.0
6317352.0,2104104.0,18088.0
6317352.0,2104104.0,18088.0
6317352.0,2104104.0,18088.0
6317352.0,2104104.0,18088.0
6317352.0,2104104.0,18088.0
6317352.0,2104104.0,18088.0
6317352.0,2104104.0,18088.0
6317352.0,2104104.0,18088.0
6317352.0,2104104.0,18088.0
6316932.5333,2104138.6667,18351.466667
6316868.0,2104144.0,18392.0
6316868.0,2104144.0,18392.0
6315921.6,2104133.6,18440.533333
6315776.0,2104132.0,18448.0
6315776.0,2104132.0,18448.0
6315776.0,2104132.0,18448.0
6315776.0,2104132.0,18448.0
6315776.0,2104132.0,18448.0
6315776.0,2104132.0,18448.0
6315776.0,2104132.0,18448.0
6315776.0,2104132.0,18448.0
6315776.0,2104132.0,18448.0
6315776.0,2104132.0,18448.0
6315776.0,2104132.0,18448.0
6315772.8,2104154.4,18633.6
6315772.0,2104160.0,18680.0
6315772.0,2104160.0,18680.0
6315772.0,2104160.0,18680.0
6314308.2667,2104171.7333,18768.0
6313776.0,2104176.0,18800.0
6313776.0,2104176.0,18800.0
6315372.8,2104176.0,18844.8
6315772.0,2104176.0,18856.0
6315772.0,2104176.0,18856.0
6315772.0,2104176.0,18856.0
6315772.0,2104176.0,18856.0
6315772.0,2104176.0,18856.0
6315772.0,2104176.0,18856.0
6315772.0,2104176.0,18856.0
6315772.0,2104176.0,18856.0
6315772.0,2104176.0,18856.0
6313650.4,2104195.2,19060.8
6313120.0,2104200.0,19112.0
6313120.0,2104200.0,19112.0
6314611.2,2104200.0,19156.8
6314984.0,2104200.0,19168.0
6314984.0,2104200.0,19168.0
6314984.0,2104200.0,19168.0
6314984.0,2104200.0,19168.0
6314984.0,2104200.0,19168.0
6314984.0,2104200.0,19168.0
6314984.0,2104200.0,19168.0
6314984.0,2104200.0,19168.0
6314984.0,2104200.0,19168.0
6314212.5333,2104223.4667,19344.0
6313932.0,2104232.0,19408.0
6313932.0,2104232.0,19408.0
6314753.3333,2104240.8,19454.933333
6315052.0,2104244.0,19472.0
6315052.0,2104244.0,19472.0
6315052.0,2104244.0,19472.0
6315052.0,2104244.0,19472.0
6315052.0,2104244.0,19472.0
6315052.0,2104244.0,19472.0
6315052.0,2104244.0,19472.0
6315052.0,2104244.0,19472.0
6315052.0,2104244.0,19472.0
6315052.0,2104244.0,19472.0
6315052.0,2104244.0,19472.0
6314626.6667,2104258.6667,19648.0
6311488.8,2104425.3333,19764.8
6310404.0,2104484.0,19784.0
6310404.0,2104484.0,19784.0
6312601.0667,2104492.8,19828.0
6313400.0,2104496.0,19844.0
6313400.0,2104496.0,19844.0
6313400.0,2104496.0,19844.0
6313400.0,2104496.0,19844.0
6313400.0,2104496.0,19844.0
6312316.0,2104512.0,19964.0
6312316.0,2104512.0,19964.0
6312316.0,2104512.0,19964.0
6312316.0,2104512.0,19964.0
6312316.0,2104512.0,19964.0
6312316.0,2104512.0,19964.0
6312316.0,2104512.0,19964.0
6312316.0,2104512.0,19964.0
6460869.0667,2104523.2,20143.2
6471480.0,2104524.0,20156.0
6863431.7333,2104534.4,20211.466667
6923732.0,2104536.0,20220.0
6923732.0,2104536.0,20220.0
6922667.7333,2104567.2,20278.933333
6922504.0,2104572.0,20288.0
6922504.0,2104572.0,20288.0
6922504.0,2104572.0,20288.0
6922504.0,2104572.0,20288.0
6922504.0,2104572.0,20288.0
6922504.0,2104572.0,20288.0
6922504.0,2104572.0,20288.0
6922504.0,2104572.0,20288.0
6922504.0,2104572.0,20288.0
6922504.0,2104572.0,20288.0
6921447.4667,2104613.0667,20512.0
6921372.0,2104616.0,20528.0
6922755.2,2104622.9333,20583.466667
6922968.0,2104624.0,20592.0
6922968.0,2104624.0,20592.0
6922968.0,2104624.0,20592.0
6922968.0,2104624.0,20592.0
6922968.0,2104624.0,20592.0
6919464.0,2104646.4,20704.0
6918588.0,2104652.0,20732.0
6921602.4,2104661.6,20783.2
6922356.0,2104664.0,20796.0
6922356.0,2104664.0,20796.0
6922356.0,2104664.0,20796.0
6922356.0,2104664.0,20796.0
6922356.0,2104664.0,20796.0
6922356.0,2104664.0,20796.0
6922356.0,2104664.0,20796.0
6921637.3333,2104681.6,20928.0
6921376.0,2104688.0,20976.0
6921376.0,2104688.0,20976.0
6922780.8,2104694.4,21024.0
6923132.0,2104696.0,21036.0
6923132.0,2104696.0,21036.0
6923132.0,2104696.0,21036.0
6923132.0,2104696.0,21036.0
6923132.0,2104696.0,21036.0
6923132.0,2104696.0,21036.0
6923132.0,2104696.0,21036.0
6923132.0,2104696.0,21036.0
6923132.0,2104696.0,21036.0
6923132.0,2104696.0,21036.0
6923132.0,2104696.0,21036.0
6922201.3333,2104722.6667,21153.333333
6921736.0,2104736.0,21212.0
6921736.0,2104736.0,21212.0
6921736.0,2104736.0,21212.0
6921736.0,2104736.0,21212.0
6921736.0,2104736.0,21212.0
6921736.0,2104736.0,21212.0
6921736.0,2104736.0,21212.0
6921736.0,2104736.0,21212.0
6921736.0,2104736.0,21212.0
6921736.0,2104736.0,21212.0
6921736.0,2104736.0,21212.0
6922324.8,2104748.8,21340.0
6922840.0,2104760.0,21452.0
6921314.6667,2104772.8,21477.6
6919980.0,2104784.0,21500.0
6919980.0,2104784.0,21500.0
6921774.1333,2104788.2667,21519.2
6923344.0,2104792.0,21536.0
6923344.0,2104792.0,21536.0
6922009.6,2104806.4,21572.0
6921120.0,2104816.0,21596.0
6921120.0,2104816.0,21596.0
6921120.0,2104816.0,21596.0
6921120.0,2104816.0,21596.0
6921120.0,2104816.0,21596.0
6921120.0,2104816.0,21596.0
6921120.0,2104816.0,21596.0
6921120.0,2104816.0,21596.0
6921120.0,2104816.0,21596.0
6921120.0,2104816.0,21596.0
6921120.0,2104816.0,21596.0
6921912.0,2104830.6667,21728.0
6922200.0,2104836.0,21776.0
6922200.0,2104836.0,21776.0
6922200.0,2104836.0,21776.0
6922200.0,2104836.0,21776.0
6922200.0,2104836.0,21776.0
6922200.0,2104836.0,21776.0
6922200.0,2104836.0,21776.0
6922200.0,2104836.0,21776.0
6922200.0,2104836.0,21776.0
6922200.0,2104836.0,21776.0
6922200.0,2104836.0,21776.0
6920698.9333,2104874.1333,22001.333333
6920468.0,2104880.0,22036.0
6920468.0,2104880.0,22036.0
6921754.4,2104892.8,22080.8
6922076.0,2104896.0,22092.0
6922076.0,2104896.0,22092.0
6922076.0,2104896.0,22092.0
6922076.0,2104896.0,22092.0
6922076.0,2104896.0,22092.0
6922076.0,2104896.0,22092.0
6922076.0,2104896.0,22092.0
6922076.0,2104896.0,22092.0
6922076.0,2104896.0,22092.0
6922076.0,2104896.0,22092.0
6922076.0,2104896.0,22092.0
6922017.0667,2104913.3333,22265.333333
6920584.0,2104932.0,22327.2
6920228.0,2104936.0,22336.0
6920228.0,2104936.0,22336.0
6921181.3333,2104944.8,22368.266667
6921528.0,2104948.0,22380.0
6922650.6667,2104961.3333,22404.0
6923212.0,2104968.0,22416.0
6923212.0,2104968.0,22416.0
6923212.0,2104968.0,22416.0
6923212.0,2104968.0,22416.0
6923212.0,2104968.0,22416.0
6923212.0,2104968.0,22416.0
6923212.0,2104968.0,22416.0
7378084.0,2104991.4667,22506.933333
7543492.0,2105000.0,22540.0
7543492.0,2105000.0,22540.0
7543492.0,2105000.0,22540.0
7543492.0,2105000.0,22540.0
7543492.0,2105000.0,22540.0
7543492.0,2105000.0,22540.0
7543492.0,2105000.0,22540.0
7543492.0,2105000.0,22540.0
7543492.0,2105000.0,22540.0
7543492.0,2105000.0,22540.0
7543492.0,2105000.0,22540.0
7543782.6667,2105053.3333,22673.333333
7543928.0,2105080.0,22740.0
7543928.0,2105080.0,22740.0
7543928.0,2105080.0,22740.0
7543928.0,2105080.0,22740.0
7543928.0,2105080.0,22740.0
7543928.0,2105080.0,22740.0
7543928.0,2105080.0,22740.0
7543928.0,2105080.0,22740.0
7543928.0,2105080.0,22740.0
7543928.0,2105080.0,22740.0
7543928.0,2105080.0,22740.0
7543184.0,2105088.0,22900.0
7542812.0,2105092.0,22980.0
7542812.0,2105092.0,22980.0
7542812.0,2105092.0,22980.0
7542812.0,2105092.0,22980.0
7542812.0,2105092.0,22980.0
7542812.0,2105092.0,22980.0
7542812.0,2105092.0,22980.0
7542812.0,2105092.0,22980.0
7542812.0,2105092.0,22980.0
7542812.0,2105092.0,22980.0
7542812.0,2105092.0,22980.0
7542663.2,2105111.2,23092.8
7542564.0,2105124.0,23168.0
7542564.0,2105124.0,23168.0
7542564.0,2105124.0,23168.0
7542564.0,2105124.0,23168.0
7542564.0,2105124.0,23168.0
7542564.0,2105124.0,23168.0
7542564.0,2105124.0,23168.0
7542564.0,2105124.0,23168.0
7542564.0,2105124.0,23168.0
7542564.0,2105124.0,23168.0
7542564.0,2105124.0,23168.0
7542084.0,2105150.4,23307.2
7541764.0,2105168.0,23400.0
7541764.0,2105168.0,23400.0
7541764.0,2105168.0,23400.0
7541764.0,2105168.0,23400.0
7541764.0,2105168.0,23400.0
7541764.0,2105168.0,23400.0
7541764.0,2105168.0,23400.0
7541764.0,2105168.0,23400.0
7541764.0,2105168.0,23400.0
7541764.0,2105168.0,23400.0
7541764.0,2105168.0,23400.0
7541905.3333,2105264.0,23512.0
7541976.0,2105312.0,23568.0
7541976.0,2105312.0,23568.0
7541976.0,2105312.0,23568.0
7541976.0,2105312.0,23568.0
7541976.0,2105312.0,23568.0
7541976.0,2105312.0,23568.0
7541976.0,2105312.0,23568.0
7541976.0,2105312.0,23568.0
7541976.0,2105312.0,23568.0
7541976.0,2105312.0,23568.0
7541976.0,2105312.0,23568.0
7541220.8,2105420.8,23693.866667
7540560.0,2105516.0,23804.0
7540560.0,2105516.0,23804.0
7540560.0,2105516.0,23804.0
7540560.0,2105516.0,23804.0
7540560.0,2105516.0,23804.0
7540560.0,2105516.0,23804.0
7540560.0,2105516.0,23804.0
7540560.0,2105516.0,23804.0
7540560.0,2105516.0,23804.0
7540560.0,2105516.0,23804.0
7540560.0,2105516.0,23804.0
7541264.0,2105524.0,23932.0
7541616.0,2105528.0,23996.0
7541616.0,2105528.0,23996.0
7541616.0,2105528.0,23996.0
7541616.0,2105528.0,23996.0
7541616.0,2105528.0,23996.0
7541616.0,2105528.0,23996.0
7541616.0,2105528.0,23996.0
7541616.0,2105528.0,23996.0
7541616.0,2105528.0,23996.0
7541616.0,2105528.0,23996.0
7541616.0,2105528.0,23996.0
7541154.9333,2105535.4667,24117.333333
7540628.0,2105544.0,24256.0
7540628.0,2105544.0,24256.0
7540628.0,2105544.0,24256.0
7540628.0,2105544.0,24256.0
7540628.0,2105544.0,24256.0
7540628.0,2105544.0,24256.0
7540628.0,2105544.0,24256.0
7540628.0,2105544.0,24256.0
7540628.0,2105544.0,24256.0
7540628.0,2105544.0,24256.0
7540628.0,2105544.0,24256.0
7540532.0,2105563.2,24380.8
7540468.0,2105576.0,24464.0
7540468.0,2105576.0,24464.0
7540468.0,2105576.0,24464.0
7540468.0,2105576.0,24464.0
7540468.0,2105576.0,24464.0
7540468.0,2105576.0,24464.0
7540468.0,2105576.0,24464.0
7540468.0,2105576.0,24464.0
7540468.0,2105576.0,24464.0
7540468.0,2105576.0,24464.0
7540468.0,2105576.0,24464.0
7901414.6667,2105594.6667,24618.666667
8081888.0,2105604.0,24696.0
8081888.0,2105604.0,24696.0
8081888.0,2105604.0,24696.0
8081888.0,2105604.0,24696.0
8081888.0,2105604.0,24696.0
8081888.0,2105604.0,24696.0
8081888.0,2105604.0,24696.0
8081888.0,2105604.0,24696.0
8081888.0,2105604.0,24696.0
8081888.0,2105604.0,24696.0
8081888.0,2105604.0,24696.0
8081494.4,2105695.2,24796.8
8081232.0,2105756.0,24864.0
8081232.0,2105756.0,24864.0
8081232.0,2105756.0,24864.0
8081232.0,2105756.0,24864.0
8081232.0,2105756.0,24864.0
8081232.0,2105756.0,24864.0
8081232.0,2105756.0,24864.0
8081232.0,2105756.0,24864.0
8081232.0,2105756.0,24864.0
8081232.0,2105756.0,24864.0
8081232.0,2105756.0,24864.0
8081108.0,2105777.3333,24952.0
8080860.0,2105820.0,25128.0
8080860.0,2105820.0,25128.0
8080860.0,2105820.0,25128.0
8080860.0,2105820.0,25128.0
8080119.2,2105824.8,25177.6
8079008.0,2105832.0,25252.0
8079008.0,2105832.0,25252.0
8079646.6667,2105832.0,25272.0
8080924.0,2105832.0,25312.0
8080924.0,2105832.0,25312.0
8080924.0,2105832.0,25312.0
8080924.0,2105832.0,25312.0
8080924.0,2105832.0,25312.0
8080924.0,2105832.0,25312.0
8080924.0,2105832.0,25312.0
8080924.0,2105832.0,25312.0
8080924.0,2105832.0,25312.0
8080924.0,2105832.0,25312.0
8080924.0,2105832.0,25312.0
8080717.0667,2105838.4,25355.733333
8080148.0,2105856.0,25476.0
8080148.0,2105856.0,25476.0
8080148.0,2105856.0,25476.0
8080148.0,2105856.0,25476.0
8080148.0,2105856.0,25476.0
8080148.0,2105856.0,25476.0
8080148.0,2105856.0,25476.0
8080148.0,2105856.0,25476.0
8079677.3333,2105860.0,25534.666667
8078736.0,2105868.0,25652.0
8078736.0,2105868.0,25652.0
8079278.6667,2105873.3333,25660.0
8080364.0,2105884.0,25676.0
8080364.0,2105884.0,25676.0
8080364.0,2105884.0,25676.0
8080364.0,2105884.0,25676.0
8080364.0,2105884.0,25676.0
8080364.0,2105884.0,25676.0
8080364.0,2105884.0,25676.0
8080364.0,2105884.0,25676.0
8080364.0,2105884.0,25676.0
8080364.0,2105884.0,25676.0
8080364.0,2105884.0,25676.0
8080344.0,2105889.3333,25741.333333
8080304.0,2105900.0,25872.0
8080304.0,2105900.0,25872.0
8080304.0,2105900.0,25872.0
8080304.0,2105900.0,25872.0
8080304.0,2105900.0,25872.0
8080304.0,2105900.0,25872.0
8080304.0,2105900.0,25872.0
8080304.0,2105900.0,25872.0
8080304.0,2105900.0,25872.0
8080304.0,2105900.0,25872.0
8080304.0,2105900.0,25872.0
8079930.6667,2105908.5333,25940.266667
8078904.0,2105932.0,26128.0
8078904.0,2105932.0,26128.0
8078904.0,2105932.0,26128.0
8078904.0,2105932.0,26128.0
8078904.0,2105932.0,26128.0
8078904.0,2105932.0,26128.0
8078904.0,2105932.0,26128.0
8078904.0,2105932.0,26128.0
8078904.0,2105932.0,26128.0
8078904.0,2105932.0,26128.0
8078904.0,2105932.0,26128.0
8078979.2,2105935.2,26167.2
8079280.0,2105948.0,26324.0
8079280.0,2105948.0,26324.0
8079280.0,2105948.0,26324.0
8079280.0,2105948.0,26324.0
8079280.0,2105948.0,26324.0
8079280.0,2105948.0,26324.0
8079280.0,2105948.0,26324.0
8079280.0,2105948.0,26324.0
8079280.0,2105948.0,26324.0
8079280.0,2105948.0,26324.0
8079280.0,2105948.0,26324.0
8079272.2667,2105950.6667,26338.4
8079164.0,2105988.0,26540.0
8079164.0,2105988.0,26540.0
8079164.0,2105988.0,26540.0
8079164.0,2105988.0,26540.0
8079164.0,2105988.0,26540.0
8079164.0,2105988.0,26540.0
8079164.0,2105988.0,26540.0
8079164.0,2105988.0,26540.0
8079164.0,2105988.0,26540.0
8079164.0,2105988.0,26540.0
8079164.0,2105988.0,26540.0
8079182.4,2105988.0,26579.2
8171747.2,2105990.4,26748.8
8541712.0,2106000.0,26800.0
8541712.0,2106000.0,26800.0
8568713.6,2106002.4,26809.6
8676720.0,2106012.0,26848.0
8676720.0,2106012.0,26848.0
8676720.0,2106012.0,26848.0
8676720.0,2106012.0,26848.0
8676720.0,2106012.0,26848.0
8676720.0,2106012.0,26848.0
8676720.0,2106012.0,26848.0
8676720.0,2106012.0,26848.0
8676720.0,2106012.0,26848.0
8676720.0,2106012.0,26848.0
8676720.0,2106012.0,26848.0
8676487.4667,2106016.2667,26905.6
8675848.0,2106028.0,27064.0
8675848.0,2106028.0,27064.0
8675848.0,2106028.0,27064.0
8675848.0,2106028.0,27064.0
8675848.0,2106028.0,27064.0
8675848.0,2106028.0,27064.0
8675848.0,2106028.0,27064.0
8675848.0,2106028.0,27064.0
8675848.0,2106028.0,27064.0
8675848.0,2106028.0,27064.0
8675848.0,2106028.0,27064.0
8675863.4667,2106032.8,27098.133333
8675964.0,2106064.0,27320.0
8675964.0,2106064.0,27320.0
8675964.0,2106064.0,27320.0
8675964.0,2106064.0,27320.0
8675964.0,2106064.0,27320.0
8675964.0,2106064.0,27320.0
8675964.0,2106064.0,27320.0
8675964.0,2106064.0,27320.0
8675964.0,2106064.0,27320.0
8675964.0,2106064.0,27320.0
8675964.0,2106064.0,27320.0
8675878.4,2106066.4,27358.4
8675536.0,2106076.0,27512.0
8675536.0,2106076.0,27512.0
8675536.0,2106076.0,27512.0
8675536.0,2106076.0,27512.0
8675536.0,2106076.0,27512.0
8675536.0,2106076.0,27512.0
8675536.0,2106076.0,27512.0
8675536.0,2106076.0,27512.0
8675536.0,2106076.0,27512.0
8675536.0,2106076.0,27512.0
8675536.0,2106076.0,27512.0
8675552.0,2106078.6667,27540.266667
8675656.0,2106096.0,27724.0
8675656.0,2106096.0,27724.0
8675656.0,2106096.0,27724.0
8675656.0,2106096.0,27724.0
8675656.0,2106096.0,27724.0
8675656.0,2106096.0,27724.0
8675656.0,2106096.0,27724.0
8675656.0,2106096.0,27724.0
8675656.0,2106096.0,27724.0
8675656.0,2106096.0,27724.0
8675656.0,2106096.0,27724.0
8675656.0,2106096.0,27724.0
8675160.0,2106124.0,27912.0
8675160.0,2106124.0,27912.0
8675160.0,2106124.0,27912.0
8675160.0,2106124.0,27912.0
8675160.0,2106124.0,27912.0
8675160.0,2106124.0,27912.0
8675160.0,2106124.0,27912.0
8675160.0,2106124.0,27912.0
8675160.0,2106124.0,27912.0
8675160.0,2106124.0,27912.0
8675160.0,2106124.0,27912.0
8675160.0,2106124.0,27912.0
8674245.3333,2106146.4,28139.733333
8674180.0,2106148.0,28156.0
8674180.0,2106148.0,28156.0
8674180.0,2106148.0,28156.0
8674180.0,2106148.0,28156.0
8674180.0,2106148.0,28156.0
8674180.0,2106148.0,28156.0
8674180.0,2106148.0,28156.0
8674180.0,2106148.0,28156.0
8674180.0,2106148.0,28156.0
8674180.0,2106148.0,28156.0
8674180.0,2106148.0,28156.0
8674580.0,2106170.4,28322.4
8674680.0,2106176.0,28364.0
8674680.0,2106176.0,28364.0
8674680.0,2106176.0,28364.0
8674680.0,2106176.0,28364.0
8674680.0,2106176.0,28364.0
8674680.0,2106176.0,28364.0
8674680.0,2106176.0,28364.0
8674680.0,2106176.0,28364.0
8674680.0,2106176.0,28364.0
8674680.0,2106176.0,28364.0
8674680.0,2106176.0,28364.0
8673955.7333,2106209.6,28576.8
8673904.0,2106212.0,28592.0
8673904.0,2106212.0,28592.0
8673904.0,2106212.0,28592.0
8673904.0,2106212.0,28592.0
8673904.0,2106212.0,28592.0
8673904.0,2106212.0,28592.0
8673904.0,2106212.0,28592.0
8673904.0,2106212.0,28592.0
8673904.0,2106212.0,28592.0
8673904.0,2106212.0,28592.0
8673904.0,2106212.0,28592.0
8674250.6667,2106236.2667,28761.866667
8674304.0,2106240.0,28788.0
8674304.0,2106240.0,28788.0
8674304.0,2106240.0,28788.0
8674304.0,2106240.0,28788.0
8674304.0,2106240.0,28788.0
8674304.0,2106240.0,28788.0
8674304.0,2106240.0,28788.0
8674304.0,2106240.0,28788.0
8778928.0,2106256.0,28941.6
8805084.0,2106260.0,28980.0
8805084.0,2106260.0,28980.0
9187100.2667,2106266.9333,29018.133333
9245872.0,2106268.0,29024.0
9245872.0,2106268.0,29024.0
9245872.0,2106268.0,29024.0
9245872.0,2106268.0,29024.0
9245872.0,2106268.0,29024.0
9245872.0,2106268.0,29024.0
9245872.0,2106268.0,29024.0
9245872.0,2106268.0,29024.0
9245872.0,2106268.0,29024.0
9245872.0,2106268.0,29024.0
9245872.0,2106268.0,29024.0
9246368.5333,2106398.6667,29248.0
9246404.0,2106408.0,29264.0
9246404.0,2106408.0,29264.0
9246404.0,2106408.0,29264.0
9246404.0,2106408.0,29264.0
9246404.0,2106408.0,29264.0
9246404.0,2106408.0,29264.0
9246404.0,2106408.0,29264.0
9246404.0,2106408.0,29264.0
9246404.0,2106408.0,29264.0
9246404.0,2106408.0,29264.0
9246404.0,2106408.0,29264.0
9245640.0,2106448.0,29492.0
9245640.0,2106448.0,29492.0
9245640.0,2106448.0,29492.0
9245640.0,2106448.0,29492.0
9245640.0,2106448.0,29492.0
9245640.0,2106448.0,29492.0
9245640.0,2106448.0,29492.0
9245640.0,2106448.0,29492.0
9245640.0,2106448.0,29492.0
9245640.0,2106448.0,29492.0
9245640.0,2106448.0,29492.0
9245640.0,2106448.0,29492.0
9245356.0,2106496.0,29704.0
9245356.0,2106496.0,29704.0
9245356.0,2106496.0,29704.0
9245356.0,2106496.0,29704.0
9245356.0,2106496.0,29704.0
9245356.0,2106496.0,29704.0
9245356.0,2106496.0,29704.0
9245356.0,2106496.0,29704.0
9245356.0,2106496.0,29704.0
9245356.0,2106496.0,29704.0
9245356.0,2106496.0,29704.0
9245356.0,2106496.0,29704.0
9244848.0,2106536.0,29916.0
9244848.0,2106536.0,29916.0
9244848.0,2106536.0,29916.0
9244848.0,2106536.0,29916.0
9244848.0,2106536.0,29916.0
9244848.0,2106536.0,29916.0
9244848.0,2106536.0,29916.0
9244848.0,2106536.0,29916.0
9244848.0,2106536.0,29916.0
9244848.0,2106536.0,29916.0
9244848.0,2106536.0,29916.0
9244848.0,2106536.0,29916.0
9244672.5333,2106558.4,30095.2
9244660.0,2106560.0,30108.0
9244660.0,2106560.0,30108.0
9244660.0,2106560.0,30108.0
9244660.0,2106560.0,30108.0
9244660.0,2106560.0,30108.0
9244660.0,2106560.0,30108.0
9244660.0,2106560.0,30108.0
9244660.0,2106560.0,30108.0
9244660.0,2106560.0,30108.0
9244660.0,2106560.0,30108.0
9244581.6,2106563.7333,30140.533333
9244072.0,2106588.0,30352.0
9244072.0,2106588.0,30352.0
9244072.0,2106588.0,30352.0
9244072.0,2106588.0,30352.0
9244072.0,2106588.0,30352.0
9244072.0,2106588.0,30352.0
9244072.0,2106588.0,30352.0
9244072.0,2106588.0,30352.0
9244072.0,2106588.0,30352.0
9244072.0,2106588.0,30352.0
9244072.0,2106588.0,30352.0
9244072.0,2106588.0,30352.0
9244624.5333,2106614.1333,30490.133333
9244664.0,2106616.0,30500.0
9244664.0,2106616.0,30500.0
9244664.0,2106616.0,30500.0
9244664.0,2106616.0,30500.0
9244664.0,2106616.0,30500.0
9244664.0,2106616.0,30500.0
9244664.0,2106616.0,30500.0
9244664.0,2106616.0,30500.0
9244664.0,2106616.0,30500.0
9244664.0,2106616.0,30500.0
9244664.0,2106616.0,30500.0
9243800.8,2106636.8,30676.8
9243668.0,2106640.0,30704.0
9243668.0,2106640.0,30704.0
9243668.0,2106640.0,30704.0
9243668.0,2106640.0,30704.0
9243668.0,2106640.0,30704.0
9243668.0,2106640.0,30704.0
9243668.0,2106640.0,30704.0
9243668.0,2106640.0,30704.0
9243668.0,2106640.0,30704.0
9243668.0,2106640.0,30704.0
9243668.0,2106640.0,30704.0
9243588.0,2106653.3333,30834.666667
9243548.0,2106660.0,30900.0
9243548.0,2106660.0,30900.0
9243548.0,2106660.0,30900.0
9244043.7333,2106674.6667,30976.266667
9244224.0,2106680.0,31004.0
9244224.0,2106680.0,31004.0
9244224.0,2106680.0,31004.0
9244224.0,2106680.0,31004.0
9244224.0,2106680.0,31004.0
9244224.0,2106680.0,31004.0
9244224.0,2106680.0,31004.0
12174465.6,2102768.0,31090.4
14127960.0,2100160.0,31148.0
