3561992.0,112160.0,2396.0
3137084.0,195872.0,4016.0
2565700.0,328897.33333,4128.0
1422932.0,594948.0,4352.0
1422932.0,594948.0,4352.0
1422932.0,594948.0,4352.0
1422932.0,594948.0,4352.0
1422932.0,594948.0,4352.0
1422932.0,594948.0,4352.0
1422932.0,594948.0,4352.0
1421930.6667,595068.0,4668.0
1419928.0,595308.0,5300.0
1419928.0,595308.0,5300.0
1419433.3333,595311.73333,5329.8666667
1418868.0,595316.0,5364.0
1418868.0,595316.0,5364.0
1412022.9333,600901.06667,5929.6
1404200.0,607284.0,6576.0
1404200.0,607284.0,6576.0
1404200.0,607284.0,6576.0
1404200.0,607284.0,6576.0
1404200.0,607284.0,6576.0
1404200.0,607284.0,6576.0
1404200.0,607284.0,6576.0
1404200.0,607284.0,6576.0
1404200.0,607284.0,6576.0
1404200.0,607284.0,6576.0
1403090.6667,607414.13333,6699.7333333
1402120.0,607528.0,6808.0
1401172.8,608372.8,6921.0666667
1400344.0,609112.0,7020.0
1400344.0,609112.0,7020.0
1397980.8,610379.2,7394.4
1394436.0,612280.0,7956.0
1393346.4,612600.0,8052.0
1391712.0,613080.0,8196.0
1391712.0,613080.0,8196.0
1392066.1333,613092.8,8207.7333333
1393040.0,613128.0,8240.0
1393040.0,613128.0,8240.0
1392762.6667,613132.26667,8254.9333333
1392000.0,613144.0,8296.0
1392000.0,613144.0,8296.0
1392000.0,613144.0,8296.0
1392000.0,613144.0,8296.0
1391176.5333,613613.33333,8374.9333333
1388912.0,614904.0,8592.0
1388912.0,614904.0,8592.0
1388912.0,614904.0,8592.0
1388912.0,614904.0,8592.0
1388912.0,614904.0,8592.0
1388912.0,614904.0,8592.0
1388912.0,614904.0,8592.0
1389196.0,615164.0,8746.6666667
1389764.0,615684.0,9056.0
1389764.0,615684.0,9056.0
1389764.0,615684.0,9056.0
1389764.0,615684.0,9056.0
1389764.0,615684.0,9056.0
1389764.0,615684.0,9056.0
1389764.0,615684.0,9056.0
1389764.0,615684.0,9056.0
1389764.0,615684.0,9056.0
1389764.0,615684.0,9056.0
1389764.0,615684.0,9056.0
1389837.3333,615690.66667,9138.6666667
1389984.0,615704.0,9304.0
1389984.0,615704.0,9304.0
1389984.0,615704.0,9304.0
1389984.0,615704.0,9304.0
1389984.0,615704.0,9304.0
1389984.0,615704.0,9304.0
1389984.0,615704.0,9304.0
1389984.0,615704.0,9304.0
1389984.0,615704.0,9304.0
1389984.0,615704.0,9304.0
1389984.0,615704.0,9304.0
1390190.6667,615741.33333,9413.3333333
1390604.0,615816.0,9632.0
1390604.0,615816.0,9632.0
1390604.0,615816.0,9632.0
1390604.0,615816.0,9632.0
1390604.0,615816.0,9632.0
1390604.0,615816.0,9632.0
1390604.0,615816.0,9632.0
1390604.0,615816.0,9632.0
1390604.0,615816.0,9632.0
1390604.0,615816.0,9632.0
1389054.6667,615820.0,9704.0
1385956.0,615828.0,9848.0
1386541.6,615866.4,9862.9333333
1388152.0,615972.0,9904.0
1388152.0,615972.0,9904.0
1388152.0,615972.0,9904.0
1388152.0,615972.0,9904.0
1388152.0,615972.0,9904.0
1388152.0,615972.0,9904.0
1388152.0,615972.0,9904.0
1388152.0,615972.0,9904.0
1388152.0,615972.0,9904.0
1388152.0,615972.0,9904.0
1388152.0,615972.0,9904.0
1388035.2,615981.6,9987.2
1387860.0,615996.0,10112.0
1387860.0,615996.0,10112.0
1387860.0,615996.0,10112.0
1387860.0,615996.0,10112.0
1387860.0,615996.0,10112.0
1387860.0,615996.0,10112.0
1387860.0,615996.0,10112.0
1387860.0,615996.0,10112.0
1387860.0,615996.0,10112.0
1390390.1333,616018.4,10173.866667
1397348.0,616080.0,10344.0
1397348.0,616080.0,10344.0
1397348.0,616080.0,10344.0
1397348.0,616080.0,10344.0
1397348.0,616080.0,10344.0
1397348.0,616080.0,10344.0
1397348.0,616080.0,10344.0
1397348.0,616080.0,10344.0
1397348.0,616080.0,10344.0
1397348.0,616080.0,10344.0
1397348.0,616080.0,10344.0
1397341.6,616084.26667,10374.933333
1397300.0,616112.0,10576.0
1397300.0,616112.0,10576.0
1397300.0,616112.0,10576.0
1398936.0,616114.13333,10584.0
1421840.0,616144.0,10696.0
1422021.8667,616144.53333,10699.733333
1424568.0,616152.0,10752.0
1424568.0,616152.0,10752.0
1424057.0667,616169.06667,10761.066667
1420736.0,616280.0,10820.0
1420736.0,616280.0,10820.0
1420736.0,616280.0,10820.0
1420736.0,616280.0,10820.0
1420217.0667,616291.2,10870.666667
1416844.0,616364.0,11200.0
1416844.0,616364.0,11200.0
1428304.2667,616384.26667,11207.466667
1502796.0,616516.0,11256.0
1502796.0,616516.0,11256.0
1502948.5333,616516.53333,11264.533333
1503940.0,616520.0,11320.0
1502668.5333,616998.93333,11331.733333
1494404.0,620112.0,11408.0
1494404.0,620112.0,11408.0
1491474.4,622992.8,11513.6
1479756.0,634516.0,11936.0
1479756.0,634516.0,11936.0
1371968.2667,740943.73333,12062.933333
1075552.0,1033620.0,12412.0
1033942.4,1076937.3333,12457.866667
919516.0,1196060.0,12584.0
919516.0,1196060.0,12584.0
1274813.6,1194745.6,12596.8
2696004.0,1189488.0,12648.0
