16197192.0,62136.0,2676.0
16197192.0,62136.0,2676.0
14784650.667,288242.66667,3190.6666667
14078380.0,401296.0,3448.0
14078380.0,401296.0,3448.0
12863680.8,764472.0,3497.8666667
12421972.0,896536.0,3516.0
11289678.933,1251102.6667,3557.0666667
10877936.0,1380036.0,3572.0
10877936.0,1380036.0,3572.0
9953674.9333,1685308.0,3618.9333333
9617580.0,1796316.0,3636.0
9617580.0,1796316.0,3636.0
8699332.8,1971914.4,3669.6
8087168.0,2088980.0,3692.0
7184874.6667,2089084.5333,3977.8666667
6395368.0,2089176.0,4228.0
6395368.0,2089176.0,4228.0
6394354.4,2089183.4667,4257.8666667
6393196.0,2089192.0,4292.0
6393196.0,2089192.0,4292.0
6393196.0,2089192.0,4292.0
6393196.0,2089192.0,4292.0
6393196.0,2089192.0,4292.0
6393196.0,2089192.0,4292.0
6393196.0,2089192.0,4292.0
6393196.0,2089192.0,4292.0
6393196.0,2089192.0,4292.0
6393196.0,2089192.0,4292.0
6393196.0,2089192.0,4292.0
6392770.4,2089201.3333,4411.4666667
6392284.0,2089212.0,4548.0
6392284.0,2089212.0,4548.0
6392284.0,2089212.0,4548.0
6392284.0,2089212.0,4548.0
6392284.0,2089212.0,4548.0
6392284.0,2089212.0,4548.0
6392284.0,2089212.0,4548.0
6392284.0,2089212.0,4548.0
6392284.0,2089212.0,4548.0
6392284.0,2089212.0,4548.0
6392284.0,2089212.0,4548.0
6390527.2,2090360.8,4879.2
6387892.0,2092084.0,5376.0
6384696.0,2093828.0,5702.6666667
6378304.0,2097316.0,6356.0
6378304.0,2097316.0,6356.0
6378804.2667,2097764.0,6373.0666667
6380180.0,2098996.0,6420.0
6380180.0,2098996.0,6420.0
6380180.0,2098996.0,6420.0
6380180.0,2098996.0,6420.0
6380180.0,2098996.0,6420.0
6380180.0,2098996.0,6420.0
6380180.0,2098996.0,6420.0
6380180.0,2098996.0,6420.0
6380180.0,2098996.0,6420.0
6380180.0,2098996.0,6420.0
6380180.0,2098996.0,6420.0
6379883.4667,2099005.6,6484.0
6379068.0,2099032.0,6660.0
6379068.0,2099032.0,6660.0
6379068.0,2099032.0,6660.0
6377926.6667,2099033.0667,6698.4
6374788.0,2099036.0,6804.0
6374788.0,2099036.0,6804.0
6375931.4667,2099040.2667,6821.0666667
6379076.0,2099052.0,6868.0
6379076.0,2099052.0,6868.0
6379076.0,2099052.0,6868.0
6379076.0,2099052.0,6868.0
6379076.0,2099052.0,6868.0
6379076.0,2099052.0,6868.0
6379076.0,2099052.0,6868.0
6379076.0,2099052.0,6868.0
6379076.0,2099052.0,6868.0
6379076.0,2099052.0,6868.0
6379076.0,2099052.0,6868.0
6379281.3333,2099057.3333,6948.0
6379692.0,2099068.0,7108.0
6379692.0,2099068.0,7108.0
6379692.0,2099068.0,7108.0
6379692.0,2099068.0,7108.0
6379692.0,2099068.0,7108.0
6379692.0,2099068.0,7108.0
6379692.0,2099068.0,7108.0
6379692.0,2099068.0,7108.0
6379692.0,2099068.0,7108.0
6379692.0,2099068.0,7108.0
6379692.0,2099068.0,7108.0
6379526.6667,2099086.1333,7186.9333333
6379072.0,2099136.0,7404.0
6379072.0,2099136.0,7404.0
6379072.0,2099136.0,7404.0
6379072.0,2099136.0,7404.0
6379072.0,2099136.0,7404.0
6379072.0,2099136.0,7404.0
6379072.0,2099136.0,7404.0
6379072.0,2099136.0,7404.0
6379072.0,2099136.0,7404.0
6379072.0,2099136.0,7404.0
6379072.0,2099136.0,7404.0
6379003.7333,2099174.4,7472.2666667
6378429.8667,2099294.9333,7731.4666667
6377368.0,2099336.0,7928.0
6377368.0,2099336.0,7928.0
6377368.0,2099336.0,7928.0
6377368.0,2099336.0,7928.0
6377368.0,2099336.0,7928.0
6377368.0,2099336.0,7928.0
6377368.0,2099336.0,7928.0
6377368.0,2099336.0,7928.0
6377368.0,2099336.0,7928.0
6377368.0,2099336.0,7928.0
6377368.0,2099336.0,7928.0
6377484.0,2099343.2,7979.2
6377948.0,2099372.0,8184.0
6377948.0,2099372.0,8184.0
6377948.0,2099372.0,8184.0
6377948.0,2099372.0,8184.0
6377948.0,2099372.0,8184.0
6377948.0,2099372.0,8184.0
6377948.0,2099372.0,8184.0
6377948.0,2099372.0,8184.0
6377694.4,2099378.4,8236.8
6376680.0,2099404.0,8448.0
6376680.0,2099404.0,8448.0
6376680.0,2099404.0,8448.0
6376680.0,2099404.0,8448.0
6376680.0,2099404.0,8448.0
6376680.0,2099404.0,8448.0
6376680.0,2099404.0,8448.0
6376680.0,2099404.0,8448.0
6376680.0,2099404.0,8448.0
6376680.0,2099404.0,8448.0
6376680.0,2099404.0,8448.0
6376630.9333,2099407.2,8482.1333333
6376312.0,2099428.0,8704.0
6376312.0,2099428.0,8704.0
6376312.0,2099428.0,8704.0
6376312.0,2099428.0,8704.0
6376312.0,2099428.0,8704.0
6376312.0,2099428.0,8704.0
6375872.8,2099431.2,8739.2
6374116.0,2099444.0,8880.0
6374332.0,2099444.0,8889.6
6375736.0,2099444.0,8952.0
6375736.0,2099444.0,8952.0
6375736.0,2099444.0,8952.0
6375736.0,2099444.0,8952.0
6375736.0,2099444.0,8952.0
6375736.0,2099444.0,8952.0
6375736.0,2099444.0,8952.0
6375736.0,2099444.0,8952.0
6375736.0,2099444.0,8952.0
6375736.0,2099444.0,8952.0
6375320.8,2099448.8,8996.8
6373660.0,2099468.0,9176.0
6373660.0,2099468.0,9176.0
6374032.0,2099469.6,9185.6
6375520.0,2099476.0,9224.0
6375520.0,2099476.0,9224.0
6375520.0,2099476.0,9224.0
6375520.0,2099476.0,9224.0
6375520.0,2099476.0,9224.0
6375520.0,2099476.0,9224.0
6375520.0,2099476.0,9224.0
6375520.0,2099476.0,9224.0
6375520.0,2099476.0,9224.0
6375520.0,2099476.0,9224.0
6375520.0,2099476.0,9224.0
6375504.5333,2099483.4667,9253.8666667
6375118.6667,2099535.7333,9455.4666667
6373264.0,2099560.0,9504.0
6373264.0,2099560.0,9504.0
6373334.4,2099560.0,9507.7333333
6374320.0,2099560.0,9560.0
6374320.0,2099560.0,9560.0
6372364.0,2099564.0,9608.0
6372364.0,2099564.0,9608.0
6372364.0,2099564.0,9608.0
6372364.0,2099564.0,9608.0
6372364.0,2099564.0,9608.0
6372364.0,2099564.0,9608.0
6372364.0,2099564.0,9608.0
6372364.0,2099564.0,9608.0
6372364.0,2099564.0,9608.0
6372364.0,2099564.0,9608.0
6372364.0,2099564.0,9608.0
6372364.0,2099564.0,9608.0
6373512.0,2099624.0,9864.0
6373512.0,2099624.0,9864.0
6373512.0,2099624.0,9864.0
6373410.1333,2099624.2667,9873.6
6371984.0,2099628.0,10008.0
6371984.0,2099628.0,10008.0
6371984.0,2099628.0,10008.0
6371984.0,2099628.0,10008.0
6371984.0,2099628.0,10008.0
6371984.0,2099628.0,10008.0
6371984.0,2099628.0,10008.0
6371984.0,2099628.0,10008.0
6371984.0,2099628.0,10008.0
6371984.0,2099628.0,10008.0
6371984.0,2099628.0,10008.0
6371984.0,2099628.0,10008.0
6372086.4,2099634.9333,10042.133333
6372752.0,2099680.0,10264.0
6372752.0,2099680.0,10264.0
6372752.0,2099680.0,10264.0
6372752.0,2099680.0,10264.0
6372752.0,2099680.0,10264.0
6372469.8667,2099685.3333,10289.6
6370636.0,2099720.0,10456.0
6370636.0,2099720.0,10456.0
6370636.0,2099720.0,10456.0
6370636.0,2099720.0,10456.0
6370636.0,2099720.0,10456.0
6370636.0,2099720.0,10456.0
6370636.0,2099720.0,10456.0
6370636.0,2099720.0,10456.0
6370636.0,2099720.0,10456.0
6370636.0,2099720.0,10456.0
6370636.0,2099720.0,10456.0
6370832.0,2099722.4,10505.6
6371616.0,2099732.0,10704.0
6371616.0,2099732.0,10704.0
6371616.0,2099732.0,10704.0
6371616.0,2099732.0,10704.0
6371616.0,2099732.0,10704.0
6371616.0,2099732.0,10704.0
6371616.0,2099732.0,10704.0
6371616.0,2099732.0,10704.0
6371616.0,2099732.0,10704.0
6371616.0,2099732.0,10704.0
6371616.0,2099732.0,10704.0
6372104.0,2099754.6667,10814.666667
6373080.0,2099800.0,11036.0
6373080.0,2099800.0,11036.0
6373080.0,2099800.0,11036.0
6373080.0,2099800.0,11036.0
6373080.0,2099800.0,11036.0
6373080.0,2099800.0,11036.0
6373080.0,2099800.0,11036.0
6373080.0,2099800.0,11036.0
6373080.0,2099800.0,11036.0
6373080.0,2099800.0,11036.0
6373080.0,2099800.0,11036.0
6373080.0,2099800.0,11036.0
6372918.4,2099801.6,11132.0
6372676.0,2099804.0,11276.0
6372676.0,2099804.0,11276.0
6372676.0,2099804.0,11276.0
6372676.0,2099804.0,11276.0
6372676.0,2099804.0,11276.0
6372676.0,2099804.0,11276.0
6372676.0,2099804.0,11276.0
6372676.0,2099804.0,11276.0
6372676.0,2099804.0,11276.0
6372676.0,2099804.0,11276.0
6372593.3333,2099816.0,11374.666667
6372428.0,2099840.0,11572.0
6372428.0,2099840.0,11572.0
6372428.0,2099840.0,11572.0
6372428.0,2099840.0,11572.0
6372428.0,2099840.0,11572.0
6372428.0,2099840.0,11572.0
6372428.0,2099840.0,11572.0
6372420.8,2099846.4,11610.4
6372392.0,2099872.0,11764.0
6372392.0,2099872.0,11764.0
6372392.0,2099872.0,11764.0
6372392.0,2099872.0,11764.0
6372392.0,2099872.0,11764.0
6372392.0,2099872.0,11764.0
6372392.0,2099872.0,11764.0
6372392.0,2099872.0,11764.0
6372392.0,2099872.0,11764.0
6372392.0,2099872.0,11764.0
6372392.0,2099872.0,11764.0
6372371.7333,2099878.4,11836.533333
6372316.0,2099896.0,12036.0
6372103.2,2099897.6,12050.4
6371252.0,2099904.0,12108.0
6371252.0,2099904.0,12108.0
6371252.0,2099904.0,12108.0
6371252.0,2099904.0,12108.0
6371252.0,2099904.0,12108.0
6371252.0,2099904.0,12108.0
6371252.0,2099904.0,12108.0
6371252.0,2099904.0,12108.0
6371252.0,2099904.0,12108.0
6371252.0,2099904.0,12108.0
6371252.0,2099904.0,12108.0
6371547.4667,2099907.2,12174.133333
6372360.0,2099916.0,12356.0
6372360.0,2099916.0,12356.0
6372360.0,2099916.0,12356.0
6372360.0,2099916.0,12356.0
6372360.0,2099916.0,12356.0
6372360.0,2099916.0,12356.0
6372360.0,2099916.0,12356.0
6372360.0,2099916.0,12356.0
6372360.0,2099916.0,12356.0
6372360.0,2099916.0,12356.0
6372360.0,2099916.0,12356.0
6372180.0,2099926.4,12418.4
6371460.0,2099968.0,12668.0
6371460.0,2099968.0,12668.0
6371460.0,2099968.0,12668.0
6371460.0,2099968.0,12668.0
6371460.0,2099968.0,12668.0
6371460.0,2099968.0,12668.0
6371460.0,2099968.0,12668.0
6371460.0,2099968.0,12668.0
6371460.0,2099968.0,12668.0
6371460.0,2099968.0,12668.0
6371460.0,2099968.0,12668.0
6371360.2667,2099972.8,12696.8
6370712.0,2100004.0,12884.0
6370712.0,2100004.0,12884.0
6370712.0,2100004.0,12884.0
6370712.0,2100004.0,12884.0
6370712.0,2100004.0,12884.0
6370712.0,2100004.0,12884.0
6370712.0,2100004.0,12884.0
6370712.0,2100004.0,12884.0
6370712.0,2100004.0,12884.0
6370712.0,2100004.0,12884.0
6370712.0,2100004.0,12884.0
6370793.0667,2100023.7333,12927.733333
6371320.0,2100152.0,13212.0
6406246.4,2100154.6667,13219.466667
6633268.0,2100172.0,13268.0
6633268.0,2100172.0,13268.0
6633268.0,2100172.0,13268.0
6633268.0,2100172.0,13268.0
6633268.0,2100172.0,13268.0
6633268.0,2100172.0,13268.0
6633268.0,2100172.0,13268.0
6633268.0,2100172.0,13268.0
6633268.0,2100172.0,13268.0
6633268.0,2100172.0,13268.0
6633268.0,2100172.0,13268.0
6633442.4,2100173.6,13317.6
6634140.0,2100180.0,13516.0
6633598.4,2100181.6,13530.4
6631432.0,2100188.0,13588.0
6631432.0,2100188.0,13588.0
6631432.0,2100188.0,13588.0
6631432.0,2100188.0,13588.0
6631490.6667,2100203.4667,13604.0
6631872.0,2100304.0,13708.0
6631872.0,2100304.0,13708.0
6631872.0,2100304.0,13708.0
6631872.0,2100304.0,13708.0
6631872.0,2100304.0,13708.0
6631872.0,2100304.0,13708.0
6631872.0,2100304.0,13708.0
6632195.2,2100307.2,13753.866667
6633084.0,2100316.0,13880.0
6633084.0,2100316.0,13880.0
6633084.0,2100316.0,13880.0
6633084.0,2100316.0,13880.0
6633084.0,2100316.0,13880.0
6633084.0,2100316.0,13880.0
6633084.0,2100316.0,13880.0
6633084.0,2100316.0,13880.0
6633084.0,2100316.0,13880.0
6633084.0,2100316.0,13880.0
6632868.8,2100323.2,13936.0
6632008.0,2100352.0,14160.0
6632008.0,2100352.0,14160.0
6632008.0,2100352.0,14160.0
6632008.0,2100352.0,14160.0
6631960.0,2100352.2667,14168.0
6631288.0,2100356.0,14280.0
6631288.0,2100356.0,14280.0
6631370.9333,2100356.2667,14284.266667
6632532.0,2100360.0,14344.0
6632532.0,2100360.0,14344.0
6632532.0,2100360.0,14344.0
6632532.0,2100360.0,14344.0
6632532.0,2100360.0,14344.0
6632532.0,2100360.0,14344.0
6632532.0,2100360.0,14344.0
6632476.2667,2100363.4667,14356.266667
6631696.0,2100412.0,14528.0
6631696.0,2100412.0,14528.0
6631696.0,2100412.0,14528.0
6631696.0,2100412.0,14528.0
6631696.0,2100412.0,14528.0
6631696.0,2100412.0,14528.0
6631696.0,2100412.0,14528.0
6676790.9333,2100420.0,14553.6
6969908.0,2100472.0,14720.0
6991318.1333,2100472.5333,14728.533333
7130484.0,2100476.0,14784.0
7130484.0,2100476.0,14784.0
7130484.0,2100476.0,14784.0
7130484.0,2100476.0,14784.0
7130484.0,2100476.0,14784.0
7130484.0,2100476.0,14784.0
7130484.0,2100476.0,14784.0
7130484.0,2100476.0,14784.0
7130484.0,2100476.0,14784.0
7130484.0,2100476.0,14784.0
7130484.0,2100476.0,14784.0
7130612.5333,2100480.8,14818.133333
7131448.0,2100512.0,15040.0
7131448.0,2100512.0,15040.0
7131448.0,2100512.0,15040.0
7131448.0,2100512.0,15040.0
7131448.0,2100512.0,15040.0
7131448.0,2100512.0,15040.0
7131448.0,2100512.0,15040.0
7131448.0,2100512.0,15040.0
7131448.0,2100512.0,15040.0
7131448.0,2100512.0,15040.0
7131448.0,2100512.0,15040.0
7131280.8,2100525.6,15102.4
7130612.0,2100580.0,15352.0
7130612.0,2100580.0,15352.0
7130612.0,2100580.0,15352.0
7130612.0,2100580.0,15352.0
7130612.0,2100580.0,15352.0
7130294.1333,2100632.2667,15368.0
7128228.0,2100972.0,15472.0
7128524.8,2100969.6,15484.8
7129712.0,2100960.0,15536.0
7129712.0,2100960.0,15536.0
7129712.0,2100960.0,15536.0
7129712.0,2100960.0,15536.0
7129712.0,2100960.0,15536.0
7129697.6,2100962.6667,15546.666667
7129496.0,2101000.0,15696.0
7129496.0,2101000.0,15696.0
7129496.0,2101000.0,15696.0
7129496.0,2101000.0,15696.0
7129496.0,2101000.0,15696.0
7129496.0,2101000.0,15696.0
7129496.0,2101000.0,15696.0
7129496.0,2101000.0,15696.0
7129496.0,2101000.0,15696.0
7129496.0,2101000.0,15696.0
7129496.0,2101000.0,15696.0
7129496.0,2101000.0,15696.0
7128944.0,2101096.0,15944.0
7128944.0,2101096.0,15944.0
7128944.0,2101096.0,15944.0
7128944.0,2101096.0,15944.0
7128944.0,2101096.0,15944.0
7128944.0,2101096.0,15944.0
7127950.9333,2101114.6667,16108.266667
7127880.0,2101116.0,16120.0
7127880.0,2101116.0,16120.0
7269802.6667,2101127.2,16179.733333
7279940.0,2101128.0,16184.0
7279940.0,2101128.0,16184.0
7416632.2667,2101131.7333,16243.733333
7426396.0,2101132.0,16248.0
7426396.0,2101132.0,16248.0
7426396.0,2101132.0,16248.0
7426396.0,2101132.0,16248.0
7426396.0,2101132.0,16248.0
7426396.0,2101132.0,16248.0
7426396.0,2101132.0,16248.0
7426396.0,2101132.0,16248.0
7426396.0,2101132.0,16248.0
7426396.0,2101132.0,16248.0
7426396.0,2101132.0,16248.0
7425744.2667,2101159.7333,16469.866667
7425644.0,2101164.0,16504.0
7425644.0,2101164.0,16504.0
7425644.0,2101164.0,16504.0
7425644.0,2101164.0,16504.0
7425644.0,2101164.0,16504.0
7425644.0,2101164.0,16504.0
7425644.0,2101164.0,16504.0
7425644.0,2101164.0,16504.0
7425644.0,2101164.0,16504.0
7425644.0,2101164.0,16504.0
7425644.0,2101164.0,16504.0
7424976.0,2101324.0,16832.0
7424976.0,2101324.0,16832.0
7424976.0,2101324.0,16832.0
7424976.0,2101324.0,16832.0
7424976.0,2101324.0,16832.0
7424976.0,2101324.0,16832.0
7424976.0,2101324.0,16832.0
7424976.0,2101324.0,16832.0
7424976.0,2101324.0,16832.0
7424976.0,2101324.0,16832.0
7424976.0,2101324.0,16832.0
7425299.2,2101346.4,17036.8
7425380.0,2101352.0,17088.0
7425380.0,2101352.0,17088.0
7425380.0,2101352.0,17088.0
7425380.0,2101352.0,17088.0
7425380.0,2101352.0,17088.0
7425380.0,2101352.0,17088.0
7425380.0,2101352.0,17088.0
7425380.0,2101352.0,17088.0
7425380.0,2101352.0,17088.0
7425380.0,2101352.0,17088.0
7425380.0,2101352.0,17088.0
7425380.0,2101352.0,17088.0
7424683.2,2101483.7333,17379.2
7424576.0,2101504.0,17424.0
7424576.0,2101504.0,17424.0
7424576.0,2101504.0,17424.0
7424576.0,2101504.0,17424.0
7424576.0,2101504.0,17424.0
7424576.0,2101504.0,17424.0
7424576.0,2101504.0,17424.0
7424576.0,2101504.0,17424.0
7424576.0,2101504.0,17424.0
7424576.0,2101504.0,17424.0
7424576.0,2101504.0,17424.0
7423967.4667,2101537.6,17655.466667
7609534.1333,2101528.8,17746.666667
7622792.0,2101528.0,17752.0
7622792.0,2101528.0,17752.0
7837538.1333,2101673.6,17807.466667
7870576.0,2101696.0,17816.0
7871833.6,2101696.0,17867.2
7872148.0,2101696.0,17880.0
7872148.0,2101696.0,17880.0
7872148.0,2101696.0,17880.0
7872148.0,2101696.0,17880.0
7872148.0,2101696.0,17880.0
7872148.0,2101696.0,17880.0
7872148.0,2101696.0,17880.0
7872148.0,2101696.0,17880.0
7872148.0,2101696.0,17880.0
7872148.0,2101696.0,17880.0
7872148.0,2101696.0,17880.0
7872524.0,2101789.3333,18050.666667
7872712.0,2101836.0,18136.0
7872712.0,2101836.0,18136.0
7872712.0,2101836.0,18136.0
7872712.0,2101836.0,18136.0
7872712.0,2101836.0,18136.0
7872712.0,2101836.0,18136.0
7872712.0,2101836.0,18136.0
7872712.0,2101836.0,18136.0
7872712.0,2101836.0,18136.0
7872712.0,2101836.0,18136.0
7872712.0,2101836.0,18136.0
7872594.6667,2101857.3333,18354.666667
7872536.0,2101868.0,18464.0
7872536.0,2101868.0,18464.0
7872536.0,2101868.0,18464.0
7872536.0,2101868.0,18464.0
7872536.0,2101868.0,18464.0
7872536.0,2101868.0,18464.0
7872536.0,2101868.0,18464.0
7872536.0,2101868.0,18464.0
7872536.0,2101868.0,18464.0
7872536.0,2101868.0,18464.0
7872536.0,2101868.0,18464.0
7871893.3333,2101889.3333,18634.666667
7871572.0,2101900.0,18720.0
7871572.0,2101900.0,18720.0
7871572.0,2101900.0,18720.0
7871005.6,2101912.0,18801.6
7870628.0,2101920.0,18856.0
7870628.0,2101920.0,18856.0
7870628.0,2101920.0,18856.0
7870628.0,2101920.0,18856.0
7870628.0,2101920.0,18856.0
7870628.0,2101920.0,18856.0
7870628.0,2101920.0,18856.0
7870628.0,2101920.0,18856.0
7870628.0,2101920.0,18856.0
7870628.0,2101920.0,18856.0
7870628.0,2101920.0,18856.0
7870921.3333,2101925.3333,19021.333333
7871068.0,2101928.0,19104.0
7871068.0,2101928.0,19104.0
7871068.0,2101928.0,19104.0
8003076.8,2101942.6667,19192.0
8051080.0,2101948.0,19224.0
8051080.0,2101948.0,19224.0
8285623.4667,2101948.0,19288.533333
8370912.0,2101948.0,19312.0
8370912.0,2101948.0,19312.0
8370912.0,2101948.0,19312.0
8370912.0,2101948.0,19312.0
8370912.0,2101948.0,19312.0
8370912.0,2101948.0,19312.0
8370912.0,2101948.0,19312.0
8370912.0,2101948.0,19312.0
8370912.0,2101948.0,19312.0
8370912.0,2101948.0,19312.0
8370912.0,2101948.0,19312.0
8370588.8,2101970.4,19478.4
8369612.0,2102110.4,20019.2
8369388.0,2102144.0,20144.0
8369388.0,2102144.0,20144.0
8369388.0,2102144.0,20144.0
8369388.0,2102144.0,20144.0
8369388.0,2102144.0,20144.0
8369388.0,2102144.0,20144.0
8369388.0,2102144.0,20144.0
8369388.0,2102144.0,20144.0
8369388.0,2102144.0,20144.0
8369388.0,2102144.0,20144.0
8369388.0,2102144.0,20144.0
8368391.2,2102278.4,20371.733333
8368320.0,2102288.0,20388.0
8368320.0,2102288.0,20388.0
8368320.0,2102288.0,20388.0
8368320.0,2102288.0,20388.0
8368320.0,2102288.0,20388.0
8368320.0,2102288.0,20388.0
8368320.0,2102288.0,20388.0
8368320.0,2102288.0,20388.0
8367278.9333,2102305.0667,20498.933333
8367278.9333,2102305.0667,20498.933333
8366368.0,2102320.0,20596.0
8368148.8,2102327.4667,20648.266667
8368276.0,2102328.0,20652.0
8368276.0,2102328.0,20652.0
8368276.0,2102328.0,20652.0
8368276.0,2102328.0,20652.0
8368276.0,2102328.0,20652.0
8368276.0,2102328.0,20652.0
8368276.0,2102328.0,20652.0
8368276.0,2102328.0,20652.0
8368276.0,2102328.0,20652.0
8368276.0,2102328.0,20652.0
8368276.0,2102328.0,20652.0
8367623.2,2102344.0,20863.2
8367460.0,2102348.0,20916.0
8367460.0,2102348.0,20916.0
8367460.0,2102348.0,20916.0
8367460.0,2102348.0,20916.0
8367460.0,2102348.0,20916.0
8367460.0,2102348.0,20916.0
8367460.0,2102348.0,20916.0
8367460.0,2102348.0,20916.0
8445650.9333,2102362.9333,21044.0
8514068.0,2102376.0,21156.0
8514068.0,2102376.0,21156.0
11890467.2,2098432.8,21194.4
