vda,2.80,0.01,0.01,0,0
vda,19.80,0.08,0.00,0,0
vda,139.80,0.78,0.02,3,0
vda,0.00,0.00,0.00,0,0
vda,1.00,0.00,0.00,0,0
vda,58.80,0.00,0.24,0,1
vda,219.80,9.69,0.04,48,0
vda,49.80,5.92,0.01,29,0
vda,32.80,0.00,0.95,0,4
vda,10.20,0.00,0.50,0,2
vda,2.80,0.00,0.01,0,0
vda,1.40,0.00,0.01,0,0
vda,2.80,0.00,0.01,0,0
vda,0.00,0.00,0.00,0,0
vda,1.20,0.00,0.00,0,0
vda,2.60,0.00,0.01,0,0
vda,2.40,0.00,0.02,0,0
vda,25.60,0.00,0.10,0,0
vda,35.20,0.00,0.14,0,0
vda,0.60,0.00,0.00,0,0
vda,1.40,0.00,0.00,0,0
vda,38.00,0.00,0.16,0,0
vda,1.60,0.00,0.01,0,0
vda,0.00,0.00,0.00,0,0
vda,2.20,0.00,0.01,0,0
vda,42.40,0.00,0.18,0,0
vda,19.40,0.07,0.01,0,0
vda,13.00,0.11,0.01,0,0
vda,1.40,0.00,0.01,0,0
vda,1.20,0.00,0.00,0,0
vda,2.20,0.00,0.01,0,0
vda,25.40,0.00,0.10,0,0
vda,3.40,0.00,0.02,0,0
vda,46.80,0.00,0.19,0,0
vda,12.20,0.00,0.05,0,0
vda,2.00,0.00,0.01,0,0
vda,2.20,0.00,0.01,0,0
vda,1.00,0.00,0.00,0,0
vda,48.60,0.45,0.06,2,0
vda,4.40,0.00,0.02,0,0
vda,2.60,0.00,0.01,0,0
vda,0.00,0.00,0.00,0,0
vda,35.00,0.00,0.14,0,0
vda,1.60,0.00,0.01,0,0
vda,1.40,0.00,0.01,0,0
vda,52.00,0.00,0.25,0,1
vda,2.00,0.00,0.01,0,0
vda,1.20,0.00,0.00,0,0
vda,2.20,0.00,0.01,0,0
vda,0.40,0.00,0.00,0,0
vda,1.60,0.00,0.01,0,0
vda,36.40,0.00,0.15,0,0
vda,18.80,0.00,0.07,0,0
vda,1.60,0.00,0.01,0,0
vda,5.00,0.00,0.02,0,0
vda,0.60,0.00,0.00,0,0
vda,1.20,0.00,0.00,0,0
vda,2.20,0.00,0.01,0,0
vda,7.60,0.00,0.03,0,0
vda,12.60,0.00,0.05,0,0
vda,27.20,0.00,0.11,0,0
vda,2.80,0.00,0.01,0,0
