vda,38.20,0.15,0.01,0,0
vda,307.20,3.48,0.05,17,0
vda,5.00,0.00,0.02,0,0
vda,7.20,0.49,0.01,2,0
vda,2.40,0.00,0.01,0,0
vda,11.60,0.00,0.05,0,0
vda,254.40,11.61,0.05,58,0
vda,157.20,8.03,0.24,40,1
vda,93.60,11.53,0.00,57,0
vda,75.20,9.18,0.01,45,0
vda,48.20,4.97,0.03,24,0
vda,17.60,0.00,1.34,0,6
vda,46.40,0.00,0.19,0,0
vda,4.20,0.03,0.01,0,0
vda,1.40,0.00,0.01,0,0
vda,55.80,0.00,0.23,0,1
vda,0.20,0.00,0.00,0,0
vda,1.20,0.00,0.00,0,0
vda,53.40,0.02,0.21,0,1
vda,8.60,0.06,0.00,0,0
vda,1.60,0.00,0.01,0,0
vda,74.40,0.00,0.30,0,1
vda,4.20,0.00,0.01,0,0
vda,2.80,0.00,0.01,0,0
vda,16.40,0.00,0.07,0,0
vda,2.20,0.00,0.01,0,0
vda,30.20,0.00,0.12,0,0
vda,19.00,0.02,0.08,0,0
vda,2.60,0.00,0.01,0,0
vda,26.00,0.00,0.11,0,0
vda,27.40,0.00,0.11,0,0
vda,3.60,0.00,0.01,0,0
vda,2.60,0.00,0.01,0,0
vda,86.40,0.07,0.31,0,1
vda,0.20,0.00,0.00,0,0
vda,3.80,0.00,0.01,0,0
vda,51.60,0.03,0.22,0,1
vda,0.20,0.00,0.00,0,0
vda,1.60,0.00,0.01,0,0
vda,42.40,0.00,0.17,0,0
vda,17.00,0.00,0.06,0,0
vda,69.00,1.12,0.01,5,0
vda,65.20,0.18,0.27,0,1
vda,30.60,0.03,0.12,0,0
vda,1.40,0.00,0.01,0,0
vda,3.40,0.00,0.01,0,0
vda,3.39,0.01,0.01,0,0
vda,1.00,0.00,0.00,0,0
vda,54.00,0.00,0.22,0,1
vda,27.00,0.00,0.12,0,0
vda,18.40,0.10,0.05,0,0
vda,0.60,0.00,0.00,0,0
vda,15.00,0.05,0.01,0,0
vda,3.20,0.01,0.01,0,0
vda,4.40,0.01,0.01,0,0
vda,3.80,0.03,0.01,0,0
vda,3.40,0.03,0.01,0,0
vda,7.80,0.00,0.03,0,0
vda,60.00,0.02,0.26,0,1
vda,20.80,0.00,0.08,0,0
vda,5.00,0.03,0.01,0,0
vda,2.00,0.00,0.01,0,0
vda,39.80,0.00,0.17,0,0
vda,1.60,0.00,0.01,0,0
vda,32.80,0.00,0.13,0,0
vda,12.20,0.00,0.05,0,0
vda,1.40,0.00,0.01,0,0
vda,29.80,0.00,0.12,0,0
vda,29.80,0.00,0.12,0,0
vda,0.00,0.00,0.00,0,0
vda,2.20,0.00,0.01,0,0
vda,71.40,0.00,0.28,0,1
vda,1.00,0.00,0.00,0,0
vda,2.20,0.00,0.01,0,0
vda,47.20,0.00,0.19,0,0
vda,1.40,0.00,0.01,0,0
vda,2.00,0.00,0.01,0,0
vda,49.60,0.04,0.20,0,0
vda,2.60,0.00,0.01,0,0
vda,0.00,0.00,0.00,0,0
vda,65.40,0.02,0.26,0,1
vda,2.60,0.00,0.01,0,0
vda,2.00,0.00,0.01,0,0
vda,65.60,0.00,0.26,0,1
vda,0.80,0.00,0.00,0,0
vda,2.20,0.00,0.01,0,0
vda,47.60,0.00,0.19,0,0
vda,1.20,0.00,0.00,0,0
vda,44.60,0.08,0.17,0,0
vda,3.80,0.00,0.01,0,0
vda,2.80,0.00,0.01,0,0
vda,58.00,0.00,0.23,0,1
vda,2.40,0.00,0.01,0,0
vda,0.00,0.00,0.00,0,0
vda,2.20,0.00,0.01,0,0
vda,71.60,0.00,0.28,0,1
vda,1.40,0.00,0.01,0,0
vda,2.20,0.00,0.01,0,0
vda,47.80,0.05,0.19,0,0
vda,4.00,0.04,0.01,0,0
vda,1.60,0.00,0.01,0,0
vda,0.00,0.00,0.00,0,0
vda,0.80,0.00,0.00,0,0
vda,84.40,0.09,0.28,0,1
vda,0.00,0.00,0.00,0,0
vda,18.00,0.07,0.00,0,0
vda,96.20,0.00,0.38,0,1
vda,3.80,0.00,0.01,0,0
vda,0.20,0.02,0.00,0,0
vda,60.00,0.00,0.25,0,1
vda,2.40,0.00,0.01,0,0
vda,0.60,0.00,0.00,0,0
vda,49.00,0.00,0.20,0,0
vda,1.40,0.00,0.01,0,0
vda,0.60,0.00,0.00,0,0
vda,48.20,0.00,0.19,0,0
vda,3.20,0.00,0.01,0,0
vda,3.80,0.01,0.01,0,0
vda,82.00,0.00,0.33,0,1
vda,6.20,0.00,0.06,0,0
vda,5.40,0.00,0.02,0,0
vda,52.60,0.00,0.21,0,1
vda,2.00,0.00,0.01,0,0
vda,46.40,0.00,0.18,0,0
vda,2.20,0.00,0.01,0,0
vda,2.80,0.00,0.01,0,0
vda,2.60,0.00,0.01,0,0
vda,53.80,0.00,0.21,0,1
