3847280.0,41852.0,5192.0
3847280.0,41852.0,5192.0
2363396.0,279384.0,6320.0
2363396.0,279384.0,6320.0
2363396.0,279384.0,6320.0
2362284.0,279776.0,6524.0
2362284.0,279776.0,6524.0
2298447.7333,279917.86667,6606.1333333
2293888.0,279928.0,6612.0
2293888.0,279928.0,6612.0
2294877.3333,280181.86667,6794.9333333
2294948.0,280200.0,6808.0
2294948.0,280200.0,6808.0
2285720.0,286956.0,7396.0
2285720.0,286956.0,7396.0
2285720.0,286956.0,7396.0
2285720.0,286956.0,7396.0
2285720.0,286956.0,7396.0
2273084.0,287840.0,7856.0
2273084.0,287840.0,7856.0
2269221.6,287861.33333,7866.1333333
2244116.0,288000.0,7932.0
2244116.0,288000.0,7932.0
2244116.0,288000.0,7932.0
2244116.0,288000.0,7932.0
2244116.0,288000.0,7932.0
2244116.0,288000.0,7932.0
2244116.0,288000.0,7932.0
2244116.0,288000.0,7932.0
2244116.0,288000.0,7932.0
2244116.0,288000.0,7932.0
2242634.1333,288067.46667,7948.5333333
2221888.0,289012.0,8180.0
2221732.2667,289069.6,8194.6666667
2219552.0,289876.0,8400.0
2219552.0,289876.0,8400.0
2219552.0,289876.0,8400.0
2219552.0,289876.0,8400.0
2219552.0,289876.0,8400.0
2496312.0,288627.2,8427.2
