16219400.0,43244.0,3300.0
15488435.2,167274.4,3612.0
14391988.0,353320.0,4080.0
14391988.0,353320.0,4080.0
13715012.0,491457.6,4107.2
12699548.0,698664.0,4148.0
12699548.0,698664.0,4148.0
12334556.0,749665.6,4176.8
11787068.0,826168.0,4220.0
11786130.4,826483.2,4300.0
11784724.0,826956.0,4420.0
11784724.0,826956.0,4420.0
11784724.0,826956.0,4420.0
11784724.0,826956.0,4420.0
11784724.0,826956.0,4420.0
11784724.0,826956.0,4420.0
11784724.0,826956.0,4420.0
11784724.0,826956.0,4420.0
11784724.0,826956.0,4420.0
11784724.0,826956.0,4420.0
11784724.0,826956.0,4420.0
11784424.0,826965.33333,4490.6666667
11783824.0,826984.0,4632.0
11783824.0,826984.0,4632.0
11783824.0,826984.0,4632.0
11783824.0,826984.0,4632.0
11783824.0,826984.0,4632.0
11783824.0,826984.0,4632.0
11782820.8,826995.2,4686.4
11781316.0,827012.0,4768.0
11781316.0,827012.0,4768.0
11781816.0,827013.33333,4792.0
11782816.0,827016.0,4840.0
11782816.0,827016.0,4840.0
11782816.0,827016.0,4840.0
11782816.0,827016.0,4840.0
11782816.0,827016.0,4840.0
11782816.0,827016.0,4840.0
11782816.0,827016.0,4840.0
11782816.0,827016.0,4840.0
11782816.0,827016.0,4840.0
11782816.0,827016.0,4840.0
11782816.0,827016.0,4840.0
11783049.333,827027.2,4952.0
11782335.2,827036.8,5105.6
11780864.0,827032.0,5144.0
11780864.0,827032.0,5144.0
11781920.533,827039.46667,5173.8666667
11783128.0,827048.0,5208.0
11783128.0,827048.0,5208.0
11783128.0,827048.0,5208.0
11783128.0,827048.0,5208.0
11783128.0,827048.0,5208.0
11783128.0,827048.0,5208.0
11783128.0,827048.0,5208.0
11783128.0,827048.0,5208.0
11783128.0,827048.0,5208.0
11782358.667,827054.66667,5280.0
11780820.0,827068.0,5424.0
11780820.0,827068.0,5424.0
11781200.8,827068.0,5436.8
11782248.0,827068.0,5472.0
11782248.0,827068.0,5472.0
11782248.0,827068.0,5472.0
11782248.0,827068.0,5472.0
11782248.0,827068.0,5472.0
11782248.0,827068.0,5472.0
11782248.0,827068.0,5472.0
11782248.0,827068.0,5472.0
11782248.0,827068.0,5472.0
11782248.0,827068.0,5472.0
11782248.0,827068.0,5472.0
11782019.733,827117.06667,5533.8666667
11781392.0,827252.0,5704.0
11781392.0,827252.0,5704.0
11781392.0,827252.0,5704.0
11781392.0,827252.0,5704.0
11781392.0,827252.0,5704.0
11781392.0,827252.0,5704.0
11781392.0,827252.0,5704.0
11781392.0,827252.0,5704.0
11781392.0,827252.0,5704.0
11781392.0,827252.0,5704.0
11781392.0,827252.0,5704.0
11781248.0,827262.66667,5805.3333333
11780960.0,827284.0,6008.0
11780960.0,827284.0,6008.0
11780960.0,827284.0,6008.0
11780960.0,827284.0,6008.0
11780358.667,827302.66667,6040.0
11779156.0,827340.0,6104.0
11779156.0,827340.0,6104.0
11779156.0,827340.0,6104.0
11779156.0,827340.0,6104.0
11779156.0,827340.0,6104.0
11778529.333,828084.0,6268.0
11777276.0,829572.0,6596.0
11777276.0,829572.0,6596.0
11777276.0,829572.0,6596.0
11777276.0,829572.0,6596.0
11777276.0,829572.0,6596.0
11777276.0,829572.0,6596.0
11777276.0,829572.0,6596.0
11777276.0,829572.0,6596.0
11777276.0,829572.0,6596.0
11777276.0,829572.0,6596.0
11777276.0,829572.0,6596.0
11777488.8,829581.33333,6704.2666667
11777732.0,829592.0,6828.0
11777732.0,829592.0,6828.0
11777732.0,829592.0,6828.0
11777732.0,829592.0,6828.0
11777732.0,829592.0,6828.0
11777732.0,829592.0,6828.0
11777732.0,829592.0,6828.0
11777732.0,829592.0,6828.0
11777732.0,829592.0,6828.0
11777732.0,829592.0,6828.0
11777732.0,829592.0,6828.0
11777053.6,829598.4,6990.1333333
11776460.0,829604.0,7132.0
11776460.0,829604.0,7132.0
11776460.0,829604.0,7132.0
11776460.0,829604.0,7132.0
11776460.0,829604.0,7132.0
11776460.0,829604.0,7132.0
11776460.0,829604.0,7132.0
11776460.0,829604.0,7132.0
11776460.0,829604.0,7132.0
11776460.0,829604.0,7132.0
11775137.333,829614.66667,7238.6666667
11773980.0,829624.0,7332.0
11773980.0,829624.0,7332.0
11773980.0,829624.0,7332.0
11773980.0,829624.0,7332.0
11773980.0,829624.0,7332.0
11773980.0,829624.0,7332.0
11773980.0,829624.0,7332.0
11773980.0,829624.0,7332.0
11773980.0,829624.0,7332.0
11773980.0,829624.0,7332.0
11774082.667,829637.06667,7447.7333333
11774200.0,829652.0,7580.0
11774200.0,829652.0,7580.0
11774200.0,829652.0,7580.0
11774200.0,829652.0,7580.0
11774200.0,829652.0,7580.0
11774200.0,829652.0,7580.0
11774200.0,829652.0,7580.0
11774200.0,829652.0,7580.0
11774200.0,829652.0,7580.0
11774200.0,829652.0,7580.0
11774200.0,829652.0,7580.0
11774349.333,829657.33333,7677.3333333
11774648.0,829668.0,7872.0
11774648.0,829668.0,7872.0
11774648.0,829668.0,7872.0
11774648.0,829668.0,7872.0
11774648.0,829668.0,7872.0
11774648.0,829668.0,7872.0
11774648.0,829668.0,7872.0
11774648.0,829668.0,7872.0
11774648.0,829668.0,7872.0
11774648.0,829668.0,7872.0
11774648.0,829668.0,7872.0
11774648.0,829668.0,7872.0
11774300.8,829673.6,7976.5333333
11773904.0,829680.0,8096.0
11773904.0,829680.0,8096.0
11773904.0,829680.0,8096.0
11773904.0,829680.0,8096.0
11773904.0,829680.0,8096.0
11773904.0,829680.0,8096.0
11773904.0,829680.0,8096.0
11773904.0,829680.0,8096.0
11773424.267,829694.93333,8194.9333333
11772876.0,829712.0,8308.0
11772876.0,829712.0,8308.0
11772876.0,829712.0,8308.0
11772876.0,829712.0,8308.0
11772876.0,829712.0,8308.0
11772876.0,829712.0,8308.0
11772876.0,829712.0,8308.0
11772876.0,829712.0,8308.0
11772876.0,829712.0,8308.0
11772876.0,829712.0,8308.0
11772876.0,829712.0,8308.0
11772679.733,829726.93333,8438.1333333
11772508.0,829740.0,8552.0
11772508.0,829740.0,8552.0
11772508.0,829740.0,8552.0
11772508.0,829740.0,8552.0
11772508.0,829740.0,8552.0
11772508.0,829740.0,8552.0
11772508.0,829740.0,8552.0
11772508.0,829740.0,8552.0
11772508.0,829740.0,8552.0
11772508.0,829740.0,8552.0
11772508.0,829740.0,8552.0
11773066.133,829749.33333,8697.6
11773704.0,829760.0,8864.0
11773704.0,829760.0,8864.0
11773704.0,829760.0,8864.0
11773704.0,829760.0,8864.0
11773704.0,829760.0,8864.0
11773704.0,829760.0,8864.0
11773704.0,829760.0,8864.0
11773704.0,829760.0,8864.0
11773704.0,829760.0,8864.0
11773704.0,829760.0,8864.0
11773704.0,829760.0,8864.0
11773456.533,829772.8,8996.2666667
11773240.0,829784.0,9112.0
11773240.0,829784.0,9112.0
11773240.0,829784.0,9112.0
11773240.0,829784.0,9112.0
11773240.0,829784.0,9112.0
11773240.0,829784.0,9112.0
11773240.0,829784.0,9112.0
11773240.0,829784.0,9112.0
11773240.0,829784.0,9112.0
11773240.0,829784.0,9112.0
11773240.0,829784.0,9112.0
11772421.333,829789.33333,9208.0
11770784.0,829800.0,9400.0
11770784.0,829800.0,9400.0
11770784.0,829800.0,9400.0
11770784.0,829800.0,9400.0
11770784.0,829800.0,9400.0
11770784.0,829800.0,9400.0
11770784.0,829800.0,9400.0
11770784.0,829800.0,9400.0
11770784.0,829800.0,9400.0
11770784.0,829800.0,9400.0
11770784.0,829800.0,9400.0
11771270.667,829806.66667,9482.6666667
11772244.0,829820.0,9648.0
11772244.0,829820.0,9648.0
11772244.0,829820.0,9648.0
11772244.0,829820.0,9648.0
11772244.0,829820.0,9648.0
11772244.0,829820.0,9648.0
11772244.0,829820.0,9648.0
11772244.0,829820.0,9648.0
11772244.0,829820.0,9648.0
11772244.0,829820.0,9648.0
11772244.0,829820.0,9648.0
11772535.2,829832.8,9776.0
11772972.0,829852.0,9968.0
11772972.0,829852.0,9968.0
11772972.0,829852.0,9968.0
11772972.0,829852.0,9968.0
11772972.0,829852.0,9968.0
11772972.0,829852.0,9968.0
11772972.0,829852.0,9968.0
11772972.0,829852.0,9968.0
11772972.0,829852.0,9968.0
11772972.0,829852.0,9968.0
11772972.0,829852.0,9968.0
11772606.133,829861.33333,10094.933333
11772188.0,829872.0,10240.0
11772188.0,829872.0,10240.0
11772188.0,829872.0,10240.0
11772188.0,829872.0,10240.0
11772188.0,829872.0,10240.0
11772188.0,829872.0,10240.0
11771196.8,829877.6,10325.866667
11770064.0,829884.0,10424.0
11770911.467,829889.6,10453.866667
11771880.0,829896.0,10488.0
11771880.0,829896.0,10488.0
11771880.0,829896.0,10488.0
11771880.0,829896.0,10488.0
11771880.0,829896.0,10488.0
11771880.0,829896.0,10488.0
11771880.0,829896.0,10488.0
11771880.0,829896.0,10488.0
11771880.0,829896.0,10488.0
11771880.0,829896.0,10488.0
11771880.0,829896.0,10488.0
11771556.0,829910.4,10646.4
11771340.0,829920.0,10752.0
11771340.0,829920.0,10752.0
11771340.0,829920.0,10752.0
11771340.0,829920.0,10752.0
11771340.0,829920.0,10752.0
11771340.0,829920.0,10752.0
11771340.0,829920.0,10752.0
11771340.0,829920.0,10752.0
11771340.0,829920.0,10752.0
11771340.0,829920.0,10752.0
11771340.0,829920.0,10752.0
11771383.2,829946.4,10929.6
11771412.0,829964.0,11048.0
11771412.0,829964.0,11048.0
11771412.0,829964.0,11048.0
11771412.0,829964.0,11048.0
11771412.0,829964.0,11048.0
11771412.0,829964.0,11048.0
11771412.0,829964.0,11048.0
11771412.0,829964.0,11048.0
11771412.0,829964.0,11048.0
11771412.0,829964.0,11048.0
11771412.0,829964.0,11048.0
11771534.667,829980.0,11213.333333
11771596.0,829988.0,11296.0
11771596.0,829988.0,11296.0
11771596.0,829988.0,11296.0
11771596.0,829988.0,11296.0
11771596.0,829988.0,11296.0
11771596.0,829988.0,11296.0
11771596.0,829988.0,11296.0
11771596.0,829988.0,11296.0
11771596.0,829988.0,11296.0
11771596.0,829988.0,11296.0
11771596.0,829988.0,11296.0
11770969.6,829997.6,11473.6
11770552.0,830004.0,11592.0
11770552.0,830004.0,11592.0
11770552.0,830004.0,11592.0
11770552.0,830004.0,11592.0
11770552.0,830004.0,11592.0
11770552.0,830004.0,11592.0
11770552.0,830004.0,11592.0
11770552.0,830004.0,11592.0
11770552.0,830004.0,11592.0
11770552.0,830004.0,11592.0
11769296.8,830020.8,11736.0
11768460.0,830032.0,11832.0
11768460.0,830032.0,11832.0
11769326.667,830034.66667,11869.333333
11769760.0,830036.0,11888.0
11769760.0,830036.0,11888.0
11769760.0,830036.0,11888.0
11769760.0,830036.0,11888.0
11769760.0,830036.0,11888.0
11769760.0,830036.0,11888.0
11769760.0,830036.0,11888.0
11769760.0,830036.0,11888.0
11769760.0,830036.0,11888.0
11769760.0,830036.0,11888.0
11769760.0,830036.0,11888.0
11769368.8,830124.8,12041.6
11769108.0,830184.0,12144.0
11769108.0,830184.0,12144.0
11769108.0,830184.0,12144.0
11769108.0,830184.0,12144.0
11769108.0,830184.0,12144.0
11769108.0,830184.0,12144.0
11769108.0,830184.0,12144.0
11769108.0,830184.0,12144.0
11769108.0,830184.0,12144.0
11769108.0,830184.0,12144.0
11769108.0,830184.0,12144.0
11768116.0,830201.06667,12297.6
11767248.0,830216.0,12432.0
11768133.333,830220.26667,12457.6
11768908.0,830224.0,12480.0
11768908.0,830224.0,12480.0
11768908.0,830224.0,12480.0
11768908.0,830224.0,12480.0
11768908.0,830224.0,12480.0
11768908.0,830224.0,12480.0
11768908.0,830224.0,12480.0
11768908.0,830224.0,12480.0
11768908.0,830224.0,12480.0
11768908.0,830224.0,12480.0
11768908.0,830224.0,12480.0
11768794.667,830232.0,12562.666667
11768568.0,830248.0,12728.0
11767750.4,830251.2,12753.6
11766524.0,830256.0,12792.0
11766524.0,830256.0,12792.0
11766524.0,830256.0,12792.0
11766524.0,830256.0,12792.0
11767724.267,830257.86667,12851.733333
11769096.0,830260.0,12920.0
11769096.0,830260.0,12920.0
11769096.0,830260.0,12920.0
11769096.0,830260.0,12920.0
11769096.0,830260.0,12920.0
11769096.0,830260.0,12920.0
11769096.0,830260.0,12920.0
11769096.0,830260.0,12920.0
11769096.0,830260.0,12920.0
11769096.0,830260.0,12920.0
11769096.0,830260.0,12920.0
11768816.0,830266.66667,13002.666667
11768256.0,830280.0,13168.0
11768256.0,830280.0,13168.0
11768256.0,830280.0,13168.0
11768256.0,830280.0,13168.0
11768256.0,830280.0,13168.0
11768256.0,830280.0,13168.0
11768256.0,830280.0,13168.0
11768256.0,830280.0,13168.0
11768256.0,830280.0,13168.0
11768256.0,830280.0,13168.0
11768256.0,830280.0,13168.0
11768165.333,830289.33333,13269.333333
11767984.0,830308.0,13472.0
11767984.0,830308.0,13472.0
11767984.0,830308.0,13472.0
11767984.0,830308.0,13472.0
11767984.0,830308.0,13472.0
11767984.0,830308.0,13472.0
11767984.0,830308.0,13472.0
11767984.0,830308.0,13472.0
11767984.0,830308.0,13472.0
11767984.0,830308.0,13472.0
11767984.0,830308.0,13472.0
11767874.667,830314.66667,13554.666667
11767656.0,830328.0,13720.0
11767656.0,830328.0,13720.0
11767656.0,830328.0,13720.0
11767656.0,830328.0,13720.0
11767656.0,830328.0,13720.0
11767656.0,830328.0,13720.0
11767656.0,830328.0,13720.0
11767656.0,830328.0,13720.0
11767568.267,830335.46667,13835.733333
11767468.0,830344.0,13968.0
11767468.0,830344.0,13968.0
11767468.0,830344.0,13968.0
11767468.0,830344.0,13968.0
11767468.0,830344.0,13968.0
11767468.0,830344.0,13968.0
11767468.0,830344.0,13968.0
11766945.333,830347.73333,14050.133333
11766348.0,830352.0,14144.0
11766348.0,830352.0,14144.0
11766348.0,830352.0,14144.0
11766348.0,830352.0,14144.0
11766348.0,830352.0,14144.0
11766348.0,830352.0,14144.0
11766348.0,830352.0,14144.0
11766348.0,830352.0,14144.0
11766348.0,830352.0,14144.0
11766348.0,830352.0,14144.0
11765716.0,830361.33333,14216.0
11764452.0,830380.0,14360.0
11764452.0,830380.0,14360.0
11764981.067,830381.06667,14374.933333
11766436.0,830384.0,14416.0
11766436.0,830384.0,14416.0
11766436.0,830384.0,14416.0
11766436.0,830384.0,14416.0
11766436.0,830384.0,14416.0
11766436.0,830384.0,14416.0
11766436.0,830384.0,14416.0
11766436.0,830384.0,14416.0
11766436.0,830384.0,14416.0
11766436.0,830384.0,14416.0
11766405.867,830385.33333,14432.0
11765984.0,830404.0,14656.0
11765984.0,830404.0,14656.0
11765984.0,830404.0,14656.0
11765984.0,830404.0,14656.0
11765984.0,830404.0,14656.0
11765984.0,830404.0,14656.0
11765984.0,830404.0,14656.0
11765984.0,830404.0,14656.0
11765984.0,830404.0,14656.0
11765984.0,830404.0,14656.0
11765984.0,830404.0,14656.0
11765986.133,830406.66667,14672.533333
11766016.0,830444.0,14904.0
11766016.0,830444.0,14904.0
11766016.0,830444.0,14904.0
11766016.0,830444.0,14904.0
11766016.0,830444.0,14904.0
11766016.0,830444.0,14904.0
11766016.0,830444.0,14904.0
11766016.0,830444.0,14904.0
11766016.0,830444.0,14904.0
11766016.0,830444.0,14904.0
11766016.0,830444.0,14904.0
11766016.0,830444.0,14904.0
11765980.0,830444.0,14952.0
11762794.933,830444.0,15161.066667
11754432.0,830444.0,15208.0
11754432.0,830444.0,15208.0
11754432.0,830444.0,15208.0
11754432.0,830444.0,15208.0
11754432.0,830444.0,15208.0
11754432.0,830444.0,15208.0
11754432.0,830444.0,15208.0
11754432.0,830444.0,15208.0
11754432.0,830444.0,15208.0
11754432.0,830444.0,15208.0
11754432.0,830444.0,15208.0
11754440.533,830447.2,15242.133333
11754496.0,830468.0,15464.0
11754496.0,830468.0,15464.0
11754496.0,830468.0,15464.0
11754496.0,830468.0,15464.0
11754496.0,830468.0,15464.0
11754496.0,830468.0,15464.0
11754496.0,830468.0,15464.0
11754496.0,830468.0,15464.0
11754496.0,830468.0,15464.0
11754496.0,830468.0,15464.0
11754496.0,830468.0,15464.0
11754496.0,830468.0,15464.0
11754028.0,830508.0,15784.0
11754028.0,830508.0,15784.0
11754028.0,830508.0,15784.0
11754028.0,830508.0,15784.0
11754028.0,830508.0,15784.0
11754028.0,830508.0,15784.0
11754028.0,830508.0,15784.0
11754028.0,830508.0,15784.0
11754028.0,830508.0,15784.0
11754028.0,830508.0,15784.0
11754028.0,830508.0,15784.0
11754028.0,830508.0,15784.0
11753240.0,830532.0,16032.0
11753240.0,830532.0,16032.0
11753240.0,830532.0,16032.0
11753240.0,830532.0,16032.0
11753240.0,830532.0,16032.0
11753240.0,830532.0,16032.0
11753240.0,830532.0,16032.0
11753240.0,830532.0,16032.0
11753240.0,830532.0,16032.0
11753240.0,830532.0,16032.0
11753240.0,830532.0,16032.0
11753240.0,830532.0,16032.0
11753052.0,830556.0,16296.0
11753052.0,830556.0,16296.0
11753052.0,830556.0,16296.0
11753052.0,830556.0,16296.0
11753052.0,830556.0,16296.0
11753052.0,830556.0,16296.0
11753052.0,830556.0,16296.0
11753052.0,830556.0,16296.0
11753052.0,830556.0,16296.0
11753052.0,830556.0,16296.0
11753052.0,830556.0,16296.0
11752988.267,830556.8,16310.933333
11752027.733,830642.66667,16524.533333
11751072.0,831688.0,16588.0
11751072.0,831688.0,16588.0
11751072.0,831688.0,16588.0
11751072.0,831688.0,16588.0
11751072.0,831688.0,16588.0
11751072.0,831688.0,16588.0
11751072.0,831688.0,16588.0
11751072.0,831688.0,16588.0
11751072.0,831688.0,16588.0
11751072.0,831688.0,16588.0
11751072.0,831688.0,16588.0
11751072.0,831688.0,16588.0
11751262.667,831708.8,16799.466667
11751292.0,831712.0,16832.0
11751292.0,831712.0,16832.0
11751292.0,831712.0,16832.0
11751292.0,831712.0,16832.0
11751292.0,831712.0,16832.0
11751292.0,831712.0,16832.0
11751292.0,831712.0,16832.0
11751292.0,831712.0,16832.0
11751292.0,831712.0,16832.0
11751292.0,831712.0,16832.0
11751292.0,831712.0,16832.0
11750963.467,831823.46667,17025.6
11750844.0,831864.0,17096.0
11750844.0,831864.0,17096.0
11750844.0,831864.0,17096.0
11750844.0,831864.0,17096.0
11750844.0,831864.0,17096.0
11750844.0,831864.0,17096.0
11750844.0,831864.0,17096.0
11750056.8,831908.8,17236.8
11749860.0,831920.0,17272.0
11749860.0,831920.0,17272.0
11749860.0,831920.0,17272.0
11749860.0,831920.0,17272.0
11749860.0,831920.0,17272.0
11749860.0,831920.0,17272.0
11749860.0,831920.0,17272.0
11749860.0,831920.0,17272.0
11749860.0,831920.0,17272.0
11749860.0,831920.0,17272.0
11749860.0,831920.0,17272.0
11750311.2,831939.2,17457.6
11750424.0,831944.0,17504.0
11750424.0,831944.0,17504.0
11750424.0,831944.0,17504.0
11750424.0,831944.0,17504.0
11750424.0,831944.0,17504.0
11750424.0,831944.0,17504.0
11750424.0,831944.0,17504.0
11750424.0,831944.0,17504.0
11750424.0,831944.0,17504.0
11750424.0,831944.0,17504.0
11750424.0,831944.0,17504.0
11750992.8,831960.8,17686.4
11751372.0,831972.0,17808.0
11751372.0,831972.0,17808.0
11751372.0,831972.0,17808.0
11751372.0,831972.0,17808.0
11751372.0,831972.0,17808.0
11751372.0,831972.0,17808.0
11751372.0,831972.0,17808.0
11751372.0,831972.0,17808.0
11751372.0,831972.0,17808.0
11751372.0,831972.0,17808.0
11751372.0,831972.0,17808.0
11750351.2,831992.53333,17960.533333
11749980.0,832000.0,18016.0
11749980.0,832000.0,18016.0
11749980.0,832000.0,18016.0
11749980.0,832000.0,18016.0
11749980.0,832000.0,18016.0
11749980.0,832000.0,18016.0
11749980.0,832000.0,18016.0
11749980.0,832000.0,18016.0
11749980.0,832000.0,18016.0
11749980.0,832000.0,18016.0
11749980.0,832000.0,18016.0
11749924.0,832005.33333,18101.333333
11749896.0,832008.0,18144.0
11749896.0,832008.0,18144.0
11749896.0,832008.0,18144.0
11749896.0,832008.0,18144.0
11749896.0,832008.0,18144.0
11749896.0,832008.0,18144.0
11749896.0,832008.0,18144.0
11749896.0,832008.0,18144.0
11749896.0,832008.0,18144.0
11749896.0,832008.0,18144.0
11748508.533,832817.6,18328.8
11748004.0,833112.0,18396.0
11748004.0,833112.0,18396.0
11748004.0,833112.0,18396.0
11748004.0,833112.0,18396.0
11748004.0,833112.0,18396.0
11748004.0,833112.0,18396.0
11748004.0,833112.0,18396.0
11748004.0,833112.0,18396.0
11748004.0,833112.0,18396.0
11748004.0,833112.0,18396.0
11748004.0,833112.0,18396.0
11747995.2,833179.46667,18574.933333
11747992.0,833204.0,18640.0
11747992.0,833204.0,18640.0
11747992.0,833204.0,18640.0
11747992.0,833204.0,18640.0
11747992.0,833204.0,18640.0
11747992.0,833204.0,18640.0
11747992.0,833204.0,18640.0
11747992.0,833204.0,18640.0
11747992.0,833204.0,18640.0
11747992.0,833204.0,18640.0
11747296.0,833280.8,18731.2
11747296.0,833280.8,18731.2
11746832.0,833332.0,18792.0
11746832.0,833332.0,18792.0
11746832.0,833332.0,18792.0
11746832.0,833332.0,18792.0
11746832.0,833332.0,18792.0
11746832.0,833332.0,18792.0
11746832.0,833332.0,18792.0
11746832.0,833332.0,18792.0
11746832.0,833332.0,18792.0
11746832.0,833332.0,18792.0
11746832.0,833332.0,18792.0
11746873.6,833332.0,18945.6
11746884.0,833332.0,18984.0
11746884.0,833332.0,18984.0
11746884.0,833332.0,18984.0
11746884.0,833332.0,18984.0
11746884.0,833332.0,18984.0
11746884.0,833332.0,18984.0
11746884.0,833332.0,18984.0
11746884.0,833332.0,18984.0
11746884.0,833332.0,18984.0
11746884.0,833332.0,18984.0
14438176.267,828550.66667,19177.6
