vda,0.80,0.01,0.00,0,0
vda,100.80,0.64,0.01,3,0
vda,37.20,0.14,0.01,0,0
vda,55.40,0.00,0.23,0,1
vda,0.20,0.00,0.00,0,0
vda,178.20,2.17,0.06,10,0
vda,243.80,12.99,0.03,64,0
vda,151.00,11.89,1.49,59,7
vda,99.80,12.00,0.01,60,0
vda,71.20,8.62,0.01,43,0
vda,7.60,0.02,0.01,0,0
vda,72.40,0.07,0.23,0,1
vda,3.60,0.00,0.01,0,0
vda,27.80,0.13,0.00,0,0
vda,72.40,0.00,0.30,0,1
vda,2.20,0.00,0.01,0,0
vda,0.00,0.00,0.00,0,0
vda,47.00,0.00,0.19,0,0
vda,4.80,0.03,0.01,0,0
vda,1.40,0.00,0.01,0,0
vda,48.10,0.00,0.19,0,0
vda,13.40,0.11,0.01,0,0
vda,21.40,0.02,0.06,0,0
vda,17.60,0.07,0.00,0,0
vda,96.20,0.00,0.39,0,1
vda,1.60,0.00,0.01,0,0
vda,1.20,0.00,0.00,0,0
vda,48.00,0.00,0.19,0,0
vda,1.60,0.00,0.01,0,0
vda,12.40,0.00,0.06,0,0
vda,2.80,0.00,0.01,0,0
vda,47.40,0.00,0.20,0,0
vda,1.60,0.00,0.01,0,0
vda,2.60,0.00,0.01,0,0
vda,58.40,0.00,0.24,0,1
vda,1.60,0.00,0.01,0,0
vda,2.00,0.00,0.01,0,0
vda,63.80,0.00,0.26,0,1
vda,1.40,0.00,0.01,0,0
vda,2.20,0.00,0.01,0,0
vda,45.60,0.00,0.19,0,0
vda,3.40,0.00,0.01,0,0
vda,2.60,0.00,0.01,0,0
vda,53.40,0.00,0.22,0,1
vda,1.40,0.00,0.01,0,0
vda,2.40,0.00,0.01,0,0
vda,0.00,0.00,0.00,0,0
vda,1.20,0.00,0.00,0,0
vda,2.20,0.00,0.01,0,0
vda,0.80,0.00,0.01,0,0
vda,19.40,0.00,0.08,0,0
vda,53.40,0.00,0.21,0,1
vda,1.00,0.00,0.00,0,0
vda,1.40,0.00,0.00,0,0
vda,54.80,0.00,0.22,0,1
vda,0.20,0.00,0.00,0,0
vda,1.20,0.00,0.00,0,0
vda,38.40,0.00,0.15,0,0
vda,1.20,0.00,0.00,0,0
vda,1.20,0.00,0.00,0,0
vda,66.40,0.00,0.26,0,1
vda,0.80,0.00,0.00,0,0
vda,2.40,0.00,0.01,0,0
vda,2.60,0.00,0.01,0,0
vda,48.40,0.00,0.20,0,0
vda,17.40,0.04,0.06,0,0
vda,4.00,0.00,0.02,0,0
vda,48.60,0.00,0.20,0,0
vda,2.80,0.00,0.01,0,0
vda,9.80,0.02,0.06,0,0
vda,3.00,0.00,0.01,0,0
vda,56.00,0.00,0.23,0,1
vda,4.00,0.00,0.02,0,0
vda,67.80,0.00,0.27,0,1
vda,1.40,0.00,0.01,0,0
vda,9.80,0.03,0.01,0,0
vda,59.40,0.05,0.18,0,0
vda,3.20,0.00,0.01,0,0
vda,3.60,0.00,0.01,0,0
vda,56.80,0.03,0.20,0,0
vda,3.80,0.00,0.01,0,0
vda,2.40,0.00,0.01,0,0
vda,44.00,0.00,0.18,0,0
vda,2.00,0.00,0.01,0,0
vda,2.20,0.00,0.01,0,0
vda,65.00,0.00,0.26,0,1
vda,2.00,0.00,0.01,0,0
vda,2.40,0.00,0.01,0,0
vda,48.80,0.00,0.19,0,0
vda,2.20,0.00,0.01,0,0
vda,3.60,0.00,0.01,0,0
vda,1.80,0.00,0.01,0,0
vda,8.60,0.00,0.03,0,0
vda,49.60,0.00,0.20,0,0
vda,6.00,0.00,0.05,0,0
vda,3.60,0.00,0.01,0,0
vda,74.00,0.00,0.29,0,1
vda,0.00,0.00,0.00,0,0
vda,1.60,0.00,0.01,0,0
vda,49.40,0.00,0.19,0,0
vda,2.80,0.00,0.01,0,0
vda,1.40,0.00,0.01,0,0
vda,56.00,0.00,0.22,0,1
vda,0.00,0.00,0.00,0,0
vda,1.40,0.00,0.00,0,0
vda,101.20,0.22,0.19,1,0
vda,7.60,0.00,0.03,0,0
vda,1.20,0.00,0.00,0,0
vda,85.60,0.00,0.34,0,1
vda,0.00,0.00,0.00,0,0
vda,4.80,0.00,0.02,0,0
vda,55.20,0.00,0.22,0,1
vda,0.00,0.00,0.00,0,0
vda,14.20,0.00,0.06,0,0
vda,2.40,0.00,0.01,0,0
vda,46.60,0.00,0.18,0,0
vda,2.40,0.00,0.01,0,0
vda,2.40,0.00,0.01,0,0
vda,53.80,0.00,0.21,0,1
vda,1.80,0.00,0.01,0,0
vda,3.60,0.00,0.01,0,0
vda,1.60,0.00,0.01,0,0
vda,0.00,0.00,0.00,0,0
vda,73.80,0.00,0.29,0,1
vda,1.40,0.00,0.01,0,0
vda,0.00,0.00,0.00,0,0
vda,2.20,0.00,0.01,0,0
vda,0.80,0.00,0.00,0,0
vda,47.60,0.00,0.19,0,0
vda,2.40,0.00,0.01,0,0
vda,0.60,0.00,0.00,0,0
vda,61.80,0.00,0.25,0,1
vda,2.60,0.00,0.01,0,0
vda,0.00,0.00,0.00,0,0
vda,1.20,0.00,0.00,0,0
vda,2.20,0.00,0.01,0,0
vda,0.20,0.00,0.00,0,0
vda,1.60,0.00,0.01,0,0
vda,72.80,0.00,0.29,0,1
vda,1.20,0.00,0.00,0,0
vda,0.20,0.00,0.00,0,0
vda,4.20,0.00,0.02,0,0
vda,72.20,0.00,0.29,0,1
vda,2.20,0.00,0.01,0,0
vda,2.20,0.00,0.01,0,0
vda,82.00,0.00,0.32,0,1
vda,1.40,0.00,0.01,0,0
vda,2.20,0.00,0.01,0,0
vda,46.20,0.00,0.19,0,0
vda,1.40,0.00,0.01,0,0
vda,2.20,0.00,0.01,0,0
vda,55.20,0.00,0.22,0,1
vda,2.40,0.00,0.01,0,0
vda,0.00,0.00,0.00,0,0
vda,65.80,0.00,0.29,0,1
vda,4.00,0.00,0.01,0,0
vda,2.40,0.00,0.01,0,0
vda,65.80,0.00,0.26,0,1
vda,2.20,0.00,0.01,0,0
vda,2.40,0.00,0.01,0,0
vda,3.20,0.00,0.01,0,0
vda,1.40,0.00,0.01,0,0
vda,2.60,0.00,0.01,0,0
vda,0.40,0.00,0.00,0,0
vda,3.60,0.00,0.02,0,0
vda,53.20,0.00,0.21,0,1
vda,8.40,0.00,0.03,0,0
vda,0.20,0.00,0.00,0,0
vda,2.20,0.00,0.01,0,0
vda,1.00,0.00,0.00,0,0
vda,1.40,0.00,0.01,0,0
vda,4.00,0.00,0.02,0,0
vda,14.40,0.00,0.06,0,0
vda,0.60,0.00,0.00,0,0
vda,53.20,0.00,0.21,0,1
vda,0.60,0.00,0.00,0,0
vda,4.00,0.00,0.02,0,0
vda,8.40,0.00,0.03,0,0
vda,2.20,0.00,0.01,0,0
vda,4.40,0.00,0.02,0,0
vda,19.60,0.00,0.08,0,0
vda,2.40,0.00,0.01,0,0
vda,1.80,0.00,0.01,0,0
vda,53.80,0.00,0.21,0,1
