vda,110.20,0.60,0.00,3,0
vda,18.80,0.14,0.02,0,0
vda,10.00,0.00,0.04,0,0
vda,35.20,0.00,0.14,0,0
vda,2.60,0.00,0.01,0,0
vda,1.20,0.00,0.00,0,0
vda,214.40,9.56,0.05,47,0
vda,120.20,10.85,1.41,54,7
vda,229.00,12.68,0.07,63,0
vda,125.60,13.73,0.01,68,0
vda,96.80,11.01,0.01,55,0
vda,117.20,11.75,0.10,58,0
vda,145.00,13.08,0.16,65,0
vda,114.80,14.07,0.01,70,0
vda,143.60,13.40,0.15,67,0
vda,79.60,9.78,0.01,48,0
vda,144.60,14.17,0.13,70,0
vda,102.20,12.78,0.00,63,0
vda,92.80,9.85,0.06,49,0
vda,157.00,15.38,0.14,76,0
vda,136.80,16.95,0.00,84,0
vda,138.60,13.05,0.09,65,0
vda,52.00,0.02,0.19,0,0
vda,2.60,0.00,0.01,0,0
vda,1.20,0.00,0.00,0,0
vda,49.00,0.00,0.20,0,1
vda,1.40,0.00,0.01,0,0
vda,0.00,0.00,0.00,0,0
vda,37.00,0.00,0.16,0,0
vda,3.20,0.00,0.01,0,0
vda,19.60,0.00,0.08,0,0
vda,26.40,0.00,0.11,0,0
vda,1.40,0.00,0.01,0,0
vda,43.40,0.43,0.07,2,0
vda,1.80,0.00,0.01,0,0
vda,55.40,0.00,0.26,0,1
vda,25.60,0.00,0.10,0,0
vda,2.20,0.00,0.01,0,0
vda,1.20,0.00,0.00,0,0
vda,35.00,0.00,0.14,0,0
vda,3.80,0.00,0.01,0,0
vda,1.60,0.00,0.01,0,0
vda,42.40,0.00,0.18,0,0
vda,2.60,0.00,0.01,0,0
vda,1.20,0.00,0.00,0,0
vda,41.00,0.00,0.17,0,0
vda,2.40,0.00,0.01,0,0
vda,1.20,0.00,0.00,0,0
vda,41.80,0.00,0.17,0,0
vda,2.40,0.00,0.01,0,0
vda,42.80,0.00,0.18,0,0
vda,2.60,0.00,0.01,0,0
vda,41.20,0.00,0.17,0,0
vda,1.40,0.00,0.01,0,0
vda,7.40,0.00,0.03,0,0
vda,37.00,0.00,0.15,0,0
vda,1.40,0.00,0.01,0,0
vda,7.00,0.00,0.03,0,0
vda,48.20,0.00,0.19,0,0
vda,8.20,0.00,0.04,0,0
vda,0.00,0.00,0.00,0,0
vda,45.00,0.00,0.18,0,0
vda,1.60,0.00,0.01,0,0
vda,13.40,0.00,0.06,0,0
vda,37.80,0.00,0.16,0,0
vda,1.40,0.00,0.01,0,0
vda,0.00,0.00,0.00,0,0
vda,37.20,0.00,0.15,0,0
vda,2.80,0.00,0.01,0,0
vda,0.40,0.00,0.00,0,0
vda,51.40,0.00,0.21,0,1
vda,6.00,0.00,0.02,0,0
vda,1.40,0.00,0.01,0,0
vda,45.00,0.00,0.18,0,0
vda,1.40,0.00,0.01,0,0
vda,34.40,0.00,0.14,0,0
vda,2.40,0.00,0.01,0,0
vda,7.80,0.00,0.03,0,0
vda,36.00,0.00,0.14,0,0
vda,2.40,0.00,0.01,0,0
vda,6.80,0.00,0.03,0,0
vda,47.40,0.00,0.19,0,0
vda,9.60,0.00,0.04,0,0
vda,1.60,0.00,0.01,0,0
vda,42.00,0.00,0.17,0,0
vda,2.40,0.00,0.01,0,0
vda,7.00,0.00,0.03,0,0
vda,36.60,0.00,0.15,0,0
vda,2.40,0.00,0.01,0,0
vda,1.20,0.00,0.00,0,0
vda,45.40,0.00,0.18,0,0
vda,1.00,0.00,0.00,0,0
vda,13.57,0.00,0.06,0,0
vda,53.20,0.00,0.21,0,1
vda,2.40,0.00,0.01,0,0
vda,0.60,0.00,0.00,0,0
vda,35.60,0.00,0.14,0,0
vda,2.40,0.00,0.01,0,0
vda,0.60,0.00,0.00,0,0
vda,45.20,0.00,0.18,0,0
vda,1.00,0.00,0.00,0,0
vda,13.20,0.00,0.06,0,0
vda,36.00,0.00,0.14,0,0
vda,2.40,0.00,0.01,0,0
vda,0.00,0.00,0.00,0,0
vda,53.00,0.00,0.21,0,1
vda,2.40,0.00,0.01,0,0
vda,0.60,0.00,0.00,0,0
vda,44.80,0.00,0.18,0,0
vda,2.20,0.00,0.01,0,0
vda,0.00,0.00,0.00,0,0
vda,36.20,0.00,0.15,0,0
vda,2.40,0.00,0.01,0,0
vda,0.60,0.00,0.00,0,0
vda,35.80,0.00,0.14,0,0
vda,3.20,0.00,0.01,0,0
vda,0.60,0.00,0.00,0,0
vda,63.40,0.00,0.25,0,1
vda,0.00,0.00,0.00,0,0
vda,1.60,0.00,0.01,0,0
vda,41.00,0.00,0.16,0,0
vda,2.40,0.00,0.01,0,0
vda,1.20,0.00,0.00,0,0
vda,35.20,0.00,0.14,0,0
vda,2.40,0.00,0.01,0,0
vda,0.60,0.00,0.00,0,0
vda,45.20,0.00,0.18,0,0
vda,0.00,0.00,0.00,0,0
vda,1.00,0.00,0.00,0,0
vda,60.00,0.00,0.24,0,1
vda,3.00,0.00,0.01,0,0
vda,1.80,0.00,0.01,0,0
vda,35.00,0.00,0.14,0,0
vda,2.40,0.00,0.01,0,0
vda,0.60,0.00,0.00,0,0
vda,36.00,0.00,0.14,0,0
vda,4.00,0.00,0.02,0,0
vda,1.60,0.00,0.01,0,0
vda,42.00,0.00,0.17,0,0
vda,2.40,0.00,0.01,0,0
vda,0.00,0.00,0.00,0,0
vda,50.60,0.00,0.20,0,0
vda,23.20,0.00,0.09,0,0
vda,1.20,0.00,0.00,0,0
vda,2.00,0.00,0.01,0,0
vda,2.00,0.00,0.01,0,0
vda,0.00,0.00,0.00,0,0
vda,43.80,0.00,0.18,0,0
vda,3.20,0.00,0.01,0,0
vda,1.20,0.00,0.00,0,0
vda,0.20,0.00,0.00,0,0
vda,2.20,0.00,0.01,0,0
vda,1.20,0.00,0.00,0,0
vda,1.00,0.00,0.00,0,0
vda,24.00,0.00,0.10,0,0
vda,0.00,0.00,0.00,0,0
vda,34.80,0.00,0.14,0,0
vda,2.00,0.00,0.01,0,0
vda,1.60,0.00,0.01,0,0
vda,1.00,0.00,0.00,0,0
vda,8.20,0.00,0.03,0,0
vda,2.40,0.00,0.01,0,0
vda,13.00,0.00,0.05,0,0
vda,26.80,0.00,0.11,0,0
vda,1.60,0.00,0.01,0,0
vda,0.40,0.00,0.00,0,0
vda,1.40,0.00,0.01,0,0
vda,2.20,0.00,0.01,0,0
vda,0.80,0.00,0.00,0,0
vda,26.40,0.00,0.11,0,0
vda,2.40,0.00,0.01,0,0
vda,1.20,0.00,0.00,0,0
vda,4.60,0.00,0.02,0,0
vda,35.40,0.00,0.14,0,0
vda,0.00,0.00,0.00,0,0
vda,2.00,0.00,0.01,0,0
vda,2.80,0.00,0.01,0,0
vda,2.00,0.00,0.01,0,0
vda,19.00,0.00,0.07,0,0
vda,2.40,0.00,0.01,0,0
vda,7.20,0.00,0.03,0,0
vda,1.20,0.00,0.00,0,0
vda,36.20,0.00,0.14,0,0
vda,0.60,0.00,0.00,0,0
vda,3.20,0.00,0.01,0,0
vda,14.20,0.00,0.06,0,0
vda,0.20,0.00,0.00,0,0
vda,1.20,0.00,0.00,0,0
vda,1.60,0.00,0.01,0,0
vda,1.60,0.00,0.01,0,0
vda,8.40,0.00,0.03,0,0
vda,37.00,0.00,0.15,0,0
vda,1.20,0.00,0.00,0,0
vda,21.00,0.00,0.08,0,0
vda,0.00,0.00,0.00,0,0
vda,2.00,0.00,0.01,0,0
vda,10.38,0.00,0.04,0,0
vda,38.20,0.00,0.15,0,0
vda,0.20,0.00,0.00,0,0
vda,1.20,0.00,0.00,0,0
vda,37.00,0.00,0.15,0,0
vda,2.00,0.00,0.01,0,0
vda,3.80,0.00,0.01,0,0
vda,1.60,0.00,0.01,0,0
vda,0.00,0.00,0.00,0,0
vda,1.20,0.00,0.00,0,0
vda,2.80,0.00,0.01,0,0
vda,19.20,0.00,0.08,0,0
vda,8.00,0.00,0.03,0,0
vda,35.40,0.00,0.14,0,0
vda,1.20,0.00,0.00,0,0
vda,3.40,0.00,0.01,0,0
vda,2.20,0.00,0.01,0,0
vda,0.00,0.00,0.00,0,0
vda,20.00,0.00,0.08,0,0
vda,1.60,0.00,0.01,0,0
vda,1.60,0.00,0.00,0,0
vda,7.00,0.00,0.03,0,0
vda,36.80,0.00,0.15,0,0
vda,1.60,0.00,0.01,0,0
vda,2.20,0.00,0.01,0,0
vda,2.60,0.00,0.01,0,0
vda,12.40,0.00,0.05,0,0
vda,1.60,0.00,0.01,0,0
vda,1.60,0.00,0.01,0,0
vda,1.80,0.00,0.01,0,0
vda,36.00,0.00,0.14,0,0
vda,0.00,0.00,0.00,0,0
vda,8.20,0.00,0.03,0,0
vda,20.80,0.00,0.08,0,0
vda,1.60,0.00,0.01,0,0
vda,3.00,0.00,0.01,0,0
vda,1.80,0.00,0.01,0,0
vda,2.20,0.00,0.01,0,0
vda,0.00,0.00,0.00,0,0
vda,23.60,0.00,0.10,0,0
vda,3.00,0.00,0.02,0,0
vda,20.00,0.00,0.08,0,0
vda,1.40,0.00,0.01,0,0
vda,1.60,0.00,0.01,0,0
vda,53.80,0.00,0.22,0,1
vda,3.60,0.00,0.01,0,0
vda,1.40,0.00,0.01,0,0
vda,43.80,0.00,0.18,0,0
vda,0.00,0.00,0.00,0,0
vda,2.20,0.00,0.01,0,0
vda,36.40,0.00,0.15,0,0
vda,1.20,0.00,0.00,0,0
vda,2.00,0.00,0.01,0,0
vda,36.60,0.00,0.15,0,0
vda,0.80,0.00,0.00,0,0
vda,4.20,0.00,0.02,0,0
vda,53.20,0.00,0.22,0,1
vda,7.40,0.00,0.03,0,0
vda,2.40,0.00,0.01,0,0
vda,1.20,0.00,0.00,0,0
vda,0.00,0.00,0.00,0,0
vda,2.20,0.00,0.01,0,0
vda,1.60,0.00,0.01,0,0
vda,35.40,0.00,0.14,0,0
vda,4.00,0.00,0.02,0,0
vda,1.60,0.00,0.01,0,0
vda,9.40,0.00,0.04,0,0
vda,48.00,0.00,0.19,0,0
vda,24.60,0.00,0.10,0,0
vda,6.80,0.00,0.05,0,0
vda,9.00,0.00,0.06,0,0
vda,3.20,0.00,0.01,0,0
vda,2.60,0.00,0.01,0,0
vda,1.80,0.00,0.01,0,0
vda,16.00,0.00,0.07,0,0
vda,25.60,0.00,0.11,0,0
vda,0.00,0.00,0.00,0,0
vda,1.20,0.00,0.00,0,0
vda,0.20,0.00,0.00,0,0
vda,9.20,0.00,0.04,0,0
vda,1.60,0.00,0.01,0,0
vda,17.80,0.00,0.07,0,0
vda,3.80,0.00,0.02,0,0
vda,2.00,0.00,0.01,0,0
vda,36.60,0.00,0.15,0,0
vda,1.00,0.00,0.00,0,0
vda,1.40,0.00,0.01,0,0
vda,0.00,0.00,0.00,0,0
vda,2.40,0.00,0.01,0,0
vda,20.80,0.00,0.09,0,0
vda,0.40,0.00,0.00,0,0
vda,2.60,0.00,0.01,0,0
vda,1.40,0.00,0.01,0,0
vda,35.40,0.00,0.14,0,0
vda,2.60,0.00,0.01,0,0
vda,0.40,0.00,0.00,0,0
vda,20.60,0.00,0.08,0,0
vda,2.60,0.00,0.01,0,0
vda,1.40,0.00,0.01,0,0
vda,6.80,0.00,0.03,0,0
vda,2.40,0.00,0.01,0,0
vda,1.40,0.00,0.01,0,0
vda,37.00,0.00,0.15,0,0
vda,3.20,0.00,0.02,0,0
vda,18.80,0.00,0.07,0,0
vda,0.00,0.00,0.00,0,0
vda,2.20,0.00,0.01,0,0
vda,0.60,0.00,0.00,0,0
vda,8.00,0.00,0.03,0,0
vda,3.00,0.00,0.01,0,0
vda,1.80,0.00,0.01,0,0
vda,24.60,0.00,0.10,0,0
vda,14.20,0.00,0.06,0,0
vda,1.20,0.00,0.00,0,0
vda,0.00,0.00,0.00,0,0
vda,2.60,0.00,0.01,0,0
vda,1.00,0.00,0.00,0,0
vda,9.18,0.00,0.04,0,0
vda,2.20,0.00,0.01,0,0
vda,18.00,0.00,0.07,0,0
vda,36.40,0.00,0.15,0,0
vda,3.00,0.00,0.01,0,0
vda,1.40,0.00,0.01,0,0
vda,42.00,0.00,0.17,0,0
vda,3.00,0.00,0.01,0,0
vda,1.20,0.00,0.00,0,0
vda,53.60,0.00,0.21,0,1
vda,2.40,0.00,0.01,0,0
vda,1.20,0.00,0.00,0,0
vda,1.80,0.00,0.01,0,0
vda,8.60,0.00,0.06,0,0
vda,0.00,0.00,0.00,0,0
vda,13.60,0.00,0.06,0,0
vda,37.60,0.00,0.16,0,0
vda,2.20,0.00,0.01,0,0
vda,35.60,0.00,0.14,0,0
vda,2.40,0.00,0.01,0,0
vda,1.20,0.00,0.00,0,0
vda,53.20,0.00,0.21,0,1
vda,3.20,0.00,0.01,0,0
vda,2.00,0.00,0.01,0,0
vda,43.80,0.00,0.18,0,0
vda,2.40,0.00,0.01,0,0
vda,0.00,0.00,0.00,0,0
vda,8.40,0.00,0.04,0,0
vda,37.60,0.00,0.15,0,0
vda,0.80,0.00,0.00,0,0
vda,30.40,0.00,0.12,0,0
vda,3.00,0.00,0.01,0,0
vda,22.20,0.00,0.09,0,0
vda,0.40,0.00,0.00,0,0
vda,2.60,0.00,0.01,0,0
vda,58.60,0.00,0.24,0,1
vda,1.40,0.00,0.01,0,0
vda,2.20,0.00,0.01,0,0
vda,35.40,0.00,0.14,0,0
vda,1.40,0.00,0.01,0,0
vda,2.20,0.00,0.01,0,0
vda,44.00,0.00,0.18,0,0
vda,2.60,0.00,0.01,0,0
vda,0.00,0.00,0.00,0,0
vda,42.20,0.00,0.17,0,0
vda,1.40,0.00,0.01,0,0
vda,2.20,0.00,0.01,0,0
vda,52.20,0.00,0.21,0,1
vda,1.40,0.00,0.01,0,0
vda,37.20,0.00,0.15,0,0
vda,0.80,0.00,0.00,0,0
vda,45.00,0.00,0.18,0,0
vda,0.00,0.00,0.00,0,0
vda,1.00,0.00,0.00,0,0
vda,20.20,0.00,0.08,0,0
vda,26.20,0.00,0.11,0,0
vda,0.80,0.00,0.00,0,0
vda,19.60,0.00,0.08,0,0
vda,37.40,0.00,0.15,0,0
vda,2.00,0.00,0.01,0,0
vda,0.00,0.00,0.00,0,0
vda,38.00,0.00,0.16,0,0
vda,3.40,0.00,0.01,0,0
vda,1.00,0.00,0.00,0,0
vda,45.20,0.00,0.19,0,0
vda,1.60,0.00,0.01,0,0
vda,0.00,0.00,0.00,0,0
vda,37.40,0.00,0.15,0,0
vda,0.80,0.00,0.00,0,0
vda,25.60,0.00,0.10,0,0
vda,2.40,0.00,0.01,0,0
vda,0.00,0.00,0.00,0,0
vda,4.20,0.00,0.02,0,0
vda,1.60,0.00,0.01,0,0
vda,5.60,0.00,0.05,0,0
vda,49.00,0.00,0.19,0,0
vda,5.00,0.00,0.03,0,0
vda,12.80,0.00,0.05,0,0
vda,8.20,0.00,0.03,0,0
vda,26.00,0.00,0.11,0,0
vda,6.80,0.00,0.03,0,0
vda,1.40,0.00,0.01,0,0
vda,10.20,0.00,0.04,0,0
vda,51.40,0.00,0.21,0,1
vda,3.20,0.00,0.01,0,0
vda,2.20,0.00,0.01,0,0
vda,35.40,0.00,0.14,0,0
vda,1.60,0.00,0.01,0,0
vda,32.00,0.00,0.13,0,0
vda,1.40,0.00,0.01,0,0
vda,1.20,0.00,0.00,0,0
vda,3.20,0.00,0.01,0,0
vda,1.60,0.00,0.01,0,0
vda,1.80,0.00,0.01,0,0
vda,2.60,0.00,0.01,0,0
vda,18.80,0.00,0.08,0,0
vda,1.40,0.00,0.01,0,0
vda,41.80,0.00,0.17,0,0
vda,1.80,0.00,0.01,0,0
vda,1.20,0.00,0.00,0,0
vda,1.60,0.00,0.01,0,0
vda,1.80,0.00,0.01,0,0
vda,15.40,0.00,0.06,0,0
vda,1.80,0.00,0.01,0,0
vda,1.80,0.00,0.01,0,0
vda,1.20,0.00,0.00,0,0
vda,27.74,0.00,0.11,0,0
vda,16.60,0.00,0.07,0,0
vda,0.20,0.00,0.00,0,0
vda,2.40,0.00,0.01,0,0
vda,19.00,0.00,0.07,0,0
vda,1.20,0.00,0.00,0,0
vda,3.00,0.00,0.01,0,0
vda,1.20,0.00,0.00,0,0
vda,1.60,0.00,0.01,0,0
vda,24.60,0.00,0.10,0,0
vda,3.40,0.00,0.02,0,0
vda,17.60,0.00,0.07,0,0
vda,8.20,0.00,0.03,0,0
vda,2.00,0.00,0.01,0,0
vda,1.20,0.00,0.00,0,0
vda,2.20,0.00,0.01,0,0
vda,2.00,0.00,0.01,0,0
vda,1.60,0.00,0.01,0,0
vda,2.20,0.00,0.01,0,0
vda,36.00,0.00,0.14,0,0
vda,13.20,0.00,0.05,0,0
vda,1.40,0.00,0.01,0,0
vda,1.80,0.00,0.01,0,0
vda,43.40,0.00,0.18,0,0
vda,2.40,0.00,0.01,0,0
vda,2.60,0.00,0.01,0,0
vda,1.20,0.00,0.00,0,0
vda,2.20,0.00,0.01,0,0
vda,5.60,0.00,0.05,0,0
vda,3.60,0.00,0.01,0,0
vda,21.00,0.00,0.09,0,0
vda,35.60,0.00,0.14,0,0
vda,8.00,0.00,0.03,0,0
vda,2.20,0.00,0.01,0,0
vda,39.00,0.00,0.16,0,0
vda,0.20,0.00,0.00,0,0
vda,1.60,0.00,0.01,0,0
vda,55.20,0.00,0.22,0,1
vda,8.40,0.00,0.03,0,0
vda,2.20,0.00,0.01,0,0
vda,0.00,0.00,0.00,0,0
vda,36.80,0.00,0.15,0,0
vda,3.00,0.00,0.01,0,0
vda,0.60,0.00,0.00,0,0
vda,45.20,0.00,0.19,0,0
vda,9.40,0.00,0.04,0,0
vda,0.00,0.00,0.00,0,0
vda,37.20,0.00,0.15,0,0
vda,1.60,0.00,0.01,0,0
vda,1.60,0.00,0.01,0,0
vda,53.20,0.00,0.21,0,1
vda,2.80,0.00,0.01,0,0
vda,0.00,0.00,0.00,0,0
vda,36.20,0.00,0.15,0,0
vda,4.80,0.00,0.02,0,0
vda,1.60,0.00,0.01,0,0
vda,43.00,0.00,0.18,0,0
vda,1.80,0.00,0.01,0,0
vda,1.60,0.00,0.01,0,0
vda,36.80,0.00,0.15,0,0
vda,1.40,0.00,0.01,0,0
vda,1.60,0.00,0.01,0,0
vda,49.40,0.00,0.20,0,1
vda,8.00,0.00,0.03,0,0
vda,1.60,0.00,0.01,0,0
vda,39.60,0.00,0.16,0,0
vda,1.80,0.00,0.01,0,0
vda,1.80,0.00,0.01,0,0
vda,37.40,0.00,0.15,0,0
vda,0.00,0.00,0.00,0,0
vda,2.20,0.00,0.01,0,0
vda,31.20,0.00,0.13,0,0
vda,3.80,0.00,0.01,0,0
vda,0.00,0.00,0.00,0,0
vda,52.80,0.00,0.21,0,1
vda,12.00,0.00,0.05,0,0
vda,0.00,0.00,0.00,0,0
vda,34.80,0.00,0.14,0,0
vda,2.40,0.00,0.01,0,0
vda,30.20,0.00,0.12,0,0
vda,1.40,0.00,0.01,0,0
vda,2.20,0.00,0.01,0,0
vda,0.60,0.00,0.00,0,0
vda,2.60,0.00,0.01,0,0
vda,2.60,0.00,0.01,0,0
vda,0.40,0.00,0.00,0,0
vda,26.20,0.00,0.11,0,0
vda,48.00,0.00,0.19,0,0
vda,6.20,0.00,0.05,0,0
vda,9.80,0.00,0.04,0,0
vda,36.60,0.00,0.15,0,0
vda,3.40,0.00,0.01,0,0
vda,1.20,0.00,0.00,0,0
vda,39.60,0.00,0.16,0,0
vda,1.80,0.00,0.01,0,0
vda,0.00,0.00,0.00,0,0
vda,55.00,0.00,0.22,0,1
vda,9.60,0.00,0.04,0,0
vda,1.20,0.00,0.00,0,0
vda,0.20,0.00,0.00,0,0
vda,2.20,0.00,0.01,0,0
vda,1.20,0.00,0.00,0,0
vda,1.60,0.00,0.01,0,0
vda,17.20,0.00,0.07,0,0
vda,31.60,0.00,0.13,0,0
vda,2.20,0.00,0.01,0,0
vda,0.00,0.00,0.00,0,0
vda,37.20,0.00,0.15,0,0
vda,1.60,0.00,0.01,0,0
vda,52.40,0.00,0.21,0,1
vda,3.20,0.00,0.01,0,0
vda,36.60,0.00,0.15,0,0
vda,1.80,0.00,0.01,0,0
vda,3.00,0.00,0.01,0,0
vda,45.80,0.00,0.19,0,0
vda,1.40,0.00,0.01,0,0
vda,0.00,0.00,0.00,0,0
vda,36.73,0.00,0.15,0,0
vda,1.80,0.00,0.01,0,0
vda,19.80,0.00,0.08,0,0
vda,40.80,0.00,0.16,0,0
vda,4.20,0.00,0.02,0,0
vda,1.40,0.00,0.01,0,0
vda,45.60,0.00,0.19,0,0
vda,1.40,0.00,0.01,0,0
vda,1.20,0.00,0.00,0,0
vda,35.40,0.00,0.14,0,0
vda,3.00,0.00,0.01,0,0
vda,1.20,0.00,0.00,0,0
vda,1.60,0.00,0.01,0,0
vda,42.80,0.00,0.17,0,0
vda,1.40,0.00,0.01,0,0
vda,42.40,0.00,0.17,0,0
vda,3.00,0.00,0.01,0,0
vda,1.60,0.00,0.01,0,0
vda,44.80,0.00,0.18,0,0
vda,0.00,0.00,0.00,0,0
vda,1.20,0.00,0.00,0,0
vda,36.80,0.00,0.15,0,0
vda,1.40,0.00,0.01,0,0
vda,1.40,0.00,0.00,0,0
vda,36.40,0.00,0.14,0,0
vda,3.40,0.00,0.01,0,0
vda,1.80,0.00,0.01,0,0
vda,0.00,0.00,0.00,0,0
vda,51.40,0.00,0.21,0,1
vda,12.20,0.00,0.05,0,0
vda,0.60,0.00,0.00,0,0
vda,43.20,0.00,0.20,0,1
vda,3.40,0.00,0.01,0,0
vda,0.00,0.00,0.00,0,0
vda,3.40,0.00,0.01,0,0
vda,46.20,0.00,0.19,0,0
vda,2.60,0.00,0.01,0,0
vda,30.80,0.00,0.13,0,0
vda,2.00,0.00,0.01,0,0
vda,1.60,0.00,0.01,0,0
vda,1.20,0.00,0.00,0,0
vda,54.60,0.00,0.22,0,1
vda,1.80,0.00,0.01,0,0
vda,30.80,0.00,0.13,0,0
vda,1.40,0.00,0.01,0,0
vda,46.20,0.00,0.19,0,0
vda,1.20,0.00,0.00,0,0
vda,1.20,0.00,0.00,0,0
vda,35.40,0.00,0.14,0,0
vda,2.60,0.00,0.01,0,0
vda,0.00,0.00,0.00,0,0
vda,47.00,0.00,0.19,0,0
vda,9.20,0.00,0.04,0,0
vda,3.00,0.00,0.01,0,0
vda,45.60,0.00,0.19,0,0
vda,1.20,0.00,0.00,0,0
vda,1.20,0.00,0.00,0,0
vda,35.40,0.00,0.14,0,0
vda,2.40,0.00,0.01,0,0
vda,1.20,0.00,0.00,0,0
vda,35.00,0.00,0.14,0,0
vda,2.60,0.00,0.01,0,0
vda,1.20,0.00,0.00,0,0
vda,52.40,0.00,0.21,0,1
vda,13.20,0.00,0.05,0,0
vda,0.00,0.00,0.00,0,0
vda,36.60,0.00,0.14,0,0
vda,3.20,0.00,0.01,0,0
vda,1.20,0.00,0.00,0,0
vda,35.60,0.00,0.14,0,0
vda,2.40,0.00,0.01,0,0
vda,1.20,0.00,0.00,0,0
vda,35.00,0.00,0.14,0,0
vda,3.80,0.00,0.01,0,0
vda,1.40,0.00,0.01,0,0
vda,51.80,0.00,0.21,0,1
vda,11.40,0.00,0.04,0,0
vda,1.20,0.00,0.00,0,0
vda,0.00,0.00,0.00,0,0
vda,2.20,0.00,0.01,0,0
vda,36.80,0.00,0.15,0,0
vda,0.00,0.00,0.00,0,0
vda,2.40,0.00,0.01,0,0
vda,1.60,0.00,0.01,0,0
vda,43.00,0.00,0.17,0,0
vda,3.00,0.00,0.01,0,0
vda,26.60,0.00,0.11,0,0
vda,0.20,0.00,0.00,0,0
vda,53.80,0.00,0.21,0,1
vda,8.60,0.00,0.04,0,0
vda,0.00,0.00,0.00,0,0
vda,43.40,0.00,0.20,0,1
vda,3.40,0.00,0.01,0,0
vda,0.00,0.00,0.00,0,0
vda,47.00,0.00,0.19,0,0
vda,3.00,0.00,0.01,0,0
vda,0.00,0.00,0.00,0,0
vda,44.40,0.00,0.18,0,0
vda,1.40,0.00,0.01,0,0
vda,0.00,0.00,0.00,0,0
vda,49.00,0.00,0.20,0,0
vda,0.00,0.00,0.00,0,0
vda,1.40,0.00,0.01,0,0
vda,37.60,0.00,0.15,0,0
vda,0.00,0.00,0.00,0,0
vda,4.40,0.00,0.02,0,0
vda,27.40,0.00,0.11,0,0
vda,16.60,0.00,0.07,0,0
vda,0.80,0.00,0.00,0,0
vda,44.00,0.00,0.18,0,0
vda,1.40,0.00,0.01,0,0
vda,0.00,0.00,0.00,0,0
vda,38.12,0.00,0.15,0,0
vda,12.40,0.00,0.05,0,0
vda,0.00,0.00,0.00,0,0
vda,39.00,0.00,0.16,0,0
vda,8.80,0.00,0.04,0,0
vda,0.20,0.00,0.00,0,0
vda,31.20,0.00,0.13,0,0
vda,8.00,0.00,0.03,0,0
vda,0.60,0.00,0.00,0,0
vda,2.20,0.00,0.01,0,0
vda,42.20,0.00,0.17,0,0
vda,1.60,0.00,0.01,0,0
vda,2.40,0.00,0.01,0,0
vda,48.60,0.00,0.20,0,0
vda,4.80,0.00,0.02,0,0
vda,1.00,0.00,0.00,0,0
vda,42.40,0.00,0.17,0,0
vda,1.40,0.00,0.01,0,0
vda,2.20,0.00,0.01,0,0
vda,1.20,0.00,0.00,0,0
vda,0.80,0.00,0.00,0,0
vda,3.80,0.00,0.01,0,0
vda,0.40,0.00,0.00,0,0
vda,2.60,0.00,0.01,0,0
vda,56.00,0.00,0.22,0,1
vda,0.00,0.00,0.00,0,0
vda,1.60,0.00,0.01,0,0
vda,44.20,0.00,0.18,0,0
vda,0.00,0.00,0.00,0,0
vda,1.20,0.00,0.00,0,0
vda,37.40,0.00,0.15,0,0
vda,0.80,0.00,0.00,0,0
vda,1.40,0.00,0.00,0,0
vda,2.20,0.00,0.01,0,0
vda,1.80,0.00,0.01,0,0
vda,0.40,0.00,0.00,0,0
vda,3.20,0.00,0.01,0,0
vda,19.80,0.00,0.08,0,0
vda,0.60,0.00,0.00,0,0
vda,36.20,0.00,0.14,0,0
vda,5.60,0.00,0.05,0,0
vda,10.00,0.00,0.04,0,0
vda,39.80,0.00,0.16,0,0
vda,2.60,0.00,0.01,0,0
vda,0.60,0.00,0.00,0,0
vda,46.00,0.00,0.19,0,0
vda,1.60,0.00,0.01,0,0
vda,0.20,0.00,0.00,0,0
vda,54.00,0.00,0.22,0,1
vda,8.00,0.00,0.03,0,0
vda,1.20,0.00,0.00,0,0
vda,2.20,0.00,0.01,0,0
vda,0.60,0.00,0.00,0,0
vda,1.20,0.00,0.00,0,0
vda,4.00,0.00,0.02,0,0
vda,12.80,0.00,0.05,0,0
vda,1.60,0.00,0.01,0,0
vda,24.60,0.00,0.10,0,0
vda,0.00,0.00,0.00,0,0
vda,1.20,0.00,0.00,0,0
vda,2.60,0.00,0.01,0,0
vda,7.40,0.00,0.03,0,0
vda,3.00,0.00,0.02,0,0
vda,19.60,0.00,0.08,0,0
vda,0.60,0.00,0.00,0,0
vda,56.20,0.00,0.23,0,1
vda,2.80,0.00,0.01,0,0
vda,0.00,0.00,0.00,0,0
vda,37.00,0.00,0.15,0,0
vda,3.00,0.00,0.01,0,0
vda,1.20,0.00,0.00,0,0
vda,42.00,0.00,0.17,0,0
vda,2.40,0.00,0.01,0,0
vda,1.20,0.00,0.00,0,0
vda,50.00,0.00,0.20,0,1
vda,1.60,0.00,0.01,0,0
vda,0.00,0.00,0.00,0,0
vda,43.20,0.00,0.18,0,0
vda,2.40,0.00,0.01,0,0
vda,1.40,0.00,0.01,0,0
vda,35.60,0.00,0.15,0,0
vda,2.40,0.00,0.01,0,0
vda,0.60,0.00,0.00,0,0
vda,42.00,0.00,0.17,0,0
vda,3.40,0.00,0.01,0,0
vda,3.40,0.00,0.01,0,0
vda,0.00,0.00,0.00,0,0
vda,2.60,0.00,0.01,0,0
vda,0.60,0.00,0.00,0,0
vda,1.60,0.00,0.01,0,0
vda,49.40,0.00,0.20,0,1
vda,7.00,0.00,0.03,0,0
vda,1.40,0.00,0.01,0,0
vda,2.20,0.00,0.01,0,0
vda,2.80,0.00,0.01,0,0
vda,2.00,0.00,0.01,0,0
vda,2.00,0.00,0.01,0,0
vda,23.60,0.00,0.09,0,0
vda,3.60,0.00,0.02,0,0
vda,47.60,0.00,0.19,0,0
vda,13.20,0.00,0.08,0,0
vda,3.80,0.00,0.01,0,0
vda,2.40,0.00,0.01,0,0
vda,0.00,0.00,0.00,0,0
vda,2.60,0.00,0.01,0,0
vda,16.57,0.00,0.07,0,0
vda,61.40,0.00,0.26,0,1
vda,4.60,0.00,0.02,0,0
vda,2.40,0.00,0.01,0,0
vda,47.80,0.00,0.19,0,0
vda,1.40,0.00,0.01,0,0
vda,2.20,0.00,0.01,0,0
vda,44.20,0.00,0.18,0,0
vda,1.80,0.00,0.01,0,0
vda,2.20,0.00,0.01,0,0
vda,41.60,0.00,0.17,0,0
vda,0.80,0.00,0.00,0,0
vda,1.20,0.00,0.00,0,0
vda,43.00,0.00,0.17,0,0
vda,0.80,0.00,0.00,0,0
vda,1.40,0.00,0.00,0,0
vda,48.80,0.00,0.20,0,0
vda,2.80,0.00,0.01,0,0
vda,0.00,0.00,0.00,0,0
vda,45.20,0.00,0.19,0,0
vda,2.20,0.00,0.01,0,0
vda,0.20,0.00,0.00,0,0
vda,37.80,0.00,0.15,0,0
vda,0.80,0.00,0.00,0,0
vda,2.20,0.00,0.01,0,0
vda,42.00,0.00,0.17,0,0
vda,0.80,0.00,0.00,0,0
vda,3.40,0.00,0.01,0,0
vda,55.40,0.00,0.22,0,1
vda,1.80,0.00,0.01,0,0
vda,3.60,0.00,0.03,0,0
vda,6.80,0.00,0.04,0,0
vda,36.20,0.00,0.15,0,0
vda,3.00,0.00,0.01,0,0
vda,36.20,0.00,0.15,0,0
vda,2.00,0.00,0.01,0,0
vda,3.60,0.00,0.01,0,0
vda,50.40,0.00,0.21,0,1
vda,1.60,0.00,0.01,0,0
vda,2.00,0.00,0.01,0,0
vda,48.60,0.00,0.19,0,0
vda,1.40,0.00,0.01,0,0
vda,2.00,0.00,0.01,0,0
vda,35.00,0.00,0.14,0,0
vda,0.80,0.00,0.00,0,0
vda,3.80,0.00,0.01,0,0
vda,43.60,0.00,0.18,0,0
vda,1.80,0.00,0.01,0,0
vda,2.00,0.00,0.01,0,0
vda,41.40,0.00,0.17,0,0
vda,1.40,0.00,0.01,0,0
vda,2.20,0.00,0.01,0,0
vda,48.20,0.00,0.19,0,0
vda,1.40,0.00,0.01,0,0
vda,1.60,0.00,0.01,0,0
vda,36.00,0.00,0.15,0,0
vda,3.20,0.00,0.01,0,0
vda,44.40,0.00,0.18,0,0
vda,1.60,0.00,0.01,0,0
vda,6.80,0.00,0.03,0,0
vda,1.40,0.00,0.01,0,0
vda,43.20,0.00,0.18,0,0
vda,0.80,0.00,0.00,0,0
vda,1.20,0.00,0.00,0,0
vda,56.60,0.00,0.23,0,1
vda,1.40,0.00,0.01,0,0
vda,41.40,0.00,0.16,0,0
vda,2.40,0.00,0.01,0,0
vda,0.60,0.00,0.00,0,0
vda,35.60,0.00,0.14,0,0
vda,2.40,0.00,0.01,0,0
vda,7.40,0.00,0.03,0,0
vda,47.60,0.00,0.19,0,0
vda,3.60,0.00,0.01,0,0
vda,1.60,0.00,0.01,0,0
vda,51.80,0.00,0.21,0,1
vda,3.00,0.00,0.01,0,0
vda,0.80,0.00,0.00,0,0
vda,37.20,0.00,0.15,0,0
vda,2.00,0.00,0.01,0,0
vda,7.20,0.00,0.03,0,0
vda,35.80,0.00,0.14,0,0
vda,2.40,0.00,0.01,0,0
vda,16.60,0.00,0.07,0,0
vda,44.20,0.00,0.18,0,0
vda,1.20,0.00,0.00,0,0
vda,0.00,0.00,0.00,0,0
vda,47.20,0.00,0.19,0,0
vda,2.40,0.00,0.01,0,0
vda,1.20,0.00,0.00,0,0
vda,35.20,0.00,0.14,0,0
vda,8.00,0.00,0.06,0,0
vda,3.20,0.00,0.01,0,0
vda,45.00,0.00,0.19,0,0
vda,2.40,0.00,0.01,0,0
vda,1.60,0.00,0.01,0,0
vda,47.60,0.00,0.19,0,0
vda,14.00,0.00,0.05,0,0
vda,1.20,0.00,0.00,0,0
vda,35.20,0.00,0.14,0,0
vda,2.40,0.00,0.01,0,0
vda,1.20,0.00,0.00,0,0
vda,7.60,0.00,0.03,0,0
vda,36.80,0.00,0.14,0,0
vda,2.80,0.00,0.01,0,0
vda,18.20,0.00,0.08,0,0
vda,0.00,0.00,0.00,0,0
vda,37.20,0.00,0.15,0,0
vda,1.00,0.00,0.00,0,0
vda,53.40,0.00,0.21,0,1
vda,18.40,0.00,0.07,0,0
vda,1.20,0.00,0.00,0,0
vda,37.20,0.00,0.15,0,0
vda,0.80,0.00,0.00,0,0
vda,5.00,0.00,0.02,0,0
vda,1.00,0.00,0.00,0,0
vda,0.00,0.00,0.00,0,0
vda,1.20,0.00,0.00,0,0
vda,2.60,0.00,0.01,0,0
vda,13.80,0.00,0.06,0,0
vda,1.20,0.00,0.00,0,0
vda,42.40,0.00,0.17,0,0
vda,0.80,0.00,0.00,0,0
vda,3.20,0.00,0.01,0,0
vda,39.80,0.00,0.16,0,0
vda,0.00,0.00,0.00,0,0
vda,1.40,0.00,0.00,0,0
vda,2.20,0.00,0.01,0,0
vda,0.60,0.00,0.00,0,0
vda,1.20,0.00,0.00,0,0
vda,2.60,0.00,0.01,0,0
vda,2.20,0.00,0.01,0,0
vda,12.80,0.00,0.05,0,0
vda,37.60,0.00,0.15,0,0
vda,1.40,0.00,0.01,0,0
vda,0.20,0.00,0.00,0,0
vda,2.60,0.00,0.01,0,0
vda,1.40,0.00,0.01,0,0
vda,2.20,0.00,0.01,0,0
vda,20.20,0.00,0.08,0,0
vda,7.40,0.00,0.03,0,0
vda,1.20,0.00,0.00,0,0
vda,25.00,0.00,0.10,0,0
vda,0.80,0.00,0.00,0,0
vda,2.60,0.00,0.01,0,0
vda,3.80,0.00,0.01,0,0
vda,17.40,0.00,0.07,0,0
vda,1.20,0.00,0.00,0,0
vda,2.80,0.00,0.01,0,0
vda,0.00,0.00,0.00,0,0
vda,8.00,0.00,0.03,0,0
vda,44.40,0.00,0.20,0,1
vda,12.80,0.00,0.05,0,0
vda,7.00,0.00,0.03,0,0
vda,3.00,0.00,0.01,0,0
vda,1.60,0.00,0.01,0,0
vda,0.40,0.00,0.00,0,0
vda,2.80,0.00,0.01,0,0
vda,19.00,0.00,0.08,0,0
