vda,31.80,0.13,0.00,0,0
vda,46.80,0.00,0.19,0,0
vda,100.40,0.63,0.01,3,0
vda,7.60,0.02,0.01,0,0
vda,0.00,0.00,0.00,0,0
vda,51.80,0.00,0.22,0,1
vda,212.60,9.77,0.02,48,0
vda,3.60,0.00,0.01,0,0
vda,39.80,0.00,1.44,0,7
vda,3.60,0.00,0.01,0,0
vda,1.40,0.00,0.01,0,0
vda,0.60,0.00,0.00,0,0
vda,2.60,0.00,0.01,0,0
vda,2.60,0.00,0.01,0,0
vda,1.80,0.00,0.01,0,0
vda,54.40,0.00,0.22,0,1
vda,1.20,0.00,0.00,0,0
vda,0.00,0.00,0.00,0,0
vda,2.20,0.00,0.01,0,0
vda,6.80,0.00,0.03,0,0
vda,34.60,0.00,0.15,0,0
vda,4.20,0.00,0.01,0,0
vda,1.60,0.00,0.01,0,0
vda,0.00,0.00,0.00,0,0
vda,2.20,0.00,0.01,0,0
vda,1.20,0.00,0.00,0,0
vda,1.20,0.00,0.01,0,0
vda,54.40,0.00,0.22,0,1
vda,6.80,0.00,0.03,0,0
vda,3.20,0.00,0.01,0,0
vda,2.20,0.00,0.01,0,0
vda,2.40,0.00,0.01,0,0
vda,1.40,0.00,0.01,0,0
vda,2.00,0.00,0.01,0,0
vda,15.80,0.00,0.06,0,0
vda,0.60,0.00,0.00,0,0
vda,24.60,0.00,0.10,0,0
