7954176.0,77664.0,2136.0
7954176.0,77664.0,2136.0
7104141.6,255688.8,3192.0
6537452.0,374372.0,3896.0
6537452.0,374372.0,3896.0
5966556.0,450622.66667,3952.0
5681108.0,488748.0,3980.0
5681108.0,488748.0,3980.0
5681108.0,488748.0,3980.0
5681108.0,488748.0,3980.0
5681108.0,488748.0,3980.0
5681108.0,488748.0,3980.0
5679284.0,488762.4,4071.2
5678068.0,488772.0,4132.0
5678068.0,488772.0,4132.0
5678068.0,488772.0,4132.0
5678068.0,488772.0,4132.0
5678068.0,488772.0,4132.0
5678068.0,488772.0,4132.0
5678068.0,488772.0,4132.0
5678068.0,488772.0,4132.0
5678068.0,488772.0,4132.0
5678068.0,488772.0,4132.0
5678068.0,488772.0,4132.0
5677993.3333,489237.06667,4336.8
5677928.0,489644.0,4516.0
5676382.4,489646.4,4554.4
5675352.0,489648.0,4580.0
5675352.0,489648.0,4580.0
5675352.0,489648.0,4580.0
5675352.0,489648.0,4580.0
5675352.0,489648.0,4580.0
5675352.0,489648.0,4580.0
5675352.0,489648.0,4580.0
5675352.0,489648.0,4580.0
5675352.0,489648.0,4580.0
5675352.0,489648.0,4580.0
5675352.0,489648.0,4580.0
5674991.4667,489660.8,4699.4666667
5674676.0,489672.0,4804.0
5674676.0,489672.0,4804.0
5674676.0,489672.0,4804.0
5671706.4,489674.13333,4863.7333333
5669108.0,489676.0,4916.0
5669108.0,489676.0,4916.0
5669108.0,489676.0,4916.0
5669108.0,489676.0,4916.0
5669108.0,489676.0,4916.0
5669108.0,489676.0,4916.0
5669108.0,489676.0,4916.0
5665894.6667,489684.0,4981.3333333
5659468.0,489700.0,5112.0
5658748.0,489701.6,5131.2
5657668.0,489704.0,5160.0
5657668.0,489704.0,5160.0
5657668.0,489704.0,5160.0
5657668.0,489704.0,5160.0
5657668.0,489704.0,5160.0
5657668.0,489704.0,5160.0
5657668.0,489704.0,5160.0
5657668.0,489704.0,5160.0
5657668.0,489704.0,5160.0
5657668.0,489704.0,5160.0
5657668.0,489704.0,5160.0
5657757.3333,489710.66667,5234.6666667
5657936.0,489724.0,5384.0
5656741.3333,490461.33333,5529.3333333
5654352.0,491936.0,5820.0
5654352.0,491936.0,5820.0
5654352.0,491936.0,5820.0
5654352.0,491936.0,5820.0
5654352.0,491936.0,5820.0
5654352.0,491936.0,5820.0
5654352.0,491936.0,5820.0
5654352.0,491936.0,5820.0
5654352.0,491936.0,5820.0
5645673.6,491968.0,5914.4
5632656.0,492016.0,6056.0
5632656.0,492016.0,6056.0
5632148.2667,492017.86667,6082.1333333
5631568.0,492020.0,6112.0
5631568.0,492020.0,6112.0
5630703.7333,492025.6,6141.8666667
5629716.0,492032.0,6176.0
5630620.5333,492113.06667,6201.6
5631412.0,492184.0,6224.0
5631412.0,492184.0,6224.0
5631412.0,492184.0,6224.0
5631412.0,492184.0,6224.0
5631412.0,492184.0,6224.0
5631137.6,492189.6,6280.0
5630824.0,492196.0,6344.0
6522769.6,489129.06667,6373.8666667
7542136.0,485624.0,6408.0
7542136.0,485624.0,6408.0
