7456457.6,147018.13333,2596.2666667
7270832.0,177816.0,2944.0
7270832.0,177816.0,2944.0
5865000.0,520141.33333,3629.3333333
5162084.0,691304.0,3972.0
5162084.0,691304.0,3972.0
3988400.0,1024097.6,4005.6
3205944.0,1245960.0,4028.0
2595391.2,1454529.6,4066.4
2188356.0,1593576.0,4092.0
2188356.0,1593576.0,4092.0
2186518.6667,1593581.3333,4129.3333333
2185600.0,1593584.0,4148.0
2185600.0,1593584.0,4148.0
2184736.0,1593586.4,4176.8
2184160.0,1593588.0,4196.0
2184160.0,1593588.0,4196.0
2184160.0,1593588.0,4196.0
2184160.0,1593588.0,4196.0
2184160.0,1593588.0,4196.0
2184160.0,1593588.0,4196.0
2184160.0,1593588.0,4196.0
2184160.0,1593588.0,4196.0
2184160.0,1593588.0,4196.0
2184160.0,1593588.0,4196.0
2184729.3333,1593636.5333,4311.7333333
2185380.0,1593692.0,4444.0
2185380.0,1593692.0,4444.0
2185380.0,1593692.0,4444.0
2185380.0,1593692.0,4444.0
2185380.0,1593692.0,4444.0
2185380.0,1593692.0,4444.0
2184584.8,1593840.8,4508.0
2183392.0,1594064.0,4604.0
2183392.0,1594064.0,4604.0
2183392.0,1594064.0,4604.0
2183392.0,1594064.0,4604.0
2183392.0,1594064.0,4604.0
2183392.0,1594064.0,4604.0
2183392.0,1594064.0,4604.0
2183392.0,1594064.0,4604.0
2183392.0,1594064.0,4604.0
2183392.0,1594064.0,4604.0
2183392.0,1594064.0,4604.0
2183692.0,1594069.3333,4672.0
2184292.0,1594080.0,4808.0
2184292.0,1594080.0,4808.0
2184292.0,1594080.0,4808.0
2184292.0,1594080.0,4808.0
2184292.0,1594080.0,4808.0
2184292.0,1594080.0,4808.0
2184292.0,1594080.0,4808.0
2184292.0,1594080.0,4808.0
2184292.0,1594080.0,4808.0
2184292.0,1594080.0,4808.0
2184292.0,1594080.0,4808.0
2183128.8,1594088.0,4920.0
2181384.0,1594100.0,5088.0
2181384.0,1594100.0,5088.0
2181384.0,1594100.0,5088.0
2181384.0,1594100.0,5088.0
2181384.0,1594100.0,5088.0
2181384.0,1594100.0,5088.0
2181384.0,1594100.0,5088.0
2181384.0,1594100.0,5088.0
2181384.0,1594100.0,5088.0
2181384.0,1594100.0,5088.0
2181384.0,1594100.0,5088.0
2181424.0,1594108.0,5157.3333333
2181504.0,1594124.0,5296.0
2181504.0,1594124.0,5296.0
2181504.0,1594124.0,5296.0
2181504.0,1594124.0,5296.0
2181504.0,1594124.0,5296.0
2181504.0,1594124.0,5296.0
2180425.3333,1594932.0,5516.0
2178268.0,1596548.0,5956.0
2178268.0,1596548.0,5956.0
2178268.0,1596548.0,5956.0
2178268.0,1596548.0,5956.0
2178268.0,1596548.0,5956.0
2178268.0,1596548.0,5956.0
2178268.0,1596548.0,5956.0
2178268.0,1596548.0,5956.0
2178268.0,1596548.0,5956.0
2178268.0,1596548.0,5956.0
2178268.0,1596548.0,5956.0
2177745.3333,1596597.0667,6060.5333333
2177288.0,1596640.0,6152.0
2177288.0,1596640.0,6152.0
2177288.0,1596640.0,6152.0
2177076.8,1596646.4,6211.7333333
2176892.0,1596652.0,6264.0
2176892.0,1596652.0,6264.0
2176892.0,1596652.0,6264.0
2176892.0,1596652.0,6264.0
2176892.0,1596652.0,6264.0
2176892.0,1596652.0,6264.0
2176892.0,1596652.0,6264.0
2176892.0,1596652.0,6264.0
2176892.0,1596652.0,6264.0
2176892.0,1596652.0,6264.0
2176892.0,1596652.0,6264.0
2177345.6,1596671.2,6398.4
2176529.6,1596681.6,6521.6
2175784.0,1596680.0,6544.0
2175784.0,1596680.0,6544.0
2176643.7333,1596682.1333,6573.8666667
2177396.0,1596684.0,6600.0
2177396.0,1596684.0,6600.0
2177396.0,1596684.0,6600.0
2177396.0,1596684.0,6600.0
2177396.0,1596684.0,6600.0
2177396.0,1596684.0,6600.0
2177396.0,1596684.0,6600.0
2177396.0,1596684.0,6600.0
2177396.0,1596684.0,6600.0
2177396.0,1596684.0,6600.0
2177396.0,1596684.0,6600.0
2177708.0,1596702.6667,6749.3333333
2177864.0,1596712.0,6824.0
2177864.0,1596712.0,6824.0
2177864.0,1596712.0,6824.0
2177864.0,1596712.0,6824.0
2177864.0,1596712.0,6824.0
2177864.0,1596712.0,6824.0
2177864.0,1596712.0,6824.0
2177864.0,1596712.0,6824.0
2177864.0,1596712.0,6824.0
2177864.0,1596712.0,6824.0
2177864.0,1596712.0,6824.0
2177227.4667,1596729.6,7023.4666667
2176996.0,1596736.0,7096.0
2176996.0,1596736.0,7096.0
2176996.0,1596736.0,7096.0
2176996.0,1596736.0,7096.0
2176996.0,1596736.0,7096.0
2175438.4,1596736.0,7189.8666667
2174872.0,1596736.0,7224.0
2175884.0,1596744.8,7265.0666667
2176252.0,1596748.0,7280.0
2176252.0,1596748.0,7280.0
2176252.0,1596748.0,7280.0
2176252.0,1596748.0,7280.0
2176252.0,1596748.0,7280.0
2176252.0,1596748.0,7280.0
2176252.0,1596748.0,7280.0
2171585.3333,1601441.3333,8002.6666667
2169252.0,1603788.0,8364.0
2169252.0,1603788.0,8364.0
2168310.6667,1603817.3333,8537.3333333
2167840.0,1603832.0,8624.0
2167840.0,1603832.0,8624.0
2167840.0,1603832.0,8624.0
2167840.0,1603832.0,8624.0
2167840.0,1603832.0,8624.0
2167840.0,1603832.0,8624.0
2167840.0,1603832.0,8624.0
2167840.0,1603832.0,8624.0
2167840.0,1603832.0,8624.0
2167840.0,1603832.0,8624.0
2167840.0,1603832.0,8624.0
2167704.8,1604067.7333,9334.6666667
2167684.0,1604104.0,9444.0
2167684.0,1604104.0,9444.0
2167684.0,1604104.0,9444.0
2167684.0,1604104.0,9444.0
2167684.0,1604104.0,9444.0
2167684.0,1604104.0,9444.0
2167684.0,1604104.0,9444.0
2167684.0,1604104.0,9444.0
2167684.0,1604104.0,9444.0
2167684.0,1604104.0,9444.0
2167684.0,1604104.0,9444.0
2167872.8,1604129.6,9655.2
2167920.0,1604136.0,9708.0
2167920.0,1604136.0,9708.0
2167920.0,1604136.0,9708.0
2167920.0,1604136.0,9708.0
2167920.0,1604136.0,9708.0
2167920.0,1604136.0,9708.0
2167920.0,1604136.0,9708.0
2279392.0,1604203.2,9855.2
2307260.0,1604220.0,9892.0
2307260.0,1604220.0,9892.0
2307260.0,1604220.0,9892.0
2307260.0,1604220.0,9892.0
2307260.0,1604220.0,9892.0
2307260.0,1604220.0,9892.0
2307260.0,1604220.0,9892.0
2307260.0,1604220.0,9892.0
2307260.0,1604220.0,9892.0
2307260.0,1604220.0,9892.0
2307260.0,1604220.0,9892.0
2307394.9333,1604278.6667,10079.733333
2307444.0,1604300.0,10148.0
2307444.0,1604300.0,10148.0
2307444.0,1604300.0,10148.0
2307444.0,1604300.0,10148.0
2307444.0,1604300.0,10148.0
2307444.0,1604300.0,10148.0
2307444.0,1604300.0,10148.0
2307444.0,1604300.0,10148.0
2307444.0,1604300.0,10148.0
2307444.0,1604300.0,10148.0
2307444.0,1604300.0,10148.0
2307497.3333,1604313.3333,10361.333333
2307524.0,1604320.0,10468.0
2307524.0,1604320.0,10468.0
2307524.0,1604320.0,10468.0
2307524.0,1604320.0,10468.0
2307524.0,1604320.0,10468.0
2307524.0,1604320.0,10468.0
2307524.0,1604320.0,10468.0
2307524.0,1604320.0,10468.0
2307524.0,1604320.0,10468.0
2307524.0,1604320.0,10468.0
2307524.0,1604320.0,10468.0
2307273.3333,1604328.0,10612.0
2307148.0,1604332.0,10684.0
2307148.0,1604332.0,10684.0
2307148.0,1604332.0,10684.0
2307148.0,1604332.0,10684.0
2307148.0,1604332.0,10684.0
2307148.0,1604332.0,10684.0
2511067.4667,1604431.7333,10807.2
2585220.0,1604468.0,10852.0
2585220.0,1604468.0,10852.0
2585220.0,1604468.0,10852.0
2585220.0,1604468.0,10852.0
2585220.0,1604468.0,10852.0
2585220.0,1604468.0,10852.0
2585220.0,1604468.0,10852.0
2585220.0,1604468.0,10852.0
2585220.0,1604468.0,10852.0
2584108.2667,1604488.5333,11033.866667
2583704.0,1604496.0,11100.0
2583704.0,1604496.0,11100.0
2584644.8,1604499.2,11138.4
2584880.0,1604500.0,11148.0
2584880.0,1604500.0,11148.0
2584880.0,1604500.0,11148.0
2584880.0,1604500.0,11148.0
2584880.0,1604500.0,11148.0
2584880.0,1604500.0,11148.0
2584880.0,1604500.0,11148.0
2584880.0,1604500.0,11148.0
2584880.0,1604500.0,11148.0
2584880.0,1604500.0,11148.0
2584880.0,1604500.0,11148.0
2584833.0667,1604508.8,11312.266667
2584816.0,1604512.0,11372.0
2584816.0,1604512.0,11372.0
2584816.0,1604512.0,11372.0
2584816.0,1604512.0,11372.0
2584816.0,1604512.0,11372.0
2584816.0,1604512.0,11372.0
2584816.0,1604512.0,11372.0
2584816.0,1604512.0,11372.0
2584816.0,1604512.0,11372.0
2584816.0,1604512.0,11372.0
2584816.0,1604512.0,11372.0
2584445.0667,1604529.3333,11614.666667
2584388.0,1604532.0,11652.0
2584388.0,1604532.0,11652.0
2584388.0,1604532.0,11652.0
2584388.0,1604532.0,11652.0
2774128.8,1604541.6,11773.6
2821564.0,1604544.0,11804.0
2821564.0,1604544.0,11804.0
2821564.0,1604544.0,11804.0
2821564.0,1604544.0,11804.0
2821564.0,1604544.0,11804.0
2821564.0,1604544.0,11804.0
2821564.0,1604544.0,11804.0
2821564.0,1604544.0,11804.0
2821564.0,1604544.0,11804.0
2821564.0,1604544.0,11804.0
2821564.0,1604544.0,11804.0
2821119.2,1604566.4,11989.6
2821008.0,1604572.0,12036.0
2821008.0,1604572.0,12036.0
2821008.0,1604572.0,12036.0
2821008.0,1604572.0,12036.0
2821008.0,1604572.0,12036.0
2821008.0,1604572.0,12036.0
2819488.0,1604639.2,12183.2
2819108.0,1604656.0,12220.0
2819108.0,1604656.0,12220.0
2820605.6,1604659.2,12271.2
2820980.0,1604660.0,12284.0
2820980.0,1604660.0,12284.0
2820980.0,1604660.0,12284.0
2820980.0,1604660.0,12284.0
2820980.0,1604660.0,12284.0
2820980.0,1604660.0,12284.0
2820980.0,1604660.0,12284.0
2820980.0,1604660.0,12284.0
2820980.0,1604660.0,12284.0
2820980.0,1604660.0,12284.0
2820980.0,1604660.0,12284.0
2820572.2667,1604756.8,12460.0
2820424.0,1604792.0,12524.0
2820424.0,1604792.0,12524.0
2820424.0,1604792.0,12524.0
2820424.0,1604792.0,12524.0
2820424.0,1604792.0,12524.0
2820424.0,1604792.0,12524.0
2820424.0,1604792.0,12524.0
2820424.0,1604792.0,12524.0
3021178.6667,1604810.6667,12689.333333
3121556.0,1604820.0,12772.0
3121556.0,1604820.0,12772.0
3121556.0,1604820.0,12772.0
3121556.0,1604820.0,12772.0
3121556.0,1604820.0,12772.0
3121556.0,1604820.0,12772.0
3121556.0,1604820.0,12772.0
3121556.0,1604820.0,12772.0
3121556.0,1604820.0,12772.0
3121556.0,1604820.0,12772.0
3121556.0,1604820.0,12772.0
3121284.8,1604916.0,12925.6
3121104.0,1604980.0,13028.0
3121104.0,1604980.0,13028.0
3121104.0,1604980.0,13028.0
3121104.0,1604980.0,13028.0
3121104.0,1604980.0,13028.0
3121104.0,1604980.0,13028.0
3121104.0,1604980.0,13028.0
3121104.0,1604980.0,13028.0
3121104.0,1604980.0,13028.0
3121104.0,1604980.0,13028.0
3121104.0,1604980.0,13028.0
3121368.0,1604985.8667,13245.066667
3121464.0,1604988.0,13324.0
3121464.0,1604988.0,13324.0
3121464.0,1604988.0,13324.0
3121464.0,1604988.0,13324.0
3121464.0,1604988.0,13324.0
3121464.0,1604988.0,13324.0
3121464.0,1604988.0,13324.0
3121464.0,1604988.0,13324.0
3121464.0,1604988.0,13324.0
3121464.0,1604988.0,13324.0
3121464.0,1604988.0,13324.0
3120689.6,1605004.0,13522.4
3120496.0,1605008.0,13572.0
3120496.0,1605008.0,13572.0
3120496.0,1605008.0,13572.0
3120496.0,1605008.0,13572.0
3120496.0,1605008.0,13572.0
3120496.0,1605008.0,13572.0
3320602.6667,1605030.4,13736.266667
3334896.0,1605032.0,13748.0
3334896.0,1605032.0,13748.0
3334896.0,1605032.0,13748.0
3334896.0,1605032.0,13748.0
3334896.0,1605032.0,13748.0
3334896.0,1605032.0,13748.0
3334896.0,1605032.0,13748.0
3334896.0,1605032.0,13748.0
3334896.0,1605032.0,13748.0
3334896.0,1605032.0,13748.0
3334896.0,1605032.0,13748.0
3334712.0,1605056.0,14004.0
3334712.0,1605056.0,14004.0
3334712.0,1605056.0,14004.0
3334712.0,1605056.0,14004.0
3334712.0,1605056.0,14004.0
3334712.0,1605056.0,14004.0
3334712.0,1605056.0,14004.0
3334712.0,1605056.0,14004.0
3334712.0,1605056.0,14004.0
3334712.0,1605056.0,14004.0
3334712.0,1605056.0,14004.0
3334712.0,1605056.0,14004.0
3333203.7333,1605093.3333,14284.0
3333096.0,1605096.0,14304.0
3333096.0,1605096.0,14304.0
3335116.0,1605104.0,14364.0
3335116.0,1605104.0,14364.0
3335116.0,1605104.0,14364.0
3335116.0,1605104.0,14364.0
3335116.0,1605104.0,14364.0
3335116.0,1605104.0,14364.0
3335116.0,1605104.0,14364.0
3335116.0,1605104.0,14364.0
3335116.0,1605104.0,14364.0
3335116.0,1605104.0,14364.0
3335116.0,1605104.0,14364.0
3335116.0,1605104.0,14364.0
3333954.6667,1605176.8,14565.066667
3333776.0,1605188.0,14596.0
3333776.0,1605188.0,14596.0
3333776.0,1605188.0,14596.0
3463221.3333,1605194.9333,14693.066667
3483136.0,1605196.0,14708.0
3537323.4667,1605192.5333,14777.333333
3545660.0,1605192.0,14788.0
3545660.0,1605192.0,14788.0
3545660.0,1605192.0,14788.0
3545660.0,1605192.0,14788.0
3545660.0,1605192.0,14788.0
3545660.0,1605192.0,14788.0
3545660.0,1605192.0,14788.0
3545660.0,1605192.0,14788.0
3545660.0,1605192.0,14788.0
3545660.0,1605192.0,14788.0
3544684.0,1605204.8,14999.2
3544440.0,1605208.0,15052.0
3544440.0,1605208.0,15052.0
3544440.0,1605208.0,15052.0
3544440.0,1605208.0,15052.0
3544440.0,1605208.0,15052.0
3544440.0,1605208.0,15052.0
3544440.0,1605208.0,15052.0
3544440.0,1605208.0,15052.0
3544440.0,1605208.0,15052.0
3544440.0,1605208.0,15052.0
3544440.0,1605208.0,15052.0
3545500.8,1605228.8,15280.8
3545664.0,1605232.0,15316.0
3545664.0,1605232.0,15316.0
3545664.0,1605232.0,15316.0
3545664.0,1605232.0,15316.0
3545664.0,1605232.0,15316.0
3545664.0,1605232.0,15316.0
3545664.0,1605232.0,15316.0
3545664.0,1605232.0,15316.0
3545664.0,1605232.0,15316.0
3545664.0,1605232.0,15316.0
3545664.0,1605232.0,15316.0
3545540.0,1605256.0,15612.0
3545540.0,1605256.0,15612.0
3545540.0,1605256.0,15612.0
3545540.0,1605256.0,15612.0
3545540.0,1605256.0,15612.0
6414224.0,1598708.0,15732.0
6414224.0,1598708.0,15732.0
