7654104.2667,188830.4,4490.6666667
7706352.0,124040.0,3932.0
5367662.4,555695.46667,4001.3333333
5007864.0,622104.0,4012.0
5007864.0,622104.0,4012.0
3648513.6,997633.6,4056.8
3308676.0,1091516.0,4068.0
3308676.0,1091516.0,4068.0
3308676.0,1091516.0,4068.0
3308676.0,1091516.0,4068.0
3301360.2667,1096986.6667,5036.0
3298700.0,1098976.0,5388.0
3298700.0,1098976.0,5388.0
3298700.0,1098976.0,5388.0
3298700.0,1098976.0,5388.0
3298700.0,1098976.0,5388.0
3298700.0,1098976.0,5388.0
3298700.0,1098976.0,5388.0
3298700.0,1098976.0,5388.0
3298700.0,1098976.0,5388.0
3298700.0,1098976.0,5388.0
3298700.0,1098976.0,5388.0
3298940.5333,1099248.8,5558.1333333
3299028.0,1099348.0,5620.0
3299028.0,1099348.0,5620.0
3299028.0,1099348.0,5620.0
3299028.0,1099348.0,5620.0
3299028.0,1099348.0,5620.0
3299028.0,1099348.0,5620.0
3299028.0,1099348.0,5620.0
3299028.0,1099348.0,5620.0
3299028.0,1099348.0,5620.0
3299028.0,1099348.0,5620.0
3299028.0,1099348.0,5620.0
3298673.0667,1099365.6,5819.4666667
3298544.0,1099372.0,5892.0
3298544.0,1099372.0,5892.0
3298544.0,1099372.0,5892.0
3298544.0,1099372.0,5892.0
3298544.0,1099372.0,5892.0
3298544.0,1099372.0,5892.0
3298544.0,1099372.0,5892.0
3302669.3333,1099377.3333,6006.6666667
3304732.0,1099380.0,6064.0
3304732.0,1099380.0,6064.0
3303524.8,1099382.4,6097.6
3302720.0,1099384.0,6120.0
3302720.0,1099384.0,6120.0
3302720.0,1099384.0,6120.0
3302720.0,1099384.0,6120.0
3302720.0,1099384.0,6120.0
3302720.0,1099384.0,6120.0
3302720.0,1099384.0,6120.0
3302720.0,1099384.0,6120.0
3302720.0,1099384.0,6120.0
3302720.0,1099384.0,6120.0
3302720.0,1099384.0,6120.0
3302386.6667,1099392.0,6269.3333333
3302220.0,1099396.0,6344.0
3302220.0,1099396.0,6344.0
3302220.0,1099396.0,6344.0
3302220.0,1099396.0,6344.0
3302220.0,1099396.0,6344.0
3302220.0,1099396.0,6344.0
3301334.6667,1099409.3333,6440.0
3300892.0,1099416.0,6488.0
3300892.0,1099416.0,6488.0
3300892.0,1099416.0,6488.0
3300892.0,1099416.0,6488.0
3300892.0,1099416.0,6488.0
3300892.0,1099416.0,6488.0
3300892.0,1099416.0,6488.0
3300892.0,1099416.0,6488.0
3300892.0,1099416.0,6488.0
3300892.0,1099416.0,6488.0
3300892.0,1099416.0,6488.0
3301284.0,1099565.3333,6770.6666667
3301480.0,1099640.0,6912.0
3301480.0,1099640.0,6912.0
3301480.0,1099640.0,6912.0
3301480.0,1099640.0,6912.0
3301480.0,1099640.0,6912.0
3300601.0667,1099654.9333,7010.1333333
3299832.0,1099668.0,7096.0
3299832.0,1099668.0,7096.0
3299832.0,1099668.0,7096.0
3299832.0,1099668.0,7096.0
3299832.0,1099668.0,7096.0
3299832.0,1099668.0,7096.0
3299832.0,1099668.0,7096.0
3299832.0,1099668.0,7096.0
3299832.0,1099668.0,7096.0
3299832.0,1099668.0,7096.0
3299832.0,1099668.0,7096.0
3300060.0,1099692.0,7181.3333333
3300516.0,1099740.0,7352.0
3300516.0,1099740.0,7352.0
3300516.0,1099740.0,7352.0
3300516.0,1099740.0,7352.0
3300516.0,1099740.0,7352.0
3300516.0,1099740.0,7352.0
3300516.0,1099740.0,7352.0
3300516.0,1099740.0,7352.0
3300516.0,1099740.0,7352.0
3300516.0,1099740.0,7352.0
3300516.0,1099740.0,7352.0
3300488.8,1099768.8,7480.0
3300448.0,1099812.0,7672.0
3300448.0,1099812.0,7672.0
3299692.8,1099815.2,7697.6
3298560.0,1099820.0,7736.0
3299066.6667,1099818.6667,7757.3333333
3300080.0,1099816.0,7800.0
3300080.0,1099816.0,7800.0
3300080.0,1099816.0,7800.0
3300080.0,1099816.0,7800.0
3300080.0,1099816.0,7800.0
3300080.0,1099816.0,7800.0
3300080.0,1099816.0,7800.0
3300080.0,1099816.0,7800.0
3300080.0,1099816.0,7800.0
3300080.0,1099816.0,7800.0
3299372.8,1100090.1333,7883.7333333
3294776.0,1101872.0,8428.0
3294776.0,1101872.0,8428.0
3294666.6667,1102036.8,8499.4666667
3293956.0,1103108.0,8964.0
3293956.0,1103108.0,8964.0
3293956.0,1103108.0,8964.0
3293956.0,1103108.0,8964.0
3293956.0,1103108.0,8964.0
3293956.0,1103108.0,8964.0
3293956.0,1103108.0,8964.0
3293956.0,1103108.0,8964.0
3293956.0,1103108.0,8964.0
3293956.0,1103108.0,8964.0
3293956.0,1103108.0,8964.0
3293976.8,1103136.8,8997.0666667
3294112.0,1103324.0,9212.0
3294112.0,1103324.0,9212.0
3294112.0,1103324.0,9212.0
3294186.1333,1103328.2667,9229.0666667
3294668.0,1103356.0,9340.0
3295871.2,1103355.4667,9348.5333333
3303692.0,1103352.0,9404.0
3303692.0,1103352.0,9404.0
3303692.0,1103352.0,9404.0
3303692.0,1103352.0,9404.0
3303692.0,1103352.0,9404.0
3303692.0,1103352.0,9404.0
3303692.0,1103352.0,9404.0
3303692.0,1103352.0,9404.0
3303692.0,1103352.0,9404.0
3303692.0,1103352.0,9404.0
3303692.0,1103352.0,9404.0
3303603.4667,1103358.9333,9431.7333333
3303028.0,1103404.0,9612.0
3303028.0,1103404.0,9612.0
3303028.0,1103404.0,9612.0
3303028.0,1103404.0,9612.0
3303028.0,1103404.0,9612.0
3303028.0,1103404.0,9612.0
3303028.0,1103404.0,9612.0
3303028.0,1103404.0,9612.0
3303028.0,1103404.0,9612.0
3303028.0,1103404.0,9612.0
3303028.0,1103404.0,9612.0
3303061.0667,1103406.1333,9652.5333333
3303276.0,1103420.0,9916.0
3303276.0,1103420.0,9916.0
3303276.0,1103420.0,9916.0
3303276.0,1103420.0,9916.0
3303276.0,1103420.0,9916.0
3303276.0,1103420.0,9916.0
3303276.0,1103420.0,9916.0
3303069.0667,1103422.6667,9940.5333333
3301724.0,1103440.0,10100.0
3301724.0,1103440.0,10100.0
3302846.1333,1103441.0667,10104.266667
3318556.0,1103456.0,10164.0
3318556.0,1103456.0,10164.0
3318556.0,1103456.0,10164.0
3318556.0,1103456.0,10164.0
3318556.0,1103456.0,10164.0
3318556.0,1103456.0,10164.0
3318556.0,1103456.0,10164.0
3318192.8,1103679.2,10224.8
3316740.0,1104572.0,10468.0
3316740.0,1104572.0,10468.0
3316740.0,1104572.0,10468.0
3316740.0,1104572.0,10468.0
3316740.0,1104572.0,10468.0
3316740.0,1104572.0,10468.0
3316740.0,1104572.0,10468.0
3316740.0,1104572.0,10468.0
3316740.0,1104572.0,10468.0
3316740.0,1104572.0,10468.0
3316740.0,1104572.0,10468.0
3316740.0,1104572.0,10468.0
3316620.0,1104588.0,10708.0
3316620.0,1104588.0,10708.0
3316620.0,1104588.0,10708.0
3316620.0,1104588.0,10708.0
3316620.0,1104588.0,10708.0
3316620.0,1104588.0,10708.0
3316620.0,1104588.0,10708.0
3316620.0,1104588.0,10708.0
3316620.0,1104588.0,10708.0
3316620.0,1104588.0,10708.0
3316620.0,1104588.0,10708.0
3316620.0,1104588.0,10708.0
3338137.6,1104612.2667,10964.533333
3341448.0,1104616.0,11004.0
3341448.0,1104616.0,11004.0
3341448.0,1104616.0,11004.0
3341448.0,1104616.0,11004.0
3341448.0,1104616.0,11004.0
3341448.0,1104616.0,11004.0
3341448.0,1104616.0,11004.0
3341448.0,1104616.0,11004.0
3341448.0,1104616.0,11004.0
3341448.0,1104616.0,11004.0
3341448.0,1104616.0,11004.0
3340212.0,1104632.0,11252.0
3340212.0,1104632.0,11252.0
3340212.0,1104632.0,11252.0
3340212.0,1104632.0,11252.0
3340212.0,1104632.0,11252.0
3340212.0,1104632.0,11252.0
3340212.0,1104632.0,11252.0
3340212.0,1104632.0,11252.0
3340212.0,1104632.0,11252.0
3340212.0,1104632.0,11252.0
3340212.0,1104632.0,11252.0
3340459.4667,1104644.8,11414.133333
3340459.4667,1104644.8,11414.133333
3340676.0,1104656.0,11556.0
3340676.0,1104656.0,11556.0
3340676.0,1104656.0,11556.0
3340676.0,1104656.0,11556.0
3340676.0,1104656.0,11556.0
3340676.0,1104656.0,11556.0
3340676.0,1104656.0,11556.0
3340676.0,1104656.0,11556.0
3340676.0,1104656.0,11556.0
3340808.2667,1104656.8,11572.0
3342660.0,1104668.0,11796.0
3342660.0,1104668.0,11796.0
3342660.0,1104668.0,11796.0
3342660.0,1104668.0,11796.0
3342660.0,1104668.0,11796.0
3342660.0,1104668.0,11796.0
3342660.0,1104668.0,11796.0
3342660.0,1104668.0,11796.0
3342660.0,1104668.0,11796.0
3342660.0,1104668.0,11796.0
3342660.0,1104668.0,11796.0
3342660.0,1104668.0,11796.0
3342904.0,1104696.0,12036.0
3342904.0,1104696.0,12036.0
3342904.0,1104696.0,12036.0
3342904.0,1104696.0,12036.0
3342904.0,1104696.0,12036.0
3342904.0,1104696.0,12036.0
3342904.0,1104696.0,12036.0
3342904.0,1104696.0,12036.0
3342904.0,1104696.0,12036.0
3342904.0,1104696.0,12036.0
3342904.0,1104696.0,12036.0
3343309.6,1104744.5333,12257.866667
3343372.0,1104752.0,12292.0
3343372.0,1104752.0,12292.0
3343372.0,1104752.0,12292.0
3343372.0,1104752.0,12292.0
3343372.0,1104752.0,12292.0
3343372.0,1104752.0,12292.0
3343372.0,1104752.0,12292.0
3504297.3333,1104778.1333,12441.333333
3515792.0,1104780.0,12452.0
3515792.0,1104780.0,12452.0
3515792.0,1104780.0,12452.0
3515792.0,1104780.0,12452.0
3515792.0,1104780.0,12452.0
3515792.0,1104780.0,12452.0
3515792.0,1104780.0,12452.0
3515792.0,1104780.0,12452.0
3515792.0,1104780.0,12452.0
3515792.0,1104780.0,12452.0
3515792.0,1104780.0,12452.0
3515792.0,1104780.0,12452.0
3516228.8,1104806.1333,12646.133333
3516260.0,1104808.0,12660.0
3516260.0,1104808.0,12660.0
3516260.0,1104808.0,12660.0
3516260.0,1104808.0,12660.0
3516260.0,1104808.0,12660.0
3516260.0,1104808.0,12660.0
3516260.0,1104808.0,12660.0
3516260.0,1104808.0,12660.0
3516260.0,1104808.0,12660.0
3516260.0,1104808.0,12660.0
3515968.8,1104819.2,12921.333333
3515948.0,1104820.0,12940.0
3515948.0,1104820.0,12940.0
3515948.0,1104820.0,12940.0
3515948.0,1104820.0,12940.0
3515948.0,1104820.0,12940.0
3515948.0,1104820.0,12940.0
3515948.0,1104820.0,12940.0
3515948.0,1104820.0,12940.0
3515948.0,1104820.0,12940.0
3515948.0,1104820.0,12940.0
3585720.2667,1104831.2,13141.6
3590704.0,1104832.0,13156.0
3590704.0,1104832.0,13156.0
3590704.0,1104832.0,13156.0
3590704.0,1104832.0,13156.0
3590704.0,1104832.0,13156.0
3590704.0,1104832.0,13156.0
3590704.0,1104832.0,13156.0
3590704.0,1104832.0,13156.0
3590704.0,1104832.0,13156.0
3590704.0,1104832.0,13156.0
3589092.0,1104868.0,13380.0
3589092.0,1104868.0,13380.0
3589240.8,1104869.0667,13387.466667
3590208.0,1104876.0,13436.0
3590208.0,1104876.0,13436.0
3590208.0,1104876.0,13436.0
3590208.0,1104876.0,13436.0
3590208.0,1104876.0,13436.0
3590208.0,1104876.0,13436.0
3590208.0,1104876.0,13436.0
3590208.0,1104876.0,13436.0
3590208.0,1104876.0,13436.0
3589865.6,1104901.6,13485.6
3588496.0,1105004.0,13684.0
3588496.0,1105004.0,13684.0
3588685.8667,1105004.5333,13691.466667
3589920.0,1105008.0,13740.0
3589920.0,1105008.0,13740.0
3589920.0,1105008.0,13740.0
3589920.0,1105008.0,13740.0
3598934.9333,1105062.4,13753.866667
3657532.0,1105416.0,13844.0
3657532.0,1105416.0,13844.0
