vda,61.00,0.24,0.00,1,0
vda,41.00,0.00,0.17,0,0
vda,1.60,0.00,0.01,0,0
vda,18.20,0.07,0.00,0,0
vda,74.60,0.53,0.01,2,0
vda,58.40,0.00,0.24,0,1
vda,187.80,6.86,0.01,34,0
vda,5.40,0.00,0.02,0,0
vda,39.00,0.00,0.98,0,4
vda,4.00,0.00,0.47,0,2
vda,2.80,0.00,0.01,0,0
vda,1.20,0.00,0.00,0,0
vda,0.60,0.00,0.00,0,0
vda,37.00,0.00,0.16,0,0
vda,4.60,0.00,0.02,0,0
vda,0.00,0.00,0.00,0,0
vda,2.80,0.00,0.01,0,0
vda,50.00,0.00,0.21,0,1
vda,11.60,0.00,0.05,0,0
vda,2.20,0.00,0.01,0,0
vda,0.00,0.00,0.00,0,0
vda,1.20,0.00,0.00,0,0
vda,2.20,0.00,0.01,0,0
vda,1.80,0.00,0.01,0,0
vda,6.40,0.00,0.03,0,0
vda,37.00,0.00,0.15,0,0
vda,1.60,0.00,0.01,0,0
vda,0.00,0.00,0.00,0,0
vda,2.20,0.00,0.01,0,0
vda,0.00,0.00,0.00,0,0
vda,49.60,0.00,0.21,0,1
vda,13.80,0.00,0.05,0,0
