vda,54.00,0.22,0.00,1,0
vda,50.80,0.23,0.01,1,0
vda,37.72,0.35,0.01,1,0
vda,1.60,0.00,0.01,0,0
vda,2.20,0.00,0.01,0,0
vda,8.20,0.00,0.04,0,0
vda,245.40,9.78,0.14,48,0
vda,16.00,0.00,0.06,0,0
vda,1.20,0.00,0.00,0,0
vda,0.00,0.00,0.00,0,0
vda,24.20,0.16,0.01,0,0
vda,2.00,0.00,0.01,0,0
vda,22.60,0.05,1.32,0,6
vda,3.20,0.00,0.01,0,0
vda,33.20,0.00,0.14,0,0
vda,32.40,0.00,0.13,0,0
vda,17.40,0.00,0.07,0,0
vda,0.00,0.00,0.00,0,0
vda,1.60,0.00,0.01,0,0
vda,27.60,0.00,0.11,0,0
vda,11.00,0.00,0.05,0,0
vda,1.40,0.00,0.01,0,0
vda,67.00,0.45,0.14,2,0
vda,1.00,0.00,0.00,0,0
vda,23.40,0.00,0.14,0,0
vda,20.20,0.00,0.08,0,0
vda,2.00,0.00,0.01,0,0
vda,46.20,0.00,0.19,0,0
vda,2.40,0.00,0.01,0,0
vda,1.20,0.00,0.00,0,0
vda,34.60,0.00,0.14,0,0
vda,2.80,0.00,0.01,0,0
vda,5.60,0.00,0.02,0,0
vda,44.00,0.00,0.19,0,0
vda,2.20,0.00,0.01,0,0
vda,0.00,0.00,0.00,0,0
vda,0.80,0.00,0.00,0,0
vda,2.20,0.00,0.01,0,0
vda,1.20,0.00,0.00,0,0
vda,1.00,0.00,0.01,0,0
