vda,45.40,0.17,0.01,0,0
vda,38.40,0.00,0.55,0,2
vda,2.40,0.00,0.40,0,1
vda,2.20,0.00,0.40,0,1
vda,28.00,0.00,0.11,0,0
vda,4.00,0.00,0.40,0,2
vda,113.60,3.14,0.40,15,1
vda,87.80,0.83,0.51,4,2
vda,92.40,1.89,0.43,9,2
vda,88.40,3.21,0.13,16,0
vda,29.80,0.42,1.30,2,6
vda,17.20,0.00,0.91,0,4
vda,3.20,0.00,0.40,0,1
vda,37.20,0.00,0.15,0,0
vda,2.20,0.00,0.40,0,1
vda,37.20,0.00,0.54,0,2
vda,3.40,0.00,0.40,0,2
vda,7.80,0.00,0.03,0,0
vda,8.40,0.00,0.43,0,2
vda,42.80,0.00,0.56,0,2
vda,1.20,0.00,0.00,0,0
vda,39.60,0.00,0.54,0,2
vda,16.00,0.00,0.45,0,2
vda,2.00,0.00,0.40,0,1
vda,35.60,0.00,0.53,0,2
vda,2.40,0.00,0.01,0,0
vda,1.80,0.00,0.39,0,1
vda,35.60,0.00,0.53,0,2
vda,4.60,0.00,0.41,0,2
vda,15.20,0.00,0.07,0,0
vda,38.00,0.00,0.54,0,2
vda,1.80,0.00,0.39,0,1
vda,1.80,0.00,0.39,0,1
vda,36.53,0.00,0.14,0,0
vda,19.00,0.00,0.46,0,2
vda,2.00,0.00,0.40,0,1
vda,27.60,0.00,0.50,0,2
vda,10.60,0.00,0.04,0,0
vda,3.40,0.00,0.40,0,2
vda,39.60,0.00,0.55,0,2
vda,5.40,0.00,0.41,0,2
vda,1.20,0.00,0.00,0,0
vda,1.60,0.00,0.39,0,1
vda,6.40,0.00,0.03,0,0
vda,32.60,0.00,0.52,0,2
vda,22.40,0.00,0.09,0,0
vda,34.40,0.00,0.53,0,2
vda,14.80,0.00,0.45,0,2
vda,3.40,0.00,0.40,0,2
vda,38.80,0.00,0.16,0,0
vda,4.00,0.00,0.40,0,2
vda,2.00,0.00,0.40,0,1
vda,1.80,0.00,0.01,0,0
vda,3.80,0.00,0.01,0,0
