vda,0.80,0.01,0.00,0,0
vda,62.20,0.24,0.01,1,0
vda,39.80,0.00,0.16,0,0
vda,80.60,0.55,0.01,2,0
vda,0.00,0.00,0.00,0,0
vda,44.20,0.00,0.18,0,0
vda,211.00,10.38,0.01,51,0
vda,6.60,0.34,0.01,1,0
vda,3.40,0.00,0.01,0,0
vda,41.80,0.00,0.99,0,4
vda,18.40,0.07,0.46,0,2
vda,2.80,0.00,0.01,0,0
vda,1.40,0.00,0.01,0,0
vda,4.20,0.00,0.02,0,0
vda,61.20,0.00,0.25,0,1
vda,1.60,0.00,0.01,0,0
vda,0.00,0.00,0.00,0,0
vda,36.00,0.00,0.15,0,0
vda,121.80,1.39,0.03,6,0
vda,7.80,0.37,0.02,1,0
vda,38.00,0.00,0.16,0,0
vda,2.20,0.00,0.01,0,0
vda,1.60,0.00,0.01,0,0
vda,40.00,0.00,0.16,0,0
vda,0.00,0.00,0.00,0,0
vda,55.40,0.00,0.22,0,1
vda,1.60,0.00,0.01,0,0
vda,1.20,0.00,0.00,0,0
vda,36.80,0.00,0.15,0,0
vda,1.80,0.00,0.01,0,0
vda,1.20,0.00,0.00,0,0
vda,1.60,0.00,0.01,0,0
vda,2.60,0.00,0.01,0,0
vda,56.40,0.00,0.22,0,1
vda,1.60,0.00,0.01,0,0
vda,1.80,0.00,0.01,0,0
vda,41.00,0.00,0.16,0,0
vda,1.80,0.00,0.01,0,0
vda,1.20,0.00,0.00,0,0
vda,24.80,0.00,0.10,0,0
vda,1.80,0.00,0.01,0,0
vda,1.20,0.00,0.00,0,0
vda,1.20,0.00,0.00,0,0
vda,46.20,0.00,0.19,0,0
vda,0.00,0.00,0.00,0,0
vda,1.60,0.00,0.01,0,0
vda,50.00,0.00,0.20,0,1
vda,0.00,0.00,0.00,0,0
vda,3.99,0.00,0.02,0,0
vda,50.00,0.00,0.20,0,1
vda,1.60,0.00,0.01,0,0
vda,1.60,0.00,0.00,0,0
vda,3.60,0.00,0.01,0,0
vda,1.00,0.00,0.00,0,0
vda,0.00,0.00,0.00,0,0
vda,2.20,0.00,0.01,0,0
