7969272.0,62304.0,2424.0
7933488.2667,68150.133333,2531.4666667
7432516.0,149996.0,4036.0
7432516.0,149996.0,4036.0
7432516.0,149996.0,4036.0
7429352.0,150012.0,4084.0
7429352.0,150012.0,4084.0
7429352.0,150012.0,4084.0
7429352.0,150012.0,4084.0
7429352.0,150012.0,4084.0
7429352.0,150012.0,4084.0
7429352.0,150012.0,4084.0
7429352.0,150012.0,4084.0
7429352.0,150012.0,4084.0
7429352.0,150012.0,4084.0
7336260.0,150028.0,4292.0
7336260.0,150028.0,4292.0
7336260.0,150028.0,4292.0
7336260.0,150028.0,4292.0
7336260.0,150028.0,4292.0
7334874.9333,150039.2,4418.9333333
7334776.0,150040.0,4428.0
7334776.0,150040.0,4428.0
7334776.0,150040.0,4428.0
7334776.0,150040.0,4428.0
7334776.0,150040.0,4428.0
7334776.0,150040.0,4428.0
7334776.0,150040.0,4428.0
7331402.9333,150750.66667,4719.2
7330884.0,150860.0,4764.0
7330884.0,150860.0,4764.0
7330884.0,150860.0,4764.0
7330884.0,150860.0,4764.0
7330884.0,150860.0,4764.0
7329767.7333,150867.46667,4876.0
7329688.0,150868.0,4884.0
7330724.5333,150881.86667,4939.4666667
7330884.0,150884.0,4948.0
7330884.0,150884.0,4948.0
7330884.0,150884.0,4948.0
7330884.0,150884.0,4948.0
7330884.0,150884.0,4948.0
7320034.9333,150902.66667,5078.6666667
7319260.0,150904.0,5088.0
7318229.6,150904.0,5140.2666667
7318156.0,150904.0,5144.0
7318156.0,150904.0,5144.0
