vda,18.80,0.07,0.01,0,0
vda,15.40,0.06,0.00,0,0
vda,116.60,0.69,0.02,3,0
vda,1.00,0.00,0.00,0,0
vda,0.00,0.00,0.00,0,0
vda,3.00,0.00,0.01,0,0
vda,226.80,10.74,0.06,53,0
vda,58.80,4.85,0.08,24,0
vda,23.40,0.00,0.10,0,0
vda,0.80,0.00,0.00,0,0
vda,0.00,0.00,0.00,0,0
vda,3.20,0.00,0.01,0,0
vda,9.80,0.00,1.31,0,6
vda,3.00,0.00,0.01,0,0
vda,30.80,0.04,0.08,0,0
vda,0.20,0.00,0.00,0,0
vda,8.00,0.00,0.03,0,0
vda,34.00,0.00,0.14,0,0
vda,2.40,0.00,0.01,0,0
vda,1.20,0.00,0.01,0,0
vda,4.60,0.00,0.02,0,0
vda,1.00,0.00,0.00,0,0
vda,11.60,0.00,0.05,0,0
vda,1.20,0.00,0.00,0,0
vda,2.80,0.00,0.01,0,0
vda,1.40,0.00,0.01,0,0
vda,6.40,0.00,0.03,0,0
vda,36.60,0.00,0.15,0,0
vda,1.00,0.00,0.00,0,0
vda,1.20,0.00,0.00,0,0
vda,19.60,0.00,0.08,0,0
vda,2.40,0.00,0.01,0,0
vda,11.40,0.00,0.05,0,0
vda,1.40,0.00,0.01,0,0
vda,1.00,0.00,0.00,0,0
vda,36.00,0.00,0.15,0,0
vda,2.40,0.00,0.01,0,0
vda,0.00,0.00,0.00,0,0
vda,41.40,0.00,0.17,0,0
vda,2.40,0.00,0.01,0,0
vda,1.60,0.00,0.01,0,0
vda,38.80,0.00,0.16,0,0
vda,18.00,0.00,0.07,0,0
vda,0.00,0.00,0.00,0,0
vda,1.20,0.00,0.00,0,0
vda,2.20,0.00,0.01,0,0
vda,0.00,0.00,0.00,0,0
vda,1.60,0.00,0.01,0,0
vda,29.80,0.00,0.12,0,0
vda,1.80,0.00,0.01,0,0
vda,14.80,0.00,0.06,0,0
vda,1.60,0.00,0.01,0,0
vda,0.00,0.00,0.00,0,0
vda,52.80,0.00,0.22,0,1
vda,4.60,0.00,0.02,0,0
vda,1.40,0.00,0.01,0,0
vda,33.60,0.00,0.14,0,0
vda,2.80,0.00,0.01,0,0
vda,0.00,0.00,0.00,0,0
vda,39.20,0.00,0.16,0,0
vda,0.00,0.00,0.00,0,0
vda,1.00,0.00,0.00,0,0
vda,1.20,0.00,0.00,0,0
vda,2.20,0.00,0.01,0,0
vda,0.00,0.00,0.00,0,0
vda,1.60,0.00,0.01,0,0
vda,61.40,0.00,0.25,0,1
vda,1.20,0.00,0.00,0,0
vda,0.00,0.00,0.00,0,0
vda,2.20,0.00,0.01,0,0
vda,34.00,0.00,0.14,0,0
vda,1.80,0.00,0.01,0,0
vda,2.20,0.00,0.01,0,0
vda,0.00,0.00,0.00,0,0
vda,43.60,0.00,0.17,0,0
vda,2.40,0.00,0.01,0,0
vda,0.00,0.00,0.00,0,0
vda,48.00,0.00,0.19,0,0
vda,2.40,0.00,0.01,0,0
vda,1.40,0.00,0.01,0,0
vda,1.80,0.00,0.01,0,0
vda,2.20,0.00,0.01,0,0
vda,0.00,0.00,0.00,0,0
vda,7.40,0.02,0.01,0,0
vda,25.80,0.00,0.10,0,0
vda,24.00,0.11,0.06,0,0
vda,62.00,0.05,0.20,0,0
vda,2.20,0.00,0.01,0,0
vda,0.60,0.00,0.00,0,0
vda,1.20,0.00,0.00,0,0
vda,3.80,0.00,0.02,0,0
vda,1.80,0.00,0.01,0,0
vda,18.00,0.00,0.07,0,0
vda,1.60,0.00,0.01,0,0
