vda,23.20,0.09,0.01,0,0
vda,30.60,0.14,0.00,0,0
vda,83.80,0.52,0.01,2,0
vda,1.60,0.00,0.01,0,0
vda,5.80,0.02,0.00,0,0
vda,15.00,0.05,0.01,0,0
vda,236.60,9.66,0.11,48,0
vda,51.60,5.95,0.02,29,0
vda,36.60,0.00,0.15,0,0
vda,1.20,0.00,0.00,0,0
vda,0.00,0.00,0.00,0,0
vda,3.40,0.00,0.01,0,0
vda,9.60,0.00,1.31,0,6
vda,14.20,0.00,0.06,0,0
vda,1.40,0.00,0.01,0,0
vda,0.00,0.00,0.00,0,0
vda,1.20,0.00,0.00,0,0
vda,31.00,0.00,0.12,0,0
vda,12.40,0.00,0.05,0,0
vda,3.60,0.00,0.02,0,0
vda,2.80,0.00,0.01,0,0
vda,18.40,0.00,0.07,0,0
vda,1.80,0.00,0.01,0,0
vda,2.20,0.00,0.01,0,0
vda,0.00,0.00,0.00,0,0
vda,1.60,0.00,0.01,0,0
vda,23.60,0.00,0.10,0,0
vda,9.40,0.00,0.04,0,0
vda,1.40,0.00,0.00,0,0
vda,2.20,0.00,0.01,0,0
vda,17.40,0.00,0.07,0,0
vda,4.20,0.00,0.02,0,0
vda,1.60,0.00,0.01,0,0
vda,0.00,0.00,0.00,0,0
vda,129.40,1.33,0.07,6,0
vda,37.00,0.00,0.15,0,0
vda,4.80,0.37,0.00,1,0
vda,13.40,0.00,0.05,0,0
vda,34.80,0.00,0.15,0,0
vda,0.00,0.00,0.00,0,0
vda,3.80,0.00,0.01,0,0
vda,50.60,0.00,0.21,0,1
vda,3.40,0.00,0.01,0,0
vda,27.00,0.00,0.11,0,0
vda,2.40,0.00,0.01,0,0
vda,33.60,0.00,0.14,0,0
vda,1.20,0.00,0.00,0,0
vda,2.20,0.00,0.01,0,0
