vda,0.80,0.01,0.00,0,0
vda,67.40,0.26,0.01,1,0
vda,74.20,0.00,0.30,0,1
vda,1.60,0.00,0.01,0,0
vda,0.00,0.00,0.00,0,0
vda,83.20,1.07,0.01,5,0
vda,358.60,13.50,0.26,67,1
vda,97.40,11.95,0.01,59,0
vda,97.00,11.88,0.01,59,0
vda,148.20,11.00,1.52,55,7
vda,131.20,16.33,0.00,81,0
vda,104.20,12.75,0.01,63,0
vda,92.80,11.45,0.00,57,0
vda,122.00,15.15,0.00,75,0
vda,73.20,8.88,0.01,44,0
vda,77.20,9.28,0.01,46,0
vda,128.80,15.47,0.02,77,0
vda,123.80,7.07,0.27,35,1
vda,63.40,7.78,0.00,38,0
vda,129.20,16.07,0.00,80,0
vda,180.00,15.28,0.24,76,1
vda,112.80,13.80,0.01,69,0
vda,27.20,3.28,0.00,16,0
vda,13.00,0.15,0.01,0,0
vda,13.20,0.28,0.01,1,0
vda,2.80,0.00,0.01,0,0
vda,2.60,0.00,0.01,0,0
vda,20.80,0.00,0.09,0,0
vda,0.20,0.00,0.00,0,0
vda,53.00,0.00,0.21,0,1
vda,11.20,0.00,0.05,0,0
vda,1.00,0.00,0.00,0,0
vda,2.60,0.00,0.01,0,0
vda,1.20,0.00,0.00,0,0
vda,7.20,0.04,0.02,0,0
vda,12.00,0.00,0.05,0,0
vda,0.00,0.00,0.00,0,0
vda,1.20,0.00,0.00,0,0
vda,52.80,0.00,0.21,0,1
vda,1.40,0.00,0.01,0,0
vda,0.00,0.00,0.00,0,0
vda,14.00,0.00,0.06,0,0
vda,18.00,0.00,0.07,0,0
vda,2.60,0.00,0.01,0,0
vda,4.20,0.03,0.01,0,0
vda,1.60,0.00,0.01,0,0
vda,0.00,0.00,0.00,0,0
vda,35.40,0.00,0.14,0,0
vda,2.80,0.00,0.01,0,0
vda,1.00,0.00,0.00,0,0
vda,29.60,0.00,0.12,0,0
vda,1.20,0.00,0.00,0,0
vda,0.00,0.00,0.00,0,0
vda,2.20,0.00,0.01,0,0
vda,1.80,0.00,0.01,0,0
vda,4.80,0.00,0.02,0,0
vda,53.00,0.00,0.21,0,1
vda,12.40,0.00,0.05,0,0
vda,0.00,0.00,0.00,0,0
vda,12.00,0.00,0.05,0,0
vda,2.20,0.00,0.01,0,0
vda,0.60,0.00,0.00,0,0
vda,3.00,0.00,0.01,0,0
vda,4.20,0.00,0.02,0,0
vda,17.40,0.00,0.07,0,0
vda,55.40,0.01,0.22,0,1
vda,11.40,0.00,0.05,0,0
vda,0.00,0.00,0.00,0,0
vda,2.60,0.00,0.01,0,0
vda,1.80,0.00,0.01,0,0
vda,45.80,0.00,0.19,0,0
vda,2.40,0.00,0.01,0,0
vda,2.60,0.00,0.01,0,0
vda,58.60,0.00,0.24,0,1
vda,2.20,0.00,0.01,0,0
vda,2.00,0.00,0.01,0,0
vda,71.60,0.00,0.29,0,1
vda,2.00,0.00,0.01,0,0
vda,0.00,0.00,0.00,0,0
vda,46.60,0.00,0.19,0,0
vda,2.40,0.00,0.01,0,0
vda,0.60,0.00,0.00,0,0
vda,52.60,0.03,0.22,0,1
vda,3.20,0.00,0.01,0,0
vda,2.60,0.00,0.01,0,0
vda,1.80,0.00,0.01,0,0
vda,2.40,0.00,0.01,0,0
vda,0.00,0.00,0.00,0,0
vda,1.60,0.00,0.01,0,0
vda,54.60,0.00,0.22,0,1
vda,25.80,0.00,0.10,0,0
vda,0.00,0.00,0.00,0,0
vda,1.80,0.00,0.01,0,0
vda,45.20,0.00,0.19,0,0
vda,33.80,0.07,0.06,0,0
vda,29.40,0.21,0.00,1,0
vda,3.20,0.00,0.01,0,0
vda,0.60,0.00,0.00,0,0
vda,2.20,0.00,0.01,0,0
vda,12.00,0.00,0.06,0,0
vda,27.60,0.01,0.11,0,0
vda,72.00,0.00,0.29,0,1
vda,2.00,0.00,0.01,0,0
vda,2.00,0.00,0.01,0,0
vda,2.60,0.00,0.01,0,0
vda,0.40,0.00,0.00,0,0
vda,11.00,0.00,0.05,0,0
vda,95.80,0.37,0.31,1,1
vda,24.20,0.37,0.01,1,0
vda,1.80,0.00,0.01,0,0
vda,1.80,0.00,0.01,0,0
vda,77.60,0.00,0.35,0,1
vda,2.40,0.00,0.01,0,0
vda,2.80,0.00,0.01,0,0
vda,2.60,0.00,0.01,0,0
vda,0.00,0.00,0.00,0,0
vda,1.20,0.00,0.00,0,0
vda,2.80,0.00,0.01,0,0
vda,22.20,0.00,0.09,0,0
vda,50.40,0.00,0.20,0,1
vda,2.60,0.00,0.01,0,0
vda,1.20,0.00,0.00,0,0
vda,4.60,0.00,0.02,0,0
vda,2.20,0.00,0.01,0,0
vda,1.40,0.00,0.01,0,0
vda,11.00,0.00,0.05,0,0
vda,19.00,0.00,0.08,0,0
vda,1.20,0.00,0.00,0,0
vda,34.00,0.00,0.14,0,0
vda,2.40,0.00,0.01,0,0
vda,1.40,0.00,0.01,0,0
vda,1.20,0.00,0.00,0,0
vda,14.00,0.00,0.06,0,0
vda,76.00,0.00,0.31,0,1
vda,0.20,0.00,0.00,0,0
vda,2.00,0.00,0.01,0,0
vda,46.40,0.00,0.19,0,0
vda,2.20,0.00,0.01,0,0
vda,0.20,0.00,0.00,0,0
vda,13.40,0.00,0.06,0,0
vda,1.40,0.00,0.01,0,0
vda,2.00,0.00,0.01,0,0
vda,2.80,0.00,0.01,0,0
vda,3.00,0.00,0.01,0,0
vda,0.20,0.00,0.00,0,0
vda,82.00,0.01,2.48,0,12
vda,4.40,0.00,0.02,0,0
vda,3.40,0.00,0.01,0,0
vda,1.80,0.00,0.01,0,0
vda,2.20,0.00,0.01,0,0
vda,0.00,0.00,0.00,0,0
vda,56.09,0.00,0.23,0,1
vda,3.40,0.00,0.01,0,0
vda,2.40,0.00,0.01,0,0
