vda,26.60,0.10,0.01,0,0
vda,17.80,0.07,0.00,0,0
vda,39.00,0.00,0.16,0,0
vda,1.40,0.00,0.01,0,0
vda,1.00,0.00,0.00,0,0
vda,107.60,0.49,0.11,2,0
vda,122.20,3.14,0.12,15,0
vda,85.80,0.80,0.12,3,0
vda,59.60,1.63,0.11,8,0
vda,11.40,0.20,0.80,0,4
vda,59.60,4.11,0.54,20,2
vda,89.20,10.85,0.01,54,0
vda,101.80,12.53,0.00,62,0
vda,49.40,1.96,0.14,9,0
vda,6.00,0.00,0.03,0,0
vda,21.60,0.00,0.09,0,0
vda,2.40,0.00,0.01,0,0
vda,30.60,0.00,0.12,0,0
vda,1.20,0.00,0.00,0,0
vda,30.40,0.00,0.12,0,0
vda,15.40,0.00,0.06,0,0
vda,9.60,0.00,0.04,0,0
vda,11.80,0.00,0.05,0,0
vda,0.00,0.00,0.00,0,0
vda,12.46,0.00,0.05,0,0
vda,1.00,0.00,0.00,0,0
vda,2.00,0.00,0.01,0,0
vda,0.00,0.00,0.00,0,0
vda,1.00,0.00,0.00,0,0
vda,1.20,0.00,0.00,0,0
vda,46.60,0.00,0.19,0,0
vda,16.00,0.00,0.06,0,0
vda,1.00,0.00,0.00,0,0
vda,1.80,0.00,0.01,0,0
vda,2.80,0.00,0.01,0,0
vda,2.20,0.00,0.01,0,0
vda,0.00,0.00,0.00,0,0
vda,1.40,0.00,0.01,0,0
vda,13.80,0.00,0.06,0,0
vda,8.00,0.00,0.03,0,0
vda,16.40,0.00,0.07,0,0
vda,9.00,0.00,0.04,0,0
vda,0.60,0.00,0.00,0,0
vda,1.20,0.00,0.00,0,0
vda,3.40,0.00,0.01,0,0
vda,1.20,0.00,0.01,0,0
vda,18.40,0.00,0.07,0,0
vda,9.78,0.00,0.04,0,0
vda,29.00,0.00,0.11,0,0
vda,1.00,0.00,0.00,0,0
vda,0.60,0.00,0.00,0,0
vda,9.20,0.00,0.04,0,0
vda,1.20,0.00,0.00,0,0
vda,3.60,0.00,0.02,0,0
vda,19.00,0.00,0.07,0,0
