vda,12.00,0.04,0.01,0,0
vda,96.40,0.50,0.45,2,2
vda,79.20,0.23,0.55,1,2
vda,26.20,0.00,0.50,0,2
vda,1.00,0.00,0.00,0,0
vda,11.20,0.04,0.39,0,1
vda,61.20,1.42,0.50,7,2
vda,88.00,1.69,0.13,8,0
vda,84.20,1.03,0.51,5,2
vda,47.80,1.76,1.68,8,8
vda,28.80,2.92,0.40,14,2
vda,4.00,0.00,0.40,0,2
vda,17.80,0.00,0.09,0,0
vda,25.20,0.00,0.49,0,2
vda,3.40,0.00,0.40,0,2
vda,15.32,0.00,0.19,0,2
vda,26.80,0.00,0.49,0,2
vda,10.80,0.00,0.43,0,2
vda,36.60,0.00,0.15,0,0
vda,1.80,0.00,0.39,0,1
vda,1.80,0.00,0.40,0,1
vda,16.60,0.00,0.07,0,0
vda,9.40,0.00,0.04,0,0
vda,13.80,0.00,0.06,0,0
vda,15.20,0.00,0.45,0,2
vda,15.25,0.00,0.06,0,0
vda,3.20,0.00,0.40,0,1
vda,55.80,0.00,0.61,0,3
vda,9.60,0.00,0.43,0,2
vda,25.40,0.00,0.10,0,0
vda,15.40,0.00,0.45,0,2
vda,2.40,0.00,0.40,0,1
vda,37.20,0.00,0.54,0,2
vda,0.20,0.00,0.00,0,0
vda,10.40,0.00,0.44,0,2
vda,8.60,0.00,0.03,0,0
vda,10.88,0.00,0.18,0,2
vda,0.00,0.00,0.00,0,0
vda,16.80,0.00,0.07,0,0
vda,0.00,0.00,0.00,0,0
vda,6.40,0.00,0.03,0,0
vda,8.20,0.00,0.03,0,0
vda,6.40,0.00,0.03,0,0
vda,3.60,0.00,0.02,0,0
vda,28.60,0.00,0.50,0,2
vda,0.20,0.00,0.00,0,0
vda,28.40,0.00,0.12,0,0
vda,19.80,0.00,0.47,0,2
vda,4.67,0.00,0.16,0,2
vda,7.67,0.00,0.08,0,3
vda,1.60,0.00,0.01,0,0
vda,12.20,0.00,0.22,0,2
vda,27.40,0.00,0.11,0,0
