3838572.0,57400.0,2520.0
3268965.6,168046.4,4401.6
3126564.0,195708.0,4872.0
3125399.2,195720.8,4926.4
3125108.0,195724.0,4940.0
3125108.0,195724.0,4940.0
3125108.0,195724.0,4940.0
3125108.0,195724.0,4940.0
3125108.0,195724.0,4940.0
3024938.4,195765.6,5196.0
2999896.0,195776.0,5260.0
2999896.0,195776.0,5260.0
2999896.0,195776.0,5260.0
2999896.0,195776.0,5260.0
2999896.0,195776.0,5260.0
2999896.0,195776.0,5260.0
2999896.0,195776.0,5260.0
2999896.0,195776.0,5260.0
2999896.0,195776.0,5260.0
2999896.0,195776.0,5260.0
2999896.0,195776.0,5260.0
2999523.4667,195787.73333,5447.7333333
2999388.0,195792.0,5516.0
2999388.0,195792.0,5516.0
2999388.0,195792.0,5516.0
2999388.0,195792.0,5516.0
2999388.0,195792.0,5516.0
2997000.2667,195847.73333,5650.9333333
2996132.0,195868.0,5700.0
2996132.0,195868.0,5700.0
2996132.0,195868.0,5700.0
2996132.0,195868.0,5700.0
2996132.0,195868.0,5700.0
2996132.0,195868.0,5700.0
2996132.0,195868.0,5700.0
2996132.0,195868.0,5700.0
2996132.0,195868.0,5700.0
2996132.0,195868.0,5700.0
2974142.9333,196693.06667,6126.4
2970760.0,196820.0,6192.0
2970760.0,196820.0,6192.0
2969390.6667,196878.93333,6247.4666667
2969180.0,196888.0,6256.0
2969180.0,196888.0,6256.0
2969180.0,196888.0,6256.0
2969180.0,196888.0,6256.0
2969180.0,196888.0,6256.0
2969180.0,196888.0,6256.0
2969180.0,196888.0,6256.0
2969180.0,196888.0,6256.0
2969180.0,196888.0,6256.0
2969180.0,196888.0,6256.0
2964344.0,196985.06667,6446.6666667
2963600.0,197000.0,6476.0
2964536.0,197006.93333,6524.5333333
2964680.0,197008.0,6532.0
2964680.0,197008.0,6532.0
2947932.5333,211866.13333,7377.8666667
2945356.0,214152.0,7508.0
2945356.0,214152.0,7508.0
2945356.0,214152.0,7508.0
2945356.0,214152.0,7508.0
3537013.6,208952.0,7597.6
3684928.0,207652.0,7620.0
