3802140.0,87564.0,3972.0
3802140.0,87564.0,3972.0
3492581.3333,135735.2,4069.0666667
3138800.0,190788.0,4180.0
3090689.6,190842.4,4205.6
3018524.0,190924.0,4244.0
3018524.0,190924.0,4244.0
3017693.3333,190929.6,4273.8666667
3016744.0,190936.0,4308.0
3016744.0,190936.0,4308.0
3009943.7333,196886.93333,5168.5333333
3002172.0,203688.0,6152.0
3002172.0,203688.0,6152.0
2997594.4,203688.0,6174.4
2990728.0,203688.0,6208.0
2983872.0,204811.2,6331.2
2973588.0,206496.0,6516.0
2973588.0,206496.0,6516.0
2973588.0,206496.0,6516.0
2973588.0,206496.0,6516.0
3166492.5333,204768.0,6548.0
3696980.0,200016.0,6636.0
3696980.0,200016.0,6636.0
