7613228.0,282444.0,5786.6666667
7708308.0,124892.0,3324.0
7708308.0,124892.0,3324.0
6410769.3333,405094.66667,3841.3333333
5762000.0,545196.0,4100.0
5762000.0,545196.0,4100.0
5357308.8,590079.2,4144.8
5256136.0,601300.0,4156.0
5256136.0,601300.0,4156.0
5256136.0,601300.0,4156.0
5256136.0,601300.0,4156.0
5256136.0,601300.0,4156.0
5256136.0,601300.0,4156.0
5256136.0,601300.0,4156.0
5256136.0,601300.0,4156.0
5256136.0,601300.0,4156.0
5254080.2667,601300.0,4364.0
5253764.0,601300.0,4396.0
5253764.0,601300.0,4396.0
5254966.1333,601318.66667,4448.2666667
5255052.0,601320.0,4452.0
5255052.0,601320.0,4452.0
5255052.0,601320.0,4452.0
5255052.0,601320.0,4452.0
5255052.0,601320.0,4452.0
5255052.0,601320.0,4452.0
5255052.0,601320.0,4452.0
5255052.0,601320.0,4452.0
5255052.0,601320.0,4452.0
5255052.0,601320.0,4452.0
5255052.0,601320.0,4452.0
5254932.0,601348.0,4692.0
5254932.0,601348.0,4692.0
5254932.0,601348.0,4692.0
5254932.0,601348.0,4692.0
5245972.0,601376.0,4820.0
5245972.0,601376.0,4820.0
5245972.0,601376.0,4820.0
5245972.0,601376.0,4820.0
5245972.0,601376.0,4820.0
5245972.0,601376.0,4820.0
5245972.0,601376.0,4820.0
5245972.0,601376.0,4820.0
5245972.0,601376.0,4820.0
5245972.0,601376.0,4820.0
5245972.0,601376.0,4820.0
5241943.7333,603324.26667,5326.1333333
5241324.0,603624.0,5404.0
5241324.0,603624.0,5404.0
5241324.0,603624.0,5404.0
5241324.0,603624.0,5404.0
5241324.0,603624.0,5404.0
5241324.0,603624.0,5404.0
5241324.0,603624.0,5404.0
5241324.0,603624.0,5404.0
5241324.0,603624.0,5404.0
5239820.0,603691.2,5567.2
5239444.0,603708.0,5608.0
5239444.0,603708.0,5608.0
5240570.6667,603704.53333,5663.4666667
5240744.0,603704.0,5672.0
5240744.0,603704.0,5672.0
5240744.0,603704.0,5672.0
5240744.0,603704.0,5672.0
5240744.0,603704.0,5672.0
5240744.0,603704.0,5672.0
5240744.0,603704.0,5672.0
5240744.0,603704.0,5672.0
5240744.0,603704.0,5672.0
5240744.0,603704.0,5672.0
5240744.0,603704.0,5672.0
5240383.4667,603790.66667,5855.7333333
5240328.0,603804.0,5884.0
5240328.0,603804.0,5884.0
5240328.0,603804.0,5884.0
5240328.0,603804.0,5884.0
5240328.0,603804.0,5884.0
5240328.0,603804.0,5884.0
5240328.0,603804.0,5884.0
5240328.0,603804.0,5884.0
5240328.0,603804.0,5884.0
5240328.0,603804.0,5884.0
5240328.0,603804.0,5884.0
5240318.4,603797.6,6114.4
5240316.0,603796.0,6172.0
5240316.0,603796.0,6172.0
5240316.0,603796.0,6172.0
5240316.0,603796.0,6172.0
5240316.0,603796.0,6172.0
5240316.0,603796.0,6172.0
5240316.0,603796.0,6172.0
5240316.0,603796.0,6172.0
5240316.0,603796.0,6172.0
5240316.0,603796.0,6172.0
5240316.0,603796.0,6172.0
5239797.0667,603825.86667,6381.0666667
5239760.0,603828.0,6396.0
5229340.0,603832.0,6460.0
5229340.0,603832.0,6460.0
5229340.0,603832.0,6460.0
5229340.0,603832.0,6460.0
5229157.8667,603834.4,6469.0666667
5226608.0,603868.0,6596.0
5226608.0,603868.0,6596.0
5227495.4667,603874.4,6630.1333333
5227495.4667,603874.4,6630.1333333
5228272.0,603880.0,6660.0
5228272.0,603880.0,6660.0
5228272.0,603880.0,6660.0
5228272.0,603880.0,6660.0
5228272.0,603880.0,6660.0
5228272.0,603880.0,6660.0
5228272.0,603880.0,6660.0
5228272.0,603880.0,6660.0
5228272.0,603880.0,6660.0
5228272.0,603880.0,6660.0
5228240.8,603880.26667,6675.4666667
5226976.2667,603886.13333,6917.6
5226976.2667,603886.13333,6917.6
5226252.0,603888.0,6940.0
5226252.0,603888.0,6940.0
5227836.0,603896.0,6996.0
5227836.0,603896.0,6996.0
5227836.0,603896.0,6996.0
5227836.0,603896.0,6996.0
5227836.0,603896.0,6996.0
5227836.0,603896.0,6996.0
5227836.0,603896.0,6996.0
5227836.0,603896.0,6996.0
5227836.0,603896.0,6996.0
5227836.0,603896.0,6996.0
5226120.0,603920.26667,7224.8
5225856.0,603924.0,7260.0
5225856.0,603924.0,7260.0
5227058.9333,603930.93333,7322.4
5227244.0,603932.0,7332.0
5227244.0,603932.0,7332.0
5227244.0,603932.0,7332.0
5227244.0,603932.0,7332.0
5227244.0,603932.0,7332.0
5227244.0,603932.0,7332.0
5227244.0,603932.0,7332.0
5227244.0,603932.0,7332.0
5227244.0,603932.0,7332.0
5227244.0,603932.0,7332.0
5227244.0,603932.0,7332.0
5227208.8,603951.2,7543.2
5227200.0,603956.0,7596.0
5227200.0,603956.0,7596.0
5227200.0,603956.0,7596.0
5227200.0,603956.0,7596.0
5227200.0,603956.0,7596.0
5227200.0,603956.0,7596.0
5227200.0,603956.0,7596.0
5227200.0,603956.0,7596.0
5227200.0,603956.0,7596.0
5227200.0,603956.0,7596.0
5227200.0,603956.0,7596.0
5221768.8,603977.6,7764.0
5218148.0,603992.0,7876.0
5217209.6,603994.4,7909.6
5216584.0,603996.0,7932.0
5216584.0,603996.0,7932.0
5216584.0,603996.0,7932.0
5216584.0,603996.0,7932.0
5216584.0,603996.0,7932.0
5216584.0,603996.0,7932.0
5216584.0,603996.0,7932.0
5216584.0,603996.0,7932.0
5216584.0,603996.0,7932.0
5216584.0,603996.0,7932.0
5216584.0,603996.0,7932.0
5216178.6667,604004.53333,8064.2666667
5215824.0,604012.0,8180.0
5215824.0,604012.0,8180.0
5215824.0,604012.0,8180.0
5215824.0,604012.0,8180.0
5215824.0,604012.0,8180.0
5215824.0,604012.0,8180.0
5215824.0,604012.0,8180.0
5215824.0,604012.0,8180.0
5215824.0,604012.0,8180.0
5215824.0,604012.0,8180.0
5215824.0,604012.0,8180.0
5215824.0,604012.0,8180.0
5215830.4,604050.4,8423.2
5215832.0,604060.0,8484.0
5215832.0,604060.0,8484.0
5215832.0,604060.0,8484.0
5215832.0,604060.0,8484.0
5215832.0,604060.0,8484.0
5215832.0,604060.0,8484.0
5215832.0,604060.0,8484.0
5215832.0,604060.0,8484.0
5215832.0,604060.0,8484.0
5215832.0,604060.0,8484.0
5215832.0,604060.0,8484.0
5215135.2,604070.4,8692.0
5215028.0,604072.0,8724.0
5215028.0,604072.0,8724.0
5215028.0,604072.0,8724.0
5215028.0,604072.0,8724.0
5215028.0,604072.0,8724.0
5215028.0,604072.0,8724.0
5215028.0,604072.0,8724.0
5215028.0,604072.0,8724.0
5215028.0,604072.0,8724.0
5215028.0,604072.0,8724.0
5215028.0,604072.0,8724.0
5214962.1333,604117.06667,8966.6666667
5214952.0,604124.0,9004.0
5214952.0,604124.0,9004.0
5214952.0,604124.0,9004.0
5214952.0,604124.0,9004.0
5214952.0,604124.0,9004.0
5214952.0,604124.0,9004.0
5214952.0,604124.0,9004.0
5214952.0,604124.0,9004.0
5214952.0,604124.0,9004.0
5214952.0,604124.0,9004.0
5214952.0,604124.0,9004.0
5214577.6,604151.73333,9212.0
5211982.4,604145.6,9299.4666667
5211592.0,604144.0,9308.0
5211592.0,604144.0,9308.0
5211592.0,604144.0,9308.0
5211592.0,604144.0,9308.0
5209747.7333,604151.46667,9405.0666667
5209616.0,604152.0,9412.0
5209616.0,604152.0,9412.0
5210652.5333,604155.46667,9460.5333333
5210812.0,604156.0,9468.0
5210812.0,604156.0,9468.0
5210812.0,604156.0,9468.0
5210812.0,604156.0,9468.0
5210812.0,604156.0,9468.0
5210812.0,604156.0,9468.0
5210812.0,604156.0,9468.0
5209296.0,604172.0,9652.0
5209296.0,604172.0,9652.0
5209296.0,604172.0,9652.0
5210509.3333,604175.73333,9711.7333333
5210596.0,604176.0,9716.0
5210596.0,604176.0,9716.0
5210596.0,604176.0,9716.0
5210596.0,604176.0,9716.0
5210596.0,604176.0,9716.0
5210596.0,604176.0,9716.0
5210596.0,604176.0,9716.0
5210596.0,604176.0,9716.0
5210596.0,604176.0,9716.0
5210596.0,604176.0,9716.0
5210603.2,604177.06667,9732.5333333
5210704.0,604192.0,9964.0
5210704.0,604192.0,9964.0
5210704.0,604192.0,9964.0
5210704.0,604192.0,9964.0
5210704.0,604192.0,9964.0
5210704.0,604192.0,9964.0
5210704.0,604192.0,9964.0
5210704.0,604192.0,9964.0
5210704.0,604192.0,9964.0
5210704.0,604192.0,9964.0
5210704.0,604192.0,9964.0
5210704.0,604192.0,9964.0
5210256.0,604216.0,10260.0
5210256.0,604216.0,10260.0
5210256.0,604216.0,10260.0
5210256.0,604216.0,10260.0
5210256.0,604216.0,10260.0
5210256.0,604216.0,10260.0
5210256.0,604216.0,10260.0
5210256.0,604216.0,10260.0
5210256.0,604216.0,10260.0
5210256.0,604216.0,10260.0
5210211.2,604234.66667,10461.6
5210208.0,604236.0,10476.0
5210208.0,604236.0,10476.0
5210208.0,604236.0,10476.0
5210208.0,604236.0,10476.0
5210208.0,604236.0,10476.0
5209338.1333,604303.2,10610.4
5209276.0,604308.0,10620.0
5200099.7333,604318.4,10654.666667
5198688.0,604320.0,10660.0
5198688.0,604320.0,10660.0
5198688.0,604320.0,10660.0
5198688.0,604320.0,10660.0
5198688.0,604320.0,10660.0
5198688.0,604320.0,10660.0
5198688.0,604320.0,10660.0
5198688.0,604320.0,10660.0
5198688.0,604320.0,10660.0
5198688.0,604320.0,10660.0
5198688.0,604320.0,10660.0
5199195.7333,604458.13333,10869.066667
5199232.0,604468.0,10884.0
5199232.0,604468.0,10884.0
5199232.0,604468.0,10884.0
5199232.0,604468.0,10884.0
5199232.0,604468.0,10884.0
5199232.0,604468.0,10884.0
5199232.0,604468.0,10884.0
5199232.0,604468.0,10884.0
5199232.0,604468.0,10884.0
5199232.0,604468.0,10884.0
5199232.0,604468.0,10884.0
5198944.0,604518.66667,11102.666667
5198800.0,604544.0,11212.0
5198800.0,604544.0,11212.0
5198800.0,604544.0,11212.0
5198800.0,604544.0,11212.0
5198800.0,604544.0,11212.0
6829604.2667,599730.4,11311.733333
