7953556.0,78380.0,2140.0
7953556.0,78380.0,2140.0
7523292.8,160624.8,2492.8
5802240.0,489604.0,3904.0
5802240.0,489604.0,3904.0
5801917.6,489604.8,3915.2
5800628.0,489608.0,3960.0
5800628.0,489608.0,3960.0
5800628.0,489608.0,3960.0
5800628.0,489608.0,3960.0
5800628.0,489608.0,3960.0
5800628.0,489608.0,3960.0
5800628.0,489608.0,3960.0
5800628.0,489608.0,3960.0
5800628.0,489608.0,3960.0
5800628.0,489608.0,3960.0
5800628.0,489608.0,3960.0
5800251.2,489621.6,4013.6
5798744.0,489676.0,4228.0
5798744.0,489676.0,4228.0
5798744.0,489676.0,4228.0
5798744.0,489676.0,4228.0
5798744.0,489676.0,4228.0
5798744.0,489676.0,4228.0
5798744.0,489676.0,4228.0
5798744.0,489676.0,4228.0
5743885.3333,489687.73333,4288.8
5593024.0,489720.0,4456.0
5593024.0,489720.0,4456.0
5593024.0,489720.0,4456.0
5593024.0,489720.0,4456.0
5592725.6,489735.2,4480.0
5591532.0,489796.0,4576.0
5591532.0,489796.0,4576.0
5591532.0,489796.0,4576.0
5591532.0,489796.0,4576.0
5591532.0,489796.0,4576.0
5591532.0,489796.0,4576.0
5591532.0,489796.0,4576.0
5591532.0,489796.0,4576.0
5591532.0,489796.0,4576.0
5591532.0,489796.0,4576.0
5591532.0,489796.0,4576.0
5590724.0,490061.33333,4697.3333333
5589108.0,490592.0,4940.0
5589108.0,490592.0,4940.0
5589108.0,490592.0,4940.0
5589108.0,490592.0,4940.0
5589108.0,490592.0,4940.0
5589108.0,490592.0,4940.0
5584070.1333,490596.26667,4986.9333333
5570216.0,490608.0,5116.0
5570216.0,490608.0,5116.0
5569373.3333,490606.93333,5133.0666667
5567056.0,490604.0,5180.0
5567056.0,490604.0,5180.0
5567056.0,490604.0,5180.0
5567056.0,490604.0,5180.0
5567056.0,490604.0,5180.0
5567056.0,490604.0,5180.0
5567056.0,490604.0,5180.0
5567056.0,490604.0,5180.0
5567056.0,490604.0,5180.0
5567056.0,490604.0,5180.0
5567056.0,490604.0,5180.0
5566739.2,490613.6,5244.0
5565868.0,490640.0,5420.0
5565868.0,490640.0,5420.0
5565868.0,490640.0,5420.0
5565868.0,490640.0,5420.0
5565868.0,490640.0,5420.0
5565868.0,490640.0,5420.0
5565868.0,490640.0,5420.0
5565868.0,490640.0,5420.0
5565868.0,490640.0,5420.0
5565868.0,490640.0,5420.0
5565868.0,490640.0,5420.0
5565815.2,490672.8,5480.8
5565604.0,490804.0,5724.0
5565604.0,490804.0,5724.0
5565604.0,490804.0,5724.0
5565604.0,490804.0,5724.0
5565604.0,490804.0,5724.0
5565604.0,490804.0,5724.0
5565604.0,490804.0,5724.0
5565257.3333,490809.33333,5770.9333333
5564304.0,490824.0,5900.0
5564716.8,490822.93333,5917.0666667
5565852.0,490820.0,5964.0
5565852.0,490820.0,5964.0
5565852.0,490820.0,5964.0
5565852.0,490820.0,5964.0
5565852.0,490820.0,5964.0
5560743.7333,490823.2,5991.7333333
5546696.0,490832.0,6068.0
5546044.0,490832.0,6086.6666667
5544740.0,490832.0,6124.0
5544740.0,490832.0,6124.0
5544740.0,490832.0,6124.0
5544740.0,490832.0,6124.0
5544740.0,490832.0,6124.0
5544740.0,490832.0,6124.0
5544740.0,490832.0,6124.0
5544740.0,490832.0,6124.0
5544740.0,490832.0,6124.0
5544740.0,490832.0,6124.0
5544740.0,490832.0,6124.0
5544824.0,490832.8,6165.6
5545160.0,490836.0,6332.0
5545160.0,490836.0,6332.0
5545160.0,490836.0,6332.0
5545160.0,490836.0,6332.0
5545160.0,490836.0,6332.0
5545160.0,490836.0,6332.0
5545160.0,490836.0,6332.0
5545160.0,490836.0,6332.0
5545160.0,490836.0,6332.0
5545160.0,490836.0,6332.0
5545160.0,490836.0,6332.0
5545030.9333,490842.4,6408.8
5544676.0,490860.0,6620.0
5544676.0,490860.0,6620.0
5543850.4,491460.53333,6730.9333333
5541580.0,493112.0,7036.0
5541580.0,493112.0,7036.0
5541580.0,493112.0,7036.0
5541580.0,493112.0,7036.0
5541580.0,493112.0,7036.0
5541580.0,493112.0,7036.0
5541580.0,493112.0,7036.0
5541580.0,493112.0,7036.0
5541580.0,493112.0,7036.0
5541580.0,493112.0,7036.0
5541580.0,493112.0,7036.0
5541630.6667,493120.0,7105.3333333
5541732.0,493136.0,7244.0
5540988.0,493140.8,7269.6
5539872.0,493148.0,7308.0
5539872.0,493148.0,7308.0
5539872.0,493148.0,7308.0
5539872.0,493148.0,7308.0
5539872.0,493148.0,7308.0
5539872.0,493148.0,7308.0
5539872.0,493148.0,7308.0
5539872.0,493148.0,7308.0
5539872.0,493148.0,7308.0
5539872.0,493148.0,7308.0
5539641.3333,493174.66667,7388.0
5539180.0,493228.0,7548.0
5539180.0,493228.0,7548.0
5539180.0,493228.0,7548.0
5539180.0,493228.0,7548.0
5539180.0,493228.0,7548.0
5539180.0,493228.0,7548.0
5539180.0,493228.0,7548.0
5539180.0,493228.0,7548.0
5539180.0,493228.0,7548.0
5539180.0,493228.0,7548.0
5539180.0,493228.0,7548.0
5539180.0,493228.0,7548.0
5539226.6667,493237.33333,7678.6666667
5539280.0,493248.0,7828.0
5539280.0,493248.0,7828.0
5539280.0,493248.0,7828.0
5539280.0,493248.0,7828.0
5539280.0,493248.0,7828.0
5539280.0,493248.0,7828.0
5539280.0,493248.0,7828.0
5539280.0,493248.0,7828.0
5539280.0,493248.0,7828.0
5539280.0,493248.0,7828.0
5539280.0,493248.0,7828.0
5539181.0667,493251.73333,7928.8
5539068.0,493256.0,8044.0
5539068.0,493256.0,8044.0
5539068.0,493256.0,8044.0
5539068.0,493256.0,8044.0
5539068.0,493256.0,8044.0
5537671.7333,493261.6,8114.9333333
5536076.0,493268.0,8196.0
5536076.0,493268.0,8196.0
5536076.0,493268.0,8196.0
5536076.0,493268.0,8196.0
5536076.0,493268.0,8196.0
5536076.0,493268.0,8196.0
5536076.0,493268.0,8196.0
5536076.0,493268.0,8196.0
5536076.0,493268.0,8196.0
5536076.0,493268.0,8196.0
5536076.0,493268.0,8196.0
5535615.2,493274.4,8311.2
5535212.0,493280.0,8412.0
5535212.0,493280.0,8412.0
5535212.0,493280.0,8412.0
5535212.0,493280.0,8412.0
5535212.0,493280.0,8412.0
5535212.0,493280.0,8412.0
5535212.0,493280.0,8412.0
5535212.0,493280.0,8412.0
5535212.0,493280.0,8412.0
5535212.0,493280.0,8412.0
5535212.0,493280.0,8412.0
5535167.2,493294.4,8524.0
5535100.0,493316.0,8692.0
5535100.0,493316.0,8692.0
5535100.0,493316.0,8692.0
5535100.0,493316.0,8692.0
5535100.0,493316.0,8692.0
5535100.0,493316.0,8692.0
5535100.0,493316.0,8692.0
5535100.0,493316.0,8692.0
5535100.0,493316.0,8692.0
5535100.0,493316.0,8692.0
5535100.0,493316.0,8692.0
5534911.4667,493362.66667,8811.4666667
5534696.0,493416.0,8948.0
5534696.0,493416.0,8948.0
5534696.0,493416.0,8948.0
5534696.0,493416.0,8948.0
5534696.0,493416.0,8948.0
5534696.0,493416.0,8948.0
6469584.2667,490360.26667,9030.1333333
