vda,71.20,0.27,0.01,1,0
vda,73.00,0.53,0.01,2,0
vda,7.20,0.02,0.01,0,0
vda,48.20,0.00,0.20,0,0
vda,9.40,0.00,0.04,0,0
vda,1.20,0.00,0.00,0,0
vda,206.40,9.44,0.00,47,0
vda,96.00,11.33,0.02,56,0
vda,131.40,11.35,0.96,56,4
vda,107.20,12.78,0.49,63,2
vda,64.80,7.67,0.01,38,0
vda,100.60,11.70,0.00,58,0
vda,115.20,14.12,0.01,70,0
vda,27.60,0.41,0.10,2,0
vda,39.60,0.00,0.17,0,0
vda,2.40,0.00,0.01,0,0
vda,1.20,0.00,0.00,0,0
vda,34.20,0.00,0.15,0,0
vda,2.40,0.00,0.01,0,0
vda,1.20,0.00,0.00,0,0
vda,43.00,0.00,0.18,0,0
vda,2.60,0.00,0.01,0,0
vda,1.20,0.00,0.00,0,0
vda,0.20,0.00,0.00,0,0
vda,2.20,0.00,0.01,0,0
vda,1.20,0.00,0.00,0,0
vda,0.40,0.00,0.00,0,0
vda,60.40,0.00,0.24,0,1
vda,1.20,0.00,0.00,0,0
vda,0.00,0.00,0.00,0,0
vda,3.40,0.00,0.01,0,0
vda,1.60,0.00,0.01,0,0
vda,0.60,0.00,0.00,0,0
vda,3.80,0.00,0.02,0,0
vda,13.60,0.00,0.05,0,0
vda,0.00,0.00,0.00,0,0
vda,43.20,0.00,0.17,0,0
vda,1.20,0.00,0.00,0,0
vda,1.20,0.00,0.00,0,0
vda,3.80,0.00,0.01,0,0
vda,1.60,0.00,0.01,0,0
vda,1.60,0.00,0.01,0,0
vda,19.40,0.00,0.08,0,0
vda,1.20,0.00,0.00,0,0
vda,0.60,0.00,0.00,0,0
vda,32.20,0.00,0.13,0,0
vda,1.20,0.00,0.00,0,0
vda,0.80,0.00,0.00,0,0
vda,3.20,0.00,0.02,0,0
vda,20.00,0.00,0.08,0,0
vda,0.40,0.00,0.00,0,0
vda,11.20,0.00,0.05,0,0
vda,1.20,0.00,0.00,0,0
vda,47.40,0.00,0.19,0,0
vda,2.40,0.00,0.01,0,0
vda,1.20,0.00,0.00,0,0
vda,35.40,0.00,0.14,0,0
vda,2.80,0.00,0.01,0,0
vda,1.20,0.00,0.00,0,0
vda,45.20,0.00,0.18,0,0
vda,0.00,0.00,0.00,0,0
vda,1.60,0.00,0.01,0,0
vda,54.60,0.00,0.22,0,1
vda,2.60,0.00,0.01,0,0
vda,1.20,0.00,0.00,0,0
vda,35.60,0.00,0.14,0,0
vda,2.40,0.00,0.01,0,0
vda,1.20,0.00,0.00,0,0
vda,34.80,0.00,0.14,0,0
vda,3.59,0.00,0.01,0,0
vda,1.60,0.00,0.01,0,0
vda,48.20,0.00,0.20,0,0
vda,2.60,0.00,0.01,0,0
vda,1.20,0.00,0.00,0,0
vda,46.20,0.00,0.19,0,0
vda,2.40,0.00,0.01,0,0
vda,1.20,0.00,0.00,0,0
vda,45.20,0.00,0.18,0,0
vda,1.00,0.00,0.00,0,0
vda,1.20,0.00,0.00,0,0
vda,41.60,0.00,0.17,0,0
vda,2.40,0.00,0.01,0,0
vda,1.20,0.00,0.00,0,0
vda,52.20,0.00,0.21,0,1
vda,2.40,0.00,0.01,0,0
vda,1.20,0.00,0.00,0,0
vda,44.80,0.00,0.18,0,0
vda,3.20,0.00,0.01,0,0
vda,1.20,0.00,0.00,0,0
vda,13.20,0.00,0.05,0,0
vda,2.40,0.00,0.01,0,0
vda,1.20,0.00,0.00,0,0
vda,0.60,0.00,0.00,0,0
vda,2.20,0.00,0.01,0,0
vda,1.20,0.00,0.00,0,0
vda,29.40,0.18,0.00,0,0
vda,50.00,0.00,0.20,0,1
vda,25.80,0.00,0.10,0,0
vda,1.20,0.00,0.00,0,0
vda,2.20,0.00,0.01,0,0
vda,49.40,0.00,0.20,0,1
vda,0.20,0.00,0.00,0,0
vda,2.20,0.00,0.01,0,0
vda,1.20,0.00,0.00,0,0
vda,0.60,0.00,0.00,0,0
vda,2.20,0.00,0.01,0,0
vda,3.20,0.00,0.02,0,0
vda,52.40,0.00,0.21,0,1
vda,2.60,0.00,0.01,0,0
vda,1.20,0.00,0.00,0,0
vda,0.60,0.00,0.00,0,0
vda,2.20,0.00,0.01,0,0
vda,9.00,0.00,0.04,0,0
vda,0.00,0.00,0.00,0,0
vda,3.60,0.00,0.02,0,0
vda,13.00,0.00,0.05,0,0
vda,0.60,0.00,0.00,0,0
vda,25.60,0.00,0.10,0,0
vda,2.00,0.00,0.01,0,0
vda,10.40,0.00,0.04,0,0
vda,0.00,0.00,0.00,0,0
vda,3.00,0.00,0.02,0,0
vda,17.80,0.00,0.07,0,0
vda,2.20,0.00,0.01,0,0
vda,1.60,0.00,0.01,0,0
vda,34.40,0.00,0.14,0,0
vda,3.40,0.00,0.01,0,0
vda,2.00,0.00,0.01,0,0
vda,1.20,0.00,0.00,0,0
vda,28.20,0.00,0.12,0,0
vda,18.40,0.00,0.07,0,0
vda,0.00,0.00,0.00,0,0
vda,54.20,0.00,0.22,0,1
vda,1.40,0.00,0.01,0,0
vda,0.60,0.00,0.00,0,0
vda,36.80,0.00,0.15,0,0
vda,2.80,0.00,0.01,0,0
vda,2.60,0.00,0.01,0,0
vda,42.40,0.00,0.17,0,0
vda,1.40,0.00,0.01,0,0
vda,0.60,0.00,0.00,0,0
vda,30.20,0.00,0.12,0,0
vda,8.20,0.00,0.03,0,0
vda,0.20,0.00,0.00,0,0
vda,54.40,0.00,0.22,0,1
vda,1.80,0.00,0.01,0,0
vda,0.60,0.00,0.00,0,0
vda,4.00,0.00,0.02,0,0
vda,1.60,0.00,0.01,0,0
vda,0.00,0.00,0.00,0,0
vda,14.00,0.00,0.05,0,0
vda,2.60,0.00,0.01,0,0
vda,31.60,0.00,0.13,0,0
vda,1.40,0.00,0.01,0,0
vda,0.00,0.00,0.00,0,0
vda,1.00,0.00,0.00,0,0
vda,63.20,0.00,0.25,0,1
vda,1.80,0.00,0.01,0,0
vda,0.20,0.00,0.00,0,0
vda,37.20,0.00,0.15,0,0
vda,1.40,0.00,0.01,0,0
vda,34.80,0.00,0.14,0,0
vda,2.40,0.00,0.01,0,0
vda,1.20,0.00,0.00,0,0
vda,34.80,0.00,0.14,0,0
vda,2.40,0.00,0.01,0,0
vda,2.60,0.00,0.01,0,0
vda,30.00,0.00,0.12,0,0
vda,26.00,0.00,0.10,0,0
vda,7.60,0.00,0.03,0,0
vda,0.60,0.00,0.00,0,0
vda,37.60,0.00,0.15,0,0
vda,2.00,0.00,0.01,0,0
vda,0.60,0.00,0.00,0,0
vda,37.40,0.00,0.15,0,0
vda,1.40,0.00,0.01,0,0
vda,3.80,0.00,0.01,0,0
vda,41.80,0.00,0.17,0,0
vda,2.00,0.00,0.01,0,0
vda,0.60,0.00,0.00,0,0
vda,54.20,0.00,0.21,0,1
vda,1.60,0.00,0.01,0,0
vda,0.20,0.00,0.00,0,0
vda,36.80,0.00,0.15,0,0
vda,1.40,0.00,0.01,0,0
vda,1.00,0.00,0.00,0,0
vda,48.20,0.00,0.20,0,0
vda,0.00,0.00,0.00,0,0
vda,0.60,0.00,0.00,0,0
vda,37.80,0.00,0.15,0,0
vda,1.40,0.00,0.01,0,0
vda,0.60,0.00,0.00,0,0
vda,51.00,0.00,0.21,0,1
vda,4.80,0.00,0.02,0,0
vda,7.60,0.00,0.03,0,0
vda,2.40,0.00,0.01,0,0
vda,33.00,0.00,0.13,0,0
vda,5.80,0.00,0.03,0,0
vda,2.80,0.00,0.01,0,0
vda,1.20,0.00,0.00,0,0
vda,0.00,0.00,0.00,0,0
vda,2.20,0.00,0.01,0,0
vda,1.40,0.00,0.01,0,0
vda,25.20,0.00,0.10,0,0
vda,36.60,0.00,0.15,0,0
vda,3.80,0.00,0.02,0,0
vda,0.60,0.00,0.00,0,0
vda,3.00,0.00,0.01,0,0
vda,2.20,0.00,0.01,0,0
vda,0.00,0.00,0.00,0,0
vda,2.20,0.00,0.01,0,0
vda,12.80,0.00,0.05,0,0
vda,2.00,0.00,0.01,0,0
vda,31.60,0.00,0.13,0,0
vda,1.60,0.00,0.01,0,0
vda,0.80,0.00,0.00,0,0
vda,4.80,0.00,0.02,0,0
vda,56.80,0.00,0.23,0,1
vda,27.80,0.00,0.11,0,0
vda,2.20,0.00,0.01,0,0
vda,1.20,0.00,0.00,0,0
vda,0.60,0.00,0.00,0,0
vda,2.20,0.00,0.01,0,0
vda,1.60,0.00,0.01,0,0
vda,2.20,0.00,0.01,0,0
vda,35.80,0.00,0.14,0,0
vda,2.60,0.00,0.01,0,0
vda,2.80,0.00,0.01,0,0
vda,0.00,0.00,0.00,0,0
vda,53.00,0.00,0.22,0,1
vda,9.60,0.00,0.04,0,0
vda,2.20,0.00,0.01,0,0
vda,1.20,0.00,0.00,0,0
vda,0.60,0.00,0.00,0,0
vda,1.20,0.00,0.00,0,0
vda,2.60,0.00,0.01,0,0
vda,13.80,0.00,0.06,0,0
vda,24.60,0.00,0.10,0,0
vda,1.60,0.00,0.01,0,0
vda,0.00,0.00,0.00,0,0
vda,1.20,0.00,0.00,0,0
vda,53.80,0.00,0.22,0,1
vda,9.00,0.00,0.04,0,0
vda,1.20,0.00,0.00,0,0
vda,2.20,0.00,0.01,0,0
vda,0.60,0.00,0.00,0,0
vda,1.60,0.00,0.00,0,0
vda,4.20,0.00,0.02,0,0
vda,13.80,0.00,0.06,0,0
vda,22.60,0.00,0.09,0,0
vda,2.20,0.00,0.01,0,0
vda,0.60,0.00,0.00,0,0
vda,1.20,0.00,0.00,0,0
vda,56.00,0.00,0.23,0,1
vda,7.00,0.00,0.03,0,0
vda,4.20,0.00,0.02,0,0
vda,9.00,0.00,0.04,0,0
vda,35.80,0.00,0.15,0,0
vda,2.00,0.00,0.01,0,0
vda,32.20,0.00,0.13,0,0
vda,0.80,0.00,0.00,0,0
vda,14.00,0.00,0.06,0,0
vda,31.20,0.00,0.12,0,0
vda,1.60,0.00,0.01,0,0
vda,3.80,0.00,0.01,0,0
vda,1.00,0.00,0.00,0,0
vda,0.00,0.00,0.00,0,0
vda,1.20,0.00,0.00,0,0
vda,2.60,0.00,0.01,0,0
vda,19.20,0.00,0.08,0,0
vda,42.60,0.00,0.17,0,0
vda,2.20,0.00,0.01,0,0
vda,0.20,0.00,0.00,0,0
vda,3.40,0.00,0.01,0,0
vda,2.20,0.00,0.01,0,0
vda,0.00,0.00,0.00,0,0
vda,2.40,0.00,0.01,0,0
vda,19.40,0.00,0.08,0,0
vda,1.40,0.00,0.00,0,0
vda,41.40,0.00,0.17,0,0
vda,2.80,0.00,0.01,0,0
vda,0.80,0.00,0.00,0,0
vda,1.20,0.00,0.00,0,0
vda,5.00,0.00,0.02,0,0
vda,13.00,0.00,0.05,0,0
vda,1.60,0.00,0.01,0,0
vda,1.80,0.00,0.01,0,0
vda,0.00,0.00,0.00,0,0
vda,35.20,0.00,0.14,0,0
vda,9.20,0.00,0.04,0,0
vda,2.00,0.00,0.01,0,0
vda,1.80,0.00,0.01,0,0
vda,19.80,0.00,0.08,0,0
vda,3.40,0.00,0.01,0,0
vda,2.00,0.00,0.01,0,0
vda,1.20,0.00,0.00,0,0
vda,0.00,0.00,0.00,0,0
vda,25.40,0.00,0.10,0,0
vda,2.60,0.00,0.01,0,0
vda,19.80,0.00,0.08,0,0
vda,1.80,0.00,0.01,0,0
vda,1.20,0.00,0.00,0,0
vda,45.60,0.00,0.18,0,0
vda,10.60,0.00,0.04,0,0
vda,2.00,0.00,0.01,0,0
vda,0.00,0.00,0.00,0,0
vda,1.20,0.00,0.00,0,0
vda,2.20,0.00,0.01,0,0
vda,0.40,0.00,0.00,0,0
vda,39.40,0.00,0.16,0,0
vda,2.40,0.00,0.01,0,0
vda,4.40,0.00,0.02,0,0
vda,2.40,0.00,0.01,0,0
vda,2.60,0.00,0.01,0,0
vda,0.40,0.00,0.00,0,0
vda,1.40,0.00,0.01,0,0
vda,4.00,0.00,0.02,0,0
vda,12.40,0.00,0.05,0,0
vda,47.80,0.00,0.19,0,0
vda,2.40,0.00,0.01,0,0
vda,2.60,0.00,0.01,0,0
vda,2.60,0.00,0.01,0,0
vda,0.00,0.00,0.00,0,0
vda,2.60,0.00,0.01,0,0
vda,21.40,0.00,0.09,0,0
vda,1.20,0.00,0.00,0,0
vda,7.00,0.00,0.03,0,0
vda,35.40,0.00,0.14,0,0
vda,2.20,0.00,0.01,0,0
vda,0.80,0.00,0.00,0,0
vda,6.00,0.00,0.03,0,0
vda,1.00,0.00,0.00,0,0
vda,7.40,0.00,0.03,0,0
vda,5.80,0.00,0.02,0,0
vda,2.20,0.00,0.01,0,0
vda,0.80,0.00,0.00,0,0
vda,54.00,0.00,0.21,0,1
vda,3.00,0.00,0.02,0,0
vda,1.80,0.00,0.01,0,0
vda,24.40,0.00,0.10,0,0
vda,2.20,0.00,0.01,0,0
vda,1.40,0.00,0.01,0,0
vda,1.60,0.00,0.01,0,0
vda,14.40,0.00,0.06,0,0
vda,4.40,0.00,0.02,0,0
vda,24.40,0.00,0.10,0,0
vda,12.60,0.00,0.05,0,0
vda,36.40,0.45,0.01,2,0
vda,0.00,0.00,0.00,0,0
vda,3.40,0.00,0.01,0,0
vda,2.40,0.00,0.01,0,0
vda,2.80,0.00,0.01,0,0
vda,2.20,0.00,0.01,0,0
vda,50.00,0.00,0.24,0,1
vda,35.40,0.00,0.14,0,0
vda,2.20,0.00,0.01,0,0
vda,0.40,0.00,0.00,0,0
vda,1.40,0.00,0.01,0,0
vda,6.00,0.00,0.03,0,0
vda,1.60,0.00,0.01,0,0
vda,0.00,0.00,0.00,0,0
vda,18.80,0.00,0.07,0,0
vda,1.60,0.00,0.01,0,0
vda,36.40,0.00,0.14,0,0
vda,8.20,0.00,0.03,0,0
vda,1.20,0.00,0.01,0,0
vda,1.20,0.00,0.00,0,0
vda,2.20,0.00,0.01,0,0
vda,11.80,0.00,0.05,0,0
vda,2.80,0.00,0.01,0,0
vda,2.60,0.00,0.01,0,0
vda,0.00,0.00,0.00,0,0
vda,36.60,0.00,0.15,0,0
vda,2.80,0.00,0.01,0,0
vda,0.40,0.00,0.00,0,0
vda,8.40,0.00,0.04,0,0
vda,19.00,0.00,0.07,0,0
vda,1.40,0.00,0.00,0,0
vda,1.20,0.00,0.00,0,0
vda,5.60,0.00,0.03,0,0
vda,2.00,0.00,0.01,0,0
vda,24.20,0.00,0.10,0,0
vda,1.20,0.00,0.00,0,0
vda,17.37,0.00,0.07,0,0
vda,1.20,0.00,0.00,0,0
vda,9.20,0.00,0.04,0,0
vda,2.60,0.00,0.01,0,0
vda,2.00,0.00,0.01,0,0
vda,1.20,0.00,0.00,0,0
vda,0.00,0.00,0.00,0,0
vda,46.00,0.00,0.18,0,0
vda,12.80,0.00,0.05,0,0
vda,2.60,0.00,0.01,0,0
vda,2.60,0.00,0.01,0,0
vda,35.20,0.00,0.14,0,0
vda,0.80,0.00,0.00,0,0
vda,1.20,0.00,0.00,0,0
vda,53.00,0.00,0.21,0,1
vda,2.60,0.00,0.01,0,0
vda,3.00,0.00,0.01,0,0
vda,44.80,0.00,0.18,0,0
vda,2.00,0.00,0.01,0,0
vda,2.20,0.00,0.01,0,0
vda,36.00,0.00,0.15,0,0
vda,1.40,0.00,0.01,0,0
vda,2.20,0.00,0.01,0,0
vda,35.00,0.00,0.14,0,0
vda,1.40,0.00,0.01,0,0
vda,3.60,0.00,0.01,0,0
vda,48.00,0.00,0.19,0,0
vda,16.60,0.00,0.07,0,0
vda,0.20,0.00,0.00,0,0
vda,0.60,0.00,0.00,0,0
vda,1.20,0.00,0.00,0,0
vda,34.20,0.00,0.14,0,0
vda,3.40,0.00,0.02,0,0
vda,1.60,0.00,0.01,0,0
vda,3.00,0.00,0.01,0,0
vda,1.60,0.00,0.01,0,0
vda,0.00,0.00,0.00,0,0
vda,1.40,0.00,0.00,0,0
vda,2.40,0.00,0.01,0,0
vda,19.80,0.00,0.08,0,0
vda,36.20,0.00,0.14,0,0
vda,7.40,0.00,0.03,0,0
vda,1.20,0.00,0.00,0,0
vda,2.20,0.00,0.01,0,0
vda,0.40,0.00,0.00,0,0
vda,3.40,0.00,0.01,0,0
vda,14.80,0.00,0.06,0,0
vda,24.00,0.00,0.10,0,0
vda,1.20,0.00,0.00,0,0
vda,0.20,0.00,0.00,0,0
vda,2.60,0.00,0.01,0,0
vda,8.60,0.00,0.04,0,0
vda,0.40,0.00,0.00,0,0
vda,4.60,0.00,0.02,0,0
vda,19.00,0.00,0.07,0,0
vda,2.20,0.00,0.01,0,0
vda,36.80,0.00,0.15,0,0
vda,1.20,0.00,0.00,0,0
vda,0.00,0.00,0.00,0,0
vda,2.40,0.00,0.01,0,0
vda,1.20,0.00,0.00,0,0
vda,43.20,0.00,0.18,0,0
vda,2.40,0.00,0.01,0,0
vda,1.20,0.00,0.00,0,0
vda,47.80,0.00,0.19,0,0
vda,10.40,0.00,0.05,0,0
vda,0.00,0.00,0.00,0,0
vda,0.60,0.00,0.00,0,0
vda,2.20,0.00,0.01,0,0
vda,1.20,0.00,0.00,0,0
vda,0.60,0.00,0.00,0,0
vda,38.60,0.00,0.16,0,0
vda,2.20,0.00,0.01,0,0
vda,4.40,0.00,0.02,0,0
vda,12.00,0.00,0.05,0,0
vda,0.00,0.00,0.00,0,0
vda,16.00,0.00,0.07,0,0
vda,0.00,0.00,0.00,0,0
vda,26.20,0.00,0.11,0,0
vda,2.40,0.00,0.01,0,0
vda,38.00,0.00,0.15,0,0
vda,2.00,0.00,0.01,0,0
vda,3.20,0.00,0.01,0,0
vda,45.40,0.00,0.19,0,0
vda,1.20,0.00,0.00,0,0
vda,41.60,0.00,0.17,0,0
vda,2.40,0.00,0.01,0,0
vda,0.00,0.00,0.00,0,0
vda,38.60,0.00,0.16,0,0
vda,2.40,0.00,0.01,0,0
vda,17.60,0.00,0.07,0,0
vda,33.60,0.00,0.14,0,0
vda,1.60,0.00,0.01,0,0
vda,19.60,0.00,0.08,0,0
vda,25.00,0.00,0.10,0,0
vda,2.40,0.00,0.01,0,0
vda,14.00,0.00,0.06,0,0
vda,35.00,0.00,0.14,0,0
vda,2.40,0.00,0.01,0,0
vda,20.80,0.00,0.08,0,0
vda,25.40,0.00,0.10,0,0
vda,1.40,0.00,0.01,0,0
vda,21.60,0.00,0.09,0,0
vda,24.20,0.00,0.10,0,0
vda,3.00,0.00,0.01,0,0
vda,14.60,0.00,0.06,0,0
vda,23.40,0.00,0.10,0,0
vda,2.40,0.00,0.01,0,0
vda,14.00,0.00,0.06,0,0
vda,35.00,0.00,0.14,0,0
vda,2.40,0.00,0.01,0,0
vda,28.40,0.00,0.12,0,0
vda,2.40,0.00,0.01,0,0
vda,37.00,0.00,0.15,0,0
vda,1.20,0.00,0.00,0,0
vda,29.20,0.00,0.12,0,0
vda,2.40,0.00,0.01,0,0
vda,0.00,0.00,0.00,0,0
vda,36.20,0.00,0.15,0,0
vda,2.40,0.00,0.01,0,0
vda,2.60,0.00,0.01,0,0
vda,3.00,0.00,0.01,0,0
vda,0.00,0.00,0.00,0,0
vda,0.60,0.00,0.00,0,0
vda,1.60,0.00,0.01,0,0
vda,21.40,0.00,0.09,0,0
vda,7.60,0.00,0.03,0,0
vda,36.40,0.00,0.14,0,0
vda,1.20,0.00,0.00,0,0
vda,0.00,0.00,0.00,0,0
vda,5.60,0.00,0.02,0,0
vda,1.40,0.00,0.01,0,0
vda,12.00,0.00,0.05,0,0
vda,45.60,0.00,0.19,0,0
vda,2.40,0.00,0.01,0,0
vda,0.00,0.00,0.00,0,0
vda,41.92,0.00,0.17,0,0
vda,2.40,0.00,0.01,0,0
vda,0.60,0.00,0.00,0,0
vda,37.40,0.00,0.15,0,0
vda,1.40,0.00,0.01,0,0
vda,12.60,0.00,0.05,0,0
vda,0.00,0.00,0.00,0,0
vda,1.20,0.00,0.00,0,0
vda,41.60,0.00,0.17,0,0
vda,2.40,0.00,0.01,0,0
vda,1.20,0.00,0.00,0,0
vda,46.60,0.00,0.19,0,0
vda,2.40,0.00,0.01,0,0
vda,1.20,0.00,0.00,0,0
vda,30.80,0.00,0.12,0,0
vda,4.00,0.00,0.01,0,0
vda,1.00,0.00,0.00,0,0
vda,1.20,0.00,0.00,0,0
vda,0.00,0.00,0.00,0,0
vda,2.20,0.00,0.01,0,0
vda,2.80,0.00,0.01,0,0
vda,60.20,0.00,0.24,0,1
vda,1.20,0.00,0.00,0,0
vda,0.60,0.00,0.00,0,0
vda,3.60,0.00,0.01,0,0
vda,1.60,0.00,0.01,0,0
vda,0.40,0.00,0.00,0,0
vda,2.40,0.00,0.01,0,0
vda,2.80,0.00,0.02,0,0
vda,13.40,0.00,0.05,0,0
vda,32.00,0.00,0.13,0,0
vda,0.60,0.00,0.00,0,0
vda,2.20,0.00,0.01,0,0
vda,0.00,0.00,0.00,0,0
vda,3.60,0.00,0.01,0,0
vda,2.00,0.00,0.01,0,0
vda,21.00,0.00,0.08,0,0
vda,0.00,0.00,0.00,0,0
vda,1.60,0.00,0.01,0,0
vda,36.20,0.00,0.14,0,0
vda,8.80,0.00,0.04,0,0
vda,1.40,0.00,0.01,0,0
vda,1.80,0.00,0.01,0,0
vda,4.00,0.00,0.02,0,0
vda,12.00,0.00,0.05,0,0
vda,2.20,0.00,0.01,0,0
vda,1.20,0.00,0.00,0,0
vda,1.40,0.00,0.01,0,0
vda,36.40,0.00,0.14,0,0
vda,7.40,0.00,0.03,0,0
vda,2.80,0.00,0.02,0,0
vda,19.20,0.00,0.07,0,0
vda,1.20,0.00,0.00,0,0
vda,1.40,0.00,0.01,0,0
vda,3.00,0.00,0.01,0,0
vda,1.60,0.00,0.01,0,0
vda,4.00,0.00,0.01,0,0
vda,49.60,0.00,0.20,0,0
vda,0.00,0.00,0.00,0,0
vda,24.60,0.00,0.10,0,0
vda,13.20,0.00,0.06,0,0
vda,1.40,0.00,0.01,0,0
vda,2.20,0.00,0.01,0,0
vda,3.80,0.00,0.01,0,0
vda,3.80,0.00,0.02,0,0
vda,1.20,0.00,0.00,0,0
vda,36.40,0.00,0.14,0,0
vda,0.00,0.00,0.00,0,0
vda,1.80,0.00,0.01,0,0
vda,9.00,0.00,0.04,0,0
vda,1.40,0.00,0.01,0,0
vda,1.20,0.00,0.00,0,0
vda,2.00,0.00,0.01,0,0
vda,2.40,0.00,0.01,0,0
vda,53.80,0.00,0.21,0,1
vda,10.20,0.00,0.04,0,0
vda,0.00,0.00,0.00,0,0
vda,1.40,0.00,0.01,0,0
vda,2.20,0.00,0.01,0,0
vda,1.20,0.00,0.01,0,0
vda,14.60,0.00,0.06,0,0
vda,34.20,0.00,0.13,0,0
vda,1.20,0.00,0.00,0,0
vda,2.80,0.00,0.01,0,0
vda,3.60,0.00,0.01,0,0
vda,0.00,0.00,0.00,0,0
vda,2.60,0.00,0.01,0,0
vda,21.80,0.00,0.09,0,0
vda,1.20,0.00,0.00,0,0
vda,19.40,0.00,0.08,0,0
vda,12.40,0.00,0.05,0,0
vda,1.40,0.00,0.01,0,0
vda,0.60,0.00,0.00,0,0
vda,2.00,0.00,0.01,0,0
vda,3.40,0.00,0.01,0,0
vda,1.60,0.00,0.01,0,0
vda,36.80,0.00,0.15,0,0
vda,2.20,0.00,0.01,0,0
vda,0.60,0.00,0.00,0,0
vda,16.40,0.00,0.06,0,0
vda,10.80,0.00,0.05,0,0
vda,0.60,0.00,0.00,0,0
vda,1.20,0.00,0.00,0,0
vda,2.20,0.00,0.01,0,0
vda,19.80,0.00,0.08,0,0
vda,22.00,0.00,0.09,0,0
vda,1.20,0.00,0.00,0,0
vda,0.00,0.00,0.00,0,0
vda,17.00,0.00,0.07,0,0
vda,2.20,0.00,0.01,0,0
vda,7.80,0.00,0.03,0,0
vda,13.20,0.00,0.05,0,0
vda,2.60,0.00,0.01,0,0
vda,1.80,0.00,0.01,0,0
vda,12.80,0.00,0.05,0,0
vda,5.20,0.00,0.03,0,0
vda,2.20,0.00,0.01,0,0
vda,17.40,0.00,0.07,0,0
vda,0.00,0.00,0.00,0,0
vda,18.40,0.00,0.07,0,0
vda,1.20,0.00,0.00,0,0
vda,9.80,0.00,0.04,0,0
vda,2.40,0.00,0.01,0,0
vda,21.80,0.00,0.09,0,0
vda,0.60,0.00,0.00,0,0
vda,0.00,0.00,0.00,0,0
vda,24.80,0.00,0.10,0,0
vda,2.60,0.00,0.01,0,0
vda,1.40,0.00,0.01,0,0
vda,1.80,0.00,0.01,0,0
vda,2.20,0.00,0.01,0,0
vda,7.60,0.00,0.03,0,0
vda,21.60,0.00,0.09,0,0
vda,1.40,0.00,0.01,0,0
vda,17.80,0.00,0.07,0,0
vda,16.60,0.00,0.06,0,0
vda,3.40,0.00,0.01,0,0
vda,1.60,0.00,0.01,0,0
vda,0.00,0.00,0.00,0,0
vda,2.20,0.00,0.01,0,0
vda,0.80,0.00,0.00,0,0
vda,38.80,0.00,0.15,0,0
vda,11.20,0.00,0.05,0,0
vda,2.20,0.00,0.01,0,0
vda,18.80,0.00,0.07,0,0
vda,0.00,0.00,0.00,0,0
vda,1.40,0.00,0.01,0,0
vda,1.80,0.00,0.01,0,0
vda,2.20,0.00,0.01,0,0
vda,20.00,0.00,0.08,0,0
vda,14.00,0.00,0.06,0,0
vda,2.20,0.00,0.01,0,0
vda,0.60,0.00,0.00,0,0
vda,17.60,0.00,0.07,0,0
vda,2.80,0.00,0.01,0,0
vda,1.20,0.00,0.00,0,0
vda,18.36,0.00,0.07,0,0
vda,2.20,0.00,0.01,0,0
vda,0.40,0.00,0.00,0,0
vda,27.80,0.00,0.11,0,0
vda,2.20,0.00,0.01,0,0
vda,0.80,0.00,0.00,0,0
vda,13.20,0.00,0.05,0,0
vda,4.20,0.00,0.02,0,0
vda,12.00,0.00,0.05,0,0
vda,1.40,0.00,0.01,0,0
vda,2.20,0.00,0.01,0,0
vda,7.40,0.00,0.03,0,0
vda,21.20,0.00,0.08,0,0
vda,2.80,0.00,0.01,0,0
vda,0.40,0.00,0.00,0,0
vda,38.40,0.00,0.15,0,0
vda,1.00,0.00,0.00,0,0
vda,0.40,0.00,0.00,0,0
vda,1.20,0.00,0.00,0,0
vda,2.40,0.00,0.01,0,0
vda,2.60,0.00,0.01,0,0
vda,40.60,0.00,0.16,0,0
vda,0.60,0.00,0.00,0,0
vda,24.20,0.00,0.10,0,0
vda,21.40,0.00,0.08,0,0
vda,3.40,0.00,0.01,0,0
vda,2.60,0.00,0.01,0,0
vda,2.40,0.00,0.01,0,0
vda,0.00,0.00,0.00,0,0
vda,0.60,0.00,0.00,0,0
vda,27.80,0.00,0.11,0,0
vda,8.20,0.00,0.03,0,0
vda,1.80,0.00,0.01,0,0
vda,18.00,0.00,0.07,0,0
vda,0.00,0.00,0.00,0,0
vda,0.60,0.00,0.00,0,0
vda,3.00,0.00,0.01,0,0
vda,3.40,0.00,0.02,0,0
vda,17.80,0.00,0.07,0,0
vda,20.80,0.00,0.08,0,0
vda,2.60,0.00,0.01,0,0
vda,9.40,0.00,0.04,0,0
vda,10.00,0.00,0.04,0,0
vda,2.20,0.00,0.01,0,0
vda,1.00,0.00,0.00,0,0
vda,23.80,0.00,0.10,0,0
vda,1.60,0.00,0.01,0,0
vda,0.20,0.00,0.00,0,0
vda,30.20,0.00,0.12,0,0
vda,1.20,0.00,0.00,0,0
vda,40.60,0.00,0.16,0,0
vda,2.40,0.00,0.01,0,0
vda,1.20,0.00,0.00,0,0
vda,35.80,0.00,0.14,0,0
vda,5.20,0.00,0.02,0,0
vda,1.60,0.00,0.01,0,0
vda,38.60,0.00,0.15,0,0
vda,22.60,0.00,0.09,0,0
vda,3.20,0.00,0.01,0,0
vda,0.00,0.00,0.00,0,0
vda,37.40,0.00,0.15,0,0
vda,1.40,0.00,0.01,0,0
vda,0.80,0.00,0.00,0,0
vda,46.40,0.00,0.19,0,0
vda,1.60,0.00,0.01,0,0
vda,0.00,0.00,0.00,0,0
vda,44.80,0.00,0.18,0,0
vda,1.40,0.00,0.01,0,0
vda,0.60,0.00,0.00,0,0
vda,55.40,0.00,0.22,0,1
vda,1.40,0.00,0.01,0,0
vda,1.20,0.00,0.00,0,0
vda,38.40,0.00,0.16,0,0
vda,2.80,0.00,0.01,0,0
vda,2.60,0.00,0.01,0,0
vda,43.20,0.00,0.18,0,0
vda,1.60,0.00,0.01,0,0
vda,0.80,0.00,0.00,0,0
vda,38.20,0.00,0.15,0,0
vda,1.40,0.00,0.01,0,0
vda,0.60,0.00,0.00,0,0
vda,51.80,0.00,0.21,0,1
vda,6.20,0.00,0.02,0,0
vda,1.00,0.00,0.00,0,0
vda,45.40,0.00,0.18,0,0
vda,1.20,0.00,0.00,0,0
vda,0.00,0.00,0.00,0,0
vda,37.80,0.00,0.15,0,0
vda,1.40,0.00,0.01,0,0
vda,0.60,0.00,0.00,0,0
vda,37.60,0.00,0.15,0,0
vda,1.40,0.00,0.01,0,0
vda,17.00,0.00,0.07,0,0
vda,2.00,0.00,0.01,0,0
vda,54.00,0.00,0.22,0,1
vda,6.80,0.00,0.03,0,0
vda,2.20,0.00,0.01,0,0
vda,36.80,0.00,0.15,0,0
vda,1.40,0.00,0.01,0,0
vda,38.40,0.00,0.16,0,0
vda,1.40,0.00,0.01,0,0
vda,0.20,0.00,0.00,0,0
vda,46.60,0.00,0.19,0,0
vda,1.60,0.00,0.01,0,0
vda,25.40,0.00,0.10,0,0
vda,2.40,0.00,0.01,0,0
vda,42.20,0.00,0.17,0,0
vda,1.00,0.00,0.00,0,0
vda,2.20,0.00,0.01,0,0
vda,36.60,0.00,0.15,0,0
vda,0.80,0.00,0.00,0,0
vda,3.80,0.00,0.02,0,0
vda,45.00,0.00,0.18,0,0
vda,0.00,0.00,0.00,0,0
vda,3.40,0.00,0.01,0,0
vda,36.80,0.00,0.15,0,0
vda,0.40,0.00,0.00,0,0
vda,53.00,0.00,0.21,0,1
vda,3.20,0.00,0.01,0,0
vda,13.00,0.00,0.05,0,0
vda,35.00,0.00,0.14,0,0
vda,1.60,0.00,0.01,0,0
vda,0.00,0.00,0.00,0,0
vda,43.20,0.00,0.17,0,0
vda,2.40,0.00,0.01,0,0
vda,0.80,0.00,0.00,0,0
vda,1.40,0.00,0.01,0,0
vda,2.20,0.00,0.01,0,0
vda,0.00,0.00,0.00,0,0
vda,4.20,0.00,0.02,0,0
vda,20.60,0.00,0.08,0,0
vda,0.20,0.00,0.00,0,0
vda,36.20,0.00,0.14,0,0
vda,1.20,0.00,0.00,0,0
vda,0.20,0.00,0.00,0,0
vda,9.60,0.00,0.04,0,0
vda,38.00,0.00,0.15,0,0
vda,0.80,0.00,0.00,0,0
vda,37.60,0.00,0.15,0,0
vda,1.40,0.00,0.01,0,0
vda,1.80,0.00,0.01,0,0
vda,59.60,0.00,0.24,0,1
vda,29.34,0.00,0.11,0,0
vda,1.20,0.00,0.00,0,0
vda,38.20,0.00,0.15,0,0
vda,0.00,0.00,0.00,0,0
vda,0.60,0.00,0.00,0,0
vda,37.40,0.00,0.15,0,0
vda,1.40,0.00,0.01,0,0
vda,12.80,0.00,0.05,0,0
vda,26.20,0.00,0.11,0,0
vda,2.60,0.00,0.01,0,0
vda,32.60,0.00,0.14,0,0
vda,2.20,0.00,0.01,0,0
vda,1.20,0.00,0.00,0,0
vda,41.20,0.00,0.17,0,0
vda,1.80,0.00,0.01,0,0
vda,37.60,0.00,0.15,0,0
vda,0.60,0.00,0.00,0,0
vda,1.40,0.00,0.00,0,0
