16192076.0,66616.0,1152.0
16007429.6,103192.0,1739.2
15730460.0,158056.0,2620.0
14651237.6,342547.2,3021.6
13032404.0,619284.0,3624.0
13032404.0,619284.0,3624.0
12411213.6,810944.8,3646.4
11479428.0,1098436.0,3680.0
11479428.0,1098436.0,3680.0
10741292.0,1271658.6667,3701.3333333
9265020.0,1618104.0,3744.0
8900046.6667,1754850.6667,3768.0
8170100.0,2028344.0,3816.0
8170100.0,2028344.0,3816.0
7573601.3333,2050720.0,3834.6666667
6380604.0,2095472.0,3872.0
6380604.0,2095472.0,3872.0
6380604.0,2095472.0,3872.0
6380604.0,2095472.0,3872.0
6380604.0,2095472.0,3872.0
6380604.0,2095472.0,3872.0
6380604.0,2095472.0,3872.0
6380604.0,2095472.0,3872.0
6380604.0,2095472.0,3872.0
6380604.0,2095472.0,3872.0
6380604.0,2095472.0,3872.0
6380125.0667,2095494.4,3944.5333333
6378808.0,2095556.0,4144.0
6378808.0,2095556.0,4144.0
6378808.0,2095556.0,4144.0
6378808.0,2095556.0,4144.0
6378808.0,2095556.0,4144.0
6378808.0,2095556.0,4144.0
6378808.0,2095556.0,4144.0
6378808.0,2095556.0,4144.0
6378808.0,2095556.0,4144.0
6378808.0,2095556.0,4144.0
6378808.0,2095556.0,4144.0
6378310.4,2095756.0,4268.8
6377564.0,2096056.0,4456.0
6377564.0,2096056.0,4456.0
6375864.8,2096948.8,4676.8
6373316.0,2098288.0,5008.0
6373316.0,2098288.0,5008.0
6373316.0,2098288.0,5008.0
6373316.0,2098288.0,5008.0
6373316.0,2098288.0,5008.0
6373316.0,2098288.0,5008.0
6373316.0,2098288.0,5008.0
6373316.0,2098288.0,5008.0
6373316.0,2098288.0,5008.0
6373316.0,2098288.0,5008.0
6373316.0,2098288.0,5008.0
6373079.2,2098347.2,5107.2
6372724.0,2098436.0,5256.0
6372724.0,2098436.0,5256.0
6372724.0,2098436.0,5256.0
6372724.0,2098436.0,5256.0
6372724.0,2098436.0,5256.0
6372724.0,2098436.0,5256.0
6372724.0,2098436.0,5256.0
6372724.0,2098436.0,5256.0
6372724.0,2098436.0,5256.0
6372724.0,2098436.0,5256.0
6372724.0,2098436.0,5256.0
6372626.6667,2098445.3333,5352.0
6372432.0,2098464.0,5544.0
6372432.0,2098464.0,5544.0
6372432.0,2098464.0,5544.0
6372432.0,2098464.0,5544.0
6371926.6667,2098492.0,5584.0
6370916.0,2098548.0,5664.0
6370916.0,2098548.0,5664.0
6370916.0,2098548.0,5664.0
6370916.0,2098548.0,5664.0
6370916.0,2098548.0,5664.0
6370916.0,2098548.0,5664.0
6370916.0,2098548.0,5664.0
6370916.0,2098548.0,5664.0
6370916.0,2098548.0,5664.0
6370916.0,2098548.0,5664.0
6370916.0,2098548.0,5664.0
6371190.1333,2098559.7333,5728.0
6371944.0,2098592.0,5904.0
6371944.0,2098592.0,5904.0
6371944.0,2098592.0,5904.0
6371944.0,2098592.0,5904.0
6371944.0,2098592.0,5904.0
6371944.0,2098592.0,5904.0
6371944.0,2098592.0,5904.0
6371944.0,2098592.0,5904.0
6371944.0,2098592.0,5904.0
6371944.0,2098592.0,5904.0
6371944.0,2098592.0,5904.0
6371403.2,2098602.6667,5980.8
6369916.0,2098632.0,6192.0
6369916.0,2098632.0,6192.0
6369916.0,2098632.0,6192.0
6369916.0,2098632.0,6192.0
6369916.0,2098632.0,6192.0
6369916.0,2098632.0,6192.0
6369916.0,2098632.0,6192.0
6369916.0,2098632.0,6192.0
6369916.0,2098632.0,6192.0
6369916.0,2098632.0,6192.0
6369916.0,2098632.0,6192.0
6370044.0,2098662.6667,6277.3333333
6370300.0,2098724.0,6448.0
6370300.0,2098724.0,6448.0
6370300.0,2098724.0,6448.0
6370300.0,2098724.0,6448.0
6370300.0,2098724.0,6448.0
6370300.0,2098724.0,6448.0
6370300.0,2098724.0,6448.0
6370300.0,2098724.0,6448.0
6370300.0,2098724.0,6448.0
6370300.0,2098724.0,6448.0
6370300.0,2098724.0,6448.0
6370310.6667,2098780.0,6544.0
6370332.0,2098892.0,6736.0
6370332.0,2098892.0,6736.0
6370332.0,2098892.0,6736.0
6370332.0,2098892.0,6736.0
6370332.0,2098892.0,6736.0
6370332.0,2098892.0,6736.0
6370332.0,2098892.0,6736.0
6370332.0,2098892.0,6736.0
6370332.0,2098892.0,6736.0
6370332.0,2098892.0,6736.0
6370332.0,2098892.0,6736.0
6370101.6,2098900.0,6838.4
6369756.0,2098912.0,6992.0
6369756.0,2098912.0,6992.0
6369756.0,2098912.0,6992.0
6369756.0,2098912.0,6992.0
6369756.0,2098912.0,6992.0
6369756.0,2098912.0,6992.0
6369756.0,2098912.0,6992.0
6369756.0,2098912.0,6992.0
6369756.0,2098912.0,6992.0
6369756.0,2098912.0,6992.0
6369756.0,2098912.0,6992.0
6369796.5333,2098926.9333,7141.3333333
6369832.0,2098940.0,7272.0
6369832.0,2098940.0,7272.0
6369832.0,2098940.0,7272.0
6369832.0,2098940.0,7272.0
6369832.0,2098940.0,7272.0
6369832.0,2098940.0,7272.0
6369832.0,2098940.0,7272.0
6368819.2,2098947.2,7382.4
6368144.0,2098952.0,7456.0
6368144.0,2098952.0,7456.0
6369120.8,2098954.4,7494.4
6369772.0,2098956.0,7520.0
6369772.0,2098956.0,7520.0
6369772.0,2098956.0,7520.0
6369772.0,2098956.0,7520.0
6369772.0,2098956.0,7520.0
6369772.0,2098956.0,7520.0
6369772.0,2098956.0,7520.0
6369772.0,2098956.0,7520.0
6369772.0,2098956.0,7520.0
6369772.0,2098956.0,7520.0
6368372.8,2098968.0,7673.6
6367440.0,2098976.0,7776.0
6368505.6,2098976.0,7814.4
6369216.0,2098976.0,7840.0
6369216.0,2098976.0,7840.0
6369216.0,2098976.0,7840.0
6369216.0,2098976.0,7840.0
6369216.0,2098976.0,7840.0
6369216.0,2098976.0,7840.0
6369216.0,2098976.0,7840.0
6369216.0,2098976.0,7840.0
6369216.0,2098976.0,7840.0
6369216.0,2098976.0,7840.0
6369216.0,2098976.0,7840.0
6369015.4667,2098988.8,7993.6
6368840.0,2099000.0,8128.0
6368840.0,2099000.0,8128.0
6368840.0,2099000.0,8128.0
6368840.0,2099000.0,8128.0
6368840.0,2099000.0,8128.0
6368840.0,2099000.0,8128.0
6368840.0,2099000.0,8128.0
6368840.0,2099000.0,8128.0
6368840.0,2099000.0,8128.0
6368840.0,2099000.0,8128.0
6368840.0,2099000.0,8128.0
6368746.4,2099028.8,8300.8
6368684.0,2099048.0,8416.0
6368684.0,2099048.0,8416.0
6368684.0,2099048.0,8416.0
6368684.0,2099048.0,8416.0
6368684.0,2099048.0,8416.0
6368684.0,2099048.0,8416.0
6368684.0,2099048.0,8416.0
6368684.0,2099048.0,8416.0
6368684.0,2099048.0,8416.0
6368684.0,2099048.0,8416.0
6366892.0,2100061.3333,9930.6666667
6365996.0,2100568.0,10688.0
6365996.0,2100568.0,10688.0
6365996.0,2100568.0,10688.0
6365996.0,2100568.0,10688.0
6365996.0,2100568.0,10688.0
6365996.0,2100568.0,10688.0
6365996.0,2100568.0,10688.0
6365996.0,2100568.0,10688.0
6365996.0,2100568.0,10688.0
6365996.0,2100568.0,10688.0
6365996.0,2100568.0,10688.0
6365639.7333,2100610.6667,10820.266667
6365328.0,2100648.0,10936.0
6365328.0,2100648.0,10936.0
6365328.0,2100648.0,10936.0
6365328.0,2100648.0,10936.0
6365328.0,2100648.0,10936.0
6365328.0,2100648.0,10936.0
6365328.0,2100648.0,10936.0
6365328.0,2100648.0,10936.0
6365328.0,2100648.0,10936.0
6365328.0,2100648.0,10936.0
6365328.0,2100648.0,10936.0
6364553.6,2100733.3333,11098.133333
6363876.0,2100808.0,11240.0
6363876.0,2100808.0,11240.0
6363876.0,2100808.0,11240.0
6363876.0,2100808.0,11240.0
6363876.0,2100808.0,11240.0
6363876.0,2100808.0,11240.0
6363876.0,2100808.0,11240.0
6363876.0,2100808.0,11240.0
6363876.0,2100808.0,11240.0
6363876.0,2100808.0,11240.0
6363876.0,2100808.0,11240.0
6363617.3333,2100829.3333,11416.0
6363488.0,2100840.0,11504.0
6363488.0,2100840.0,11504.0
6363488.0,2100840.0,11504.0
6363488.0,2100840.0,11504.0
6363488.0,2100840.0,11504.0
6363488.0,2100840.0,11504.0
6363488.0,2100840.0,11504.0
6363488.0,2100840.0,11504.0
6363488.0,2100840.0,11504.0
6363488.0,2100840.0,11504.0
6363488.0,2100840.0,11504.0
6363891.2,2100861.6,11696.0
6364160.0,2100876.0,11824.0
6364160.0,2100876.0,11824.0
6363058.4,2100878.4,11857.6
6362324.0,2100880.0,11880.0
6363143.2,2100884.2667,11914.133333
6363860.0,2100888.0,11944.0
6363860.0,2100888.0,11944.0
6363860.0,2100888.0,11944.0
6363860.0,2100888.0,11944.0
6363860.0,2100888.0,11944.0
6363860.0,2100888.0,11944.0
6363860.0,2100888.0,11944.0
6363860.0,2100888.0,11944.0
6363860.0,2100888.0,11944.0
6363860.0,2100888.0,11944.0
6363860.0,2100888.0,11944.0
6363794.4,2100904.0,12046.4
6363696.0,2100928.0,12200.0
6363696.0,2100928.0,12200.0
6363696.0,2100928.0,12200.0
6363696.0,2100928.0,12200.0
6363696.0,2100928.0,12200.0
6363696.0,2100928.0,12200.0
6363696.0,2100928.0,12200.0
6363696.0,2100928.0,12200.0
6363696.0,2100928.0,12200.0
6363696.0,2100928.0,12200.0
6363696.0,2100928.0,12200.0
6363478.6667,2100969.3333,12304.0
6363044.0,2101052.0,12512.0
6363044.0,2101052.0,12512.0
6363044.0,2101052.0,12512.0
6363044.0,2101052.0,12512.0
6363044.0,2101052.0,12512.0
6363044.0,2101052.0,12512.0
6363044.0,2101052.0,12512.0
6363044.0,2101052.0,12512.0
6363044.0,2101052.0,12512.0
6363044.0,2101052.0,12512.0
6363044.0,2101052.0,12512.0
6362941.6,2101063.2,12611.2
6362788.0,2101080.0,12760.0
6362788.0,2101080.0,12760.0
6362788.0,2101080.0,12760.0
6362788.0,2101080.0,12760.0
6362788.0,2101080.0,12760.0
6362788.0,2101080.0,12760.0
6362788.0,2101080.0,12760.0
6362788.0,2101080.0,12760.0
6362788.0,2101080.0,12760.0
6362788.0,2101080.0,12760.0
6362788.0,2101080.0,12760.0
6362340.0,2101091.2,12913.066667
6361828.0,2101104.0,13088.0
6361828.0,2101104.0,13088.0
6361191.4667,2101109.6,13114.133333
6360464.0,2101116.0,13144.0
6360464.0,2101116.0,13144.0
6361143.4667,2101116.0,13173.866667
6361920.0,2101116.0,13208.0
6361920.0,2101116.0,13208.0
6361920.0,2101116.0,13208.0
6361920.0,2101116.0,13208.0
6361920.0,2101116.0,13208.0
6361920.0,2101116.0,13208.0
6361920.0,2101116.0,13208.0
6361920.0,2101116.0,13208.0
6361920.0,2101116.0,13208.0
6361920.0,2101116.0,13208.0
6361650.1333,2101153.3333,13276.266667
6360908.0,2101256.0,13464.0
6360908.0,2101256.0,13464.0
6360908.0,2101256.0,13464.0
6360908.0,2101256.0,13464.0
6360908.0,2101256.0,13464.0
6360908.0,2101256.0,13464.0
6360908.0,2101256.0,13464.0
6360908.0,2101256.0,13464.0
6360908.0,2101256.0,13464.0
6360908.0,2101256.0,13464.0
6360908.0,2101256.0,13464.0
6360908.0,2101256.0,13464.0
6361486.6667,2101282.1333,13609.6
6362148.0,2101312.0,13776.0
6361138.1333,2101313.8667,13805.866667
6359984.0,2101316.0,13840.0
6359984.0,2101316.0,13840.0
6360819.2,2101320.8,13878.4
6361376.0,2101324.0,13904.0
6361376.0,2101324.0,13904.0
6361376.0,2101324.0,13904.0
6361376.0,2101324.0,13904.0
6361376.0,2101324.0,13904.0
6361376.0,2101324.0,13904.0
6361376.0,2101324.0,13904.0
6361376.0,2101324.0,13904.0
6361376.0,2101324.0,13904.0
6361376.0,2101324.0,13904.0
6361376.0,2101324.0,13904.0
6361248.0,2101342.6667,14080.0
6361184.0,2101352.0,14168.0
6361184.0,2101352.0,14168.0
6361184.0,2101352.0,14168.0
6361184.0,2101352.0,14168.0
6361184.0,2101352.0,14168.0
6361184.0,2101352.0,14168.0
6361184.0,2101352.0,14168.0
6361184.0,2101352.0,14168.0
6361184.0,2101352.0,14168.0
6361184.0,2101352.0,14168.0
6361184.0,2101352.0,14168.0
6360778.6667,2101378.6667,14352.0
6360576.0,2101392.0,14444.0
6360576.0,2101392.0,14444.0
6360576.0,2101392.0,14444.0
6360576.0,2101392.0,14444.0
6360576.0,2101392.0,14444.0
6360576.0,2101392.0,14444.0
6360576.0,2101392.0,14444.0
6360576.0,2101392.0,14444.0
6360576.0,2101392.0,14444.0
6360576.0,2101392.0,14444.0
6360576.0,2101392.0,14444.0
6360067.2,2101444.8,14588.0
6359728.0,2101480.0,14684.0
6359728.0,2101480.0,14684.0
6359728.0,2101480.0,14684.0
6359728.0,2101480.0,14684.0
6359728.0,2101480.0,14684.0
6359728.0,2101480.0,14684.0
6359728.0,2101480.0,14684.0
6359728.0,2101480.0,14684.0
6359728.0,2101480.0,14684.0
6359728.0,2101480.0,14684.0
6359728.0,2101480.0,14684.0
6359373.3333,2101536.0,14897.333333
6359196.0,2101564.0,15004.0
6359196.0,2101564.0,15004.0
6359196.0,2101564.0,15004.0
6359196.0,2101564.0,15004.0
6359196.0,2101564.0,15004.0
6359196.0,2101564.0,15004.0
6359196.0,2101564.0,15004.0
6359196.0,2101564.0,15004.0
6359196.0,2101564.0,15004.0
6359196.0,2101564.0,15004.0
6359196.0,2101564.0,15004.0
6359178.4,2101578.4,15100.0
6358412.8,2101600.0,15273.866667
6357568.0,2101600.0,15308.0
6357568.0,2101600.0,15308.0
6357568.0,2101600.0,15308.0
6357568.0,2101600.0,15308.0
6357568.0,2101600.0,15308.0
6358133.3333,2101602.1333,15376.266667
6358628.0,2101604.0,15436.0
6358628.0,2101604.0,15436.0
6358628.0,2101604.0,15436.0
6358628.0,2101604.0,15436.0
6358628.0,2101604.0,15436.0
6358628.0,2101604.0,15436.0
6358628.0,2101604.0,15436.0
6358628.0,2101604.0,15436.0
6358628.0,2101604.0,15436.0
6358628.0,2101604.0,15436.0
6357428.0,2101686.6667,15612.0
6356828.0,2101728.0,15700.0
6357665.6,2101768.8,15738.4
6358224.0,2101796.0,15764.0
6358224.0,2101796.0,15764.0
6358224.0,2101796.0,15764.0
6358224.0,2101796.0,15764.0
6358224.0,2101796.0,15764.0
6358224.0,2101796.0,15764.0
6358224.0,2101796.0,15764.0
6358224.0,2101796.0,15764.0
6358224.0,2101796.0,15764.0
6358224.0,2101796.0,15764.0
6358224.0,2101796.0,15764.0
6357883.2,2101810.4,15917.6
6357656.0,2101820.0,16020.0
6357656.0,2101820.0,16020.0
6357656.0,2101820.0,16020.0
6357656.0,2101820.0,16020.0
6357656.0,2101820.0,16020.0
6357656.0,2101820.0,16020.0
6357656.0,2101820.0,16020.0
6357656.0,2101820.0,16020.0
6357656.0,2101820.0,16020.0
6357656.0,2101820.0,16020.0
6357656.0,2101820.0,16020.0
6356264.0,2101836.8,16212.0
6355336.0,2101848.0,16340.0
6355336.0,2101848.0,16340.0
6356632.0,2101850.4,16378.4
6357496.0,2101852.0,16404.0
6357496.0,2101852.0,16404.0
6357496.0,2101852.0,16404.0
6357496.0,2101852.0,16404.0
6357496.0,2101852.0,16404.0
6357496.0,2101852.0,16404.0
6357496.0,2101852.0,16404.0
6357496.0,2101852.0,16404.0
6357496.0,2101852.0,16404.0
6357496.0,2101852.0,16404.0
6357496.0,2101852.0,16404.0
6357256.0,2101979.2,16552.8
6357096.0,2102064.0,16652.0
6357096.0,2102064.0,16652.0
6357096.0,2102064.0,16652.0
6357096.0,2102064.0,16652.0
6357096.0,2102064.0,16652.0
6357096.0,2102064.0,16652.0
6357096.0,2102064.0,16652.0
6357096.0,2102064.0,16652.0
6357096.0,2102064.0,16652.0
6357096.0,2102064.0,16652.0
6357096.0,2102064.0,16652.0
6356911.2,2102081.6,16886.666667
6356844.0,2102088.0,16972.0
6356844.0,2102088.0,16972.0
6356844.0,2102088.0,16972.0
6356844.0,2102088.0,16972.0
6356844.0,2102088.0,16972.0
6356844.0,2102088.0,16972.0
6356844.0,2102088.0,16972.0
6356844.0,2102088.0,16972.0
6356844.0,2102088.0,16972.0
6356844.0,2102088.0,16972.0
6356844.0,2102088.0,16972.0
6356582.6667,2102106.6667,17196.0
6356564.0,2102108.0,17212.0
6356564.0,2102108.0,17212.0
6356564.0,2102108.0,17212.0
6356564.0,2102108.0,17212.0
6356564.0,2102108.0,17212.0
6356564.0,2102108.0,17212.0
6356564.0,2102108.0,17212.0
6356564.0,2102108.0,17212.0
6356564.0,2102108.0,17212.0
6356564.0,2102108.0,17212.0
6356564.0,2102108.0,17212.0
6356390.6667,2102128.8,17489.333333
6356364.0,2102132.0,17532.0
6356364.0,2102132.0,17532.0
6356364.0,2102132.0,17532.0
6356364.0,2102132.0,17532.0
6356364.0,2102132.0,17532.0
6356364.0,2102132.0,17532.0
6356364.0,2102132.0,17532.0
6356364.0,2102132.0,17532.0
6356364.0,2102132.0,17532.0
6356364.0,2102132.0,17532.0
6356364.0,2102132.0,17532.0
6355816.8,2102144.8,17708.0
6355680.0,2102148.0,17752.0
6355680.0,2102148.0,17752.0
6355680.0,2102148.0,17752.0
6355680.0,2102148.0,17752.0
6355680.0,2102148.0,17752.0
6355680.0,2102148.0,17752.0
6355680.0,2102148.0,17752.0
6355680.0,2102148.0,17752.0
6355680.0,2102148.0,17752.0
6355680.0,2102148.0,17752.0
6355680.0,2102148.0,17752.0
6355267.2,2102186.4,18014.4
6355164.0,2102196.0,18080.0
6355164.0,2102196.0,18080.0
6355164.0,2102196.0,18080.0
6355164.0,2102196.0,18080.0
6355164.0,2102196.0,18080.0
6355164.0,2102196.0,18080.0
6355164.0,2102196.0,18080.0
6355164.0,2102196.0,18080.0
6355164.0,2102196.0,18080.0
6355164.0,2102196.0,18080.0
6355164.0,2102196.0,18080.0
6354469.6,2102247.2,18291.2
6354296.0,2102260.0,18344.0
6354296.0,2102260.0,18344.0
6354296.0,2102260.0,18344.0
6354296.0,2102260.0,18344.0
6354296.0,2102260.0,18344.0
6354296.0,2102260.0,18344.0
6354296.0,2102260.0,18344.0
6354296.0,2102260.0,18344.0
6355025.6,2102276.0,18548.8
6355208.0,2102280.0,18600.0
6355208.0,2102280.0,18600.0
6354289.6,2102283.2,18644.8
6354060.0,2102284.0,18656.0
6354060.0,2102284.0,18656.0
6354060.0,2102284.0,18656.0
6354060.0,2102284.0,18656.0
6354060.0,2102284.0,18656.0
6354060.0,2102284.0,18656.0
6354060.0,2102284.0,18656.0
6354060.0,2102284.0,18656.0
6354060.0,2102284.0,18656.0
6354060.0,2102284.0,18656.0
6354060.0,2102284.0,18656.0
6354063.4667,2102408.8,18877.866667
6354064.0,2102428.0,18912.0
6354064.0,2102428.0,18912.0
6354064.0,2102428.0,18912.0
6354064.0,2102428.0,18912.0
6354064.0,2102428.0,18912.0
6354064.0,2102428.0,18912.0
6354064.0,2102428.0,18912.0
6354064.0,2102428.0,18912.0
6354064.0,2102428.0,18912.0
6354064.0,2102428.0,18912.0
6354064.0,2102428.0,18912.0
6354004.0,2102452.0,19232.0
6354004.0,2102452.0,19232.0
6354004.0,2102452.0,19232.0
6354004.0,2102452.0,19232.0
6354004.0,2102452.0,19232.0
6354004.0,2102452.0,19232.0
6354004.0,2102452.0,19232.0
6354004.0,2102452.0,19232.0
6354004.0,2102452.0,19232.0
6354004.0,2102452.0,19232.0
6354004.0,2102452.0,19232.0
6353767.2,2102469.0667,19364.266667
6353767.2,2102469.0667,19364.266667
6353560.0,2102484.0,19480.0
6353560.0,2102484.0,19480.0
6353560.0,2102484.0,19480.0
6353560.0,2102484.0,19480.0
6353560.0,2102484.0,19480.0
6353560.0,2102484.0,19480.0
6353560.0,2102484.0,19480.0
6353560.0,2102484.0,19480.0
6353560.0,2102484.0,19480.0
6353560.0,2102484.0,19480.0
6353560.0,2102484.0,19480.0
6352036.0,2102532.0,19792.0
6352036.0,2102532.0,19792.0
6352036.0,2102532.0,19792.0
6352036.0,2102532.0,19792.0
6352036.0,2102532.0,19792.0
6352036.0,2102532.0,19792.0
6352036.0,2102532.0,19792.0
6352036.0,2102532.0,19792.0
6352036.0,2102532.0,19792.0
6352036.0,2102532.0,19792.0
6352036.0,2102532.0,19792.0
6352036.0,2102532.0,19792.0
6352472.8,2102554.4,20030.933333
6352504.0,2102556.0,20048.0
6352504.0,2102556.0,20048.0
6352504.0,2102556.0,20048.0
6352504.0,2102556.0,20048.0
6352504.0,2102556.0,20048.0
6352504.0,2102556.0,20048.0
6352504.0,2102556.0,20048.0
6352504.0,2102556.0,20048.0
6352504.0,2102556.0,20048.0
6352504.0,2102556.0,20048.0
6352504.0,2102556.0,20048.0
6352892.2667,2102608.2667,20294.4
6352920.0,2102612.0,20312.0
6352920.0,2102612.0,20312.0
6352920.0,2102612.0,20312.0
6352920.0,2102612.0,20312.0
6352920.0,2102612.0,20312.0
6352920.0,2102612.0,20312.0
6352920.0,2102612.0,20312.0
6352920.0,2102612.0,20312.0
6352920.0,2102612.0,20312.0
6352920.0,2102612.0,20312.0
6352286.4,2102632.5333,20493.866667
6352056.0,2102640.0,20560.0
6352056.0,2102640.0,20560.0
6352056.0,2102640.0,20560.0
6352056.0,2102640.0,20560.0
6352056.0,2102640.0,20560.0
6352056.0,2102640.0,20560.0
6352056.0,2102640.0,20560.0
6352056.0,2102640.0,20560.0
6352056.0,2102640.0,20560.0
6352056.0,2102640.0,20560.0
6352056.0,2102640.0,20560.0
6352648.5333,2102645.8667,20730.133333
6352864.0,2102648.0,20792.0
6352864.0,2102648.0,20792.0
6352864.0,2102648.0,20792.0
6352864.0,2102648.0,20792.0
6352864.0,2102648.0,20792.0
6352864.0,2102648.0,20792.0
6352864.0,2102648.0,20792.0
6352864.0,2102648.0,20792.0
6352864.0,2102648.0,20792.0
6352864.0,2102648.0,20792.0
6352864.0,2102648.0,20792.0
6352109.3333,2102669.3333,21000.0
6351732.0,2102680.0,21104.0
6351732.0,2102680.0,21104.0
6351732.0,2102680.0,21104.0
6351732.0,2102680.0,21104.0
6351957.6,2102692.0,21161.6
6352108.0,2102700.0,21200.0
6352108.0,2102700.0,21200.0
6352108.0,2102700.0,21200.0
6352108.0,2102700.0,21200.0
6352108.0,2102700.0,21200.0
6352108.0,2102700.0,21200.0
6352108.0,2102700.0,21200.0
6352108.0,2102700.0,21200.0
6352108.0,2102700.0,21200.0
6352108.0,2102700.0,21200.0
6352108.0,2102700.0,21200.0
6351491.2,2102707.2,21334.4
6351080.0,2102712.0,21424.0
6351080.0,2102712.0,21424.0
6351080.0,2102712.0,21424.0
6351080.0,2102712.0,21424.0
6351080.0,2102712.0,21424.0
6351080.0,2102712.0,21424.0
6351080.0,2102712.0,21424.0
6351080.0,2102712.0,21424.0
6351080.0,2102712.0,21424.0
6351080.0,2102712.0,21424.0
6351080.0,2102712.0,21424.0
6350949.3333,2102726.9333,21562.133333
6350800.0,2102744.0,21720.0
6350800.0,2102744.0,21720.0
6350800.0,2102744.0,21720.0
6350800.0,2102744.0,21720.0
6350800.0,2102744.0,21720.0
6350800.0,2102744.0,21720.0
6350800.0,2102744.0,21720.0
6350800.0,2102744.0,21720.0
6350800.0,2102744.0,21720.0
6350800.0,2102744.0,21720.0
6350800.0,2102744.0,21720.0
6350725.3333,2102753.3333,21832.0
6350640.0,2102764.0,21960.0
6350640.0,2102764.0,21960.0
6350640.0,2102764.0,21960.0
6350640.0,2102764.0,21960.0
6350640.0,2102764.0,21960.0
6350640.0,2102764.0,21960.0
6350640.0,2102764.0,21960.0
6350640.0,2102764.0,21960.0
6350640.0,2102764.0,21960.0
6350640.0,2102764.0,21960.0
6350640.0,2102764.0,21960.0
6350475.7333,2102778.9333,22094.4
6350332.0,2102792.0,22212.0
6350332.0,2102792.0,22212.0
6350332.0,2102792.0,22212.0
6350332.0,2102792.0,22212.0
6350332.0,2102792.0,22212.0
6350332.0,2102792.0,22212.0
6350332.0,2102792.0,22212.0
6350332.0,2102792.0,22212.0
6350332.0,2102792.0,22212.0
6350332.0,2102792.0,22212.0
6350332.0,2102792.0,22212.0
6349367.7333,2102811.2,22301.6
6349437.0667,2102828.0,22409.866667
6350236.0,2102828.0,22436.0
6350236.0,2102828.0,22436.0
6350236.0,2102828.0,22436.0
6350236.0,2102828.0,22436.0
6350236.0,2102828.0,22436.0
6350236.0,2102828.0,22436.0
6350236.0,2102828.0,22436.0
6350236.0,2102828.0,22436.0
6350236.0,2102828.0,22436.0
6350236.0,2102828.0,22436.0
6350236.0,2102828.0,22436.0
6349794.4,2102840.8,22540.533333
6349408.0,2102852.0,22632.0
6349408.0,2102852.0,22632.0
6349408.0,2102852.0,22632.0
6349408.0,2102852.0,22632.0
6349408.0,2102852.0,22632.0
6349408.0,2102852.0,22632.0
6349408.0,2102852.0,22632.0
6349408.0,2102852.0,22632.0
6349408.0,2102852.0,22632.0
6349408.0,2102852.0,22632.0
6349408.0,2102852.0,22632.0
6349247.4667,2102865.0667,22736.533333
6349064.0,2102880.0,22856.0
6349064.0,2102880.0,22856.0
6349064.0,2102880.0,22856.0
6349064.0,2102880.0,22856.0
6349064.0,2102880.0,22856.0
6349064.0,2102880.0,22856.0
6349064.0,2102880.0,22856.0
6349064.0,2102880.0,22856.0
6349064.0,2102880.0,22856.0
6349064.0,2102880.0,22856.0
6349064.0,2102880.0,22856.0
6350032.5333,2102886.4,22943.466667
6350880.0,2102892.0,23020.0
6350880.0,2102892.0,23020.0
6350880.0,2102892.0,23020.0
6350880.0,2102892.0,23020.0
6350880.0,2102892.0,23020.0
6350880.0,2102892.0,23020.0
6350233.6,2102906.9333,23088.266667
6349668.0,2102920.0,23148.0
6349668.0,2102920.0,23148.0
6349668.0,2102920.0,23148.0
6349668.0,2102920.0,23148.0
6348545.8667,2102975.4667,23188.533333
6347564.0,2103024.0,23224.0
6347564.0,2103024.0,23224.0
6348359.2,2103024.0,23244.533333
6349268.0,2103024.0,23268.0
6349268.0,2103024.0,23268.0
6349268.0,2103024.0,23268.0
6349268.0,2103024.0,23268.0
6349268.0,2103024.0,23268.0
6349268.0,2103024.0,23268.0
6349268.0,2103024.0,23268.0
6349268.0,2103024.0,23268.0
6349268.0,2103024.0,23268.0
6349268.0,2103024.0,23268.0
6348340.2667,2103033.3333,23357.6
6347280.0,2103044.0,23460.0
6348144.0,2103101.6,23479.2
6349440.0,2103188.0,23508.0
6349440.0,2103188.0,23508.0
6349440.0,2103188.0,23508.0
6349440.0,2103188.0,23508.0
6349440.0,2103188.0,23508.0
6349440.0,2103188.0,23508.0
6349440.0,2103188.0,23508.0
6349440.0,2103188.0,23508.0
6349440.0,2103188.0,23508.0
6349440.0,2103188.0,23508.0
6349440.0,2103188.0,23508.0
6349222.6667,2103193.3333,23570.666667
6348788.0,2103204.0,23696.0
6348788.0,2103204.0,23696.0
6348788.0,2103204.0,23696.0
6348788.0,2103204.0,23696.0
6348788.0,2103204.0,23696.0
6348788.0,2103204.0,23696.0
6348788.0,2103204.0,23696.0
6348788.0,2103204.0,23696.0
6348788.0,2103204.0,23696.0
6348788.0,2103204.0,23696.0
6348788.0,2103204.0,23696.0
6348699.4667,2103207.2,23721.066667
6348124.0,2103228.0,23884.0
6348124.0,2103228.0,23884.0
6348124.0,2103228.0,23884.0
6348124.0,2103228.0,23884.0
6348124.0,2103228.0,23884.0
6348124.0,2103228.0,23884.0
6348124.0,2103228.0,23884.0
6348124.0,2103228.0,23884.0
6348124.0,2103228.0,23884.0
6348124.0,2103228.0,23884.0
6348124.0,2103228.0,23884.0
6348142.6667,2103231.7333,23908.0
6348264.0,2103256.0,24064.0
6348264.0,2103256.0,24064.0
6348264.0,2103256.0,24064.0
6348264.0,2103256.0,24064.0
6348264.0,2103256.0,24064.0
6348264.0,2103256.0,24064.0
6348264.0,2103256.0,24064.0
6348264.0,2103256.0,24064.0
6348264.0,2103256.0,24064.0
6348264.0,2103256.0,24064.0
6348264.0,2103256.0,24064.0
6348264.0,2103256.0,24064.0
6347724.0,2103276.0,24312.0
6347724.0,2103276.0,24312.0
6347724.0,2103276.0,24312.0
6347724.0,2103276.0,24312.0
6347724.0,2103276.0,24312.0
6347724.0,2103276.0,24312.0
6347724.0,2103276.0,24312.0
6347724.0,2103276.0,24312.0
6347724.0,2103276.0,24312.0
6347724.0,2103276.0,24312.0
6347724.0,2103276.0,24312.0
6347719.7333,2103277.3333,24321.6
6364492.5333,2103296.0,24464.0
6473904.0,2103296.0,24516.0
6473904.0,2103296.0,24516.0
6531332.2667,2103298.1333,24521.333333
6904616.0,2103312.0,24556.0
6904616.0,2103312.0,24556.0
6904616.0,2103312.0,24556.0
6904616.0,2103312.0,24556.0
6904616.0,2103312.0,24556.0
6904616.0,2103312.0,24556.0
6904616.0,2103312.0,24556.0
6904616.0,2103312.0,24556.0
6904616.0,2103312.0,24556.0
6904616.0,2103312.0,24556.0
6904616.0,2103312.0,24556.0
6904646.1333,2103313.6,24567.466667
6905068.0,2103336.0,24728.0
6905068.0,2103336.0,24728.0
6905068.0,2103336.0,24728.0
6905068.0,2103336.0,24728.0
6905068.0,2103336.0,24728.0
6905068.0,2103336.0,24728.0
6905068.0,2103336.0,24728.0
6905068.0,2103336.0,24728.0
6905068.0,2103336.0,24728.0
6905068.0,2103336.0,24728.0
6905068.0,2103336.0,24728.0
6905102.1333,2103338.4,24741.866667
6905580.0,2103372.0,24936.0
6905580.0,2103372.0,24936.0
6905580.0,2103372.0,24936.0
6905580.0,2103372.0,24936.0
6905580.0,2103372.0,24936.0
6905580.0,2103372.0,24936.0
6905580.0,2103372.0,24936.0
6905580.0,2103372.0,24936.0
6905580.0,2103372.0,24936.0
6905580.0,2103372.0,24936.0
6905580.0,2103372.0,24936.0
6905579.2,2103377.6,24977.6
6905576.0,2103400.0,25144.0
6905576.0,2103400.0,25144.0
6905576.0,2103400.0,25144.0
6905576.0,2103400.0,25144.0
6905576.0,2103400.0,25144.0
6905576.0,2103400.0,25144.0
6905576.0,2103400.0,25144.0
6905576.0,2103400.0,25144.0
6905576.0,2103400.0,25144.0
6905576.0,2103400.0,25144.0
6905576.0,2103400.0,25144.0
6905534.6667,2103408.0,25233.333333
6905452.0,2103424.0,25412.0
6905452.0,2103424.0,25412.0
6905452.0,2103424.0,25412.0
6905452.0,2103424.0,25412.0
6905452.0,2103424.0,25412.0
6905452.0,2103424.0,25412.0
6905452.0,2103424.0,25412.0
6905452.0,2103424.0,25412.0
6905452.0,2103424.0,25412.0
6905452.0,2103424.0,25412.0
6905452.0,2103424.0,25412.0
6905402.9333,2103429.3333,25466.4
6905268.0,2103444.0,25616.0
6905268.0,2103444.0,25616.0
6905268.0,2103444.0,25616.0
6905268.0,2103444.0,25616.0
6905268.0,2103444.0,25616.0
6905268.0,2103444.0,25616.0
6905160.2667,2103448.2667,25659.733333
6904864.0,2103460.0,25780.0
6904864.0,2103460.0,25780.0
6904864.0,2103460.0,25780.0
6904864.0,2103460.0,25780.0
6904864.0,2103460.0,25780.0
6904864.0,2103460.0,25780.0
6904864.0,2103460.0,25780.0
6904864.0,2103460.0,25780.0
6904864.0,2103460.0,25780.0
6904864.0,2103460.0,25780.0
6904864.0,2103460.0,25780.0
6904678.4,2103466.4,25848.8
6904400.0,2103476.0,25952.0
6904400.0,2103476.0,25952.0
6904400.0,2103476.0,25952.0
6904400.0,2103476.0,25952.0
6904400.0,2103476.0,25952.0
6904400.0,2103476.0,25952.0
6903134.9333,2103508.0,26028.8
6902028.0,2103536.0,26096.0
6902028.0,2103536.0,26096.0
6902785.8667,2103537.8667,26122.133333
6903652.0,2103540.0,26152.0
6903652.0,2103540.0,26152.0
6903652.0,2103540.0,26152.0
6903652.0,2103540.0,26152.0
6903652.0,2103540.0,26152.0
6903652.0,2103540.0,26152.0
6903652.0,2103540.0,26152.0
6903652.0,2103540.0,26152.0
6903652.0,2103540.0,26152.0
6903652.0,2103540.0,26152.0
6903652.0,2103540.0,26152.0
6902822.1333,2103550.6667,26256.533333
6902661.3333,2103560.0,26371.466667
6903156.0,2103560.0,26392.0
6903156.0,2103560.0,26392.0
6903156.0,2103560.0,26392.0
6903156.0,2103560.0,26392.0
6903156.0,2103560.0,26392.0
6903156.0,2103560.0,26392.0
6903156.0,2103560.0,26392.0
6903156.0,2103560.0,26392.0
6903156.0,2103560.0,26392.0
6903156.0,2103560.0,26392.0
6903156.0,2103560.0,26392.0
6903427.2,2103579.2,26473.6
6903608.0,2103592.0,26528.0
6903608.0,2103592.0,26528.0
6903608.0,2103592.0,26528.0
6903123.2,2103599.2,26578.4
6902800.0,2103604.0,26612.0
6902800.0,2103604.0,26612.0
6902800.0,2103604.0,26612.0
6902800.0,2103604.0,26612.0
6902800.0,2103604.0,26612.0
6902800.0,2103604.0,26612.0
6902800.0,2103604.0,26612.0
6902800.0,2103604.0,26612.0
6902800.0,2103604.0,26612.0
6902800.0,2103604.0,26612.0
6902800.0,2103604.0,26612.0
6902890.6667,2103633.3333,26742.666667
6902936.0,2103648.0,26808.0
6902936.0,2103648.0,26808.0
6902936.0,2103648.0,26808.0
6902936.0,2103648.0,26808.0
6902936.0,2103648.0,26808.0
6902936.0,2103648.0,26808.0
6903888.0,2103653.3333,26901.333333
6904364.0,2103656.0,26948.0
6904364.0,2103656.0,26948.0
6904364.0,2103656.0,26948.0
6904364.0,2103656.0,26948.0
6903289.3333,2103653.3333,27009.333333
6902752.0,2103652.0,27040.0
6902752.0,2103652.0,27040.0
6902752.0,2103652.0,27040.0
6902752.0,2103652.0,27040.0
6902752.0,2103652.0,27040.0
6902752.0,2103652.0,27040.0
6902752.0,2103652.0,27040.0
6902752.0,2103652.0,27040.0
6902752.0,2103652.0,27040.0
6902752.0,2103652.0,27040.0
6902752.0,2103652.0,27040.0
6902584.0,2103666.4,27152.8
6901651.2,2103676.0,27256.8
6901104.0,2103676.0,27276.0
6901104.0,2103676.0,27276.0
6901104.0,2103676.0,27276.0
6901104.0,2103676.0,27276.0
6901104.0,2103676.0,27276.0
6901104.0,2103676.0,27276.0
6901104.0,2103676.0,27276.0
6901104.0,2103676.0,27276.0
6901104.0,2103676.0,27276.0
6901104.0,2103676.0,27276.0
6901104.0,2103676.0,27276.0
6901104.0,2103676.0,27276.0
6901822.6667,2103705.3333,27413.866667
6902084.0,2103716.0,27464.0
6902084.0,2103716.0,27464.0
6902084.0,2103716.0,27464.0
6902084.0,2103716.0,27464.0
6902084.0,2103716.0,27464.0
6902084.0,2103716.0,27464.0
6902084.0,2103716.0,27464.0
6902084.0,2103716.0,27464.0
6902084.0,2103716.0,27464.0
6902084.0,2103716.0,27464.0
6902026.4,2103814.4,27588.8
6901988.0,2103880.0,27672.0
6901988.0,2103880.0,27672.0
6901988.0,2103880.0,27672.0
6901988.0,2103880.0,27672.0
6901988.0,2103880.0,27672.0
6901988.0,2103880.0,27672.0
6901988.0,2103880.0,27672.0
6901988.0,2103880.0,27672.0
6901988.0,2103880.0,27672.0
6901988.0,2103880.0,27672.0
6901988.0,2103880.0,27672.0
6901764.8,2103904.0,27787.2
6901616.0,2103920.0,27864.0
6901616.0,2103920.0,27864.0
6901616.0,2103920.0,27864.0
6901616.0,2103920.0,27864.0
6901616.0,2103920.0,27864.0
6901616.0,2103920.0,27864.0
6901616.0,2103920.0,27864.0
6901616.0,2103920.0,27864.0
6901616.0,2103920.0,27864.0
6901616.0,2103920.0,27864.0
6901616.0,2103920.0,27864.0
6901616.0,2103920.0,27864.0
7301992.0,2103936.0,28040.0
7502180.0,2103944.0,28128.0
7502180.0,2103944.0,28128.0
7502180.0,2103944.0,28128.0
7502180.0,2103944.0,28128.0
7502180.0,2103944.0,28128.0
7502180.0,2103944.0,28128.0
7502180.0,2103944.0,28128.0
7502180.0,2103944.0,28128.0
7502180.0,2103944.0,28128.0
7502180.0,2103944.0,28128.0
7502180.0,2103944.0,28128.0
7502136.0,2103955.7333,28283.466667
7502120.0,2103960.0,28340.0
7502120.0,2103960.0,28340.0
7502120.0,2103960.0,28340.0
7502120.0,2103960.0,28340.0
7502120.0,2103960.0,28340.0
7502120.0,2103960.0,28340.0
7502120.0,2103960.0,28340.0
7502120.0,2103960.0,28340.0
7502120.0,2103960.0,28340.0
7502120.0,2103960.0,28340.0
7502120.0,2103960.0,28340.0
7501912.0,2103981.3333,28510.666667
7501808.0,2103992.0,28596.0
7501808.0,2103992.0,28596.0
7501808.0,2103992.0,28596.0
7501808.0,2103992.0,28596.0
7501808.0,2103992.0,28596.0
7501808.0,2103992.0,28596.0
7501808.0,2103992.0,28596.0
7501808.0,2103992.0,28596.0
7501808.0,2103992.0,28596.0
7501808.0,2103992.0,28596.0
7501481.6,2104002.6667,28692.0
7501196.0,2104012.0,28776.0
7501196.0,2104012.0,28776.0
7501196.0,2104012.0,28776.0
7501196.0,2104012.0,28776.0
7501196.0,2104012.0,28776.0
7501196.0,2104012.0,28776.0
7501196.0,2104012.0,28776.0
7501196.0,2104012.0,28776.0
7501196.0,2104012.0,28776.0
7499738.1333,2104023.7333,28919.733333
7499208.0,2104028.0,28972.0
7499208.0,2104028.0,28972.0
7500224.0,2104036.0,28998.666667
7500732.0,2104040.0,29012.0
7500732.0,2104040.0,29012.0
7500732.0,2104040.0,29012.0
7500732.0,2104040.0,29012.0
7500732.0,2104040.0,29012.0
7500732.0,2104040.0,29012.0
7500732.0,2104040.0,29012.0
7500732.0,2104040.0,29012.0
7500732.0,2104040.0,29012.0
7500732.0,2104040.0,29012.0
7500977.3333,2104061.3333,29103.733333
7501192.0,2104080.0,29184.0
7501192.0,2104080.0,29184.0
7501192.0,2104080.0,29184.0
7501192.0,2104080.0,29184.0
7501192.0,2104080.0,29184.0
7501192.0,2104080.0,29184.0
7501192.0,2104080.0,29184.0
7501192.0,2104080.0,29184.0
7501192.0,2104080.0,29184.0
7501192.0,2104080.0,29184.0
7501192.0,2104080.0,29184.0
7501192.0,2104080.0,29184.0
7500656.0,2104109.3333,29344.0
7500388.0,2104124.0,29424.0
7500388.0,2104124.0,29424.0
7500388.0,2104124.0,29424.0
7500388.0,2104124.0,29424.0
7500388.0,2104124.0,29424.0
7500388.0,2104124.0,29424.0
7500388.0,2104124.0,29424.0
7500388.0,2104124.0,29424.0
7500388.0,2104124.0,29424.0
7500388.0,2104124.0,29424.0
7500388.0,2104124.0,29424.0
7500364.5333,2104129.8667,29553.066667
7500356.0,2104132.0,29600.0
7500356.0,2104132.0,29600.0
7500356.0,2104132.0,29600.0
7500356.0,2104132.0,29600.0
7500356.0,2104132.0,29600.0
7500356.0,2104132.0,29600.0
7500356.0,2104132.0,29600.0
7500356.0,2104132.0,29600.0
7500356.0,2104132.0,29600.0
7500356.0,2104132.0,29600.0
7500356.0,2104132.0,29600.0
7499914.4,2104154.4,29788.8
7499804.0,2104160.0,29836.0
7499804.0,2104160.0,29836.0
7499804.0,2104160.0,29836.0
7499804.0,2104160.0,29836.0
7499804.0,2104160.0,29836.0
7499804.0,2104160.0,29836.0
7499804.0,2104160.0,29836.0
7499804.0,2104160.0,29836.0
7499804.0,2104160.0,29836.0
7499804.0,2104160.0,29836.0
7499804.0,2104160.0,29836.0
7499730.4,2104185.6,29973.6
7500732.8,2104201.6,30043.2
7500988.0,2104204.0,30052.0
7500988.0,2104204.0,30052.0
7500988.0,2104204.0,30052.0
7500988.0,2104204.0,30052.0
7500988.0,2104204.0,30052.0
7500988.0,2104204.0,30052.0
7500988.0,2104204.0,30052.0
7500988.0,2104204.0,30052.0
7500988.0,2104204.0,30052.0
7500988.0,2104204.0,30052.0
7500988.0,2104204.0,30052.0
7500354.4,2104233.3333,30184.0
7500124.0,2104244.0,30232.0
7500124.0,2104244.0,30232.0
7500124.0,2104244.0,30232.0
7499697.3333,2104244.0,30285.333333
7499484.0,2104244.0,30312.0
7499484.0,2104244.0,30312.0
7499484.0,2104244.0,30312.0
7499484.0,2104244.0,30312.0
7499484.0,2104244.0,30312.0
7499484.0,2104244.0,30312.0
7499484.0,2104244.0,30312.0
7499145.6,2104253.6,30393.6
7498920.0,2104260.0,30448.0
7498920.0,2104260.0,30448.0
7498920.0,2104260.0,30448.0
7498920.0,2104260.0,30448.0
7498920.0,2104260.0,30448.0
7498920.0,2104260.0,30448.0
7498920.0,2104260.0,30448.0
7498920.0,2104260.0,30448.0
7498920.0,2104260.0,30448.0
7498920.0,2104260.0,30448.0
7498920.0,2104260.0,30448.0
7498733.3333,2104267.4667,30543.2
7498520.0,2104276.0,30652.0
7498520.0,2104276.0,30652.0
7498520.0,2104276.0,30652.0
7498520.0,2104276.0,30652.0
7498520.0,2104276.0,30652.0
7498520.0,2104276.0,30652.0
7498520.0,2104276.0,30652.0
7498520.0,2104276.0,30652.0
7498520.0,2104276.0,30652.0
7498520.0,2104276.0,30652.0
7498520.0,2104276.0,30652.0
7498982.4,2104284.0,30754.4
7499676.0,2104296.0,30908.0
7499155.2,2104301.6,30924.8
7498560.0,2104308.0,30944.0
7498560.0,2104308.0,30944.0
7498560.0,2104308.0,30944.0
7498560.0,2104308.0,30944.0
7498560.0,2104308.0,30944.0
7498560.0,2104308.0,30944.0
7498560.0,2104308.0,30944.0
7498560.0,2104308.0,30944.0
7498560.0,2104308.0,30944.0
7498560.0,2104308.0,30944.0
7498560.0,2104308.0,30944.0
7498560.0,2104308.0,30944.0
7498560.0,2104325.0667,31040.0
7498560.0,2104340.0,31124.0
7498560.0,2104340.0,31124.0
7495028.2667,2107634.6667,31519.733333
7490992.0,2111400.0,31972.0
7490992.0,2111400.0,31972.0
7490992.0,2111400.0,31972.0
7490992.0,2111400.0,31972.0
7490992.0,2111400.0,31972.0
7490992.0,2111400.0,31972.0
7490992.0,2111400.0,31972.0
7491700.2667,2111412.8,32057.333333
7492320.0,2111424.0,32132.0
7492320.0,2111424.0,32132.0
7492320.0,2111424.0,32132.0
7492320.0,2111424.0,32132.0
7492320.0,2111424.0,32132.0
7492320.0,2111424.0,32132.0
7492320.0,2111424.0,32132.0
7492320.0,2111424.0,32132.0
7492320.0,2111424.0,32132.0
7492320.0,2111424.0,32132.0
7492320.0,2111424.0,32132.0
7492346.1333,2111438.9333,32227.2
7492376.0,2111456.0,32336.0
7492376.0,2111456.0,32336.0
7492376.0,2111456.0,32336.0
7492376.0,2111456.0,32336.0
7492376.0,2111456.0,32336.0
7492376.0,2111456.0,32336.0
7662494.6667,2111526.9333,32390.133333
7856916.0,2111608.0,32452.0
7856916.0,2111608.0,32452.0
7987810.4,2111611.2,32466.4
8184152.0,2111616.0,32488.0
8184152.0,2111616.0,32488.0
8184152.0,2111616.0,32488.0
8184152.0,2111616.0,32488.0
8184152.0,2111616.0,32488.0
8184152.0,2111616.0,32488.0
8184152.0,2111616.0,32488.0
8183758.6667,2111618.6667,32538.666667
8182972.0,2111624.0,32640.0
8183313.3333,2111632.0,32648.0
8183996.0,2111648.0,32664.0
8183996.0,2111648.0,32664.0
8183328.0,2111650.6667,32682.666667
8181992.0,2111656.0,32720.0
8181992.0,2111656.0,32720.0
8182537.3333,2111652.0,32740.0
8183628.0,2111644.0,32780.0
8183628.0,2111644.0,32780.0
8183628.0,2111644.0,32780.0
8183628.0,2111644.0,32780.0
8183143.2,2111650.4,32810.4
8182416.0,2111660.0,32856.0
8182416.0,2111660.0,32856.0
8182416.0,2111660.0,32856.0
8182416.0,2111660.0,32856.0
8182416.0,2111660.0,32856.0
8182416.0,2111660.0,32856.0
8182416.0,2111660.0,32856.0
8182416.0,2111660.0,32856.0
8182416.0,2111660.0,32856.0
8182416.0,2111660.0,32856.0
8182416.0,2111660.0,32856.0
8182750.4,2111672.8,32923.2
8183252.0,2111692.0,33024.0
8183252.0,2111692.0,33024.0
8183252.0,2111692.0,33024.0
8183252.0,2111692.0,33024.0
8183252.0,2111692.0,33024.0
8183252.0,2111692.0,33024.0
8183252.0,2111692.0,33024.0
8183252.0,2111692.0,33024.0
8183252.0,2111692.0,33024.0
8183252.0,2111692.0,33024.0
8183252.0,2111692.0,33024.0
8182893.6,2111704.8,33099.2
8182356.0,2111724.0,33212.0
8182356.0,2111724.0,33212.0
8182356.0,2111724.0,33212.0
8182356.0,2111724.0,33212.0
8182356.0,2111724.0,33212.0
8182356.0,2111724.0,33212.0
8182356.0,2111724.0,33212.0
8182356.0,2111724.0,33212.0
8182356.0,2111724.0,33212.0
8182356.0,2111724.0,33212.0
8182356.0,2111724.0,33212.0
8182528.8,2111732.0,33279.2
8182788.0,2111744.0,33380.0
8182788.0,2111744.0,33380.0
8182788.0,2111744.0,33380.0
8182788.0,2111744.0,33380.0
8182788.0,2111744.0,33380.0
8182788.0,2111744.0,33380.0
8182788.0,2111744.0,33380.0
8182788.0,2111744.0,33380.0
8182788.0,2111744.0,33380.0
8182788.0,2111744.0,33380.0
8182788.0,2111744.0,33380.0
8182564.0,2111753.6,33460.0
8182228.0,2111768.0,33580.0
8182228.0,2111768.0,33580.0
8182228.0,2111768.0,33580.0
8182228.0,2111768.0,33580.0
8182228.0,2111768.0,33580.0
8182228.0,2111768.0,33580.0
8182228.0,2111768.0,33580.0
8181392.8,2111780.0,33656.8
8180836.0,2111788.0,33708.0
8180836.0,2111788.0,33708.0
8181910.6667,2111782.6667,33748.0
8182448.0,2111780.0,33768.0
8182448.0,2111780.0,33768.0
8182448.0,2111780.0,33768.0
8182448.0,2111780.0,33768.0
8182448.0,2111780.0,33768.0
8182448.0,2111780.0,33768.0
8182448.0,2111780.0,33768.0
8182448.0,2111780.0,33768.0
8182448.0,2111780.0,33768.0
8182448.0,2111780.0,33768.0
8182448.0,2111780.0,33768.0
8182454.9333,2111800.8,33917.066667
8182456.0,2111804.0,33940.0
8182456.0,2111804.0,33940.0
8182456.0,2111804.0,33940.0
8182456.0,2111804.0,33940.0
8182456.0,2111804.0,33940.0
8182456.0,2111804.0,33940.0
8182456.0,2111804.0,33940.0
8182456.0,2111804.0,33940.0
8182456.0,2111804.0,33940.0
8182456.0,2111804.0,33940.0
8182456.0,2111804.0,33940.0
8181725.6,2111839.2,34133.6
8181460.0,2111852.0,34204.0
8181460.0,2111852.0,34204.0
8181460.0,2111852.0,34204.0
8181460.0,2111852.0,34204.0
8181460.0,2111852.0,34204.0
8181460.0,2111852.0,34204.0
8181460.0,2111852.0,34204.0
8181460.0,2111852.0,34204.0
8181460.0,2111852.0,34204.0
8181460.0,2111852.0,34204.0
8181460.0,2111852.0,34204.0
8181395.4667,2111875.4667,34315.466667
8181372.0,2111884.0,34356.0
8181372.0,2111884.0,34356.0
8181372.0,2111884.0,34356.0
8181372.0,2111884.0,34356.0
8181372.0,2111884.0,34356.0
8181372.0,2111884.0,34356.0
8181372.0,2111884.0,34356.0
8181372.0,2111884.0,34356.0
8181372.0,2111884.0,34356.0
8181372.0,2111884.0,34356.0
8181372.0,2111884.0,34356.0
8180712.0,2111913.3333,34517.333333
8180472.0,2111924.0,34576.0
8180472.0,2111924.0,34576.0
8180472.0,2111924.0,34576.0
8180472.0,2111924.0,34576.0
8180472.0,2111924.0,34576.0
8180472.0,2111924.0,34576.0
8180472.0,2111924.0,34576.0
8180472.0,2111924.0,34576.0
8180472.0,2111924.0,34576.0
8180472.0,2111924.0,34576.0
8180472.0,2111924.0,34576.0
8180452.8,2111940.8,34672.0
8180440.0,2111952.0,34736.0
8180440.0,2111952.0,34736.0
8180440.0,2111952.0,34736.0
8180440.0,2111952.0,34736.0
8180440.0,2111952.0,34736.0
8180440.0,2111952.0,34736.0
8180440.0,2111952.0,34736.0
8180440.0,2111952.0,34736.0
8180440.0,2111952.0,34736.0
8180440.0,2111952.0,34736.0
8180440.0,2111952.0,34736.0
8180216.8,2111968.8,34832.0
8180068.0,2111980.0,34896.0
8180068.0,2111980.0,34896.0
8180068.0,2111980.0,34896.0
8180068.0,2111980.0,34896.0
8180068.0,2111980.0,34896.0
8180960.8,2111980.0,34937.6
8181184.0,2111980.0,34948.0
8181184.0,2111980.0,34948.0
8181184.0,2111980.0,34948.0
8181184.0,2111980.0,34948.0
8181184.0,2111980.0,34948.0
8181184.0,2111980.0,34948.0
8181184.0,2111980.0,34948.0
8181184.0,2111980.0,34948.0
8181184.0,2111980.0,34948.0
8181184.0,2111980.0,34948.0
8181184.0,2111980.0,34948.0
8180115.2,2112005.6,35044.0
8179848.0,2112012.0,35068.0
8179848.0,2112012.0,35068.0
8179848.0,2112012.0,35068.0
8179848.0,2112012.0,35068.0
8179848.0,2112012.0,35068.0
8180552.0,2112026.6667,35129.6
8180808.0,2112032.0,35152.0
8180808.0,2112032.0,35152.0
8180808.0,2112032.0,35152.0
8180808.0,2112032.0,35152.0
8180808.0,2112032.0,35152.0
8180808.0,2112032.0,35152.0
8180808.0,2112032.0,35152.0
8180808.0,2112032.0,35152.0
8180808.0,2112032.0,35152.0
8180808.0,2112032.0,35152.0
8180808.0,2112032.0,35152.0
8180040.0,2112051.2,35270.4
8179848.0,2112056.0,35300.0
8179848.0,2112056.0,35300.0
8179848.0,2112056.0,35300.0
8179848.0,2112056.0,35300.0
8179848.0,2112056.0,35300.0
8179848.0,2112056.0,35300.0
8179848.0,2112056.0,35300.0
8179848.0,2112056.0,35300.0
8179848.0,2112056.0,35300.0
8179848.0,2112056.0,35300.0
8179848.0,2112056.0,35300.0
8178780.2667,2112076.5333,35411.466667
8178392.0,2112084.0,35452.0
8178392.0,2112084.0,35452.0
8593752.0,2112089.8667,35469.6
8744792.0,2112092.0,35476.0
8744792.0,2112092.0,35476.0
8744792.0,2112092.0,35476.0
8744792.0,2112092.0,35476.0
8744792.0,2112092.0,35476.0
8744792.0,2112092.0,35476.0
8744792.0,2112092.0,35476.0
8744792.0,2112092.0,35476.0
8744792.0,2112092.0,35476.0
8744792.0,2112092.0,35476.0
8744792.0,2112092.0,35476.0
8745016.0,2112104.8,35591.2
8743033.6,2112118.4,35640.8
8742720.0,2112120.0,35644.0
8742720.0,2112120.0,35644.0
8744057.6,2112125.8667,35661.6
8744544.0,2112128.0,35668.0
8744544.0,2112128.0,35668.0
8744544.0,2112128.0,35668.0
8744544.0,2112128.0,35668.0
8744544.0,2112128.0,35668.0
8744544.0,2112128.0,35668.0
8744544.0,2112128.0,35668.0
8744544.0,2112128.0,35668.0
8744544.0,2112128.0,35668.0
8744544.0,2112128.0,35668.0
8744544.0,2112128.0,35668.0
8744181.6,2112214.4,35766.4
8743940.0,2112272.0,35832.0
8743940.0,2112272.0,35832.0
8743940.0,2112272.0,35832.0
8743940.0,2112272.0,35832.0
8743940.0,2112272.0,35832.0
8743940.0,2112272.0,35832.0
8743940.0,2112272.0,35832.0
8743940.0,2112272.0,35832.0
8743940.0,2112272.0,35832.0
8743940.0,2112272.0,35832.0
8743940.0,2112272.0,35832.0
8744081.6,2112286.4,35935.2
8744176.0,2112296.0,36004.0
8744176.0,2112296.0,36004.0
8744900.8,2112300.8,36028.0
8745384.0,2112304.0,36044.0
8745384.0,2112304.0,36044.0
8745384.0,2112304.0,36044.0
8745384.0,2112304.0,36044.0
8745384.0,2112304.0,36044.0
8745384.0,2112304.0,36044.0
8745384.0,2112304.0,36044.0
8745384.0,2112304.0,36044.0
8745384.0,2112304.0,36044.0
8745384.0,2112304.0,36044.0
8745384.0,2112304.0,36044.0
8745208.8,2112320.8,36142.4
8745092.0,2112332.0,36208.0
8745092.0,2112332.0,36208.0
8745092.0,2112332.0,36208.0
8745092.0,2112332.0,36208.0
8745092.0,2112332.0,36208.0
8745092.0,2112332.0,36208.0
8745092.0,2112332.0,36208.0
8745092.0,2112332.0,36208.0
8745092.0,2112332.0,36208.0
8745092.0,2112332.0,36208.0
8744700.8,2112356.0,36325.6
8744440.0,2112372.0,36404.0
8744440.0,2112372.0,36404.0
8744440.0,2112372.0,36404.0
8744440.0,2112372.0,36404.0
8744440.0,2112372.0,36404.0
8744440.0,2112372.0,36404.0
8744440.0,2112372.0,36404.0
8744440.0,2112372.0,36404.0
8744440.0,2112372.0,36404.0
8744440.0,2112372.0,36404.0
8744440.0,2112372.0,36404.0
8744384.0,2112380.0,36444.0
8744300.0,2112392.0,36504.0
8744300.0,2112392.0,36504.0
8744300.0,2112392.0,36504.0
8744300.0,2112392.0,36504.0
8744300.0,2112392.0,36504.0
8744300.0,2112392.0,36504.0
8744300.0,2112392.0,36504.0
8744300.0,2112392.0,36504.0
8744300.0,2112392.0,36504.0
8744300.0,2112392.0,36504.0
8744300.0,2112392.0,36504.0
8743957.3333,2112402.6667,36570.666667
8743272.0,2112424.0,36704.0
8743272.0,2112424.0,36704.0
8743272.0,2112424.0,36704.0
8743272.0,2112424.0,36704.0
8743272.0,2112424.0,36704.0
8743272.0,2112424.0,36704.0
8743272.0,2112424.0,36704.0
8743272.0,2112424.0,36704.0
8743272.0,2112424.0,36704.0
8743272.0,2112424.0,36704.0
8743272.0,2112424.0,36704.0
8743454.4,2112425.0667,36740.266667
8743956.0,2112428.0,36840.0
8743956.0,2112428.0,36840.0
8743956.0,2112428.0,36840.0
8743956.0,2112428.0,36840.0
8743956.0,2112428.0,36840.0
8743956.0,2112428.0,36840.0
8743956.0,2112428.0,36840.0
8743956.0,2112428.0,36840.0
8743956.0,2112428.0,36840.0
8743956.0,2112428.0,36840.0
8743956.0,2112428.0,36840.0
8743912.8,2112429.8667,36852.0
8743308.0,2112456.0,37020.0
8743308.0,2112456.0,37020.0
8743308.0,2112456.0,37020.0
8743308.0,2112456.0,37020.0
8743308.0,2112456.0,37020.0
8743308.0,2112456.0,37020.0
8743308.0,2112456.0,37020.0
8743308.0,2112456.0,37020.0
8743308.0,2112456.0,37020.0
8743308.0,2112456.0,37020.0
8743308.0,2112456.0,37020.0
8743308.0,2112456.0,37020.0
8743304.0,2112476.0,37140.0
8743304.0,2112476.0,37140.0
8743304.0,2112476.0,37140.0
8743339.2,2112476.5333,37143.733333
8743832.0,2112484.0,37196.0
8743832.0,2112484.0,37196.0
8743832.0,2112484.0,37196.0
8743832.0,2112484.0,37196.0
8743832.0,2112484.0,37196.0
8743832.0,2112484.0,37196.0
8743832.0,2112484.0,37196.0
8743832.0,2112484.0,37196.0
8743832.0,2112484.0,37196.0
8743832.0,2112484.0,37196.0
8743832.0,2112484.0,37196.0
8743542.9333,2112491.4667,37230.133333
8742748.0,2112512.0,37324.0
8742748.0,2112512.0,37324.0
8742748.0,2112512.0,37324.0
8742748.0,2112512.0,37324.0
8742748.0,2112512.0,37324.0
8742748.0,2112512.0,37324.0
8742748.0,2112512.0,37324.0
8742748.0,2112512.0,37324.0
8742748.0,2112512.0,37324.0
8742748.0,2112512.0,37324.0
8742748.0,2112512.0,37324.0
8742698.9333,2112521.6,37372.0
8742564.0,2112548.0,37504.0
8742564.0,2112548.0,37504.0
8742564.0,2112548.0,37504.0
8742564.0,2112548.0,37504.0
8742564.0,2112548.0,37504.0
8742564.0,2112548.0,37504.0
8742564.0,2112548.0,37504.0
8742564.0,2112548.0,37504.0
8742564.0,2112548.0,37504.0
8742564.0,2112548.0,37504.0
8742564.0,2112548.0,37504.0
8742464.8,2112552.2667,37524.8
8741820.0,2112580.0,37660.0
8741820.0,2112580.0,37660.0
8741820.0,2112580.0,37660.0
8741820.0,2112580.0,37660.0
8741820.0,2112580.0,37660.0
8741820.0,2112580.0,37660.0
8741820.0,2112580.0,37660.0
8741820.0,2112580.0,37660.0
8741820.0,2112580.0,37660.0
8741820.0,2112580.0,37660.0
8741820.0,2112580.0,37660.0
8741811.4667,2112582.1333,37672.266667
8741692.0,2112612.0,37844.0
8741692.0,2112612.0,37844.0
8741692.0,2112612.0,37844.0
8741692.0,2112612.0,37844.0
8741692.0,2112612.0,37844.0
8741692.0,2112612.0,37844.0
8741692.0,2112612.0,37844.0
8741692.0,2112612.0,37844.0
8741692.0,2112612.0,37844.0
8741692.0,2112612.0,37844.0
8741692.0,2112612.0,37844.0
8741749.6,2112617.8667,37862.666667
8742124.0,2112656.0,37984.0
8742124.0,2112656.0,37984.0
8742124.0,2112656.0,37984.0
8742124.0,2112656.0,37984.0
8742124.0,2112656.0,37984.0
8742124.0,2112656.0,37984.0
8742124.0,2112656.0,37984.0
8742124.0,2112656.0,37984.0
8742124.0,2112656.0,37984.0
8742124.0,2112656.0,37984.0
8742124.0,2112656.0,37984.0
8742006.4,2112658.4,38008.8
8741536.0,2112668.0,38108.0
8741536.0,2112668.0,38108.0
8886036.2667,2112671.2,38117.6
9283412.0,2112680.0,38144.0
9283412.0,2112680.0,38144.0
9283412.0,2112680.0,38144.0
9283412.0,2112680.0,38144.0
9283412.0,2112680.0,38144.0
9283412.0,2112680.0,38144.0
9283412.0,2112680.0,38144.0
9283412.0,2112680.0,38144.0
9283412.0,2112680.0,38144.0
9283412.0,2112680.0,38144.0
9283412.0,2112680.0,38144.0
9283637.0667,2112685.3333,38182.4
9284256.0,2112700.0,38288.0
9284256.0,2112700.0,38288.0
9284256.0,2112700.0,38288.0
9284256.0,2112700.0,38288.0
9284256.0,2112700.0,38288.0
9284256.0,2112700.0,38288.0
9284256.0,2112700.0,38288.0
9284256.0,2112700.0,38288.0
9284256.0,2112700.0,38288.0
9284256.0,2112700.0,38288.0
9284256.0,2112700.0,38288.0
9284272.5333,2112704.8,38310.4
9284380.0,2112736.0,38456.0
9284380.0,2112736.0,38456.0
9284380.0,2112736.0,38456.0
9284380.0,2112736.0,38456.0
9284380.0,2112736.0,38456.0
9284380.0,2112736.0,38456.0
9284380.0,2112736.0,38456.0
9284380.0,2112736.0,38456.0
9284380.0,2112736.0,38456.0
9284380.0,2112736.0,38456.0
9284380.0,2112736.0,38456.0
9284380.0,2112736.0,38456.0
9284488.0,2112744.0,38584.0
9284488.0,2112744.0,38584.0
9284488.0,2112744.0,38584.0
9284488.0,2112744.0,38584.0
9284488.0,2112744.0,38584.0
9283197.3333,2112756.8,38648.0
9283197.3333,2112756.8,38648.0
9282068.0,2112768.0,38704.0
9282068.0,2112768.0,38704.0
9283248.0,2112772.0,38740.0
9283248.0,2112772.0,38740.0
9283248.0,2112772.0,38740.0
9283248.0,2112772.0,38740.0
9283248.0,2112772.0,38740.0
9283248.0,2112772.0,38740.0
9283248.0,2112772.0,38740.0
9283248.0,2112772.0,38740.0
9283248.0,2112772.0,38740.0
9283248.0,2112772.0,38740.0
9283248.0,2112772.0,38740.0
9283248.0,2112772.0,38740.0
9283824.0,2112800.0,38852.0
9283824.0,2112800.0,38852.0
9283824.0,2112800.0,38852.0
9283824.0,2112800.0,38852.0
9282767.4667,2112934.4,38919.2
9282692.0,2112944.0,38924.0
9282692.0,2112944.0,38924.0
9282692.0,2112944.0,38924.0
9282692.0,2112944.0,38924.0
9282692.0,2112944.0,38924.0
9282692.0,2112944.0,38924.0
9282692.0,2112944.0,38924.0
9282692.0,2112944.0,38924.0
9282692.0,2112944.0,38924.0
9282692.0,2112944.0,38924.0
9282692.0,2112944.0,38924.0
9282721.8667,2112973.8667,39043.466667
9283705.8667,2112983.4667,39096.8
9283776.0,2112984.0,39100.0
9283776.0,2112984.0,39100.0
9283776.0,2112984.0,39100.0
9283776.0,2112984.0,39100.0
9283776.0,2112984.0,39100.0
9283776.0,2112984.0,39100.0
9283776.0,2112984.0,39100.0
9283776.0,2112984.0,39100.0
9283776.0,2112984.0,39100.0
9283776.0,2112984.0,39100.0
9283776.0,2112984.0,39100.0
9283253.3333,2112995.2,39226.933333
9283216.0,2112996.0,39236.0
9283216.0,2112996.0,39236.0
9283216.0,2112996.0,39236.0
9283216.0,2112996.0,39236.0
9283216.0,2112996.0,39236.0
9283216.0,2112996.0,39236.0
9283216.0,2112996.0,39236.0
9283216.0,2112996.0,39236.0
9283216.0,2112996.0,39236.0
9283216.0,2112996.0,39236.0
9283216.0,2112996.0,39236.0
9282543.4667,2113020.2667,39395.466667
9282440.0,2113024.0,39420.0
9282440.0,2113024.0,39420.0
9282440.0,2113024.0,39420.0
9282440.0,2113024.0,39420.0
9282440.0,2113024.0,39420.0
9282440.0,2113024.0,39420.0
9282440.0,2113024.0,39420.0
9282440.0,2113024.0,39420.0
9282440.0,2113024.0,39420.0
9282440.0,2113024.0,39420.0
9282440.0,2113024.0,39420.0
9282413.8667,2113038.9333,39561.866667
9282412.0,2113040.0,39572.0
9282412.0,2113040.0,39572.0
9282412.0,2113040.0,39572.0
9282412.0,2113040.0,39572.0
9282412.0,2113040.0,39572.0
9282412.0,2113040.0,39572.0
9282412.0,2113040.0,39572.0
9282412.0,2113040.0,39572.0
9282412.0,2113040.0,39572.0
9282412.0,2113040.0,39572.0
9282412.0,2113040.0,39572.0
9283160.0,2113064.0,39732.0
9283160.0,2113064.0,39732.0
9283160.0,2113064.0,39732.0
9283160.0,2113064.0,39732.0
9283160.0,2113064.0,39732.0
9283160.0,2113064.0,39732.0
9283160.0,2113064.0,39732.0
9283160.0,2113064.0,39732.0
9282124.0,2113080.0,39824.0
9282124.0,2113080.0,39824.0
9282124.0,2113080.0,39824.0
9282124.0,2113080.0,39824.0
9282124.0,2113080.0,39824.0
9282124.0,2113080.0,39824.0
9282124.0,2113080.0,39824.0
9282124.0,2113080.0,39824.0
9282124.0,2113080.0,39824.0
9282124.0,2113080.0,39824.0
9282124.0,2113080.0,39824.0
9282124.0,2113080.0,39824.0
9281881.3333,2113117.3333,39950.933333
9281864.0,2113120.0,39960.0
9281864.0,2113120.0,39960.0
9281864.0,2113120.0,39960.0
9281864.0,2113120.0,39960.0
9281864.0,2113120.0,39960.0
nan,nan,nan
nan,nan,nan
nan,nan,nan
nan,nan,nan
nan,nan,nan
nan,nan,nan
nan,nan,nan
nan,nan,nan
nan,nan,nan
nan,nan,nan
nan,nan,nan
nan,nan,nan
nan,nan,nan
nan,nan,nan
nan,nan,nan
nan,nan,nan
nan,nan,nan
nan,nan,nan
nan,nan,nan
9276152.0,2117360.0,40096.0
9276152.0,2117360.0,40096.0
9276152.0,2117360.0,40096.0
9276152.0,2117360.0,40096.0
9276152.0,2117360.0,40096.0
9276152.0,2117360.0,40096.0
9275382.4,2117848.8,40158.4
9275264.0,2117924.0,40168.0
9275264.0,2117924.0,40168.0
9275264.0,2117924.0,40168.0
9275264.0,2117924.0,40168.0
9275264.0,2117924.0,40168.0
9275264.0,2117924.0,40168.0
9275264.0,2117924.0,40168.0
9275264.0,2117924.0,40168.0
9275264.0,2117924.0,40168.0
9275264.0,2117924.0,40168.0
9275264.0,2117924.0,40168.0
9276150.4,2118042.4,40302.4
9276372.0,2118072.0,40336.0
9276372.0,2118072.0,40336.0
9276372.0,2118072.0,40336.0
9276372.0,2118072.0,40336.0
9276372.0,2118072.0,40336.0
9276372.0,2118072.0,40336.0
9274615.2,2118078.4,40428.8
9274176.0,2118080.0,40452.0
9275158.6667,2118080.0,40472.533333
9275516.0,2118080.0,40480.0
9275516.0,2118080.0,40480.0
9275516.0,2118080.0,40480.0
9275516.0,2118080.0,40480.0
9275516.0,2118080.0,40480.0
9275516.0,2118080.0,40480.0
9275516.0,2118080.0,40480.0
9343152.8,2118094.6667,40541.6
9367748.0,2118100.0,40564.0
9367748.0,2118100.0,40564.0
9573238.6667,2118110.6667,40585.333333
9675984.0,2118116.0,40596.0
9675984.0,2118116.0,40596.0
9675984.0,2118116.0,40596.0
9675984.0,2118116.0,40596.0
9675984.0,2118116.0,40596.0
9675984.0,2118116.0,40596.0
9675984.0,2118116.0,40596.0
9675984.0,2118116.0,40596.0
9675984.0,2118116.0,40596.0
9675984.0,2118116.0,40596.0
9675984.0,2118116.0,40596.0
9676192.2667,2118139.4667,40681.066667
9676268.0,2118148.0,40712.0
9676268.0,2118148.0,40712.0
9676268.0,2118148.0,40712.0
9676268.0,2118148.0,40712.0
9676268.0,2118148.0,40712.0
9676268.0,2118148.0,40712.0
9676268.0,2118148.0,40712.0
9676268.0,2118148.0,40712.0
9676268.0,2118148.0,40712.0
9676268.0,2118148.0,40712.0
9676268.0,2118148.0,40712.0
9676308.0,2118177.3333,40837.333333
9676328.0,2118192.0,40900.0
9676328.0,2118192.0,40900.0
9676328.0,2118192.0,40900.0
9676328.0,2118192.0,40900.0
9676328.0,2118192.0,40900.0
9676328.0,2118192.0,40900.0
9676328.0,2118192.0,40900.0
9676328.0,2118192.0,40900.0
9676328.0,2118192.0,40900.0
9676328.0,2118192.0,40900.0
9676328.0,2118192.0,40900.0
9675943.7333,2118315.2,40988.0
9674612.0,2118360.0,41036.0
9674016.0,2118360.0,41044.0
9674016.0,2118360.0,41044.0
9675373.3333,2118365.3333,41065.333333
9676052.0,2118368.0,41076.0
9676052.0,2118368.0,41076.0
9675119.2,2118373.8667,41093.6
9674780.0,2118376.0,41100.0
9674780.0,2118376.0,41100.0
9674780.0,2118376.0,41100.0
9674780.0,2118376.0,41100.0
9674780.0,2118376.0,41100.0
9674780.0,2118376.0,41100.0
9674780.0,2118376.0,41100.0
9674780.0,2118376.0,41100.0
9674780.0,2118376.0,41100.0
9674780.0,2118376.0,41100.0
9674780.0,2118376.0,41100.0
9674780.0,2118383.2,41160.0
9674780.0,2118388.0,41200.0
9674780.0,2118388.0,41200.0
9674780.0,2118388.0,41200.0
9674780.0,2118388.0,41200.0
9674780.0,2118388.0,41200.0
9674780.0,2118388.0,41200.0
9674780.0,2118388.0,41200.0
9674780.0,2118388.0,41200.0
9674780.0,2118388.0,41200.0
9674780.0,2118388.0,41200.0
9674402.9333,2118401.0667,41293.333333
9673972.0,2118416.0,41400.0
9673972.0,2118416.0,41400.0
9674623.4667,2118423.4667,41414.933333
9675368.0,2118432.0,41432.0
9675368.0,2118432.0,41432.0
9675368.0,2118432.0,41432.0
9675368.0,2118432.0,41432.0
9675368.0,2118432.0,41432.0
9675368.0,2118432.0,41432.0
9675368.0,2118432.0,41432.0
9675368.0,2118432.0,41432.0
9675368.0,2118432.0,41432.0
9675368.0,2118432.0,41432.0
9675368.0,2118432.0,41432.0
9674655.4667,2118440.5333,41517.333333
9674032.0,2118448.0,41592.0
9674032.0,2118448.0,41592.0
9674032.0,2118448.0,41592.0
9674032.0,2118448.0,41592.0
9674032.0,2118448.0,41592.0
9674032.0,2118448.0,41592.0
9674032.0,2118448.0,41592.0
9674032.0,2118448.0,41592.0
9674032.0,2118448.0,41592.0
9674032.0,2118448.0,41592.0
9674032.0,2118448.0,41592.0
9674300.8,2118471.4667,41696.533333
9674536.0,2118492.0,41788.0
9674536.0,2118492.0,41788.0
9673947.2,2118496.2667,41817.866667
9673432.0,2118500.0,41844.0
9673432.0,2118500.0,41844.0
9673432.0,2118500.0,41844.0
9673432.0,2118500.0,41844.0
9673432.0,2118500.0,41844.0
9673432.0,2118500.0,41844.0
9673432.0,2118500.0,41844.0
9673432.0,2118500.0,41844.0
9673432.0,2118500.0,41844.0
9673432.0,2118500.0,41844.0
9673432.0,2118500.0,41844.0
9673532.2667,2118506.4,41927.2
9673620.0,2118512.0,42000.0
9673620.0,2118512.0,42000.0
9673620.0,2118512.0,42000.0
9673620.0,2118512.0,42000.0
9673620.0,2118512.0,42000.0
9673620.0,2118512.0,42000.0
9673620.0,2118512.0,42000.0
9673620.0,2118512.0,42000.0
9672651.4667,2118529.0667,42066.133333
9671804.0,2118544.0,42124.0
9671804.0,2118544.0,42124.0
9672597.6,2118552.5333,42143.2
9673292.0,2118560.0,42160.0
9673292.0,2118560.0,42160.0
9673292.0,2118560.0,42160.0
9673292.0,2118560.0,42160.0
9673292.0,2118560.0,42160.0
9673292.0,2118560.0,42160.0
9673292.0,2118560.0,42160.0
9673292.0,2118560.0,42160.0
9673292.0,2118560.0,42160.0
9673292.0,2118560.0,42160.0
9673292.0,2118560.0,42160.0
9673473.0667,2118561.8667,42214.133333
9673680.0,2118564.0,42276.0
9673680.0,2118564.0,42276.0
9673680.0,2118564.0,42276.0
9673680.0,2118564.0,42276.0
9673680.0,2118564.0,42276.0
9673680.0,2118564.0,42276.0
9673680.0,2118564.0,42276.0
9673680.0,2118564.0,42276.0
9673680.0,2118564.0,42276.0
9673680.0,2118564.0,42276.0
9673680.0,2118564.0,42276.0
9673068.0,2118648.0,42417.6
9672660.0,2118704.0,42512.0
9672660.0,2118704.0,42512.0
9672660.0,2118704.0,42512.0
9672660.0,2118704.0,42512.0
9672660.0,2118704.0,42512.0
9672660.0,2118704.0,42512.0
9672660.0,2118704.0,42512.0
9672660.0,2118704.0,42512.0
9672660.0,2118704.0,42512.0
9672660.0,2118704.0,42512.0
9672660.0,2118704.0,42512.0
9672764.0,2118716.8,42556.8
9672920.0,2118736.0,42624.0
9672920.0,2118736.0,42624.0
9672920.0,2118736.0,42624.0
9672920.0,2118736.0,42624.0
9672920.0,2118736.0,42624.0
9672920.0,2118736.0,42624.0
9672920.0,2118736.0,42624.0
9672920.0,2118736.0,42624.0
9672920.0,2118736.0,42624.0
9672920.0,2118736.0,42624.0
9672920.0,2118736.0,42624.0
9672872.0,2118760.0,42699.2
9672800.0,2118796.0,42812.0
9672800.0,2118796.0,42812.0
9672800.0,2118796.0,42812.0
9672800.0,2118796.0,42812.0
9672800.0,2118796.0,42812.0
9672800.0,2118796.0,42812.0
9672800.0,2118796.0,42812.0
9672800.0,2118796.0,42812.0
9672800.0,2118796.0,42812.0
9672800.0,2118796.0,42812.0
9672800.0,2118796.0,42812.0
9673182.4,2118804.0,42869.6
9673756.0,2118816.0,42956.0
9673756.0,2118816.0,42956.0
9673756.0,2118816.0,42956.0
9673756.0,2118816.0,42956.0
9673756.0,2118816.0,42956.0
9673756.0,2118816.0,42956.0
9673756.0,2118816.0,42956.0
9673756.0,2118816.0,42956.0
9673509.6,2118830.4,43005.6
9673140.0,2118852.0,43080.0
9673140.0,2118852.0,43080.0
9673140.0,2118852.0,43080.0
9673140.0,2118852.0,43080.0
9673140.0,2118852.0,43080.0
9673140.0,2118852.0,43080.0
9673140.0,2118852.0,43080.0
9673140.0,2118852.0,43080.0
9673140.0,2118852.0,43080.0
9673140.0,2118852.0,43080.0
9673140.0,2118852.0,43080.0
9673052.0,2118853.6,43129.6
9761578.6667,2118858.6667,43218.666667
9938896.0,2118864.0,43248.0
9938896.0,2118864.0,43248.0
11326797.333,2116682.6667,43264.0
