7831368.2667,94906.666667,2135.2
7050460.0,220764.0,3924.0
7010154.9333,223102.66667,3932.5333333
6748172.0,238304.0,3988.0
6748172.0,238304.0,3988.0
6733548.5333,238304.0,3996.5333333
6638496.0,238304.0,4052.0
6635803.2,238304.53333,4056.2666667
6598104.0,238312.0,4116.0
6598104.0,238312.0,4116.0
6598104.0,238312.0,4116.0
6598104.0,238312.0,4116.0
6598104.0,238312.0,4116.0
6598104.0,238312.0,4116.0
6598104.0,238312.0,4116.0
6598104.0,238312.0,4116.0
6598104.0,238312.0,4116.0
6598104.0,238312.0,4116.0
6757259.2,237451.2,4145.3333333
