vda,14.40,0.06,0.00,0,0
vda,13.60,0.05,0.01,0,0
vda,69.80,0.14,0.14,0,0
vda,55.20,0.35,0.01,1,0
vda,21.00,0.18,0.01,0,0
vda,24.40,0.00,0.10,0,0
vda,207.80,9.49,0.02,47,0
vda,89.80,10.93,0.01,54,0
vda,75.00,9.38,0.00,46,0
vda,135.40,11.05,0.15,55,0
vda,93.60,8.67,0.89,43,4
vda,78.80,9.55,0.47,47,2
vda,103.80,12.72,0.01,63,0
vda,65.00,7.92,0.01,39,0
vda,122.20,15.00,0.01,75,0
vda,69.80,8.41,0.01,42,0
vda,2.60,0.00,0.01,0,0
vda,20.80,0.00,0.09,0,0
vda,2.60,0.00,0.01,0,0
vda,22.00,0.00,0.09,0,0
vda,8.20,0.00,0.03,0,0
vda,1.40,0.00,0.00,0,0
vda,1.80,0.00,0.01,0,0
vda,1.60,0.00,0.01,0,0
vda,21.20,0.00,0.09,0,0
vda,1.80,0.00,0.01,0,0
vda,0.00,0.00,0.00,0,0
vda,54.60,0.00,0.22,0,1
vda,2.00,0.00,0.01,0,0
vda,1.20,0.00,0.00,0,0
vda,2.20,0.00,0.01,0,0
vda,0.00,0.00,0.00,0,0
vda,1.20,0.00,0.00,0,0
vda,4.20,0.00,0.02,0,0
vda,36.00,0.00,0.14,0,0
vda,18.60,0.00,0.08,0,0
vda,1.20,0.00,0.00,0,0
vda,1.60,0.00,0.01,0,0
vda,1.20,0.00,0.00,0,0
vda,42.40,0.00,0.18,0,0
vda,1.80,0.00,0.01,0,0
vda,1.40,0.00,0.01,0,0
vda,34.80,0.00,0.14,0,0
vda,4.60,0.00,0.02,0,0
vda,37.60,0.00,0.16,0,0
vda,0.20,0.00,0.00,0,0
vda,2.20,0.00,0.01,0,0
vda,53.40,0.00,0.22,0,1
vda,1.00,0.00,0.00,0,0
vda,2.20,0.00,0.01,0,0
vda,35.60,0.00,0.15,0,0
vda,0.80,0.00,0.00,0,0
vda,2.20,0.00,0.01,0,0
vda,35.60,0.00,0.15,0,0
vda,3.80,0.00,0.01,0,0
vda,0.00,0.00,0.00,0,0
vda,44.20,0.00,0.18,0,0
vda,1.60,0.00,0.01,0,0
vda,2.20,0.00,0.01,0,0
vda,55.00,0.00,0.22,0,1
vda,0.00,0.00,0.00,0,0
vda,2.20,0.00,0.01,0,0
vda,36.00,0.00,0.15,0,0
vda,1.40,0.00,0.01,0,0
vda,3.20,0.00,0.01,0,0
vda,1.40,0.00,0.01,0,0
vda,1.80,0.00,0.01,0,0
vda,2.20,0.00,0.01,0,0
vda,0.40,0.00,0.00,0,0
vda,19.80,0.00,0.08,0,0
vda,35.20,0.00,0.14,0,0
vda,8.40,0.00,0.03,0,0
vda,1.40,0.00,0.01,0,0
vda,1.60,0.00,0.01,0,0
vda,3.60,0.00,0.02,0,0
vda,2.60,0.00,0.01,0,0
vda,1.80,0.00,0.01,0,0
vda,12.40,0.00,0.05,0,0
vda,1.20,0.00,0.00,0,0
vda,23.60,0.00,0.10,0,0
vda,8.40,0.00,0.04,0,0
vda,1.40,0.00,0.01,0,0
vda,3.60,0.00,0.01,0,0
vda,2.20,0.00,0.01,0,0
vda,19.40,0.00,0.07,0,0
vda,0.00,0.00,0.00,0,0
vda,1.20,0.00,0.00,0,0
vda,1.60,0.00,0.01,0,0
vda,42.60,0.00,0.17,0,0
vda,1.40,0.00,0.01,0,0
vda,3.00,0.00,0.02,0,0
vda,3.40,0.00,0.01,0,0
vda,13.00,0.00,0.05,0,0
vda,2.80,0.00,0.01,0,0
vda,0.00,0.00,0.00,0,0
vda,1.20,0.00,0.00,0,0
vda,1.20,0.00,0.00,0,0
vda,43.80,0.00,0.18,0,0
vda,1.20,0.00,0.00,0,0
vda,18.60,0.00,0.07,0,0
vda,3.00,0.00,0.01,0,0
vda,1.60,0.00,0.01,0,0
vda,2.20,0.00,0.01,0,0
vda,0.00,0.00,0.00,0,0
vda,8.40,0.02,0.01,0,0
vda,23.20,0.16,0.01,0,0
vda,59.20,0.00,0.24,0,1
vda,24.20,0.00,0.09,0,0
vda,1.20,0.00,0.00,0,0
vda,2.00,0.00,0.01,0,0
vda,2.20,0.00,0.01,0,0
vda,5.60,0.00,0.02,0,0
vda,0.00,0.00,0.00,0,0
vda,1.20,0.00,0.00,0,0
vda,11.20,0.00,0.04,0,0
vda,24.40,0.00,0.10,0,0
vda,1.20,0.00,0.00,0,0
vda,8.40,0.00,0.04,0,0
vda,4.00,0.00,0.02,0,0
vda,1.60,0.00,0.01,0,0
vda,0.00,0.00,0.00,0,0
vda,3.40,0.00,0.01,0,0
vda,18.60,0.00,0.07,0,0
vda,1.60,0.00,0.01,0,0
vda,44.40,0.00,0.18,0,0
vda,1.80,0.00,0.01,0,0
vda,0.80,0.00,0.00,0,0
vda,2.20,0.00,0.01,0,0
vda,1.20,0.00,0.00,0,0
vda,18.00,0.00,0.07,0,0
vda,2.40,0.00,0.01,0,0
vda,3.40,0.00,0.01,0,0
vda,2.80,0.00,0.01,0,0
vda,34.80,0.00,0.14,0,0
vda,1.20,0.00,0.00,0,0
vda,0.60,0.00,0.00,0,0
vda,2.40,0.00,0.01,0,0
vda,42.60,0.00,0.18,0,0
vda,1.20,0.00,0.00,0,0
vda,2.20,0.00,0.01,0,0
vda,1.40,0.00,0.01,0,0
vda,1.40,0.00,0.01,0,0
vda,2.80,0.00,0.01,0,0
vda,1.80,0.00,0.01,0,0
vda,18.40,0.00,0.07,0,0
vda,36.20,0.00,0.14,0,0
vda,1.20,0.00,0.00,0,0
vda,8.00,0.00,0.03,0,0
vda,2.20,0.00,0.01,0,0
vda,1.60,0.00,0.01,0,0
vda,4.40,0.00,0.02,0,0
vda,1.40,0.00,0.01,0,0
vda,12.80,0.00,0.05,0,0
vda,34.20,0.00,0.14,0,0
vda,2.20,0.00,0.01,0,0
vda,1.60,0.00,0.01,0,0
vda,0.80,0.00,0.00,0,0
vda,9.20,0.00,0.04,0,0
vda,2.79,0.00,0.02,0,0
vda,17.60,0.00,0.07,0,0
vda,2.20,0.00,0.01,0,0
vda,1.60,0.00,0.01,0,0
vda,25.20,0.00,0.10,0,0
vda,2.00,0.00,0.01,0,0
vda,1.20,0.00,0.00,0,0
vda,0.20,0.00,0.00,0,0
vda,3.80,0.00,0.02,0,0
vda,18.80,0.00,0.07,0,0
vda,7.80,0.00,0.03,0,0
vda,35.60,0.00,0.14,0,0
vda,1.20,0.00,0.00,0,0
vda,0.00,0.00,0.00,0,0
vda,3.80,0.00,0.01,0,0
vda,4.20,0.00,0.02,0,0
vda,13.60,0.00,0.05,0,0
vda,0.60,0.00,0.00,0,0
vda,1.20,0.00,0.00,0,0
vda,0.20,0.00,0.00,0,0
vda,42.60,0.00,0.17,0,0
vda,1.80,0.00,0.01,0,0
vda,0.80,0.00,0.00,0,0
vda,4.80,0.00,0.02,0,0
vda,17.20,0.00,0.07,0,0
vda,1.00,0.00,0.00,0,0
vda,2.20,0.00,0.01,0,0
vda,1.60,0.00,0.01,0,0
vda,22.80,0.00,0.09,0,0
vda,2.20,0.00,0.01,0,0
vda,9.60,0.00,0.04,0,0
vda,17.80,0.00,0.07,0,0
vda,4.20,0.00,0.02,0,0
vda,9.20,0.00,0.04,0,0
vda,2.40,0.00,0.01,0,0
vda,33.60,0.00,0.13,0,0
vda,1.20,0.00,0.00,0,0
vda,1.60,0.00,0.01,0,0
vda,2.20,0.00,0.01,0,0
vda,12.80,0.00,0.05,0,0
vda,0.80,0.00,0.00,0,0
vda,5.00,0.00,0.02,0,0
vda,1.80,0.00,0.01,0,0
vda,33.80,0.00,0.13,0,0
vda,3.80,0.00,0.02,0,0
vda,1.80,0.00,0.01,0,0
vda,17.00,0.00,0.07,0,0
vda,9.20,0.00,0.04,0,0
vda,1.20,0.00,0.00,0,0
vda,1.00,0.00,0.00,0,0
vda,2.20,0.00,0.01,0,0
vda,2.80,0.00,0.01,0,0
vda,25.00,0.00,0.10,0,0
vda,1.60,0.00,0.01,0,0
vda,12.40,0.00,0.05,0,0
vda,0.20,0.00,0.00,0,0
vda,2.40,0.00,0.01,0,0
vda,8.60,0.00,0.04,0,0
vda,1.20,0.00,0.00,0,0
vda,3.00,0.00,0.02,0,0
vda,1.20,0.00,0.00,0,0
vda,52.60,0.00,0.21,0,1
vda,2.60,0.00,0.01,0,0
vda,2.00,0.00,0.01,0,0
vda,0.00,0.00,0.00,0,0
vda,2.20,0.00,0.01,0,0
vda,2.60,0.00,0.02,0,0
vda,12.00,0.00,0.05,0,0
vda,3.00,0.00,0.01,0,0
vda,24.40,0.00,0.10,0,0
vda,49.60,0.00,0.20,0,0
vda,1.60,0.00,0.01,0,0
vda,0.00,0.00,0.00,0,0
vda,1.80,0.00,0.01,0,0
vda,3.80,0.00,0.02,0,0
vda,1.60,0.00,0.01,0,0
vda,20.80,0.00,0.08,0,0
vda,1.40,0.00,0.01,0,0
vda,0.60,0.00,0.00,0,0
vda,33.40,0.00,0.13,0,0
vda,3.40,0.00,0.01,0,0
vda,3.80,0.00,0.02,0,0
vda,2.40,0.00,0.01,0,0
vda,17.00,0.00,0.07,0,0
vda,1.40,0.00,0.01,0,0
vda,1.60,0.00,0.01,0,0
vda,8.40,0.00,0.03,0,0
vda,1.20,0.00,0.00,0,0
vda,24.40,0.00,0.10,0,0
vda,1.20,0.00,0.01,0,0
vda,2.40,0.00,0.01,0,0
vda,19.60,0.00,0.08,0,0
vda,1.20,0.00,0.00,0,0
vda,0.00,0.00,0.00,0,0
vda,2.60,0.00,0.01,0,0
vda,0.80,0.00,0.00,0,0
vda,9.60,0.00,0.04,0,0
vda,35.00,0.00,0.14,0,0
vda,12.40,0.00,0.05,0,0
vda,1.20,0.00,0.00,0,0
vda,2.00,0.00,0.01,0,0
vda,52.20,0.00,0.21,0,1
vda,2.20,0.00,0.01,0,0
vda,0.40,0.00,0.00,0,0
vda,52.40,0.00,0.21,0,1
vda,3.20,0.00,0.01,0,0
vda,0.60,0.00,0.00,0,0
vda,36.00,0.00,0.15,0,0
vda,1.40,0.00,0.01,0,0
vda,4.00,0.00,0.01,0,0
vda,38.00,0.00,0.15,0,0
vda,1.60,0.00,0.01,0,0
vda,3.40,0.00,0.01,0,0
vda,1.00,0.00,0.00,0,0
vda,1.20,0.00,0.00,0,0
vda,0.40,0.00,0.00,0,0
vda,2.20,0.00,0.01,0,0
