vda,20.60,0.09,0.00,0,0
vda,39.60,0.14,0.01,0,0
vda,43.20,0.01,0.16,0,0
vda,54.00,0.35,0.01,1,0
vda,30.60,0.18,0.05,0,0
vda,6.00,0.02,0.00,0,0
vda,207.80,9.97,0.00,49,0
vda,105.79,11.27,0.02,56,0
vda,73.80,8.95,0.01,44,0
vda,2.60,0.00,0.01,0,0
vda,21.00,0.00,0.09,0,0
vda,34.40,0.00,0.14,0,0
vda,2.80,0.00,0.01,0,0
vda,7.80,0.00,1.30,0,6
vda,1.60,0.00,0.01,0,0
vda,0.00,0.00,0.00,0,0
vda,1.60,0.00,0.01,0,0
vda,3.20,0.00,0.02,0,0
vda,18.60,0.00,0.07,0,0
vda,10.00,0.00,0.04,0,0
vda,32.80,0.00,0.13,0,0
vda,3.00,0.00,0.01,0,0
vda,2.20,0.00,0.01,0,0
vda,0.20,0.00,0.00,0,0
vda,3.00,0.00,0.02,0,0
vda,13.00,0.00,0.05,0,0
vda,1.80,0.00,0.01,0,0
vda,1.20,0.00,0.00,0,0
vda,8.20,0.00,0.03,0,0
vda,22.80,0.00,0.09,0,0
vda,1.60,0.00,0.01,0,0
vda,6.60,0.00,0.03,0,0
vda,17.40,0.00,0.07,0,0
vda,1.00,0.00,0.00,0,0
vda,2.20,0.00,0.01,0,0
vda,0.00,0.00,0.00,0,0
vda,1.20,0.00,0.00,0,0
vda,35.80,0.00,0.15,0,0
vda,8.20,0.00,0.04,0,0
vda,1.20,0.00,0.00,0,0
vda,48.20,0.12,0.14,0,0
vda,4.20,0.02,0.00,0,0
vda,10.00,0.03,0.01,0,0
vda,7.40,0.02,0.01,0,0
vda,55.20,0.00,0.23,0,1
vda,29.20,0.00,0.12,0,0
vda,2.20,0.00,0.01,0,0
vda,0.60,0.00,0.00,0,0
vda,36.00,0.00,0.15,0,0
vda,2.40,0.00,0.01,0,0
vda,0.60,0.00,0.00,0,0
vda,37.60,0.00,0.15,0,0
vda,0.00,0.00,0.00,0,0
vda,2.00,0.00,0.01,0,0
vda,1.20,0.00,0.00,0,0
vda,59.80,0.00,0.24,0,1
vda,1.60,0.00,0.01,0,0
vda,1.80,0.00,0.01,0,0
vda,36.40,0.00,0.15,0,0
vda,0.00,0.00,0.00,0,0
vda,2.40,0.00,0.01,0,0
vda,2.60,0.00,0.01,0,0
vda,0.00,0.00,0.00,0,0
vda,1.20,0.00,0.00,0,0
vda,2.80,0.00,0.01,0,0
vda,1.60,0.00,0.01,0,0
vda,26.60,0.00,0.10,0,0
vda,35.20,0.00,0.14,0,0
vda,0.60,0.00,0.00,0,0
vda,2.00,0.00,0.01,0,0
vda,3.20,0.00,0.01,0,0
vda,0.00,0.00,0.00,0,0
vda,10.20,0.00,0.05,0,0
vda,37.20,0.00,0.15,0,0
vda,0.80,0.00,0.00,0,0
vda,17.20,0.00,0.07,0,0
vda,32.40,0.00,0.13,0,0
vda,1.60,0.00,0.01,0,0
vda,1.60,0.00,0.01,0,0
vda,2.00,0.00,0.01,0,0
vda,1.20,0.00,0.00,0,0
vda,2.20,0.00,0.01,0,0
vda,1.00,0.00,0.01,0,0
vda,26.00,0.00,0.10,0,0
