7967720.0,64196.0,3384.0
7813407.2,91411.2,3486.4
7196156.0,200272.0,3896.0
7196156.0,200272.0,3896.0
7196156.0,200272.0,3896.0
7196156.0,200272.0,3896.0
7196156.0,200272.0,3896.0
7196156.0,200272.0,3896.0
7196156.0,200272.0,3896.0
7196156.0,200272.0,3896.0
7196156.0,200272.0,3896.0
7196156.0,200272.0,3896.0
7171105.8667,200276.8,3930.1333333
7008280.0,200308.0,4152.0
7008280.0,200308.0,4152.0
7007957.3333,200308.53333,4159.4666667
7005860.0,200312.0,4208.0
7006033.8667,200311.46667,4216.5333333
7007164.0,200308.0,4272.0
7007164.0,200308.0,4272.0
7007164.0,200308.0,4272.0
7007164.0,200308.0,4272.0
7007164.0,200308.0,4272.0
7006841.8667,200310.13333,4286.9333333
7004748.0,200324.0,4384.0
7004748.0,200324.0,4384.0
7004748.0,200324.0,4384.0
7004748.0,200324.0,4384.0
7004748.0,200324.0,4384.0
7004748.0,200324.0,4384.0
7004748.0,200324.0,4384.0
7002234.9333,200325.86667,4395.2
6967052.0,200352.0,4552.0
6966983.2,200404.26667,4565.8666667
6966020.0,201136.0,4760.0
6966020.0,201136.0,4760.0
6966020.0,201136.0,4760.0
6966020.0,201136.0,4760.0
6966020.0,201136.0,4760.0
6966020.0,201136.0,4760.0
6966020.0,201136.0,4760.0
6950048.0,201163.2,4787.2
6886160.0,201272.0,4896.0
6886160.0,201272.0,4896.0
6885764.2667,201275.2,4910.9333333
6884676.0,201284.0,4952.0
6884676.0,201284.0,4952.0
6884676.0,201284.0,4952.0
6884676.0,201284.0,4952.0
6884676.0,201284.0,4952.0
6884676.0,201284.0,4952.0
6884676.0,201284.0,4952.0
6884676.0,201284.0,4952.0
6884676.0,201284.0,4952.0
6884676.0,201284.0,4952.0
6884362.4,201293.6,5010.6666667
6883500.0,201320.0,5172.0
6883500.0,201320.0,5172.0
6883500.0,201320.0,5172.0
6883500.0,201320.0,5172.0
6883500.0,201320.0,5172.0
6883500.0,201320.0,5172.0
6883500.0,201320.0,5172.0
6883500.0,201320.0,5172.0
6883500.0,201320.0,5172.0
6883500.0,201320.0,5172.0
6883500.0,201320.0,5172.0
6883741.0667,201330.66667,5231.7333333
6884404.0,201360.0,5396.0
6884404.0,201360.0,5396.0
6884404.0,201360.0,5396.0
6884404.0,201360.0,5396.0
6884404.0,201360.0,5396.0
6884404.0,201360.0,5396.0
6884404.0,201360.0,5396.0
6884404.0,201360.0,5396.0
6884404.0,201360.0,5396.0
6884404.0,201360.0,5396.0
6884404.0,201360.0,5396.0
6884370.1333,201371.46667,5415.2
6883896.0,201532.0,5684.0
6883896.0,201532.0,5684.0
6883896.0,201532.0,5684.0
6883896.0,201532.0,5684.0
6883896.0,201532.0,5684.0
6883896.0,201532.0,5684.0
6883896.0,201532.0,5684.0
6883896.0,201532.0,5684.0
6883896.0,201532.0,5684.0
6883449.6,201538.93333,5714.9333333
6880548.0,201584.0,5916.0
6880548.0,201584.0,5916.0
6880367.7333,201584.53333,5924.5333333
6879196.0,201588.0,5980.0
6879196.0,201588.0,5980.0
6879196.0,201588.0,5980.0
6879196.0,201588.0,5980.0
6879196.0,201588.0,5980.0
6879196.0,201588.0,5980.0
6879196.0,201588.0,5980.0
6879196.0,201588.0,5980.0
